TABLE NO.     1: First Order Conditional Estimation with Interaction: Problem=1 Subproblem=0 Superproblem1=0 Iteration1=0 Superproblem2=0 Iteration2=0
 NAME         THETA1       THETA2       THETA3       THETA4       THETA5       THETA6       SIGMA(1,1)   SIGMA(2,1)   SIGMA(2,2)   OMEGA(1,1)   OMEGA(2,1)   OMEGA(2,2)
 THETA1        8.10595E+02  9.71198E-01 -7.94846E-01 -5.27163E-01 -7.91052E-01 -7.80393E-01  6.43288E-01  0.00000E+00 -2.25600E-01 -1.53960E-01  0.00000E+00  2.57501E-01
 THETA2        9.71198E-01  2.49200E+02 -7.51636E-01 -5.16269E-01 -8.74079E-01 -7.35897E-01  5.85803E-01  0.00000E+00 -2.59346E-01 -1.70402E-01  0.00000E+00  2.54487E-01
 THETA3       -7.94846E-01 -7.51636E-01  5.59800E+01  3.30757E-01  6.51385E-01  9.95458E-01 -5.85218E-01  0.00000E+00 -3.24564E-01  7.00692E-02  0.00000E+00 -1.49900E-01
 THETA4       -5.27163E-01 -5.16269E-01  3.30757E-01  1.38450E-01  2.30726E-01  2.78188E-01 -7.93618E-01  0.00000E+00  7.02390E-02 -2.25412E-01  0.00000E+00 -3.47516E-01
 THETA5       -7.91052E-01 -8.74079E-01  6.51385E-01  2.30726E-01  1.25399E-01  6.59538E-01 -2.67032E-01  0.00000E+00  2.14841E-01  2.88253E-01  0.00000E+00 -1.23641E-01
 THETA6       -7.80393E-01 -7.35897E-01  9.95458E-01  2.78188E-01  6.59538E-01  2.23924E-01 -5.39006E-01  0.00000E+00 -3.39347E-01  9.51286E-02  0.00000E+00 -1.33025E-01
 SIGMA(1,1)    6.43288E-01  5.85803E-01 -5.85218E-01 -7.93618E-01 -2.67032E-01 -5.39006E-01  2.23178E-02  0.00000E+00 -1.26711E-01  5.63643E-01  0.00000E+00  3.41452E-01
 SIGMA(2,1)    0.00000E+00  0.00000E+00  0.00000E+00  0.00000E+00  0.00000E+00  0.00000E+00  0.00000E+00  0.00000E+00  0.00000E+00  0.00000E+00  0.00000E+00  0.00000E+00
 SIGMA(2,2)   -2.25600E-01 -2.59346E-01 -3.24564E-01  7.02390E-02  2.14841E-01 -3.39347E-01 -1.26711E-01  0.00000E+00  1.60107E-02 -2.06907E-01  0.00000E+00 -1.19157E-01
 OMEGA(1,1)   -1.53960E-01 -1.70402E-01  7.00692E-02 -2.25412E-01  2.88253E-01  9.51286E-02  5.63643E-01  0.00000E+00 -2.06907E-01  2.32000E-02  0.00000E+00  1.73745E-01
 OMEGA(2,1)    0.00000E+00  0.00000E+00  0.00000E+00  0.00000E+00  0.00000E+00  0.00000E+00  0.00000E+00  0.00000E+00  0.00000E+00  0.00000E+00  0.00000E+00  0.00000E+00
 OMEGA(2,2)    2.57501E-01  2.54487E-01 -1.49900E-01 -3.47516E-01 -1.23641E-01 -1.33025E-01  3.41452E-01  0.00000E+00 -1.19157E-01  1.73745E-01  0.00000E+00  4.28250E-02
