TABLE NO.     1: First Order Conditional Estimation with Interaction: Problem=1 Subproblem=0 Superproblem1=0 Iteration1=0 Superproblem2=0 Iteration2=0
 NAME         THETA1       THETA2       THETA3       THETA4       THETA5       THETA6       SIGMA(1,1)   SIGMA(2,1)   SIGMA(2,2)   OMEGA(1,1)   OMEGA(2,1)   OMEGA(2,2)
 THETA1        8.37150E+02  9.73712E-01  9.86153E-01 -5.44263E-01 -8.14430E-01  9.85274E-01 -9.51035E-01  0.00000E+00 -2.43288E-01 -2.34840E-01  0.00000E+00  2.24064E-01
 THETA2        9.73712E-01  2.58865E+02  9.70133E-01 -5.38640E-01 -8.88668E-01  9.69359E-01 -9.36137E-01  0.00000E+00 -2.73386E-01 -2.42108E-01  0.00000E+00  2.23068E-01
 THETA3        9.86153E-01  9.70133E-01  3.89663E+02 -6.61250E-01 -8.03897E-01  9.99838E-01 -9.86851E-01  0.00000E+00 -2.23276E-01 -1.93009E-01  0.00000E+00  2.07215E-01
 THETA4       -5.44263E-01 -5.38640E-01 -6.61250E-01  1.37946E-01  2.83270E-01 -6.66847E-01  7.34998E-01  0.00000E+00  6.93095E-02 -1.39368E-01  0.00000E+00 -3.20897E-01
 THETA5       -8.14430E-01 -8.88668E-01 -8.03897E-01  2.83270E-01  1.29352E-01 -7.99992E-01  7.51855E-01  0.00000E+00  2.33469E-01  3.21964E-01  0.00000E+00 -1.11157E-01
 THETA6        9.85274E-01  9.69359E-01  9.99838E-01 -6.66847E-01 -7.99992E-01  1.13980E+00 -9.87625E-01  0.00000E+00 -2.20458E-01 -1.88071E-01  0.00000E+00  2.09058E-01
 SIGMA(1,1)   -9.51035E-01 -9.36137E-01 -9.86851E-01  7.34998E-01  7.51855E-01 -9.87625E-01  2.26381E-03  0.00000E+00  2.21529E-01  1.37250E-01  0.00000E+00 -1.23829E-01
 SIGMA(2,1)    0.00000E+00  0.00000E+00  0.00000E+00  0.00000E+00  0.00000E+00  0.00000E+00  0.00000E+00  0.00000E+00  0.00000E+00  0.00000E+00  0.00000E+00  0.00000E+00
 SIGMA(2,2)   -2.43288E-01 -2.73386E-01 -2.23276E-01  6.93095E-02  2.33469E-01 -2.20458E-01  2.21529E-01  0.00000E+00  1.57602E-02 -1.97119E-01  0.00000E+00 -1.10503E-01
 OMEGA(1,1)   -2.34840E-01 -2.42108E-01 -1.93009E-01 -1.39368E-01  3.21964E-01 -1.88071E-01  1.37250E-01  0.00000E+00 -1.97119E-01  2.22282E-02  0.00000E+00  1.50445E-01
 OMEGA(2,1)    0.00000E+00  0.00000E+00  0.00000E+00  0.00000E+00  0.00000E+00  0.00000E+00  0.00000E+00  0.00000E+00  0.00000E+00  0.00000E+00  0.00000E+00  0.00000E+00
 OMEGA(2,2)    2.24064E-01  2.23068E-01  2.07215E-01 -3.20897E-01 -1.11157E-01  2.09058E-01 -1.23829E-01  0.00000E+00 -1.10503E-01  1.50445E-01  0.00000E+00  4.25645E-02
