TABLE NO.     1: First Order Conditional Estimation with Interaction: Problem=1 Subproblem=0 Superproblem1=0 Iteration1=0 Superproblem2=0 Iteration2=0
 NAME         THETA1       THETA2       THETA3       THETA4       THETA5       THETA6       SIGMA(1,1)   SIGMA(2,1)   SIGMA(2,2)   OMEGA(1,1)   OMEGA(2,1)   OMEGA(2,2)
 THETA1        6.57064E+05  1.96182E+05 -3.60678E+04 -5.91618E+01 -8.04085E+01 -1.41650E+02  1.16375E+01  0.00000E+00 -2.92787E+00 -2.89533E+00  0.00000E+00  8.93884E+00
 THETA2        1.96182E+05  6.21006E+04 -1.04855E+04 -1.78122E+01 -2.73144E+01 -4.10643E+01  3.25800E+00  0.00000E+00 -1.03475E+00 -9.85170E-01  0.00000E+00  2.71589E+00
 THETA3       -3.60678E+04 -1.04855E+04  3.13376E+03  2.56350E+00  4.57260E+00  1.24783E+01 -7.31143E-01  0.00000E+00 -2.90899E-01  9.10013E-02  0.00000E+00 -3.59362E-01
 THETA4       -5.91618E+01 -1.78122E+01  2.56350E+00  1.91684E-02  4.00573E-03  8.62443E-03 -2.45220E-03  0.00000E+00  1.55697E-04 -7.24031E-04  0.00000E+00 -2.06047E-03
 THETA5       -8.04085E+01 -2.73144E+01  4.57260E+00  4.00573E-03  1.57248E-02  1.85196E-02 -7.47322E-04  0.00000E+00  4.31339E-04  8.38600E-04  0.00000E+00 -6.63977E-04
 THETA6       -1.41650E+02 -4.10643E+01  1.24783E+01  8.62443E-03  1.85196E-02  5.01418E-02 -2.69368E-03  0.00000E+00 -1.21662E-03  4.94196E-04  0.00000E+00 -1.27564E-03
 SIGMA(1,1)    1.16375E+01  3.25800E+00 -7.31143E-01 -2.45220E-03 -7.47322E-04 -2.69368E-03  4.98085E-04  0.00000E+00 -4.52768E-05  2.91840E-04  0.00000E+00  3.26347E-04
 SIGMA(2,1)    0.00000E+00  0.00000E+00  0.00000E+00  0.00000E+00  0.00000E+00  0.00000E+00  0.00000E+00  0.00000E+00  0.00000E+00  0.00000E+00  0.00000E+00  0.00000E+00
 SIGMA(2,2)   -2.92787E+00 -1.03475E+00 -2.90899E-01  1.55697E-04  4.31339E-04 -1.21662E-03 -4.52768E-05  0.00000E+00  2.56341E-04 -7.68550E-05  0.00000E+00 -8.17007E-05
 OMEGA(1,1)   -2.89533E+00 -9.85170E-01  9.10013E-02 -7.24031E-04  8.38600E-04  4.94196E-04  2.91840E-04  0.00000E+00 -7.68550E-05  5.38240E-04  0.00000E+00  1.72622E-04
 OMEGA(2,1)    0.00000E+00  0.00000E+00  0.00000E+00  0.00000E+00  0.00000E+00  0.00000E+00  0.00000E+00  0.00000E+00  0.00000E+00  0.00000E+00  0.00000E+00  0.00000E+00
 OMEGA(2,2)    8.93884E+00  2.71589E+00 -3.59362E-01 -2.06047E-03 -6.63977E-04 -1.27564E-03  3.26347E-04  0.00000E+00 -8.17007E-05  1.72622E-04  0.00000E+00  1.83398E-03
