TABLE NO.     1: First Order Conditional Estimation with Interaction: Problem=1 Subproblem=0 Superproblem1=0 Iteration1=0 Superproblem2=0 Iteration2=0
 NAME         THETA1       THETA2       THETA3       THETA4       THETA5       THETA6       SIGMA(1,1)   SIGMA(2,1)   SIGMA(2,2)   OMEGA(1,1)   OMEGA(2,1)   OMEGA(2,2)
 THETA1        5.83014E-01 -4.69459E-01  4.68774E-01  1.61047E+03 -1.30528E+03  2.28300E+03  8.94705E+03  0.00000E+00  1.95897E+04  2.26763E+03  0.00000E+00 -6.26347E+01
 THETA2       -4.69459E-01  3.98127E-01 -1.12225E+00 -1.53917E+03  1.22858E+03 -1.86087E+03 -1.01745E+04  0.00000E+00 -1.70226E+04 -8.05799E+02  0.00000E+00  2.78742E+01
 THETA3        4.68774E-01 -1.12225E+00  2.90852E+01  1.06079E+04 -7.84798E+03  2.68764E+03  1.21175E+05  0.00000E+00  6.38366E+04 -3.72682E+04  0.00000E+00  8.11482E+02
 THETA4        1.61047E+03 -1.53917E+03  1.06079E+04  7.47681E+06 -5.81623E+06  6.58829E+06  6.17713E+07  0.00000E+00  6.97457E+07 -6.44570E+06  0.00000E+00  1.07335E+05
 THETA5       -1.30528E+03  1.22858E+03 -7.84798E+03 -5.81623E+06  4.53690E+06 -5.31716E+06 -4.70870E+07  0.00000E+00 -5.52696E+07  4.20351E+06  0.00000E+00 -6.45034E+04
 THETA6        2.28300E+03 -1.86087E+03  2.68764E+03  6.58829E+06 -5.31716E+06  8.96972E+06  3.84816E+07  0.00000E+00  7.81656E+07  7.69783E+06  0.00000E+00 -2.19140E+05
 SIGMA(1,1)    8.94705E+03 -1.01745E+04  1.21175E+05  6.17713E+07 -4.70870E+07  3.84816E+07  5.90812E+08  0.00000E+00  4.91919E+08 -1.20753E+08  0.00000E+00  2.46959E+06
 SIGMA(2,1)    0.00000E+00  0.00000E+00  0.00000E+00  0.00000E+00  0.00000E+00  0.00000E+00  0.00000E+00  0.00000E+00  0.00000E+00  0.00000E+00  0.00000E+00  0.00000E+00
 SIGMA(2,2)    1.95897E+04 -1.70226E+04  6.38366E+04  6.97457E+07 -5.52696E+07  7.81656E+07  4.91919E+08  0.00000E+00  7.38953E+08  1.05931E+07  0.00000E+00 -6.57831E+05
 OMEGA(1,1)    2.26763E+03 -8.05799E+02 -3.72682E+04 -6.44570E+06  4.20351E+06  7.69783E+06 -1.20753E+08  0.00000E+00  1.05931E+07  6.21802E+07  0.00000E+00 -1.42067E+06
 OMEGA(2,1)    0.00000E+00  0.00000E+00  0.00000E+00  0.00000E+00  0.00000E+00  0.00000E+00  0.00000E+00  0.00000E+00  0.00000E+00  0.00000E+00  0.00000E+00  0.00000E+00
 OMEGA(2,2)   -6.26347E+01  2.78742E+01  8.11482E+02  1.07335E+05 -6.45034E+04 -2.19140E+05  2.46959E+06  0.00000E+00 -6.57831E+05 -1.42067E+06  0.00000E+00  3.33337E+04
