dmp.txt <- structure(
	.Data = list(
		"coefficients" = list(
			"fixed" = c("GAMMA" = 1.44238881910769, "CMultStdev" = 0.527954775643734, "tvVmax" = 4198.31969007218, "tvKm" = 3737.2728552359, "tvV" = 58.2556798744758, "tvKa" = 1.12764287188856, "K12" = 0.626955998703499, "K21" = 2.52900965382483, "K13" = 0.134569956949467, "K31" = 0.0917426395794136, "CEps" = 0.500000093086588)
			, "random" = list("Subject" = matrix(
				as.numeric(c(
					 0.376037584419771,  -0.0720846510023344,  0.0904837467696147
					,  -0.177465101601538,  0.143437918008884,  -0.0146536368412578
					,  0.271572939460693,  -0.0931341272711956,  0.169511281239909
					,  -0.0944181940367044,  0.189446039728649,  -0.133398276670423
					,  -0.0314044942786598,  -0.0957150551555711,  0.24854235492122
					,  -0.16297644990792,  -0.0634674957301007,  0.0869834858825585
					,  0.136264370488786,  0.192560062931006,  0.100567280257394
					,  0.381171667973283,  0.257990742799572,  -0.710103266764354
					,  -0.240862991712632,  0.348191267942456,  0.274377735197645
					,  -0.0494621446946779,  0.0370518654399398,  0.135151258441826
					,  -0.0288710469808505,  -0.110167871460129,  0.149215899919112
					,  0.0511669504134614,  0.331368632217687,  0.275189292253782
					,  0.121211709125875,  -0.408967100628103,  0.349136346082896
					,  0.0252892853007625,  0.19051945433547,  -0.0040627678880325
					,  0.155376297384122,  0.0739332343036046,  -0.02684225641388
					,  0.371255508060534,  0.00655023427001075,  0.0247497805121275
					,  -0.032206716842524,  0.165890170100491,  -0.194384476540913
					,  0.350107613746078,  0.00961670327456154,  0.163252521657496
					,  0.0017747834599251,  0.14677356616852,  -0.181600820915528
					,  0.0863632044837447,  -0.331739092015952,  -0.171717685967904
					,  0.250646325875493,  0.113582106686831,  -0.160282673034554
					,  -0.269664001257491,  0.433151663964578,  -0.278389157522601
					,  -0.422737974385649,  -0.201755192686722,  0.576446744991846
					,  -0.705370536182161,  0.397659201767762,  -0.306319055320848
					,  -0.343985413992372,  0.242354641209568,  0.00572844912818151
					,  -0.0894955168857718,  0.174063556156559,  0.24626744569424
					,  0.197983799288277,  0.450621189190785,  0.489300732306278
					,  -0.207270502119278,  -0.00818457503751481,  -0.758212165125141
					,  -0.11352077207426,  -0.386357638858747,  -0.419089103624828
					,  -0.214024561134214,  0.0840421881944566,  0.0228856341483071
					,  0.200393933495528,  -0.29202346541545,  -0.594865824241905
					,  0.272116925353035,  0.012151279955805,  0.319306889035078
					,  0.402845218662579,  -1.13370952233593,  -0.173359191337944
					,  -0.138083193080721,  0.558075097812857,  -0.310042836281708
					,  0.414700265929532,  0.312900784649144,  -0.00010790537906966
					,  0.144208062611809,  0.145190378450759,  0.333510036170082
					,  -0.444796821217131,  -0.209632051979501,  -1.362259393274
					,  0.899785213391474,  -0.230326302249149,  0.0423843944397822
					,  -0.0458780316898281,  -0.443879324253704,  -0.257486329590069
					,  -0.344259199255108,  -0.432533922603149,  -0.199271652653173
					,  -0.429245207632854,  0.230444735759447,  -0.261995204776868
					,  0.0644971602404337,  0.131708179131379,  -0.240040998127577
					,  -0.782744947787548,  -0.0234481418328218,  0.215375201519636
					,  -0.398777371701168,  0.0187768490623666,  -0.0372602066311553
					,  -0.212698802515918,  0.390945767931806,  -0.40109274552516
					,  0.206721765481828,  0.26944736054482,  0.0654264782072327
					,  -0.0612846953950141,  0.0634463050689611,  0.260774056774232
					,  -0.768344155268579,  -0.393684953863285,  0.54922610319548
					,  0.323660456501673,  -0.782848126148656,  -0.725186438015279
					,  -0.122494559237736,  0.00434972416504384,  -0.214629504612091
					,  0.233181833422352,  -0.0953906099601114,  -0.652211662132486
					,  0.152367055218999,  -0.492955742776312,  -0.186736294714193
					,  0.147493183069954,  -0.920277179909441,  -0.702355819039362
					,  -0.164659874240121,  0.161525696172626,  -0.287496462266832
					,  0.0936432951460061,  0.147437742855037,  0.0436745869821204
					,  -0.465205254245531,  0.116150255520336,  0.256320356797317
					,  -0.379439551936129,  -0.488404676292259,  -1.28990334509447
					,  0.180625313419766,  -0.215782306147227,  -0.225406926322366
					,  -0.0380885537054985,  -0.647302132136964,  0.0805387096883699
					,  -0.473825910538894,  0.170090099014208,  0.12338517581763
					))
				, nrow = 60, ncol = 3
				, dimnames = list(
					as.character(c( "1", "2", "3", "4", "5", "6", "7", "8", "9", "10"
					  , "11", "12", "13", "14", "15", "16", "17", "18", "19", "20"
					  , "21", "22", "23", "24", "25", "26", "27", "28", "29", "30"
					  , "31", "32", "33", "34", "35", "36", "37", "38", "39", "40"
					  , "41", "42", "43", "44", "45", "46", "47", "48", "49", "50"
					  , "51", "52", "53", "54", "55", "56", "57", "58", "59", "60"))
					, as.character(c("nVmax", "nKm", "nV"))
					)
				))
			)
		, "logLik" = c(-3377.25)
		, "nObs" = c(480)
		, "nSubj" = c(60)
		, "nParm" = c(17)
		, "returnCode" = c(3)
		, "omega" = matrix(
			as.numeric(c(0.312144691911671, 0.100897904869251, 0.0989235664266481, 0.100897904869251, 0.312635254160936, 0.100430125534332, 0.0989235664266481, 0.100430125534332, 0.314271220391196))
			, nrow = 3, ncol = 3
			, dimnames = list(
				as.character(c("nVmax", "nKm", "nV"))
				, as.character(c("nVmax", "nKm", "nV"))
				)
			)
		, "eta" = matrix(
			as.numeric(c(0.050972951127538, -0.0625811941253178, -0.147999748563681, 0.0423945502131613, 0.163796160116409, 0.13808285362815, 0.205899369142213, 0.404717383017346, 0.371595012921527, 0.63146644294713, 0.276176159270572, 0.3371464740297))
			, nrow = 3, ncol = 4
			, dimnames = list(
				as.character(c("nVmax", "nKm", "nV"))
				, as.character(c("mean", "var", "sd", "shrinkage"))
				)
			)
		, "eta_shrinkage" = list("Subject" = matrix(
			as.numeric(c(
				 0.800639002444053,  0.875519863837874,  0.794913073545084
				,  0.836271425103061,  0.879669539189749,  0.786219768099426
				,  0.700279826405115,  0.830083061164992,  0.886967610957965
				,  0.724594526770381,  0.866488153102758,  0.825845392989994
				,  0.783313113985718,  0.886025142878902,  0.781112339924519
				,  0.864125167534429,  0.880791954501618,  0.863873077342946
				,  0.849161704530954,  0.873608971791734,  0.88753973238309
				,  0.723869506692675,  0.784239798559129,  0.867395407867131
				,  0.873850944891436,  0.702898557127781,  0.709411766968997
				,  0.813628950072006,  0.850959699502416,  0.81655417512644
				,  0.876168114792533,  0.811394280009753,  0.699122897318875
				,  0.876086821831633,  0.77195084177361,  0.841320040991115
				,  0.876201272707779,  0.591397045022974,  0.732593883411437
				,  0.809340893765842,  0.884144531309944,  0.780252747128512
				,  0.874886633033609,  0.87503942815894,  0.850232591656985
				,  0.788125574409598,  0.866419816784309,  0.881641641251422
				,  0.755742755774518,  0.759226285892541,  0.430966899896969
				,  0.891260700669179,  0.79931899080816,  0.812929878358072
				,  0.839709579124452,  0.716507929997599,  0.842081837516549
				,  0.748711406602455,  0.842001785909672,  0.848926490418156
				,  0.178426311170348,  0.125525056922025,  0.177685100681483
				,  0.151335196548973,  0.122941044758777,  0.178757789744642
				,  0.201854855496242,  0.156655894629346,  0.116802650269031
				,  0.18900620220117,  0.131891535456933,  0.158378278994797
				,  0.179780255108308,  0.117064069449097,  0.187544659504835
				,  0.133323778597231,  0.121695790678973,  0.134799795211435
				,  0.146167306962794,  0.127507386275021,  0.116400379575732
				,  0.197971297376522,  0.189856061299576,  0.128611931449716
				,  0.126332030675446,  0.209786452003448,  0.198095446707044
				,  0.1658306311751,  0.143917138122415,  0.169132382910966
				,  0.125480092606301,  0.165197421718023,  0.201736917495168
				,  0.125653969440192,  0.196906332801993,  0.150248922677776
				,  0.125415397428515,  0.169119333902944,  0.203107498346705
				,  0.166744230125599,  0.119190169102959,  0.186457426351611
				,  0.127001284168198,  0.125990974827587,  0.142997830841182
				,  0.188438059140972,  0.131841348466409,  0.120863015034954
				,  0.184618400658,  0.189719508770211,  0.169249350748798
				,  0.113265653611873,  0.174800913950324,  0.165861161077277
				,  0.15225612410157,  0.201236630353199,  0.146213994373543
				,  0.194922998735929,  0.146450439166915,  0.14440603576055
				,  0.727122649134469,  0.90625274089486,  0.732579279546089
				,  0.8366393008149,  0.911617370767659,  0.702288384467356
				,  0.519203062448929,  0.825836271989694,  0.916141010098572
				,  0.596225438245024,  0.888370235792221,  0.824314604324684
				,  0.696860724520487,  0.914023078322473,  0.665628755434445
				,  0.889528191801681,  0.912786376449922,  0.888380165755173
				,  0.862610058256958,  0.902884595649548,  0.91706556292553
				,  0.524528109241805,  0.69614650708256,  0.89634890936673
				,  0.904280698131024,  0.517959558479288,  0.507007065869538
				,  0.78332964354791,  0.866197077666921,  0.790085188989403
				,  0.90732839794185,  0.77619496770805,  0.532217512170799
				,  0.908183246407271,  0.655342886600512,  0.838784558608028
				,  0.905828620906748,  0.55148527452468,  0.549165955347815
				,  0.759311504276115,  0.914551645797289,  0.710004192947411
				,  0.906658960396595,  0.904231358936069,  0.861693252296964
				,  0.702967347066659,  0.89116259428185,  0.911433600100871
				,  0.639668651931755,  0.62870890078584,  0.476392425810833
				,  0.917594371162101,  0.752289380776848,  0.761858514572557
				,  0.848092518335615,  0.553483705024274,  0.847372749624639
				,  0.616922260158832,  0.851930945432365,  0.865555257005602
				))
			, nrow = 60, ncol = 3
			, dimnames = list(
				as.character(c( "1", "2", "3", "4", "5", "6", "7", "8", "9", "10"
				  , "11", "12", "13", "14", "15", "16", "17", "18", "19", "20"
				  , "21", "22", "23", "24", "25", "26", "27", "28", "29", "30"
				  , "31", "32", "33", "34", "35", "36", "37", "38", "39", "40"
				  , "41", "42", "43", "44", "45", "46", "47", "48", "49", "50"
				  , "51", "52", "53", "54", "55", "56", "57", "58", "59", "60"))
				, as.character(c("nVmax_shrinkage", "nKm_shrinkage", "nV_shrinkage"))
				)
			))
		, "sigma" = matrix(
			as.numeric(c(0.250000093086597))
			, nrow = 1, ncol = 1
			, dimnames = list(
				as.character(c("CEps"))
				, as.character(c("CEps"))
				)
			)
		, "method" = "FOCE-ELS"
		, "varFix" = matrix(
			as.numeric(c(0.969997480923361, 0.00823112661091406, -2198.63379566123, -4770.86181829586, 3.58849618737095, -0.0220891449650679, 0.0207316130854426, 0.0736271588962252, 0.000908306359587824, 0.0081278730633216, -0.113144183088226, 0.00823112661091406, 0.00163939823149428, -25.579908234221, -29.7801233526277, 0.332910211176209, 0.00174895041783338, -0.000934349217181955, -0.00087496980220534, -0.000469328433705685, -0.000116444032961223, -0.0113735873545833, -2198.63379566123, -25.579908234221, 35452413.8048545, 25545823.6074999, -53218.7473565646, -681.109960617106, -830.075882316644, -8313.44099324398, 108.944380105833, 24.5647065134759, -1632.97275907314, -4770.86181829586, -29.7801233526277, 25545823.6074999, 34481295.7122894, -42042.631857363, -280.02210815694, -515.006023414306, -4917.50623418101, 61.5935967612491, -24.8854111745193, -2410.42808685007, 3.58849618737095, 0.332910211176209, -53218.7473565646, -42042.631857363, 345.979156752164, 4.95178688681796, 1.1453290790062, 26.9582247116891, -1.03976136158262, -0.246652660476531, 5.62659214120899, -0.0220891449650679, 0.00174895041783338, -681.109960617106, -280.02210815694, 4.95178688681796, 0.12145022135248, 0.0194986287075586, 0.548146890643764, -0.0223693788761939, -0.00587297731183892, 0.114137884498792, 0.0207316130854426, -0.000934349217181955, -830.075882316644, -515.006023414306, 1.1453290790062, 0.0194986287075586, 0.0362853368690816, 0.336666639312099, -0.00256182776228842, -0.00123376994909511, 0.00947771317957297, 0.0736271588962252, -0.00087496980220534, -8313.44099324398, -4917.50623418101, 26.9582247116891, 0.548146890643764, 0.336666639312099, 4.53423587053066, -0.104160685873257, -0.03308607891415, 0.718474082807245, 0.000908306359587824, -0.000469328433705685, 108.944380105833, 61.5935967612491, -1.03976136158262, -0.0223693788761939, -0.00256182776228842, -0.104160685873257, 0.00480009378781199, 0.0013121594440044, -0.0338534106117145, 0.0081278730633216, -0.000116444032961223, 24.5647065134759, -24.8854111745193, -0.246652660476531, -0.00587297731183892, -0.00123376994909511, -0.03308607891415, 0.0013121594440044, 0.000593996400782235, -0.0033574239286659, -0.113144183088226, -0.0113735873545833, -1632.97275907314, -2410.42808685007, 5.62659214120899, 0.114137884498792, 0.00947771317957297, 0.718474082807245, -0.0338534106117145, -0.0033574239286659, 2.88880465566335))
			, nrow = 11, ncol = 11
			, dimnames = list(
				as.character(c("GAMMA", "CMultStdev", "tvVmax", "tvKm", "tvV", "tvKa", "K12", "K21", "K13", "K31", "CEps"))
				, as.character(c("GAMMA", "CMultStdev", "tvVmax", "tvKm", "tvV", "tvKa", "K12", "K21", "K13", "K31", "CEps"))
				)
			)
		, "omegaSE" = matrix(
			as.numeric(c(1.9875497854781, 0.905204154177081, 1.05274426057415, 0.905204154177081, 0.195812302156428, 0.709359326875984, 1.05274426057415, 0.709359326875984, 1.35031489777625))
			, nrow = 3, ncol = 3, byrow = TRUE
			, dimnames = list(
				as.character(c("nVmax", "nKm", "nV"))
				, as.character(c("nVmax", "nKm", "nV"))
				)
			)
		, "Covariance" = matrix(
			as.numeric(c(0.96999748, 0.0082311266, -2198.6338, -4770.8618, 3.5884962, -0.022089145, 0.020731613, 0.073627159, 0.00090830636, 0.0081278731, -0.11314418, -0.98346492, 0.014453258, -0.0037282644, -0.106976, 0.01787327, 0.56108455, 0.0082311266, 0.0016393982, -25.579908, -29.780123, 0.33291021, 0.0017489504, -0.00093434922, -0.0008749698, -0.00046932843, -0.00011644403, -0.011373587, 0.01316358, -0.0049708203, 7.8451697e-006, 0.011234258, -0.0013571408, 0.013954622, -2198.6338, -25.579908,  35452414,  25545824, -53218.747, -681.10996, -830.07588, -8313.441, 108.94438, 24.564707, -1632.9728, 3680.8562, 1539.9309, 867.30502, -244.46675, 836.94563, -3853.2734, -4770.8618, -29.780123,  25545824,  34481296, -42042.632, -280.02211, -515.00602, -4917.5062, 61.593597, -24.885411, -2410.4281, 7494.2015, 1003.3782, 420.76489,  834.5761, 858.79252, -3737.014, 3.5884962, 0.33291021, -53218.747, -42042.632, 345.97916, 4.9517869, 1.1453291, 26.958225, -1.0397614, -0.24665266, 5.6265921, -10.278097, -4.0556033, -0.75601996, -2.4057293, -2.2004069, 4.4099364, -0.022089145, 0.0017489504, -681.10996, -280.02211, 4.9517869, 0.12145022, 0.019498629, 0.54814689, -0.022369379, -0.0058729773, 0.11413788, -0.10670466, -0.057272555, -0.014678424, -0.05466996, -0.031763651, -0.0054258195, 0.020731613, -0.00093434922, -830.07588, -515.00602, 1.1453291, 0.019498629, 0.036285337, 0.33666664, -0.0025618278, -0.0012337699, 0.0094777132, -0.082306988, -0.0090523758, -0.023478058, -0.028543562, 0.0019495801, 0.026671576, 0.073627159, -0.0008749698, -8313.441, -4917.5062, 26.958225, 0.54814689, 0.33666664, 4.5342359, -0.10416069, -0.033086079, 0.71847408, -1.2779215, -0.23582001, -0.20595407, -0.56797749, -0.09180333, 0.061626727, 0.00090830636, -0.00046932843, 108.94438, 61.593597, -1.0397614, -0.022369379, -0.0025618278, -0.10416069, 0.0048000938, 0.0013121594, -0.033853411, 0.036758729, 0.0091934457, 0.0011348285, 0.018774943, 0.0055139782, 0.0049868184, 0.0081278731, -0.00011644403, 24.564707, -24.885411, -0.24665266, -0.0058729773, -0.0012337699, -0.033086079, 0.0013121594, 0.0005939964, -0.0033574239, -0.0017421031, -0.0008063239, 0.00052567066, 0.0037067552, -0.0019658433, 0.0057461765, -0.11314418, -0.011373587, -1632.9728, -2410.4281, 5.6265921, 0.11413788, 0.0094777132, 0.71847408, -0.033853411, -0.0033574239, 2.8888047, -2.3333375, -0.41929318, -0.056630495, -1.0042582, -0.48216918, -0.4353184, -0.98346492, 0.01316358, 3680.8562, 7494.2015, -10.278097, -0.10670466, -0.082306988, -1.2779215, 0.036758729, -0.0017421031, -2.3333375, 3.9503541, 0.37011196, 0.055229334, 1.2114152, 0.44854402, -0.31887897, 0.014453258, -0.0049708203, 1539.9309, 1003.3782, -4.0556033, -0.057272555, -0.0090523758, -0.23582001, 0.0091934457, -0.0008063239, -0.41929318, 0.37011196, 0.81939456, 0.032102169, -0.48649475, 0.62004273, -0.89555715, -0.0037282644, 7.8451697e-006, 867.30502, 420.76489, -0.75601996, -0.014678424, -0.023478058, -0.20595407, 0.0011348285, 0.00052567066, -0.056630495, 0.055229334, 0.032102169, 0.038342458, -0.0056975398, 0.016128086, -0.070573966, -0.106976, 0.011234258, -244.46675,  834.5761, -2.4057293, -0.05466996, -0.028543562, -0.56797749, 0.018774943, 0.0037067552, -1.0042582, 1.2114152, -0.48649475, -0.0056975398, 1.1082705, -0.30774689, 0.99894396, 0.01787327, -0.0013571408, 836.94563, 858.79252, -2.2004069, -0.031763651, 0.0019495801, -0.09180333, 0.0055139782, -0.0019658433, -0.48216918, 0.44854402, 0.62004273, 0.016128086, -0.30774689, 0.50319065, -0.62905396, 0.56108455, 0.013954622, -3853.2734, -3737.014, 4.4099364, -0.0054258195, 0.026671576, 0.061626727, 0.0049868184, 0.0057461765, -0.4353184, -0.31887897, -0.89555715, -0.070573966, 0.99894396, -0.62905396, 1.8233503))
			, nrow = 17, ncol = 17
			, dimnames = list(
				as.character(c("GAMMA", "CMultStdev", "tvVmax", "tvKm", "tvV", "tvKa", "K12", "K21", "K13", "K31", "stdev0", "nVmax-nVmax", "nKm-nVmax", "nKm-nKm", "nV-nVmax", "nV-nKm", "nV-nV"))
				, as.character(c("GAMMA", "CMultStdev", "tvVmax", "tvKm", "tvV", "tvKa", "K12", "K21", "K13", "K31", "stdev0", "nVmax-nVmax", "nKm-nVmax", "nKm-nKm", "nV-nVmax", "nV-nKm", "nV-nV"))
				)
			)
		, "Correlation" = matrix(
			as.numeric(c(0.9848845, 0.20641048, -0.37492525, -0.82493503, 0.19588547, -0.064356801, 0.11050507, 0.035107563, 0.013311353, 0.33860994, -0.067590839, -0.50240685, 0.0162119, -0.019332206, -0.10317588, 0.025583056, 0.42189846, 0.20641048, 0.040489483, -0.10610451, -0.12525425, 0.44203832, 0.12394703, -0.12114386, -0.010148428, -0.16730533, -0.1180003, -0.16527081, 0.1635738, -0.13562486, 0.00098950989, 0.26355987, -0.047251585, 0.25523532, -0.37492525, -0.10610451,  5954.193, 0.73064298, -0.48052587, -0.32824277, -0.73186219, -0.65570102, 0.26409311, 0.16927654, -0.16136039, 0.31103404, 0.28571417, 0.74389045, -0.039000844, 0.19815638, -0.47926075, -0.82493503, -0.12525425, 0.73064298, 5872.0776, -0.38492236, -0.13683632, -0.46042081, -0.39327929, 0.15139757, -0.1738846, -0.24151455, 0.64211906, 0.18876712, 0.36593819, 0.13500544, 0.20617224, -0.47130047, 0.19588547, 0.44203832, -0.48052587, -0.38492236, 18.600515, 0.76390231, 0.3232509, 0.68063498, -0.80683336, -0.54408773, 0.17797597, -0.27801597, -0.24087069, -0.20757178, -0.12285672, -0.16676762, 0.17557889, -0.064356801, 0.12394703, -0.32824277, -0.13683632, 0.76390231, 0.34849709, 0.29372393, 0.73866198, -0.9264669, -0.69146032, 0.1926955, -0.1540516, -0.18155193, -0.21509994, -0.14901388, -0.12848871, -0.011530048, 0.11050507, -0.12114386, -0.73186219, -0.46042081, 0.3232509, 0.29372393, 0.1904871, 0.83000833, -0.19411517, -0.2657521, 0.029273786, -0.21739678, -0.05249893, -0.6294433, -0.14233762, 0.014428102, 0.10369266, 0.035107563, -0.010148428, -0.65570102, -0.39327929, 0.68063498, 0.73866198, 0.83000833, 2.1293745, -0.70603611, -0.63753105, 0.19851803, -0.30194936, -0.12234383, -0.49394473, -0.25337058, -0.060777117, 0.021432952, 0.013311353, -0.16730533, 0.26409311, 0.15139757, -0.80683336, -0.9264669, -0.19411517, -0.70603611, 0.069282709, 0.77708736, -0.28748718, 0.26694243, 0.14659087, 0.083649895, 0.25741324, 0.1121951, 0.05330447, 0.33860994, -0.1180003, 0.16927654, -0.1738846, -0.54408773, -0.69146032, -0.2657521, -0.63753105, 0.77708736, 0.024372041, -0.081050405, -0.035963664, -0.036548629, 0.11014933, 0.14447048, -0.11370792, 0.17460312, -0.067590839, -0.16527081, -0.16136039, -0.24151455, 0.17797597, 0.1926955, 0.029273786, 0.19851803, -0.28748718, -0.081050405, 1.6996484, -0.69071749, -0.27252865, -0.17015758, -0.56125912, -0.39992088, -0.18967622, -0.50240685, 0.1635738, 0.31103404, 0.64211906, -0.27801597, -0.1540516, -0.21739678, -0.30194936, 0.26694243, -0.035963664, -0.69071749, 1.9875498, 0.20571623, 0.14190961, 0.57896473, 0.31814183, -0.11881542, 0.0162119, -0.13562486, 0.28571417, 0.18876712, -0.24087069, -0.18155193, -0.05249893, -0.12234383, 0.14659087, -0.036548629, -0.27252865, 0.20571623, 0.90520415, 0.18111227, -0.51051527, 0.96562565, -0.73267556, -0.019332206, 0.00098950989, 0.74389045, 0.36593819, -0.20757178, -0.21509994, -0.6294433, -0.49394473, 0.083649895, 0.11014933, -0.17015758, 0.14190961, 0.18111227, 0.1958123, -0.027639139, 0.11611186, -0.26691286, -0.10317588, 0.26355987, -0.039000844, 0.13500544, -0.12285672, -0.14901388, -0.14233762, -0.25337058, 0.25741324, 0.14447048, -0.56125912, 0.57896473, -0.51051527, -0.027639139, 1.0527443, -0.4121018, 0.70272141, 0.025583056, -0.047251585, 0.19815638, 0.20617224, -0.16676762, -0.12848871, 0.014428102, -0.060777117, 0.1121951, -0.11370792, -0.39992088, 0.31814183, 0.96562565, 0.11611186, -0.4121018, 0.70935933, -0.65672954, 0.42189846, 0.25523532, -0.47926075, -0.47130047, 0.17557889, -0.011530048, 0.10369266, 0.021432952, 0.05330447, 0.17460312, -0.18967622, -0.11881542, -0.73267556, -0.26691286, 0.70272141, -0.65672954, 1.3503149))
			, nrow = 17, ncol = 17
			, dimnames = list(
				as.character(c("GAMMA", "CMultStdev", "tvVmax", "tvKm", "tvV", "tvKa", "K12", "K21", "K13", "K31", "stdev0", "nVmax-nVmax", "nKm-nVmax", "nKm-nKm", "nV-nVmax", "nV-nKm", "nV-nV"))
				, as.character(c("GAMMA", "CMultStdev", "tvVmax", "tvKm", "tvV", "tvKa", "K12", "K21", "K13", "K31", "stdev0", "nVmax-nVmax", "nKm-nVmax", "nKm-nKm", "nV-nVmax", "nV-nKm", "nV-nV"))
				)
			)
		, "Inverse" = matrix(
			as.numeric(c(219.19075,  65.96275, -0.025644862, 0.037078919, 0.46638102, -51.983078, -5634.4063,  684.7677, 11990.792, -948.1907, -3.1108758, -9.1359439, 107.34847, -35.276426, 46.791324, -190.6327, -60.353459,  65.96275, 1757.7404, -0.020654418, 0.021243478, -4.0986635, -23.316036, -6422.9695, 791.66746, 12720.883, 1646.5955, -12.72594, -10.870561, 21.084622, 118.27329, -48.891407, 9.2471365, 43.169754, -0.025644862, -0.020654418, 4.9441715e-006, -4.4467128e-006, -9.0587253e-006, 0.0094029444, 0.52188657, -0.058834907, -1.0443682, 0.16277934, 0.0065836246, 0.010533522, -0.0048469731, 0.0083354486, -0.023979941, 0.024339962, 0.029023006, 0.037078919, 0.021243478, -4.4467128e-006, 6.8088463e-006, 6.9379692e-005, -0.0091364431, -0.97466501, 0.11948945, 2.0652957, -0.07802935, 0.00067184302, -0.0016949034, 0.020428683, -0.0011125601, 0.0080561923, -0.030532, -0.0074863498, 0.46638102, -4.0986635, -9.0587253e-006, 6.9379692e-005, 0.025602208, 0.092004663, 8.4586902, -1.0305613, -11.273248, -8.1845262, 0.07427503, -0.052358537, 0.58697112, -0.41445371, 0.45980521, -0.91610982, -0.37015329, -51.983078, -23.316036, 0.0094029444, -0.0091364431, 0.092004663, 124.10728, 1501.3585, -177.39915, -2468.5776, -142.50433, 13.285424, 16.748487, -0.07448758, 42.357619, -42.290334,   32.4074, 50.755796, -5634.4063, -6422.9695, 0.52188657, -0.97466501, 8.4586902, 1501.3585, 256608.54, -31751.547, -543287.69, 3821.0876, -606.28933, -1450.6538, -2980.5454, -851.84133, 3210.6916, 2955.1756, -2969.159,  684.7677, 791.66746, -0.058834907, 0.11948945, -1.0305613, -177.39915, -31751.547, 3943.0843, 67356.715, -75.713818, 93.211704, 201.89491, 387.11526, 133.75247, -441.31553, -346.79759, 427.96378, 11990.792, 12720.883, -1.0443682, 2.0652957, -11.273248, -2468.5776, -543287.69, 67356.715,   1157929, -12466.43, 1494.6971, 3368.7874, 6741.9985,  2086.235, -7356.8186, -6521.4835, 6920.2528, -948.1907, 1646.5955, 0.16277934, -0.07802935, -8.1845262, -142.50433, 3821.0876, -75.713818, -12466.43, 29800.641, 474.69499, 416.28427, -137.43414, 1176.1775, -963.77767, 1817.0507, 1688.5245, -3.1108758, -12.72594, 0.0065836246, 0.00067184302, 0.07427503, 13.285424, -606.28933, 93.211704, 1494.6971, 474.69499,  27.80656, 33.885304, 29.837583, 40.425534, -65.519593, 23.849964, 89.247391, -9.1359439, -10.870561, 0.010533522, -0.0016949034, -0.052358537, 16.748487, -1450.6538, 201.89491, 3368.7874, 416.28427, 33.885304, 65.555486, 45.881082, 46.980134, -143.3734, 12.693244, 152.56437, 107.34847, 21.084622, -0.0048469731, 0.020428683, 0.58697112, -0.07448758, -2980.5454, 387.11526, 6741.9985, -137.43414, 29.837583, 45.881082, 163.34589, 29.113938, -75.721175, -169.97178, 88.868311, -35.276426, 118.27329, 0.0083354486, -0.0011125601, -0.41445371, 42.357619, -851.84133, 133.75247,  2086.235, 1176.1775, 40.425534, 46.980134, 29.113938, 166.26919, -107.22665, 75.360234, 148.28843, 46.791324, -48.891407, -0.023979941, 0.0080561923, 0.45980521, -42.290334, 3210.6916, -441.31553, -7356.8186, -963.77767, -65.519593, -143.3734, -75.721175, -107.22665, 335.31268, -54.032058, -342.72324, -190.6327, 9.2471365, 0.024339962, -0.030532, -0.91610982,   32.4074, 2955.1756, -346.79759, -6521.4835, 1817.0507, 23.849964, 12.693244, -169.97178, 75.360234, -54.032058, 337.52897, 103.76444, -60.353459, 43.169754, 0.029023006, -0.0074863498, -0.37015329, 50.755796, -2969.159, 427.96378, 6920.2528, 1688.5245, 89.247391, 152.56437, 88.868311, 148.28843, -342.72324, 103.76444, 391.48733))
			, nrow = 17, ncol = 17
			, dimnames = list(
				as.character(c("GAMMA", "CMultStdev", "tvVmax", "tvKm", "tvV", "tvKa", "K12", "K21", "K13", "K31", "stdev0", "nVmax-nVmax", "nKm-nVmax", "nKm-nKm", "nV-nVmax", "nV-nKm", "nV-nV"))
				, as.character(c("GAMMA", "CMultStdev", "tvVmax", "tvKm", "tvV", "tvKa", "K12", "K21", "K13", "K31", "stdev0", "nVmax-nVmax", "nKm-nVmax", "nKm-nKm", "nV-nVmax", "nV-nKm", "nV-nV"))
				)
			)
		, "LLTable" = data.frame(
			id = as.character(c( "1", "2", "3", "4", "5", "6", "7", "8", "9", "10", "11", "12", "13", "14", "15", "16", "17", "18", "19", "20", "21", "22", "23", "24", "25", "26", "27", "28", "29", "30", "31", "32", "33", "34", "35", "36", "37", "38", "39", "40", "41", "42", "43", "44", "45", "46", "47", "48", "49", "50", "51", "52", "53", "54", "55", "56", "57", "58", "59", "60"))
			, "LL" = c(-53.79358, -53.838072, -55.273719, -58.275869, -53.06358, -58.488516, -56.484401, -57.597569, -51.080457, -61.752647, -51.481135, -58.163805, -59.053427, -55.009754, -55.801562, -56.047793, -57.244155, -52.329541, -54.09618, -52.141275, -53.732054, -55.516713, -54.970687, -69.793995, -58.508798, -56.966227, -56.409791, -59.503894, -54.57719, -54.675686, -54.401971, -56.589906, -58.299669, -53.028722, -54.094546, -54.038874, -52.074681, -67.02852, -54.110968, -56.259137, -50.663051, -60.114786, -52.088808, -52.953089, -55.552851, -54.244582, -53.896519, -53.85873, -60.596913, -56.106584, -65.526378, -48.907524, -59.549141, -56.067666, -56.48293, -59.021919, -58.486256, -57.263157, -60.352706, -59.918991)
			) # end of LLTable
		, "residuals" = data.frame(
			  ID1 = as.character(c(  "",   "",   "",   "",   "",   "",   "",   "",   "",   "",   "",   "",   "",   "",   "",   "",   "",   "",   "",   "",   "",   "",   "",   "",   "",   "",   "",   "",   "",   "",   "",   "",   "",   "",   "",   "",   "",   "",   "",   "",   "",   "",   "",   "",   "",   "",   "",   "",   "",   "",   "",   "",   "",   "",   "",   "",   "",   "",   "",   "",   "",   "",   "",   "",   "",   "",   "",   "",   "",   "",   "",   "",   "",   "",   "",   "",   "",   "",   "",   "",   "",   "",   "",   "",   "",   "",   "",   "",   "",   "",   "",   "",   "",   "",   "",   "",   "",   "",   "",   "",   "",   "",   "",   "",   "",   "",   "",   "",   "",   "",   "",   "",   "",   "",   "",   "",   "",   "",   "",   "",   "",   "",   "",   "",   "",   "",   "",   "",   "",   "",   "",   "",   "",   "",   "",   "",   "",   "",   "",   "",   "",   "",   "",   "",   "",   "",   "",   "",   "",   "",   "",   "",   "",   "",   "",   "",   "",   "",   "",   "",   "",   "",   "",   "",   "",   "",   "",   "",   "",   "",   "",   "",   "",   "",   "",   "",   "",   "",   "",   "",   "",   "",   "",   "",   "",   "",   "",   "",   "",   "",   "",   "",   "",   "",   "",   "",   "",   "",   "",   "",   "",   "",   "",   "",   "",   "",   "",   "",   "",   "",   "",   "",   "",   "",   "",   "",   "",   "",   "",   "",   "",   "",   "",   "",   "",   "",   "",   "",   "",   "",   "",   "",   "",   "",   "",   "",   "",   "",   "",   "",   "",   "",   "",   "",   "",   "",   "",   "",   "",   "",   "",   "",   "",   "",   "",   "",   "",   "",   "",   "",   "",   "",   "",   "",   "",   "",   "",   "",   "",   "",   "",   "",   "",   "",   "",   "",   "",   "",   "",   "",   "",   "",   "",   "",   "",   "",   "",   "",   "",   "",   "",   "",   "",   "",   "",   "",   "",   "",   "",   "",   "",   "",   "",   "",   "",   "",   "",   "",   "",   "",   "",   "",   "",   "",   "",   "",   "",   "",   "",   "",   "",   "",   "",   "",   "",   "",   "",   "",   "",   "",   "",   "",   "",   "",   "",   "",   "",   "",   "",   "",   "",   "",   "",   "",   "",   "",   "",   "",   "",   "",   "",   "",   "",   "",   "",   "",   "",   "",   "",   "",   "",   "",   "",   "",   "",   "",   "",   "",   "",   "",   "",   "",   "",   "",   "",   "",   "",   "",   "",   "",   "",   "",   "",   "",   "",   "",   "",   "",   "",   "",   "",   "",   "",   "",   "",   "",   "",   "",   "",   "",   "",   "",   "",   "",   "",   "",   "",   "",   "",   "",   "",   "",   "",   "",   "",   "",   "",   "",   "",   "",   "",   "",   "",   "",   "",   "",   "",   "",   "",   "",   "",   "",   "",   "",   "",   "",   "",   "",   "",   "",   "",   "",   "",   "",   "",   "",   "",   "",   "",   "",   "",   "",   "",   "",   "",   "",   "",   "",   "",   "",   "",   "",   "",   "",   "",   "",   "",   "",   "",   "",   "",   "",   "",   "",   "",   "",   "",   "",   "",   ""))
			, ID2 = as.character(c(  "",   "",   "",   "",   "",   "",   "",   "",   "",   "",   "",   "",   "",   "",   "",   "",   "",   "",   "",   "",   "",   "",   "",   "",   "",   "",   "",   "",   "",   "",   "",   "",   "",   "",   "",   "",   "",   "",   "",   "",   "",   "",   "",   "",   "",   "",   "",   "",   "",   "",   "",   "",   "",   "",   "",   "",   "",   "",   "",   "",   "",   "",   "",   "",   "",   "",   "",   "",   "",   "",   "",   "",   "",   "",   "",   "",   "",   "",   "",   "",   "",   "",   "",   "",   "",   "",   "",   "",   "",   "",   "",   "",   "",   "",   "",   "",   "",   "",   "",   "",   "",   "",   "",   "",   "",   "",   "",   "",   "",   "",   "",   "",   "",   "",   "",   "",   "",   "",   "",   "",   "",   "",   "",   "",   "",   "",   "",   "",   "",   "",   "",   "",   "",   "",   "",   "",   "",   "",   "",   "",   "",   "",   "",   "",   "",   "",   "",   "",   "",   "",   "",   "",   "",   "",   "",   "",   "",   "",   "",   "",   "",   "",   "",   "",   "",   "",   "",   "",   "",   "",   "",   "",   "",   "",   "",   "",   "",   "",   "",   "",   "",   "",   "",   "",   "",   "",   "",   "",   "",   "",   "",   "",   "",   "",   "",   "",   "",   "",   "",   "",   "",   "",   "",   "",   "",   "",   "",   "",   "",   "",   "",   "",   "",   "",   "",   "",   "",   "",   "",   "",   "",   "",   "",   "",   "",   "",   "",   "",   "",   "",   "",   "",   "",   "",   "",   "",   "",   "",   "",   "",   "",   "",   "",   "",   "",   "",   "",   "",   "",   "",   "",   "",   "",   "",   "",   "",   "",   "",   "",   "",   "",   "",   "",   "",   "",   "",   "",   "",   "",   "",   "",   "",   "",   "",   "",   "",   "",   "",   "",   "",   "",   "",   "",   "",   "",   "",   "",   "",   "",   "",   "",   "",   "",   "",   "",   "",   "",   "",   "",   "",   "",   "",   "",   "",   "",   "",   "",   "",   "",   "",   "",   "",   "",   "",   "",   "",   "",   "",   "",   "",   "",   "",   "",   "",   "",   "",   "",   "",   "",   "",   "",   "",   "",   "",   "",   "",   "",   "",   "",   "",   "",   "",   "",   "",   "",   "",   "",   "",   "",   "",   "",   "",   "",   "",   "",   "",   "",   "",   "",   "",   "",   "",   "",   "",   "",   "",   "",   "",   "",   "",   "",   "",   "",   "",   "",   "",   "",   "",   "",   "",   "",   "",   "",   "",   "",   "",   "",   "",   "",   "",   "",   "",   "",   "",   "",   "",   "",   "",   "",   "",   "",   "",   "",   "",   "",   "",   "",   "",   "",   "",   "",   "",   "",   "",   "",   "",   "",   "",   "",   "",   "",   "",   "",   "",   "",   "",   "",   "",   "",   "",   "",   "",   "",   "",   "",   "",   "",   "",   "",   "",   "",   "",   "",   "",   "",   "",   "",   "",   "",   "",   "",   "",   "",   "",   "",   "",   "",   "",   "",   "",   "",   "",   "",   "",   "",   "",   "",   "",   "",   "",   "",   "",   "",   "",   "",   "",   "",   "",   "",   ""))
			, ID3 = as.character(c(  "",   "",   "",   "",   "",   "",   "",   "",   "",   "",   "",   "",   "",   "",   "",   "",   "",   "",   "",   "",   "",   "",   "",   "",   "",   "",   "",   "",   "",   "",   "",   "",   "",   "",   "",   "",   "",   "",   "",   "",   "",   "",   "",   "",   "",   "",   "",   "",   "",   "",   "",   "",   "",   "",   "",   "",   "",   "",   "",   "",   "",   "",   "",   "",   "",   "",   "",   "",   "",   "",   "",   "",   "",   "",   "",   "",   "",   "",   "",   "",   "",   "",   "",   "",   "",   "",   "",   "",   "",   "",   "",   "",   "",   "",   "",   "",   "",   "",   "",   "",   "",   "",   "",   "",   "",   "",   "",   "",   "",   "",   "",   "",   "",   "",   "",   "",   "",   "",   "",   "",   "",   "",   "",   "",   "",   "",   "",   "",   "",   "",   "",   "",   "",   "",   "",   "",   "",   "",   "",   "",   "",   "",   "",   "",   "",   "",   "",   "",   "",   "",   "",   "",   "",   "",   "",   "",   "",   "",   "",   "",   "",   "",   "",   "",   "",   "",   "",   "",   "",   "",   "",   "",   "",   "",   "",   "",   "",   "",   "",   "",   "",   "",   "",   "",   "",   "",   "",   "",   "",   "",   "",   "",   "",   "",   "",   "",   "",   "",   "",   "",   "",   "",   "",   "",   "",   "",   "",   "",   "",   "",   "",   "",   "",   "",   "",   "",   "",   "",   "",   "",   "",   "",   "",   "",   "",   "",   "",   "",   "",   "",   "",   "",   "",   "",   "",   "",   "",   "",   "",   "",   "",   "",   "",   "",   "",   "",   "",   "",   "",   "",   "",   "",   "",   "",   "",   "",   "",   "",   "",   "",   "",   "",   "",   "",   "",   "",   "",   "",   "",   "",   "",   "",   "",   "",   "",   "",   "",   "",   "",   "",   "",   "",   "",   "",   "",   "",   "",   "",   "",   "",   "",   "",   "",   "",   "",   "",   "",   "",   "",   "",   "",   "",   "",   "",   "",   "",   "",   "",   "",   "",   "",   "",   "",   "",   "",   "",   "",   "",   "",   "",   "",   "",   "",   "",   "",   "",   "",   "",   "",   "",   "",   "",   "",   "",   "",   "",   "",   "",   "",   "",   "",   "",   "",   "",   "",   "",   "",   "",   "",   "",   "",   "",   "",   "",   "",   "",   "",   "",   "",   "",   "",   "",   "",   "",   "",   "",   "",   "",   "",   "",   "",   "",   "",   "",   "",   "",   "",   "",   "",   "",   "",   "",   "",   "",   "",   "",   "",   "",   "",   "",   "",   "",   "",   "",   "",   "",   "",   "",   "",   "",   "",   "",   "",   "",   "",   "",   "",   "",   "",   "",   "",   "",   "",   "",   "",   "",   "",   "",   "",   "",   "",   "",   "",   "",   "",   "",   "",   "",   "",   "",   "",   "",   "",   "",   "",   "",   "",   "",   "",   "",   "",   "",   "",   "",   "",   "",   "",   "",   "",   "",   "",   "",   "",   "",   "",   "",   "",   "",   "",   "",   "",   "",   "",   "",   "",   "",   "",   "",   "",   "",   "",   "",   "",   "",   "",   "",   "",   "",   "",   ""))
			, ID4 = as.character(c(  "",   "",   "",   "",   "",   "",   "",   "",   "",   "",   "",   "",   "",   "",   "",   "",   "",   "",   "",   "",   "",   "",   "",   "",   "",   "",   "",   "",   "",   "",   "",   "",   "",   "",   "",   "",   "",   "",   "",   "",   "",   "",   "",   "",   "",   "",   "",   "",   "",   "",   "",   "",   "",   "",   "",   "",   "",   "",   "",   "",   "",   "",   "",   "",   "",   "",   "",   "",   "",   "",   "",   "",   "",   "",   "",   "",   "",   "",   "",   "",   "",   "",   "",   "",   "",   "",   "",   "",   "",   "",   "",   "",   "",   "",   "",   "",   "",   "",   "",   "",   "",   "",   "",   "",   "",   "",   "",   "",   "",   "",   "",   "",   "",   "",   "",   "",   "",   "",   "",   "",   "",   "",   "",   "",   "",   "",   "",   "",   "",   "",   "",   "",   "",   "",   "",   "",   "",   "",   "",   "",   "",   "",   "",   "",   "",   "",   "",   "",   "",   "",   "",   "",   "",   "",   "",   "",   "",   "",   "",   "",   "",   "",   "",   "",   "",   "",   "",   "",   "",   "",   "",   "",   "",   "",   "",   "",   "",   "",   "",   "",   "",   "",   "",   "",   "",   "",   "",   "",   "",   "",   "",   "",   "",   "",   "",   "",   "",   "",   "",   "",   "",   "",   "",   "",   "",   "",   "",   "",   "",   "",   "",   "",   "",   "",   "",   "",   "",   "",   "",   "",   "",   "",   "",   "",   "",   "",   "",   "",   "",   "",   "",   "",   "",   "",   "",   "",   "",   "",   "",   "",   "",   "",   "",   "",   "",   "",   "",   "",   "",   "",   "",   "",   "",   "",   "",   "",   "",   "",   "",   "",   "",   "",   "",   "",   "",   "",   "",   "",   "",   "",   "",   "",   "",   "",   "",   "",   "",   "",   "",   "",   "",   "",   "",   "",   "",   "",   "",   "",   "",   "",   "",   "",   "",   "",   "",   "",   "",   "",   "",   "",   "",   "",   "",   "",   "",   "",   "",   "",   "",   "",   "",   "",   "",   "",   "",   "",   "",   "",   "",   "",   "",   "",   "",   "",   "",   "",   "",   "",   "",   "",   "",   "",   "",   "",   "",   "",   "",   "",   "",   "",   "",   "",   "",   "",   "",   "",   "",   "",   "",   "",   "",   "",   "",   "",   "",   "",   "",   "",   "",   "",   "",   "",   "",   "",   "",   "",   "",   "",   "",   "",   "",   "",   "",   "",   "",   "",   "",   "",   "",   "",   "",   "",   "",   "",   "",   "",   "",   "",   "",   "",   "",   "",   "",   "",   "",   "",   "",   "",   "",   "",   "",   "",   "",   "",   "",   "",   "",   "",   "",   "",   "",   "",   "",   "",   "",   "",   "",   "",   "",   "",   "",   "",   "",   "",   "",   "",   "",   "",   "",   "",   "",   "",   "",   "",   "",   "",   "",   "",   "",   "",   "",   "",   "",   "",   "",   "",   "",   "",   "",   "",   "",   "",   "",   "",   "",   "",   "",   "",   "",   "",   "",   "",   "",   "",   "",   "",   "",   "",   "",   "",   "",   "",   "",   "",   "",   "",   "",   "",   "",   ""))
