TABLE NO.     1: First Order Conditional Estimation with Interaction: Problem=1 Subproblem=0 Superproblem1=0 Iteration1=0 Superproblem2=0 Iteration2=0
 NAME         THETA1       THETA2       THETA3       THETA4       THETA5       THETA6       THETA7       THETA8       SIGMA(1,1)   SIGMA(2,1)   SIGMA(2,2)   OMEGA(1,1)   OMEGA(2,1)   OMEGA(2,2)   OMEGA(3,1)   OMEGA(3,2)   OMEGA(3,3)   OMEGA(4,1)   OMEGA(4,2)   OMEGA(4,3)   OMEGA(4,4)
 THETA1        2.68552E+02  8.04784E-01  4.48157E-01  3.16346E-01 -5.95477E-01  2.84533E-01  2.69236E-01  4.28510E-01 -3.07168E-01  0.00000E+00  1.19162E-01  1.01099E-01  0.00000E+00 -1.67890E-01  0.00000E+00  0.00000E+00  2.72078E-01  0.00000E+00  0.00000E+00  0.00000E+00 -7.43534E-02
 THETA2        8.04784E-01  7.83394E+01  3.08712E-01  4.24083E-01 -7.70068E-01  1.11660E-01  1.18086E-01  5.16693E-01 -2.94225E-01  0.00000E+00  1.57351E-01  7.63388E-02  0.00000E+00 -3.60834E-01  0.00000E+00  0.00000E+00  1.41835E-01  0.00000E+00  0.00000E+00  0.00000E+00  5.93174E-02
 THETA3        4.48157E-01  3.08712E-01  1.52836E+02 -1.44337E-01 -1.31316E-01  9.33959E-01  9.68721E-01  1.76663E-01 -2.05017E-01  0.00000E+00  3.75086E-01  9.67190E-03  0.00000E+00  6.03793E-02  0.00000E+00  0.00000E+00  9.59175E-02  0.00000E+00  0.00000E+00  0.00000E+00 -3.93688E-01
 THETA4        3.16346E-01  4.24083E-01 -1.44337E-01  4.56094E-01 -4.13027E-01 -4.86052E-01 -3.30334E-01  9.36475E-01 -5.10470E-02  0.00000E+00 -1.33284E-01  4.35698E-01  0.00000E+00 -3.52542E-01  0.00000E+00  0.00000E+00  2.08927E-02  0.00000E+00  0.00000E+00  0.00000E+00  6.23610E-01
 THETA5       -5.95477E-01 -7.70068E-01 -1.31316E-01 -4.13027E-01  2.40787E-01  4.18682E-02  4.26035E-02 -4.33382E-01  2.30614E-01  0.00000E+00 -8.30670E-02 -1.15966E-01  0.00000E+00  3.50859E-01  0.00000E+00  0.00000E+00 -1.17177E-01  0.00000E+00  0.00000E+00  0.00000E+00 -1.42544E-01
 THETA6        2.84533E-01  1.11660E-01  9.33959E-01 -4.86052E-01  4.18682E-02  5.65588E-01  9.74865E-01 -1.84279E-01 -1.53516E-01  0.00000E+00  3.66093E-01 -1.52356E-01  0.00000E+00  1.89074E-01  0.00000E+00  0.00000E+00  7.81858E-02  0.00000E+00  0.00000E+00  0.00000E+00 -5.76676E-01
 THETA7        2.69236E-01  1.18086E-01  9.68721E-01 -3.30334E-01  4.26035E-02  9.74865E-01  8.62357E-01 -1.15825E-02 -1.05555E-01  0.00000E+00  2.92674E-01 -6.96252E-02  0.00000E+00  1.47094E-01  0.00000E+00  0.00000E+00  8.30901E-02  0.00000E+00  0.00000E+00  0.00000E+00 -4.47943E-01
 THETA8        4.28510E-01  5.16693E-01  1.76663E-01  9.36475E-01 -4.33382E-01 -1.84279E-01 -1.15825E-02  9.12906E-01 -1.02255E-01  0.00000E+00 -2.76877E-02  4.54962E-01  0.00000E+00 -3.62532E-01  0.00000E+00  0.00000E+00  3.62536E-02  0.00000E+00  0.00000E+00  0.00000E+00  5.35662E-01
 SIGMA(1,1)   -3.07168E-01 -2.94225E-01 -2.05017E-01 -5.10470E-02  2.30614E-01 -1.53516E-01 -1.05555E-01 -1.02255E-01  1.13221E+01  0.00000E+00 -2.02098E-01 -2.43593E-01  0.00000E+00  1.88749E-01  0.00000E+00  0.00000E+00 -6.32687E-02  0.00000E+00  0.00000E+00  0.00000E+00  1.34962E-01
 SIGMA(2,1)    0.00000E+00  0.00000E+00  0.00000E+00  0.00000E+00  0.00000E+00  0.00000E+00  0.00000E+00  0.00000E+00  0.00000E+00  0.00000E+00  0.00000E+00  0.00000E+00  0.00000E+00  0.00000E+00  0.00000E+00  0.00000E+00  0.00000E+00  0.00000E+00  0.00000E+00  0.00000E+00  0.00000E+00
 SIGMA(2,2)    1.19162E-01  1.57351E-01  3.75086E-01 -1.33284E-01 -8.30670E-02  3.66093E-01  2.92674E-01 -2.76877E-02 -2.02098E-01  0.00000E+00  1.66435E-02 -8.02514E-02  0.00000E+00  7.39019E-02  0.00000E+00  0.00000E+00 -2.26262E-01  0.00000E+00  0.00000E+00  0.00000E+00 -4.70530E-01
 OMEGA(1,1)    1.01099E-01  7.63388E-02  9.67190E-03  4.35698E-01 -1.15966E-01 -1.52356E-01 -6.96252E-02  4.54962E-01 -2.43593E-01  0.00000E+00 -8.02514E-02  5.65257E-02  0.00000E+00 -1.91225E-01  0.00000E+00  0.00000E+00  3.61188E-02  0.00000E+00  0.00000E+00  0.00000E+00  3.12672E-01
 OMEGA(2,1)    0.00000E+00  0.00000E+00  0.00000E+00  0.00000E+00  0.00000E+00  0.00000E+00  0.00000E+00  0.00000E+00  0.00000E+00  0.00000E+00  0.00000E+00  0.00000E+00  0.00000E+00  0.00000E+00  0.00000E+00  0.00000E+00  0.00000E+00  0.00000E+00  0.00000E+00  0.00000E+00  0.00000E+00
 OMEGA(2,2)   -1.67890E-01 -3.60834E-01  6.03793E-02 -3.52542E-01  3.50859E-01  1.89074E-01  1.47094E-01 -3.62532E-01  1.88749E-01  0.00000E+00  7.39019E-02 -1.91225E-01  0.00000E+00  7.42205E-02  0.00000E+00  0.00000E+00 -1.82001E-01  0.00000E+00  0.00000E+00  0.00000E+00 -3.65329E-01
 OMEGA(3,1)    0.00000E+00  0.00000E+00  0.00000E+00  0.00000E+00  0.00000E+00  0.00000E+00  0.00000E+00  0.00000E+00  0.00000E+00  0.00000E+00  0.00000E+00  0.00000E+00  0.00000E+00  0.00000E+00  0.00000E+00  0.00000E+00  0.00000E+00  0.00000E+00  0.00000E+00  0.00000E+00  0.00000E+00
 OMEGA(3,2)    0.00000E+00  0.00000E+00  0.00000E+00  0.00000E+00  0.00000E+00  0.00000E+00  0.00000E+00  0.00000E+00  0.00000E+00  0.00000E+00  0.00000E+00  0.00000E+00  0.00000E+00  0.00000E+00  0.00000E+00  0.00000E+00  0.00000E+00  0.00000E+00  0.00000E+00  0.00000E+00  0.00000E+00
 OMEGA(3,3)    2.72078E-01  1.41835E-01  9.59175E-02  2.08927E-02 -1.17177E-01  7.81858E-02  8.30901E-02  3.62536E-02 -6.32687E-02  0.00000E+00 -2.26262E-01  3.61188E-02  0.00000E+00 -1.82001E-01  0.00000E+00  0.00000E+00  3.36235E-02  0.00000E+00  0.00000E+00  0.00000E+00  2.31858E-01
 OMEGA(4,1)    0.00000E+00  0.00000E+00  0.00000E+00  0.00000E+00  0.00000E+00  0.00000E+00  0.00000E+00  0.00000E+00  0.00000E+00  0.00000E+00  0.00000E+00  0.00000E+00  0.00000E+00  0.00000E+00  0.00000E+00  0.00000E+00  0.00000E+00  0.00000E+00  0.00000E+00  0.00000E+00  0.00000E+00
 OMEGA(4,2)    0.00000E+00  0.00000E+00  0.00000E+00  0.00000E+00  0.00000E+00  0.00000E+00  0.00000E+00  0.00000E+00  0.00000E+00  0.00000E+00  0.00000E+00  0.00000E+00  0.00000E+00  0.00000E+00  0.00000E+00  0.00000E+00  0.00000E+00  0.00000E+00  0.00000E+00  0.00000E+00  0.00000E+00
 OMEGA(4,3)    0.00000E+00  0.00000E+00  0.00000E+00  0.00000E+00  0.00000E+00  0.00000E+00  0.00000E+00  0.00000E+00  0.00000E+00  0.00000E+00  0.00000E+00  0.00000E+00  0.00000E+00  0.00000E+00  0.00000E+00  0.00000E+00  0.00000E+00  0.00000E+00  0.00000E+00  0.00000E+00  0.00000E+00
 OMEGA(4,4)   -7.43534E-02  5.93174E-02 -3.93688E-01  6.23610E-01 -1.42544E-01 -5.76676E-01 -4.47943E-01  5.35662E-01  1.34962E-01  0.00000E+00 -4.70530E-01  3.12672E-01  0.00000E+00 -3.65329E-01  0.00000E+00  0.00000E+00  2.31858E-01  0.00000E+00  0.00000E+00  0.00000E+00  1.58623E-01
