TABLE NO.     1: First Order Conditional Estimation with Interaction: Problem=1 Subproblem=0 Superproblem1=0 Iteration1=0 Superproblem2=0 Iteration2=0
 NAME         THETA1       THETA2       THETA3       THETA4       THETA5       THETA6       THETA7       THETA8       SIGMA(1,1)   SIGMA(2,1)   SIGMA(2,2)   OMEGA(1,1)   OMEGA(2,1)   OMEGA(2,2)   OMEGA(3,1)   OMEGA(3,2)   OMEGA(3,3)   OMEGA(4,1)   OMEGA(4,2)   OMEGA(4,3)   OMEGA(4,4)
 THETA1        2.08195E+03 -4.95663E+03 -4.49222E+03  3.24333E+06 -3.61185E+04  3.39363E+06  8.05056E+05 -1.24698E+06 -8.18926E+02  0.00000E+00  1.25897E+06  5.04516E+02  0.00000E+00  3.45692E+02  0.00000E+00  0.00000E+00  6.59371E+02  0.00000E+00  0.00000E+00  0.00000E+00 -6.91920E+02
 THETA2       -4.95663E+03  1.18006E+04  1.06949E+04 -7.72160E+06  8.59898E+04 -8.07944E+06 -1.91665E+06  2.96876E+06  1.94967E+03  0.00000E+00 -2.99731E+06 -1.20099E+03  0.00000E+00 -8.23006E+02  0.00000E+00  0.00000E+00 -1.57009E+03  0.00000E+00  0.00000E+00  0.00000E+00  1.64738E+03
 THETA3       -4.49222E+03  1.06949E+04  9.69293E+03 -6.99813E+06  7.79333E+04 -7.32246E+06 -1.73706E+06  2.69060E+06  1.76700E+03  0.00000E+00 -2.71648E+06 -1.08850E+03  0.00000E+00 -7.46834E+02  0.00000E+00  0.00000E+00 -1.42645E+03  0.00000E+00  0.00000E+00  0.00000E+00  1.49293E+03
 THETA4        3.24333E+06 -7.72160E+06 -6.99813E+06  5.05257E+09 -5.62666E+07  5.28672E+09  1.25414E+09 -1.94259E+09 -1.27575E+06  0.00000E+00  1.96127E+09  7.86010E+05  0.00000E+00  5.38589E+05  0.00000E+00  0.00000E+00  1.02747E+06  0.00000E+00  0.00000E+00  0.00000E+00 -1.07785E+06
 THETA5       -3.61185E+04  8.59898E+04  7.79333E+04 -5.62666E+07  6.26648E+05 -5.88743E+07 -1.39664E+07  2.16331E+07  1.42071E+04  0.00000E+00 -2.18411E+07 -8.74038E+03  0.00000E+00 -6.01235E+03  0.00000E+00  0.00000E+00 -1.14686E+04  0.00000E+00  0.00000E+00  0.00000E+00  1.20101E+04
 THETA6        3.39363E+06 -8.07944E+06 -7.32246E+06  5.28672E+09 -5.88743E+07  5.53172E+09  1.31226E+09 -2.03261E+09 -1.33487E+06  0.00000E+00  2.05216E+09  8.22352E+05  0.00000E+00  5.63803E+05  0.00000E+00  0.00000E+00  1.07604E+06  0.00000E+00  0.00000E+00  0.00000E+00 -1.12786E+06
 THETA7        8.05056E+05 -1.91665E+06 -1.73706E+06  1.25414E+09 -1.39664E+07  1.31226E+09  3.11302E+08 -4.82187E+08 -3.16665E+05  0.00000E+00  4.86824E+08  1.95104E+05  0.00000E+00  1.33653E+05  0.00000E+00  0.00000E+00  2.54883E+05  0.00000E+00  0.00000E+00  0.00000E+00 -2.67544E+05
 THETA8       -1.24698E+06  2.96876E+06  2.69060E+06 -1.94259E+09  2.16331E+07 -2.03261E+09 -4.82187E+08  7.46876E+08  4.90494E+05  0.00000E+00 -7.54058E+08 -3.02228E+05  0.00000E+00 -2.07020E+05  0.00000E+00  0.00000E+00 -3.94809E+05  0.00000E+00  0.00000E+00  0.00000E+00  4.14389E+05
 SIGMA(1,1)   -8.18926E+02  1.94967E+03  1.76700E+03 -1.27575E+06  1.42071E+04 -1.33487E+06 -3.16665E+05  4.90494E+05  3.22131E+02  0.00000E+00 -4.95210E+05 -1.97716E+02  0.00000E+00 -1.36267E+02  0.00000E+00  0.00000E+00 -2.59569E+02  0.00000E+00  0.00000E+00  0.00000E+00  2.71937E+02
 SIGMA(2,1)    0.00000E+00  0.00000E+00  0.00000E+00  0.00000E+00  0.00000E+00  0.00000E+00  0.00000E+00  0.00000E+00  0.00000E+00  0.00000E+00  0.00000E+00  0.00000E+00  0.00000E+00  0.00000E+00  0.00000E+00  0.00000E+00  0.00000E+00  0.00000E+00  0.00000E+00  0.00000E+00  0.00000E+00
 SIGMA(2,2)    1.25897E+06 -2.99731E+06 -2.71648E+06  1.96127E+09 -2.18411E+07  2.05216E+09  4.86824E+08 -7.54058E+08 -4.95210E+05  0.00000E+00  7.61315E+08  3.05141E+05  0.00000E+00  2.09097E+05  0.00000E+00  0.00000E+00  3.98985E+05  0.00000E+00  0.00000E+00  0.00000E+00 -4.17984E+05
 OMEGA(1,1)    5.04516E+02 -1.20099E+03 -1.08850E+03  7.86010E+05 -8.74038E+03  8.22352E+05  1.95104E+05 -3.02228E+05 -1.97716E+02  0.00000E+00  3.05141E+05  5.99337E+02  0.00000E+00  8.58921E+01  0.00000E+00  0.00000E+00  1.24606E+02  0.00000E+00  0.00000E+00  0.00000E+00 -1.68658E+02
 OMEGA(2,1)    0.00000E+00  0.00000E+00  0.00000E+00  0.00000E+00  0.00000E+00  0.00000E+00  0.00000E+00  0.00000E+00  0.00000E+00  0.00000E+00  0.00000E+00  0.00000E+00  0.00000E+00  0.00000E+00  0.00000E+00  0.00000E+00  0.00000E+00  0.00000E+00  0.00000E+00  0.00000E+00  0.00000E+00
 OMEGA(2,2)    3.45692E+02 -8.23006E+02 -7.46834E+02  5.38589E+05 -6.01235E+03  5.63803E+05  1.33653E+05 -2.07020E+05 -1.36267E+02  0.00000E+00  2.09097E+05  8.58921E+01  0.00000E+00  3.35742E+02  0.00000E+00  0.00000E+00  2.48805E+02  0.00000E+00  0.00000E+00  0.00000E+00 -9.77563E+01
 OMEGA(3,1)    0.00000E+00  0.00000E+00  0.00000E+00  0.00000E+00  0.00000E+00  0.00000E+00  0.00000E+00  0.00000E+00  0.00000E+00  0.00000E+00  0.00000E+00  0.00000E+00  0.00000E+00  0.00000E+00  0.00000E+00  0.00000E+00  0.00000E+00  0.00000E+00  0.00000E+00  0.00000E+00  0.00000E+00
 OMEGA(3,2)    0.00000E+00  0.00000E+00  0.00000E+00  0.00000E+00  0.00000E+00  0.00000E+00  0.00000E+00  0.00000E+00  0.00000E+00  0.00000E+00  0.00000E+00  0.00000E+00  0.00000E+00  0.00000E+00  0.00000E+00  0.00000E+00  0.00000E+00  0.00000E+00  0.00000E+00  0.00000E+00  0.00000E+00
 OMEGA(3,3)    6.59371E+02 -1.57009E+03 -1.42645E+03  1.02747E+06 -1.14686E+04  1.07604E+06  2.54883E+05 -3.94809E+05 -2.59569E+02  0.00000E+00  3.98985E+05  1.24606E+02  0.00000E+00  2.48805E+02  0.00000E+00  0.00000E+00  1.67818E+03  0.00000E+00  0.00000E+00  0.00000E+00 -3.98855E+02
 OMEGA(4,1)    0.00000E+00  0.00000E+00  0.00000E+00  0.00000E+00  0.00000E+00  0.00000E+00  0.00000E+00  0.00000E+00  0.00000E+00  0.00000E+00  0.00000E+00  0.00000E+00  0.00000E+00  0.00000E+00  0.00000E+00  0.00000E+00  0.00000E+00  0.00000E+00  0.00000E+00  0.00000E+00  0.00000E+00
 OMEGA(4,2)    0.00000E+00  0.00000E+00  0.00000E+00  0.00000E+00  0.00000E+00  0.00000E+00  0.00000E+00  0.00000E+00  0.00000E+00  0.00000E+00  0.00000E+00  0.00000E+00  0.00000E+00  0.00000E+00  0.00000E+00  0.00000E+00  0.00000E+00  0.00000E+00  0.00000E+00  0.00000E+00  0.00000E+00
 OMEGA(4,3)    0.00000E+00  0.00000E+00  0.00000E+00  0.00000E+00  0.00000E+00  0.00000E+00  0.00000E+00  0.00000E+00  0.00000E+00  0.00000E+00  0.00000E+00  0.00000E+00  0.00000E+00  0.00000E+00  0.00000E+00  0.00000E+00  0.00000E+00  0.00000E+00  0.00000E+00  0.00000E+00  0.00000E+00
 OMEGA(4,4)   -6.91920E+02  1.64738E+03  1.49293E+03 -1.07785E+06  1.20101E+04 -1.12786E+06 -2.67544E+05  4.14389E+05  2.71937E+02  0.00000E+00 -4.17984E+05 -1.68658E+02  0.00000E+00 -9.77563E+01  0.00000E+00  0.00000E+00 -3.98855E+02  0.00000E+00  0.00000E+00  0.00000E+00  3.85477E+02
