TABLE NO.     1: First Order Conditional Estimation with Interaction: Problem=1 Subproblem=0 Superproblem1=0 Iteration1=0 Superproblem2=0 Iteration2=0
 NAME         THETA1       THETA2       THETA3       THETA4       THETA5       THETA6       THETA7       THETA8       SIGMA(1,1)   SIGMA(2,1)   SIGMA(2,2)   OMEGA(1,1)   OMEGA(2,1)   OMEGA(2,2)   OMEGA(3,1)   OMEGA(3,2)   OMEGA(3,3)   OMEGA(4,1)   OMEGA(4,2)   OMEGA(4,3)   OMEGA(4,4)
 THETA1        2.64809E+02  8.11552E-01 -2.45387E-01  3.72266E-01 -6.09417E-01 -5.83423E-01  1.88422E-01  4.34840E-01 -3.10323E-01  0.00000E+00  1.11242E-01  1.25600E-01  0.00000E+00 -2.00773E-01  0.00000E+00  0.00000E+00  2.59152E-01  0.00000E+00  0.00000E+00  0.00000E+00 -1.28893E-02
 THETA2        8.11552E-01  7.89682E+01  1.11289E-01  4.47526E-01 -7.72742E-01 -1.68399E-01  1.40293E-01  5.17936E-01 -2.32580E-01  0.00000E+00  1.30224E-01  9.11636E-02  0.00000E+00 -3.74748E-01  0.00000E+00  0.00000E+00  1.38135E-01  0.00000E+00  0.00000E+00  0.00000E+00  8.36009E-02
 THETA3       -2.45387E-01  1.11289E-01  1.06272E+02  5.76595E-01 -1.75239E-01  8.09276E-01 -6.74040E-01  4.53518E-01  2.77211E-01  0.00000E+00 -2.83720E-01  2.26578E-01  0.00000E+00 -3.31418E-01  0.00000E+00  0.00000E+00 -1.28279E-01  0.00000E+00  0.00000E+00  0.00000E+00  6.28074E-01
 THETA4        3.72266E-01  4.47526E-01  5.76595E-01  4.79853E-01 -4.00889E-01 -7.75000E-03 -2.09391E-01  9.56348E-01  1.09733E-01  0.00000E+00 -2.00063E-01  4.30740E-01  0.00000E+00 -3.41444E-01  0.00000E+00  0.00000E+00  5.83416E-02  0.00000E+00  0.00000E+00  0.00000E+00  6.33398E-01
 THETA5       -6.09417E-01 -7.72742E-01 -1.75239E-01 -4.00889E-01  2.41100E-01  7.19504E-02  1.66821E-02 -4.14637E-01  1.81061E-01  0.00000E+00 -8.20460E-02 -1.18861E-01  0.00000E+00  3.51777E-01  0.00000E+00  0.00000E+00 -1.11356E-01  0.00000E+00  0.00000E+00  0.00000E+00 -1.26324E-01
 THETA6       -5.83423E-01 -1.68399E-01  8.09276E-01 -7.75000E-03  7.19504E-02  2.55188E-01 -6.21890E-01 -1.11728E-01  2.71420E-01  0.00000E+00 -1.97456E-01 -3.27293E-02  0.00000E+00 -1.74398E-01  0.00000E+00  0.00000E+00 -2.17170E-01  0.00000E+00  0.00000E+00  0.00000E+00  3.14068E-01
 THETA7        1.88422E-01  1.40293E-01 -6.74040E-01 -2.09391E-01  1.66821E-02 -6.21890E-01  6.84618E-01  5.24569E-02 -1.60899E-01  0.00000E+00  2.76876E-01 -1.84394E-02  0.00000E+00  6.89482E-02  0.00000E+00  0.00000E+00  5.32273E-02  0.00000E+00  0.00000E+00  0.00000E+00 -3.16290E-01
 THETA8        4.34840E-01  5.17936E-01  4.53518E-01  9.56348E-01 -4.14637E-01 -1.11728E-01  5.24569E-02  9.95263E-01  6.94212E-02  0.00000E+00 -1.27225E-01  4.50073E-01  0.00000E+00 -3.64408E-01  0.00000E+00  0.00000E+00  6.25368E-02  0.00000E+00  0.00000E+00  0.00000E+00  5.87144E-01
 SIGMA(1,1)   -3.10323E-01 -2.32580E-01  2.77211E-01  1.09733E-01  1.81061E-01  2.71420E-01 -1.60899E-01  6.94212E-02  1.22699E+01  0.00000E+00 -3.13310E-01 -1.98640E-01  0.00000E+00  8.29981E-02  0.00000E+00  0.00000E+00  7.50676E-03  0.00000E+00  0.00000E+00  0.00000E+00  3.58629E-01
 SIGMA(2,1)    0.00000E+00  0.00000E+00  0.00000E+00  0.00000E+00  0.00000E+00  0.00000E+00  0.00000E+00  0.00000E+00  0.00000E+00  0.00000E+00  0.00000E+00  0.00000E+00  0.00000E+00  0.00000E+00  0.00000E+00  0.00000E+00  0.00000E+00  0.00000E+00  0.00000E+00  0.00000E+00  0.00000E+00
 SIGMA(2,2)    1.11242E-01  1.30224E-01 -2.83720E-01 -2.00063E-01 -8.20460E-02 -1.97456E-01  2.76876E-01 -1.27225E-01 -3.13310E-01  0.00000E+00  1.75843E-02 -7.70541E-02  0.00000E+00  8.13915E-02  0.00000E+00  0.00000E+00 -2.42979E-01  0.00000E+00  0.00000E+00  0.00000E+00 -5.62995E-01
 OMEGA(1,1)    1.25600E-01  9.11636E-02  2.26578E-01  4.30740E-01 -1.18861E-01 -3.27293E-02 -1.84394E-02  4.50073E-01 -1.98640E-01  0.00000E+00 -7.70541E-02  5.66386E-02  0.00000E+00 -1.88816E-01  0.00000E+00  0.00000E+00  3.66874E-02  0.00000E+00  0.00000E+00  0.00000E+00  2.97218E-01
 OMEGA(2,1)    0.00000E+00  0.00000E+00  0.00000E+00  0.00000E+00  0.00000E+00  0.00000E+00  0.00000E+00  0.00000E+00  0.00000E+00  0.00000E+00  0.00000E+00  0.00000E+00  0.00000E+00  0.00000E+00  0.00000E+00  0.00000E+00  0.00000E+00  0.00000E+00  0.00000E+00  0.00000E+00  0.00000E+00
 OMEGA(2,2)   -2.00773E-01 -3.74748E-01 -3.31418E-01 -3.41444E-01  3.51777E-01 -1.74398E-01  6.89482E-02 -3.64408E-01  8.29981E-02  0.00000E+00  8.13915E-02 -1.88816E-01  0.00000E+00  7.35476E-02  0.00000E+00  0.00000E+00 -1.87165E-01  0.00000E+00  0.00000E+00  0.00000E+00 -3.33692E-01
 OMEGA(3,1)    0.00000E+00  0.00000E+00  0.00000E+00  0.00000E+00  0.00000E+00  0.00000E+00  0.00000E+00  0.00000E+00  0.00000E+00  0.00000E+00  0.00000E+00  0.00000E+00  0.00000E+00  0.00000E+00  0.00000E+00  0.00000E+00  0.00000E+00  0.00000E+00  0.00000E+00  0.00000E+00  0.00000E+00
 OMEGA(3,2)    0.00000E+00  0.00000E+00  0.00000E+00  0.00000E+00  0.00000E+00  0.00000E+00  0.00000E+00  0.00000E+00  0.00000E+00  0.00000E+00  0.00000E+00  0.00000E+00  0.00000E+00  0.00000E+00  0.00000E+00  0.00000E+00  0.00000E+00  0.00000E+00  0.00000E+00  0.00000E+00  0.00000E+00
 OMEGA(3,3)    2.59152E-01  1.38135E-01 -1.28279E-01  5.83416E-02 -1.11356E-01 -2.17170E-01  5.32273E-02  6.25368E-02  7.50676E-03  0.00000E+00 -2.42979E-01  3.66874E-02  0.00000E+00 -1.87165E-01  0.00000E+00  0.00000E+00  3.36988E-02  0.00000E+00  0.00000E+00  0.00000E+00  2.77924E-01
 OMEGA(4,1)    0.00000E+00  0.00000E+00  0.00000E+00  0.00000E+00  0.00000E+00  0.00000E+00  0.00000E+00  0.00000E+00  0.00000E+00  0.00000E+00  0.00000E+00  0.00000E+00  0.00000E+00  0.00000E+00  0.00000E+00  0.00000E+00  0.00000E+00  0.00000E+00  0.00000E+00  0.00000E+00  0.00000E+00
 OMEGA(4,2)    0.00000E+00  0.00000E+00  0.00000E+00  0.00000E+00  0.00000E+00  0.00000E+00  0.00000E+00  0.00000E+00  0.00000E+00  0.00000E+00  0.00000E+00  0.00000E+00  0.00000E+00  0.00000E+00  0.00000E+00  0.00000E+00  0.00000E+00  0.00000E+00  0.00000E+00  0.00000E+00  0.00000E+00
 OMEGA(4,3)    0.00000E+00  0.00000E+00  0.00000E+00  0.00000E+00  0.00000E+00  0.00000E+00  0.00000E+00  0.00000E+00  0.00000E+00  0.00000E+00  0.00000E+00  0.00000E+00  0.00000E+00  0.00000E+00  0.00000E+00  0.00000E+00  0.00000E+00  0.00000E+00  0.00000E+00  0.00000E+00  0.00000E+00
 OMEGA(4,4)   -1.28893E-02  8.36009E-02  6.28074E-01  6.33398E-01 -1.26324E-01  3.14068E-01 -3.16290E-01  5.87144E-01  3.58629E-01  0.00000E+00 -5.62995E-01  2.97218E-01  0.00000E+00 -3.33692E-01  0.00000E+00  0.00000E+00  2.77924E-01  0.00000E+00  0.00000E+00  0.00000E+00  1.63067E-01
