dmp.txt <- structure(
	.Data = list(
		"coefficients" = list(
			"fixed" = c("GAMMA" = 1.80710430455758, "CMultStdev" = 0.504906197732095, "tvVmax" = 3282.90208844282, "tvKm" = 700.531620908964, "tvV" = 44.6983535949465, "tvKa" = 1.11551947734584, "CEps" = 0.490284754422417)
			, "random" = list("Subject" = matrix(
				as.numeric(c(
					 0.0281210425384574,  -0.68050666643704,  0.150567061607098
					,  0.270525611898593,  0.0844843900129033,  -0.731121885035492
					,  -0.367879961824842,  0.0286970497748295,  0.104117232488181
					,  0.165998494414401,  -0.14122490781105,  0.0745016683842711
					,  0.318077292253031,  0.261316287424532,  -0.066591660297307
					,  0.205164198146039,  0.0756988007198239,  0.10281134696614
					,  0.365010816065724,  0.368790476161126,  0.134713398262523
					,  0.298378387296058,  0.0419053753856426,  0.651460230221114
					,  0.397327048087361,  0.188168949818033,  0.32364184778575
					,  -0.811332294852705,  0.0727930978341537,  -0.0599615252439559
					,  0.248836781365764,  -0.898043717446703,  0.428573146512734
					,  -0.0416376919327279,  0.355895145145691,  0.312359352688255
					,  0.136746983742493,  -0.512043626606092,  -0.310252529200547
					,  0.142039635456739,  0.141098437561174,  -0.502105968391267
					,  0.137025445091736,  -0.190454462806889,  -0.35094931648779
					,  0.188038249545825,  -0.0601550836058885,  0.171844793270585
					,  -0.315686523044429,  -0.303204976328357,  -0.293555586225562
					,  0.254300608291736,  -0.35088587992682,  0.136363802038995
					,  0.293011693018846,  -0.393871462275187,  -0.528107393496097
					,  -0.414682072219566,  -0.574616498390965,  0.379373647148607
					,  0.0561987448557767,  0.140543808777154,  -0.194240797629147
					,  -0.136186788978448,  0.474425737050802,  -0.229894204831501
					,  -0.299035853511952,  -0.257471998469474,  0.537923880734494
					,  -0.673676919865438,  0.291491383199045,  -0.240056853803671
					,  -0.455894216240025,  0.753405768798093,  -0.0548453724414461
					,  0.0450691108427625,  0.446799196480538,  0.262358097852389
					,  0.130051579273576,  0.335480838326023,  0.625330670059732
					,  -0.219638400098164,  -0.105996679791593,  -0.200205824518039
					,  0.224007893050747,  -0.330375133278226,  -0.375468494318558
					,  -0.0410391981844386,  0.137144868725047,  0.00535276425836441
					,  0.330803043143594,  -0.219531616961262,  -0.553210951576978
					,  0.348202163288124,  -0.0500487194832262,  0.249941996587624
					,  0.357772951556718,  -0.785247124419226,  -0.117886924812539
					,  -0.108035914984746,  0.489519544396098,  -0.419945555015064
					,  0.419574430336727,  0.375441243002995,  -0.0811680303724719
					,  0.0991938423440562,  0.203047242916889,  0.509315488946786
					,  -0.369656511496512,  -0.113003012362209,  -1.22029035970798
					,  0.617099259364196,  -0.153758684100077,  -0.0321268584478489
					,  -0.0628798847909982,  -0.258773089245921,  -0.162369863683851
					,  -0.160449094862925,  -0.253031238308987,  -0.0754941114299304
					,  -0.916813174306451,  -0.408830219863639,  0.227039842499743
					,  0.681711651232988,  -0.0458135535917908,  -1.29973912359272
					,  -0.852524380217083,  -0.0154057293247771,  -0.224355577988774
					,  0.349957300519601,  -0.498710292718272,  0.422409033704643
					,  0.284795034932261,  0.542098371631922,  -0.154524021292411
					,  0.785267344979083,  0.234786363352433,  0.198087163408293
					,  0.340525026244379,  0.196739344805153,  0.0160901964853168
					,  -0.280236803763152,  -0.166936797630979,  1.60211891602828
					,  0.844749917594366,  0.0717790953506289,  0.114207158016682
					,  -0.573965953546856,  0.260032640653988,  -0.180321957562525
					,  0.489548712155598,  -0.948635144025492,  0.43935129773981
					,  0.114962019443397,  0.224864869901434,  0.331890185440317
					,  -0.00216827334629842,  -0.468367050580082,  -0.678577795197514
					,  0.349973331665858,  0.130511194686538,  -0.466552017391915
					,  0.369900950317927,  -0.383616328069779,  -0.275951679507506
					,  0.0840805219899137,  -0.053687140605851,  0.136095895633354
					,  -0.365796200917971,  -0.35971834258511,  -1.01807136938214
					,  -0.329276462192654,  -0.486505962293338,  0.00197702183309156
					,  0.212850631116205,  -0.634480105979951,  0.0194439772544439
					,  -0.256077033764237,  0.199387860700968,  0.743129681552354
					))
				, nrow = 60, ncol = 3
				, dimnames = list(
					as.character(c( "1", "2", "3", "4", "5", "6", "7", "8", "9", "10"
					  , "11", "12", "13", "14", "15", "16", "17", "18", "19", "20"
					  , "21", "22", "23", "24", "25", "26", "27", "28", "29", "30"
					  , "31", "32", "33", "34", "35", "36", "37", "38", "39", "40"
					  , "41", "42", "43", "44", "45", "46", "47", "48", "49", "50"
					  , "51", "52", "53", "54", "55", "56", "57", "58", "59", "60"))
					, as.character(c("nVmax", "nKm", "nV"))
					)
				))
			)
		, "logLik" = c(-3488.45)
		, "nObs" = c(480)
		, "nSubj" = c(60)
		, "nParm" = c(13)
		, "returnCode" = c(1)
		, "omega" = matrix(
			as.numeric(c(0.235876991309875, 0.0158437324414365, 0.236760806041224, 0.0158437324414365, 0.182517939008668, 0.00546054778681244, 0.236760806041224, 0.00546054778681244, 0.377666710237217))
			, nrow = 3, ncol = 3
			, dimnames = list(
				as.character(c("nVmax", "nKm", "nV"))
				, as.character(c("nVmax", "nKm", "nV"))
				)
			)
		, "eta" = matrix(
			as.numeric(c(-0.0143515644243719, -0.00909064556424195, -0.0220882656394718, 0.118889144368485, 0.134839768131343, 0.254920172516287, 0.344803051564926, 0.367205348723767, 0.50489619974435, 0.290049105087421, 0.140479537223279, 0.178423990287343))
			, nrow = 3, ncol = 4
			, dimnames = list(
				as.character(c("nVmax", "nKm", "nV"))
				, as.character(c("mean", "var", "sd", "shrinkage"))
				)
			)
		, "eta_shrinkage" = list("Subject" = matrix(
			as.numeric(c(
				 0.233085535754464,  0.468464926149648,  0.54500216750162
				,  0.77000042611138,  0.768568120756509,  0.0512006439826967
				,  0.0628662307813976,  0.447719231512906,  0.703060278580741
				,  0.336404038494999,  0.398717246164349,  0.632909961759546
				,  0.352905592565041,  0.862293425722661,  0.453526020503615
				,  0.849019763444731,  0.863532861600608,  0.771340551189407
				,  0.734025339978757,  0.737804758467096,  0.854284114282867
				,  0.240428847321234,  0.385749432207046,  0.840615956958985
				,  0.856225628455504,  0.343960795720663,  0.344874330206748
				,  0.432384078598766,  0.745054869194185,  0.453919314870237
				,  0.844218220444831,  0.19597270166541,  0.436988670243867
				,  0.822345192110752,  0.584352946561708,  0.777896125110739
				,  0.686324545468427,  0.0608682237755994,  0.137645795238828
				,  0.632783109762319,  0.81872460481558,  0.124548288410766
				,  0.863515232622578,  0.491576505937619,  0.302147020332194
				,  0.652561337184048,  0.644473551006489,  0.821831899907083
				,  0.179944520988648,  0.263727664894279,  0.0574926333948337
				,  0.675448398244989,  0.197091348635767,  0.562432666754249
				,  0.565870969433071,  0.18227810014948,  0.512237073405184
				,  0.306874139160088,  0.540295950282569,  0.80423323599123
				,  0.257328439647925,  0.217933553775966,  0.265064638159566
				,  0.268742945766457,  0.258027723254329,  0.212115537147106
				,  0.22565733899899,  0.260696795473857,  0.259273407919694
				,  0.26501320800273,  0.243720824365087,  0.260252071646763
				,  0.286085835342356,  0.253571920857116,  0.25694107627876
				,  0.257876467201041,  0.254583606634379,  0.258783170930812
				,  0.278020029601259,  0.278564102856046,  0.254178709321953
				,  0.267107472257166,  0.264949691851277,  0.26854687876623
				,  0.262834836957314,  0.273693258164168,  0.284792914347275
				,  0.209447064115863,  0.260104309437078,  0.258392156604499
				,  0.267013588043103,  0.192568552419562,  0.286185751469854
				,  0.249071267906412,  0.283563358085544,  0.261965259325114
				,  0.268007513384376,  0.211539720279738,  0.231744758682129
				,  0.263759065699708,  0.262545664681904,  0.225826273640132
				,  0.261879813156968,  0.250626788241504,  0.239388641415348
				,  0.264553153509637,  0.247661917449302,  0.259073916443959
				,  0.238625869458605,  0.241503708076069,  0.210302919895046
				,  0.26599217069884,  0.233326430861867,  0.260448540917047
				,  0.281051364838588,  0.223523085694536,  0.224471610650206
				,  0.230698150774258,  0.228971515740363,  0.271600242092186
				,  0.263517739835092,  0.566315224412585,  0.381011787867453
				,  0.411946565896543,  0.4644639872655,  0.159922660625893
				,  0.1638251468957,  0.35800511040228,  0.435255593512986
				,  0.297973217428539,  0.341049186997413,  0.440619956638821
				,  0.286799039718483,  0.397760312172465,  0.353978100549228
				,  0.421289561868856,  0.475424239248658,  0.429427114033302
				,  0.397878428963518,  0.398169635998491,  0.456724607561114
				,  0.229718326452565,  0.329575631195155,  0.355053892857818
				,  0.390749468693063,  0.302877880029096,  0.270161048206499
				,  0.610380990010802,  0.442549306552079,  0.376798888613435
				,  0.411732533211743,  0.42285700547139,  0.31205585093525
				,  0.502933673011045,  0.373104005780576,  0.407508370029534
				,  0.408291776342251,  0.175291429772467,  0.21757808798718
				,  0.396979567135428,  0.455205816965385,  0.233984626030157
				,  0.443389277496852,  0.405858668026689,  0.340348597232539
				,  0.414310906194008,  0.439099706097397,  0.424404860626211
				,  0.238041277557452,  0.303927740962876,  0.175756242047477
				,  0.398969415806639,  0.268941017205841,  0.383992604798453
				,  0.378262206196283,  0.291230970682012,  0.506034623147527
				,  0.3621036137135,  0.533512264873778,  0.397830378474789
				))
			, nrow = 60, ncol = 3
			, dimnames = list(
				as.character(c( "1", "2", "3", "4", "5", "6", "7", "8", "9", "10"
				  , "11", "12", "13", "14", "15", "16", "17", "18", "19", "20"
				  , "21", "22", "23", "24", "25", "26", "27", "28", "29", "30"
				  , "31", "32", "33", "34", "35", "36", "37", "38", "39", "40"
				  , "41", "42", "43", "44", "45", "46", "47", "48", "49", "50"
				  , "51", "52", "53", "54", "55", "56", "57", "58", "59", "60"))
				, as.character(c("nVmax_shrinkage", "nKm_shrinkage", "nV_shrinkage"))
				)
			))
		, "sigma" = matrix(
			as.numeric(c(0.24037914041905))
			, nrow = 1, ncol = 1
			, dimnames = list(
				as.character(c("CEps"))
				, as.character(c("CEps"))
				)
			)
		, "method" = "FOCE-ELS"
		, "varFix" = matrix(
			as.numeric(c(0.0396307257239531, 0.00048758685151953, -140.202250167067, -44.6722647181937, 0.143569262471989, 0.00977388545384949, 0.00815970064676067, 0.00048758685151953, 0.000441868538105005, -4.06894222643619, -1.09784520223454, 0.00163378871098067, 0.000481039242757929, -0.000343543070667561, -140.202250167067, -4.06894222643619, 669550.144186242, 195556.202018617, -792.135460217651, -49.2684301491423, -10.5679391921122, -44.6722647181937, -1.09784520223454, 195556.202018617, 59774.5933310831, -241.55093190018, -15.3570863214485, -4.38557519641989, 0.143569262471989, 0.00163378871098067, -792.135460217651, -241.55093190018, 8.39190840406018, 0.17859829190483, 0.0506466504201267, 0.00977388545384949, 0.000481039242757929, -49.2684301491423, -15.3570863214485, 0.17859829190483, 0.0125459413135478, -0.00273413568578589, 0.00815970064676067, -0.000343543070667561, -10.5679391921122, -4.38557519641989, 0.0506466504201267, -0.00273413568578589, 0.0113665342866882))
			, nrow = 7, ncol = 7
			, dimnames = list(
				as.character(c("GAMMA", "CMultStdev", "tvVmax", "tvKm", "tvV", "tvKa", "CEps"))
				, as.character(c("GAMMA", "CMultStdev", "tvVmax", "tvKm", "tvV", "tvKa", "CEps"))
				)
			)
		, "omegaSE" = matrix(
			as.numeric(c(0.120203409867335, 0.0319456098009135, 0.115964827201323, 0.0319456098009135, 0.0418002731869999, 0.0340117494990264, 0.115964827201323, 0.0340117494990264, 0.103881808139372))
			, nrow = 3, ncol = 3, byrow = TRUE
			, dimnames = list(
				as.character(c("nVmax", "nKm", "nV"))
				, as.character(c("nVmax", "nKm", "nV"))
				)
			)
		, "Covariance" = matrix(
			as.numeric(c(0.039630726, 0.00048758685, -140.20225, -44.672265, 0.14356926, 0.0097738855, 0.0081597006, -0.018494753, -0.0030693393, 0.0004305958, -0.016816967, -0.00054793939, -0.0089685934, 0.00048758685, 0.00044186854, -4.0689422, -1.0978452, 0.0016337887, 0.00048103924, -0.00034354307, -0.00060420757, 1.1609606e-005, 0.0001163329, -0.00052777588, 8.4931346e-005, -0.00030997519, -140.20225, -4.0689422, 669550.14,  195556.2, -792.13546, -49.26843, -10.567939, 88.800893, 12.043337, -5.0371464, 82.433337, -0.95715369, 49.223559, -44.672265, -1.0978452,  195556.2, 59774.593, -241.55093, -15.357086, -4.3855752,   26.2993,  3.509498, -1.5652947, 24.097494, -0.287394, 13.869137, 0.14356926, 0.0016337887, -792.13546, -241.55093, 8.3919084, 0.17859829, 0.05064665, -0.13011379, 0.0040840539, 0.0094260656, -0.12108208, 0.0059113773, -0.079318099, 0.0097738855, 0.00048103924, -49.26843, -15.357086, 0.17859829, 0.012545941, -0.0027341357, -0.0082489307, -0.00065168705, 0.0013948051, -0.0069443226, 0.00074737564, -0.0033444328, 0.0081597006, -0.00034354307, -10.567939, -4.3855752, 0.05064665, -0.0027341357, 0.011366534, 0.00012438332, -0.00029215279, -0.0021163274, -7.898969e-005, -0.0013759795, -0.00058025996, -0.018494753, -0.00060420757, 88.800893,   26.2993, -0.13011379, -0.0082489307, 0.00012438332, 0.01444886, 0.0013247055, -0.001087642, 0.013426667, -0.00041274741, 0.0086774763, -0.0030693393, 1.1609606e-005, 12.043337,  3.509498, 0.0040840539, -0.00065168705, -0.00029215279, 0.0013247055, 0.001020522, -2.8010173e-005, 0.00093577094, 0.00067630453, 0.00014758905, 0.0004305958, 0.0001163329, -5.0371464, -1.5652947, 0.0094260656, 0.0013948051, -0.0021163274, -0.001087642, -2.8010173e-005, 0.0017472628, -0.0010009611, 0.00043188032, -0.00065646399, -0.016816967, -0.00052777588, 82.433337, 24.097494, -0.12108208, -0.0069443226, -7.898969e-005, 0.013426667, 0.00093577094, -0.0010009611, 0.013447841, -0.00057143958, 0.010033906, -0.00054793939, 8.4931346e-005, -0.95715369, -0.287394, 0.0059113773, 0.00074737564, -0.0013759795, -0.00041274741, 0.00067630453, 0.00043188032, -0.00057143958, 0.0011567991, -0.00084435841, -0.0089685934, -0.00030997519, 49.223559, 13.869137, -0.079318099, -0.0033444328, -0.00058025996, 0.0086774763, 0.00014758905, -0.00065646399, 0.010033906, -0.00084435841, 0.01079143))
			, nrow = 13, ncol = 13
			, dimnames = list(
				as.character(c("GAMMA", "CMultStdev", "tvVmax", "tvKm", "tvV", "tvKa", "stdev0", "nVmax-nVmax", "nKm-nVmax", "nKm-nKm", "nV-nVmax", "nV-nKm", "nV-nV"))
				, as.character(c("GAMMA", "CMultStdev", "tvVmax", "tvKm", "tvV", "tvKa", "stdev0", "nVmax-nVmax", "nKm-nVmax", "nKm-nKm", "nV-nVmax", "nV-nKm", "nV-nV"))
				)
			)
		, "Correlation" = matrix(
			as.numeric(c(0.19907467, 0.11651704, -0.86069131, -0.91783295, 0.2489517, 0.4383284, 0.38445382, -0.77288654, -0.48263377, 0.051745747, -0.72845945, -0.0809259, -0.43367943, 0.11651704, 0.021020669, -0.23656115, -0.21361722, 0.026829896, 0.20430657, -0.1532924, -0.23912382, 0.017288598, 0.13239661, -0.21650938, 0.11879345, -0.14195179, -0.86069131, -0.23656115, 818.26044, 0.97751116, -0.33417775, -0.53755827, -0.1211392, 0.90283626, 0.46072745, -0.14726987, 0.86873044, -0.034392295, 0.57908452, -0.91783295, -0.21361722, 0.97751116, 244.48843, -0.34105156, -0.56078822, -0.16824967, 0.89488883, 0.44934044, -0.1531647, 0.84993808, -0.034561328, 0.54607414, 0.2489517, 0.026829896, -0.33417775, -0.34105156, 2.8968791, 0.5504214, 0.16398583, -0.37365962, 0.044131625, 0.077843252, -0.36043189, 0.059996973, -0.26357392, 0.4383284, 0.20430657, -0.53755827, -0.56078822, 0.5504214, 0.11200867, -0.22895725, -0.61267371, -0.18212782, 0.29790843, -0.53462834, 0.19618163, -0.2874295, 0.38445382, -0.1532924, -0.1211392, -0.16824967, 0.16398583, -0.22895725, 0.10661395, 0.0097057997, -0.085779758, -0.47488636, -0.0063889588, -0.37946259, -0.052392493, -0.77288654, -0.23912382, 0.90283626, 0.89488883, -0.37365962, -0.61267371, 0.0097057997, 0.12020341, 0.34497799, -0.21646619, 0.96321923, -0.1009575, 0.69492374, -0.48263377, 0.017288598, 0.46072745, 0.44934044, 0.044131625, -0.18212782, -0.085779758, 0.34497799, 0.03194561, -0.020976136, 0.25259927, 0.62244666, 0.044473721, 0.051745747, 0.13239661, -0.14726987, -0.1531647, 0.077843252, 0.29790843, -0.47488636, -0.21646619, -0.020976136, 0.041800273, -0.20649608, 0.30377731, -0.15117929, -0.72845945, -0.21650938, 0.86873044, 0.84993808, -0.36043189, -0.53462834, -0.0063889588, 0.96321923, 0.25259927, -0.20649608, 0.11596483, -0.14488221, 0.83292184, -0.0809259, 0.11879345, -0.034392295, -0.034561328, 0.059996973, 0.19618163, -0.37946259, -0.1009575, 0.62244666, 0.30377731, -0.14488221, 0.034011749, -0.23897824, -0.43367943, -0.14195179, 0.57908452, 0.54607414, -0.26357392, -0.2874295, -0.052392493, 0.69492374, 0.044473721, -0.15117929, 0.83292184, -0.23897824, 0.10388181))
			, nrow = 13, ncol = 13
			, dimnames = list(
				as.character(c("GAMMA", "CMultStdev", "tvVmax", "tvKm", "tvV", "tvKa", "stdev0", "nVmax-nVmax", "nKm-nVmax", "nKm-nKm", "nV-nVmax", "nV-nKm", "nV-nV"))
				, as.character(c("GAMMA", "CMultStdev", "tvVmax", "tvKm", "tvV", "tvKa", "stdev0", "nVmax-nVmax", "nKm-nVmax", "nKm-nKm", "nV-nVmax", "nV-nKm", "nV-nV"))
				)
			)
		, "Inverse" = matrix(
			as.numeric(c(492.81475, -29.455948, -0.090472864, 0.49109336, 3.2709926, -40.745065, -342.22422, -364.53272, 841.97116, -65.929137, 854.56439, -566.18852, -378.01533, -29.455948, 2693.0949, 0.067123238, -0.081278925, 2.9651145, -60.394856, 140.45008, 384.59273, -921.93107, -59.324262, -674.08752, 548.75976, 231.24327, -0.090472864, 0.067123238, 6.226643e-005, -0.00021498204, -3.6020995e-005, -0.013890605, 0.049503028, 0.097228008, -0.27890579, -0.01994737, -0.25365396, 0.16411148, 0.090213015, 0.49109336, -0.081278925, -0.00021498204, 0.0010187124, 0.0016152597, 0.04431367, -0.17181832, -0.43368027, 0.66028701, 0.051114736, 0.68565991, -0.3133547, -0.22570786, 3.2709926, 2.9651145, -3.6020995e-005, 0.0016152597, 0.24843815, -4.2523851, -4.1656789, -1.6492197, -2.7711889, -1.9862392, 4.6397286, 0.96329907, -1.8192469, -40.745065, -60.394856, -0.013890605, 0.04431367, -4.2523851,  232.3424, 102.26928, 183.68645, 25.996111, 12.428292, -168.86953, -42.696908, 23.432269, -342.22422, 140.45008, 0.049503028, -0.17181832, -4.1656789, 102.26928, 487.27269, 340.48287, -981.87832,  206.3509, -953.13762, 833.54103, 445.56021, -364.53272, 384.59273, 0.097228008, -0.43368027, -1.6492197, 183.68645, 340.48287, 2847.7788, -1699.2084, 11.268011, -3731.0469, 1085.0414,  1173.116, 841.97116, -921.93107, -0.27890579, 0.66028701, -2.7711889, 25.996111, -981.87832, -1699.2084,  6080.126, 107.95483, 3729.2743, -4206.5129, -1475.1154, -65.929137, -59.324262, -0.01994737, 0.051114736, -1.9862392, 12.428292,  206.3509, 11.268011, 107.95483, 858.42269, -81.439448, -148.20751, 74.954748, 854.56439, -674.08752, -0.25365396, 0.68565991, 4.6397286, -168.86953, -953.13762, -3731.0469, 3729.2743, -81.439448, 6621.8124, -2687.2902, -2525.8717, -566.18852, 548.75976, 0.16411148, -0.3133547, 0.96329907, -42.696908, 833.54103, 1085.0414, -4206.5129, -148.20751, -2687.2902,  4102.834,  1233.727, -378.01533, 231.24327, 0.090213015, -0.22570786, -1.8192469, 23.432269, 445.56021,  1173.116, -1475.1154, 74.954748, -2525.8717,  1233.727, 1208.0964))
			, nrow = 13, ncol = 13
			, dimnames = list(
				as.character(c("GAMMA", "CMultStdev", "tvVmax", "tvKm", "tvV", "tvKa", "stdev0", "nVmax-nVmax", "nKm-nVmax", "nKm-nKm", "nV-nVmax", "nV-nKm", "nV-nV"))
				, as.character(c("GAMMA", "CMultStdev", "tvVmax", "tvKm", "tvV", "tvKa", "stdev0", "nVmax-nVmax", "nKm-nVmax", "nKm-nKm", "nV-nVmax", "nV-nKm", "nV-nV"))
				)
			)
		, "LLTable" = data.frame(
			id = as.character(c( "1", "2", "3", "4", "5", "6", "7", "8", "9", "10", "11", "12", "13", "14", "15", "16", "17", "18", "19", "20", "21", "22", "23", "24", "25", "26", "27", "28", "29", "30", "31", "32", "33", "34", "35", "36", "37", "38", "39", "40", "41", "42", "43", "44", "45", "46", "47", "48", "49", "50", "51", "52", "53", "54", "55", "56", "57", "58", "59", "60"))
			, "LL" = c(-52.518437, -59.149645, -56.963465, -61.181091, -56.077621, -57.638498, -57.018716, -57.375259, -53.786086, -61.767929, -53.517901, -60.907805, -58.353182, -56.01213, -57.005203, -60.744972, -59.230818, -55.10619, -55.894845, -55.345291, -56.074192, -53.867162, -55.313419, -70.443774, -60.667621, -56.014519, -55.495695, -63.218797, -57.245096, -55.471696, -57.580465, -60.569665, -57.66746, -56.630043, -55.013273, -58.141024, -54.673879, -65.547008, -55.136109, -59.095078, -55.117983, -63.247283, -57.154001, -54.850597, -58.861675, -56.602425, -55.75119, -55.471424, -61.008899, -57.665412, -64.278138, -52.28473, -60.814888, -57.694101, -57.149647, -58.930556, -63.693982, -59.376075, -66.536018, -62.500051)
			) # end of LLTable
		, "residuals" = data.frame(
			  ID1 = as.character(c(  "",   "",   "",   "",   "",   "",   "",   "",   "",   "",   "",   "",   "",   "",   "",   "",   "",   "",   "",   "",   "",   "",   "",   "",   "",   "",   "",   "",   "",   "",   "",   "",   "",   "",   "",   "",   "",   "",   "",   "",   "",   "",   "",   "",   "",   "",   "",   "",   "",   "",   "",   "",   "",   "",   "",   "",   "",   "",   "",   "",   "",   "",   "",   "",   "",   "",   "",   "",   "",   "",   "",   "",   "",   "",   "",   "",   "",   "",   "",   "",   "",   "",   "",   "",   "",   "",   "",   "",   "",   "",   "",   "",   "",   "",   "",   "",   "",   "",   "",   "",   "",   "",   "",   "",   "",   "",   "",   "",   "",   "",   "",   "",   "",   "",   "",   "",   "",   "",   "",   "",   "",   "",   "",   "",   "",   "",   "",   "",   "",   "",   "",   "",   "",   "",   "",   "",   "",   "",   "",   "",   "",   "",   "",   "",   "",   "",   "",   "",   "",   "",   "",   "",   "",   "",   "",   "",   "",   "",   "",   "",   "",   "",   "",   "",   "",   "",   "",   "",   "",   "",   "",   "",   "",   "",   "",   "",   "",   "",   "",   "",   "",   "",   "",   "",   "",   "",   "",   "",   "",   "",   "",   "",   "",   "",   "",   "",   "",   "",   "",   "",   "",   "",   "",   "",   "",   "",   "",   "",   "",   "",   "",   "",   "",   "",   "",   "",   "",   "",   "",   "",   "",   "",   "",   "",   "",   "",   "",   "",   "",   "",   "",   "",   "",   "",   "",   "",   "",   "",   "",   "",   "",   "",   "",   "",   "",   "",   "",   "",   "",   "",   "",   "",   "",   "",   "",   "",   "",   "",   "",   "",   "",   "",   "",   "",   "",   "",   "",   "",   "",   "",   "",   "",   "",   "",   "",   "",   "",   "",   "",   "",   "",   "",   "",   "",   "",   "",   "",   "",   "",   "",   "",   "",   "",   "",   "",   "",   "",   "",   "",   "",   "",   "",   "",   "",   "",   "",   "",   "",   "",   "",   "",   "",   "",   "",   "",   "",   "",   "",   "",   "",   "",   "",   "",   "",   "",   "",   "",   "",   "",   "",   "",   "",   "",   "",   "",   "",   "",   "",   "",   "",   "",   "",   "",   "",   "",   "",   "",   "",   "",   "",   "",   "",   "",   "",   "",   "",   "",   "",   "",   "",   "",   "",   "",   "",   "",   "",   "",   "",   "",   "",   "",   "",   "",   "",   "",   "",   "",   "",   "",   "",   "",   "",   "",   "",   "",   "",   "",   "",   "",   "",   "",   "",   "",   "",   "",   "",   "",   "",   "",   "",   "",   "",   "",   "",   "",   "",   "",   "",   "",   "",   "",   "",   "",   "",   "",   "",   "",   "",   "",   "",   "",   "",   "",   "",   "",   "",   "",   "",   "",   "",   "",   "",   "",   "",   "",   "",   "",   "",   "",   "",   "",   "",   "",   "",   "",   "",   "",   "",   "",   "",   "",   "",   "",   "",   "",   "",   "",   "",   "",   "",   "",   "",   "",   "",   "",   "",   "",   "",   "",   "",   "",   "",   "",   "",   "",   "",   "",   "",   "",   ""))
			, ID2 = as.character(c(  "",   "",   "",   "",   "",   "",   "",   "",   "",   "",   "",   "",   "",   "",   "",   "",   "",   "",   "",   "",   "",   "",   "",   "",   "",   "",   "",   "",   "",   "",   "",   "",   "",   "",   "",   "",   "",   "",   "",   "",   "",   "",   "",   "",   "",   "",   "",   "",   "",   "",   "",   "",   "",   "",   "",   "",   "",   "",   "",   "",   "",   "",   "",   "",   "",   "",   "",   "",   "",   "",   "",   "",   "",   "",   "",   "",   "",   "",   "",   "",   "",   "",   "",   "",   "",   "",   "",   "",   "",   "",   "",   "",   "",   "",   "",   "",   "",   "",   "",   "",   "",   "",   "",   "",   "",   "",   "",   "",   "",   "",   "",   "",   "",   "",   "",   "",   "",   "",   "",   "",   "",   "",   "",   "",   "",   "",   "",   "",   "",   "",   "",   "",   "",   "",   "",   "",   "",   "",   "",   "",   "",   "",   "",   "",   "",   "",   "",   "",   "",   "",   "",   "",   "",   "",   "",   "",   "",   "",   "",   "",   "",   "",   "",   "",   "",   "",   "",   "",   "",   "",   "",   "",   "",   "",   "",   "",   "",   "",   "",   "",   "",   "",   "",   "",   "",   "",   "",   "",   "",   "",   "",   "",   "",   "",   "",   "",   "",   "",   "",   "",   "",   "",   "",   "",   "",   "",   "",   "",   "",   "",   "",   "",   "",   "",   "",   "",   "",   "",   "",   "",   "",   "",   "",   "",   "",   "",   "",   "",   "",   "",   "",   "",   "",   "",   "",   "",   "",   "",   "",   "",   "",   "",   "",   "",   "",   "",   "",   "",   "",   "",   "",   "",   "",   "",   "",   "",   "",   "",   "",   "",   "",   "",   "",   "",   "",   "",   "",   "",   "",   "",   "",   "",   "",   "",   "",   "",   "",   "",   "",   "",   "",   "",   "",   "",   "",   "",   "",   "",   "",   "",   "",   "",   "",   "",   "",   "",   "",   "",   "",   "",   "",   "",   "",   "",   "",   "",   "",   "",   "",   "",   "",   "",   "",   "",   "",   "",   "",   "",   "",   "",   "",   "",   "",   "",   "",   "",   "",   "",   "",   "",   "",   "",   "",   "",   "",   "",   "",   "",   "",   "",   "",   "",   "",   "",   "",   "",   "",   "",   "",   "",   "",   "",   "",   "",   "",   "",   "",   "",   "",   "",   "",   "",   "",   "",   "",   "",   "",   "",   "",   "",   "",   "",   "",   "",   "",   "",   "",   "",   "",   "",   "",   "",   "",   "",   "",   "",   "",   "",   "",   "",   "",   "",   "",   "",   "",   "",   "",   "",   "",   "",   "",   "",   "",   "",   "",   "",   "",   "",   "",   "",   "",   "",   "",   "",   "",   "",   "",   "",   "",   "",   "",   "",   "",   "",   "",   "",   "",   "",   "",   "",   "",   "",   "",   "",   "",   "",   "",   "",   "",   "",   "",   "",   "",   "",   "",   "",   "",   "",   "",   "",   "",   "",   "",   "",   "",   "",   "",   "",   "",   "",   "",   "",   "",   "",   "",   "",   "",   "",   "",   "",   "",   "",   "",   "",   "",   "",   "",   "",   "",   ""))
			, ID3 = as.character(c(  "",   "",   "",   "",   "",   "",   "",   "",   "",   "",   "",   "",   "",   "",   "",   "",   "",   "",   "",   "",   "",   "",   "",   "",   "",   "",   "",   "",   "",   "",   "",   "",   "",   "",   "",   "",   "",   "",   "",   "",   "",   "",   "",   "",   "",   "",   "",   "",   "",   "",   "",   "",   "",   "",   "",   "",   "",   "",   "",   "",   "",   "",   "",   "",   "",   "",   "",   "",   "",   "",   "",   "",   "",   "",   "",   "",   "",   "",   "",   "",   "",   "",   "",   "",   "",   "",   "",   "",   "",   "",   "",   "",   "",   "",   "",   "",   "",   "",   "",   "",   "",   "",   "",   "",   "",   "",   "",   "",   "",   "",   "",   "",   "",   "",   "",   "",   "",   "",   "",   "",   "",   "",   "",   "",   "",   "",   "",   "",   "",   "",   "",   "",   "",   "",   "",   "",   "",   "",   "",   "",   "",   "",   "",   "",   "",   "",   "",   "",   "",   "",   "",   "",   "",   "",   "",   "",   "",   "",   "",   "",   "",   "",   "",   "",   "",   "",   "",   "",   "",   "",   "",   "",   "",   "",   "",   "",   "",   "",   "",   "",   "",   "",   "",   "",   "",   "",   "",   "",   "",   "",   "",   "",   "",   "",   "",   "",   "",   "",   "",   "",   "",   "",   "",   "",   "",   "",   "",   "",   "",   "",   "",   "",   "",   "",   "",   "",   "",   "",   "",   "",   "",   "",   "",   "",   "",   "",   "",   "",   "",   "",   "",   "",   "",   "",   "",   "",   "",   "",   "",   "",   "",   "",   "",   "",   "",   "",   "",   "",   "",   "",   "",   "",   "",   "",   "",   "",   "",   "",   "",   "",   "",   "",   "",   "",   "",   "",   "",   "",   "",   "",   "",   "",   "",   "",   "",   "",   "",   "",   "",   "",   "",   "",   "",   "",   "",   "",   "",   "",   "",   "",   "",   "",   "",   "",   "",   "",   "",   "",   "",   "",   "",   "",   "",   "",   "",   "",   "",   "",   "",   "",   "",   "",   "",   "",   "",   "",   "",   "",   "",   "",   "",   "",   "",   "",   "",   "",   "",   "",   "",   "",   "",   "",   "",   "",   "",   "",   "",   "",   "",   "",   "",   "",   "",   "",   "",   "",   "",   "",   "",   "",   "",   "",   "",   "",   "",   "",   "",   "",   "",   "",   "",   "",   "",   "",   "",   "",   "",   "",   "",   "",   "",   "",   "",   "",   "",   "",   "",   "",   "",   "",   "",   "",   "",   "",   "",   "",   "",   "",   "",   "",   "",   "",   "",   "",   "",   "",   "",   "",   "",   "",   "",   "",   "",   "",   "",   "",   "",   "",   "",   "",   "",   "",   "",   "",   "",   "",   "",   "",   "",   "",   "",   "",   "",   "",   "",   "",   "",   "",   "",   "",   "",   "",   "",   "",   "",   "",   "",   "",   "",   "",   "",   "",   "",   "",   "",   "",   "",   "",   "",   "",   "",   "",   "",   "",   "",   "",   "",   "",   "",   "",   "",   "",   "",   "",   "",   "",   "",   "",   "",   "",   "",   "",   "",   "",   "",   "",   "",   "",   "",   ""))
			, ID4 = as.character(c(  "",   "",   "",   "",   "",   "",   "",   "",   "",   "",   "",   "",   "",   "",   "",   "",   "",   "",   "",   "",   "",   "",   "",   "",   "",   "",   "",   "",   "",   "",   "",   "",   "",   "",   "",   "",   "",   "",   "",   "",   "",   "",   "",   "",   "",   "",   "",   "",   "",   "",   "",   "",   "",   "",   "",   "",   "",   "",   "",   "",   "",   "",   "",   "",   "",   "",   "",   "",   "",   "",   "",   "",   "",   "",   "",   "",   "",   "",   "",   "",   "",   "",   "",   "",   "",   "",   "",   "",   "",   "",   "",   "",   "",   "",   "",   "",   "",   "",   "",   "",   "",   "",   "",   "",   "",   "",   "",   "",   "",   "",   "",   "",   "",   "",   "",   "",   "",   "",   "",   "",   "",   "",   "",   "",   "",   "",   "",   "",   "",   "",   "",   "",   "",   "",   "",   "",   "",   "",   "",   "",   "",   "",   "",   "",   "",   "",   "",   "",   "",   "",   "",   "",   "",   "",   "",   "",   "",   "",   "",   "",   "",   "",   "",   "",   "",   "",   "",   "",   "",   "",   "",   "",   "",   "",   "",   "",   "",   "",   "",   "",   "",   "",   "",   "",   "",   "",   "",   "",   "",   "",   "",   "",   "",   "",   "",   "",   "",   "",   "",   "",   "",   "",   "",   "",   "",   "",   "",   "",   "",   "",   "",   "",   "",   "",   "",   "",   "",   "",   "",   "",   "",   "",   "",   "",   "",   "",   "",   "",   "",   "",   "",   "",   "",   "",   "",   "",   "",   "",   "",   "",   "",   "",   "",   "",   "",   "",   "",   "",   "",   "",   "",   "",   "",   "",   "",   "",   "",   "",   "",   "",   "",   "",   "",   "",   "",   "",   "",   "",   "",   "",   "",   "",   "",   "",   "",   "",   "",   "",   "",   "",   "",   "",   "",   "",   "",   "",   "",   "",   "",   "",   "",   "",   "",   "",   "",   "",   "",   "",   "",   "",   "",   "",   "",   "",   "",   "",   "",   "",   "",   "",   "",   "",   "",   "",   "",   "",   "",   "",   "",   "",   "",   "",   "",   "",   "",   "",   "",   "",   "",   "",   "",   "",   "",   "",   "",   "",   "",   "",   "",   "",   "",   "",   "",   "",   "",   "",   "",   "",   "",   "",   "",   "",   "",   "",   "",   "",   "",   "",   "",   "",   "",   "",   "",   "",   "",   "",   "",   "",   "",   "",   "",   "",   "",   "",   "",   "",   "",   "",   "",   "",   "",   "",   "",   "",   "",   "",   "",   "",   "",   "",   "",   "",   "",   "",   "",   "",   "",   "",   "",   "",   "",   "",   "",   "",   "",   "",   "",   "",   "",   "",   "",   "",   "",   "",   "",   "",   "",   "",   "",   "",   "",   "",   "",   "",   "",   "",   "",   "",   "",   "",   "",   "",   "",   "",   "",   "",   "",   "",   "",   "",   "",   "",   "",   "",   "",   "",   "",   "",   "",   "",   "",   "",   "",   "",   "",   "",   "",   "",   "",   "",   "",   "",   "",   "",   "",   "",   "",   "",   "",   "",   "",   "",   "",   "",   "",   "",   "",   "",   "",   ""))
			, ID5 = as.character(c( "1",  "1",  "1",  "1",  "1",  "1",  "1",  "1",  "2",  "2",  "2",  "2",  "2",  "2",  "2",  "2",  "3",  "3",  "3",  "3",  "3",  "3",  "3",  "3",  "4",  "4",  "4",  "4",  "4",  "4",  "4",  "4",  "5",  "5",  "5",  "5",  "5",  "5",  "5",  "5",  "6",  "6",  "6",  "6",  "6",  "6",  "6",  "6",  "7",  "7",  "7",  "7",  "7",  "7",  "7",  "7",  "8",  "8",  "8",  "8",  "8",  "8",  "8",  "8",  "9",  "9",  "9",  "9",  "9",  "9",  "9",  "9", "10", "10", "10", "10", "10", "10", "10", "10", "11", "11", "11", "11", "11", "11", "11", "11", "12", "12", "12", "12", "12", "12", "12", "12", "13", "13", "13", "13", "13", "13", "13", "13", "14", "14", "14", "14", "14", "14", "14", "14", "15", "15", "15", "15", "15", "15", "15", "15", "16", "16", "16", "16", "16", "16", "16", "16", "17", "17", "17", "17", "17", "17", "17", "17", "18", "18", "18", "18", "18", "18", "18", "18", "19", "19", "19", "19", "19", "19", "19", "19", "20", "20", "20", "20", "20", "20", "20", "20", "21", "21", "21", "21", "21", "21", "21", "21", "22", "22", "22", "22", "22", "22", "22", "22", "23", "23", "23", "23", "23", "23", "23", "23", "24", "24", "24", "24", "24", "24", "24", "24", "25", "25", "25", "25", "25", "25", "25", "25", "26", "26", "26", "26", "26", "26", "26", "26", "27", "27", "27", "27", "27", "27", "27", "27", "28", "28", "28", "28", "28", "28", "28", "28", "29", "29", "29", "29", "29", "29", "29", "29", "30", "30", "30", "30", "30", "30", "30", "30", "31", "31", "31", "31", "31", "31", "31", "31", "32", "32", "32", "32", "32", "32", "32", "32", "33", "33", "33", "33", "33", "33", "33", "33", "34", "34", "34", "34", "34", "34", "34", "34", "35", "35", "35", "35", "35", "35", "35", "35", "36", "36", "36", "36", "36", "36", "36", "36", "37", "37", "37", "37", "37", "37", "37", "37", "38", "38", "38", "38", "38", "38", "38", "38", "39", "39", "39", "39", "39", "39", "39", "39", "40", "40", "40", "40", "40", "40", "40", "40", "41", "41", "41", "41", "41", "41", "41", "41", "42", "42", "42", "42", "42", "42", "42", "42", "43", "43", "43", "43", "43", "43", "43", "43", "44", "44", "44", "44", "44", "44", "44", "44", "45", "45", "45", "45", "45", "45", "45", "45", "46", "46", "46", "46", "46", "46", "46", "46", "47", "47", "47", "47", "47", "47", "47", "47", "48", "48", "48", "48", "48", "48", "48", "48", "49", "49", "49", "49", "49", "49", "49", "49", "50", "50", "50", "50", "50", "50", "50", "50", "51", "51", "51", "51", "51", "51", "51", "51", "52", "52", "52", "52", "52", "52", "52", "52", "53", "53", "53", "53", "53", "53", "53", "53", "54", "54", "54", "54", "54", "54", "54", "54", "55", "55", "55", "55", "55", "55", "55", "55", "56", "56", "56", "56", "56", "56", "56", "56", "57", "57", "57", "57", "57", "57", "57", "57", "58", "58", "58", "58", "58", "58", "58", "58", "59", "59", "59", "59", "59", "59", "59", "59", "60", "60", "60", "60", "60", "60", "60", "60"))
			, IVAR = c(0.64, 1.99, 6.43, 12.03, 22.28, 48.91, 80.15, 138.94, 0.51, 2.49, 6.29, 11.18, 25.51, 43.72, 84.69, 123.55, 0.48, 2, 6.04, 11.31, 22.67, 47.36, 103.04, 108, 0.53, 2.07, 6.67, 11.64, 24.9, 49.3, 90.93, 135.41, 0.56, 2.15, 7.03, 12.69, 21.12, 45.33, 84.94, 114.45, 0.47, 2.01, 5.48, 12.19, 22.48, 57.28, 103.13, 131.43, 0.52, 2.37, 5.63, 11.46, 27.7, 44.98, 94.03, 115.38, 0.48, 1.94, 6.3, 11.79, 22.82, 54.9, 93.96, 117.86, 0.5, 2.15, 5.96, 11.95, 22.42, 46.47, 96.58, 113.14, 0.53, 1.72, 6.19, 10.29, 23.29, 45.53, 89.94, 119.32, 0.41, 2.25, 5.08, 11.46, 21.47, 44.53, 118.28, 120.21, 0.44, 1.7, 6.28, 11.98, 23.25, 43.74, 82.73, 107.77, 0.55, 1.88, 5.22, 14.47, 25.04, 46.87, 106.72, 131.12, 0.47, 2.49, 5.85, 10.41, 23.66, 49.01, 120.92, 121.28, 0.52, 1.98, 5.8, 11.96, 25.97, 59.07, 106.39, 135.41, 0.44, 2.21, 6.13, 10.36, 25.28, 47.24, 111.14, 111.15, 0.48, 1.82, 5.89, 12.49, 22.31, 52.16, 85.08, 108.06, 0.58, 1.81, 6.25, 11.55, 25, 56.83, 112.51, 116.09, 0.4, 2.57, 6.41, 12.67, 23.97, 50.51, 94.43, 125.16, 0.48, 1.74, 6.62, 13.97, 23.27, 42.35, 102.37, 119.46, 0.42, 2, 5.63, 11.6, 21.38, 57.48, 92.87, 102.2, 0.51, 2.05, 5.44, 8.99, 22.51, 50.82, 95.43, 118.83, 0.53, 1.78, 6.7, 11.99, 25.76, 53.23, 98.17, 109.91, 0.56, 1.64, 5.68, 11.7, 23.6, 53.16, 97.32, 124.99, 0.5, 1.95, 6.43, 13.46, 18.87, 50.83, 99.67, 115, 0.55, 1.92, 5.83, 13.07, 28.5, 49.31, 92.03, 106.55, 0.48, 1.82, 5.85, 12.48, 22.04, 62.56, 97.51, 134.36, 0.4, 2.15, 5.26, 13.16, 24.97, 46.08, 109.59, 111.87, 0.47, 1.81, 5.61, 13.19, 25.06, 53.08, 92.33, 124.6, 0.51, 1.73, 7.17, 12.16, 25.91, 52.81, 95.52, 116.39, 0.55, 1.8, 7.31, 11.55, 28.32, 55.84, 96.8, 127, 0.45, 2.07, 6.66, 12.12, 22.93, 44.95, 95.66, 133.54, 0.48, 1.98, 5.27, 12.61, 27.35, 55.75, 99.54, 104.15, 0.52, 2.09, 5.79, 12.21, 22.01, 51.37, 92.91, 102.57, 0.48, 2.29, 5.8, 12.91, 26.38, 48.02, 92.68, 113.81, 0.54, 1.8, 6.15, 11.66, 19.14, 41.69, 105.21, 117.73, 0.54, 2.42, 6.95, 12.84, 24.93, 47.08, 112.41, 127.37, 0.44, 1.97, 4.95, 11.77, 18.52, 54.74, 90.09, 114.95, 0.49, 2.13, 6.42, 12.7, 22.66, 41.88, 92.34, 123.38, 0.46, 1.99, 5.34, 11.99, 24.31, 47.3, 94.44, 143.14, 0.54, 2.24, 5.47, 12.2, 26.94, 47.73, 77.59, 124.21, 0.41, 1.84, 6.85, 12.76, 26.77, 49.49, 94.95, 109.41, 0.59, 2.01, 5.59, 13.08, 26.72, 58.02, 90.38, 115.4, 0.48, 1.93, 5.78, 11.65, 27.72, 44.77, 92.34, 128.09, 0.56, 1.85, 5.7, 12.65, 26.57, 46.81, 83.21, 142.37, 0.58, 1.86, 5.96, 10.06, 25.41, 56.4, 81.5, 111, 0.47, 1.87, 4.9, 12.62, 20.59, 47.88, 101.86, 117.65, 0.55, 1.99, 5.62, 12.8, 22.98, 57.31, 95.82, 130.68, 0.51, 1.48, 5.23, 11.5, 24.58, 37.98, 105.69, 112.96, 0.46, 1.71, 5.19, 12.07, 25.25, 38.92, 86.83, 126.6, 0.48, 2.48, 6.8, 12.74, 24.01, 49.36, 89.46, 127.78, 0.58, 2.23, 5.53, 10.21, 23.74, 50.16, 105.18, 109.89, 0.52, 2.05, 6.76, 11.97, 23.16, 42.8, 91.16, 115.73, 0.63, 2.55, 5.9, 10.81, 19.7, 50.54, 86.08, 150.8, 0.46, 2.02, 8.78, 10.74, 24.75, 42.97, 99.4, 109.97, 0.5, 1.94, 5.33, 12.01, 26.5, 56.29, 83.69, 117.04, 0.56, 1.79, 4.66, 10.93, 21.79, 48.23, 92.2, 122.81, 0.48, 2.08, 5.78, 13.52, 22.29, 49.42, 87.87, 122.52, 0.5, 1.69, 5.91, 13.5, 25.69, 48.69, 85.21, 134.88, 0.5, 1.91, 7.07, 11.11, 24.74, 54.56, 101.96, 116.37)
