TABLE NO.     1: First Order Conditional Estimation with Interaction: Problem=1 Subproblem=0 Superproblem1=0 Iteration1=0 Superproblem2=0 Iteration2=0
 NAME         THETA1       THETA2       THETA3       THETA4       THETA5       THETA6       THETA7       THETA8       SIGMA(1,1)   SIGMA(2,1)   SIGMA(2,2)   OMEGA(1,1)   OMEGA(2,1)   OMEGA(2,2)   OMEGA(3,1)   OMEGA(3,2)   OMEGA(3,3)
 THETA1        2.57673E+02  9.99994E-01 -9.99998E-01 -9.99996E-01  9.99998E-01  9.99998E-01  9.99999E-01  9.99998E-01  9.99999E-01  0.00000E+00 -9.99991E-01  1.00000E+00  1.00000E+00  1.00000E+00 -9.99968E-01 -9.99964E-01 -9.99359E-01
 THETA2        9.99994E-01  3.23525E+01 -9.99986E-01 -9.99982E-01  9.99986E-01  9.99985E-01  9.99996E-01  9.99985E-01  9.99994E-01  0.00000E+00 -9.99972E-01  9.99994E-01  9.99994E-01  9.99994E-01 -9.99955E-01 -9.99949E-01 -9.99390E-01
 THETA3       -9.99998E-01 -9.99986E-01  1.00531E+02  1.00000E+00 -1.00000E+00 -1.00000E+00 -9.99996E-01 -1.00000E+00 -9.99998E-01  0.00000E+00  9.99996E-01 -9.99998E-01 -9.99998E-01 -9.99998E-01  9.99971E-01  9.99967E-01  9.99335E-01
 THETA4       -9.99996E-01 -9.99982E-01  1.00000E+00  2.63695E+01 -1.00000E+00 -1.00000E+00 -9.99994E-01 -1.00000E+00 -9.99996E-01  0.00000E+00  9.99998E-01 -9.99996E-01 -9.99996E-01 -9.99996E-01  9.99971E-01  9.99967E-01  9.99326E-01
 THETA5        9.99998E-01  9.99986E-01 -1.00000E+00 -1.00000E+00  9.94554E-01  1.00000E+00  9.99996E-01  1.00000E+00  9.99998E-01  0.00000E+00 -9.99997E-01  9.99998E-01  9.99998E-01  9.99998E-01 -9.99971E-01 -9.99967E-01 -9.99334E-01
 THETA6        9.99998E-01  9.99985E-01 -1.00000E+00 -1.00000E+00  1.00000E+00  1.31284E+00  9.99996E-01  1.00000E+00  9.99997E-01  0.00000E+00 -9.99997E-01  9.99998E-01  9.99998E-01  9.99998E-01 -9.99971E-01 -9.99967E-01 -9.99332E-01
 THETA7        9.99999E-01  9.99996E-01 -9.99996E-01 -9.99994E-01  9.99996E-01  9.99996E-01  8.56190E-03  9.99996E-01  9.99999E-01  0.00000E+00 -9.99988E-01  1.00000E+00  1.00000E+00  1.00000E+00 -9.99969E-01 -9.99964E-01 -9.99354E-01
 THETA8        9.99998E-01  9.99985E-01 -1.00000E+00 -1.00000E+00  1.00000E+00  1.00000E+00  9.99996E-01  2.90410E-02  9.99997E-01  0.00000E+00 -9.99997E-01  9.99998E-01  9.99998E-01  9.99998E-01 -9.99971E-01 -9.99967E-01 -9.99333E-01
 SIGMA(1,1)    9.99999E-01  9.99994E-01 -9.99998E-01 -9.99996E-01  9.99998E-01  9.99997E-01  9.99999E-01  9.99997E-01  2.25715E+02  0.00000E+00 -9.99991E-01  1.00000E+00  1.00000E+00  1.00000E+00 -9.99971E-01 -9.99967E-01 -9.99346E-01
 SIGMA(2,1)    0.00000E+00  0.00000E+00  0.00000E+00  0.00000E+00  0.00000E+00  0.00000E+00  0.00000E+00  0.00000E+00  0.00000E+00  0.00000E+00  0.00000E+00  0.00000E+00  0.00000E+00  0.00000E+00  0.00000E+00  0.00000E+00  0.00000E+00
 SIGMA(2,2)   -9.99991E-01 -9.99972E-01  9.99996E-01  9.99998E-01 -9.99997E-01 -9.99997E-01 -9.99988E-01 -9.99997E-01 -9.99991E-01  0.00000E+00  8.92036E-02 -9.99991E-01 -9.99991E-01 -9.99991E-01  9.99977E-01  9.99974E-01  9.99268E-01
 OMEGA(1,1)    1.00000E+00  9.99994E-01 -9.99998E-01 -9.99996E-01  9.99998E-01  9.99998E-01  1.00000E+00  9.99998E-01  1.00000E+00  0.00000E+00 -9.99991E-01  4.54333E+01  1.00000E+00  1.00000E+00 -9.99971E-01 -9.99967E-01 -9.99347E-01
 OMEGA(2,1)    1.00000E+00  9.99994E-01 -9.99998E-01 -9.99996E-01  9.99998E-01  9.99998E-01  1.00000E+00  9.99998E-01  1.00000E+00  0.00000E+00 -9.99991E-01  1.00000E+00  6.78584E+01  1.00000E+00 -9.99971E-01 -9.99967E-01 -9.99347E-01
 OMEGA(2,2)    1.00000E+00  9.99994E-01 -9.99998E-01 -9.99996E-01  9.99998E-01  9.99998E-01  1.00000E+00  9.99998E-01  1.00000E+00  0.00000E+00 -9.99991E-01  1.00000E+00  1.00000E+00  1.01268E+02 -9.99971E-01 -9.99967E-01 -9.99346E-01
 OMEGA(3,1)   -9.99968E-01 -9.99955E-01  9.99971E-01  9.99971E-01 -9.99971E-01 -9.99971E-01 -9.99969E-01 -9.99971E-01 -9.99971E-01  0.00000E+00  9.99977E-01 -9.99971E-01 -9.99971E-01 -9.99971E-01  2.58574E+00  1.00000E+00  9.99043E-01
 OMEGA(3,2)   -9.99964E-01 -9.99949E-01  9.99967E-01  9.99967E-01 -9.99967E-01 -9.99967E-01 -9.99964E-01 -9.99967E-01 -9.99967E-01  0.00000E+00  9.99974E-01 -9.99967E-01 -9.99967E-01 -9.99967E-01  1.00000E+00  3.76231E+00  9.99019E-01
 OMEGA(3,3)   -9.99359E-01 -9.99390E-01  9.99335E-01  9.99326E-01 -9.99334E-01 -9.99332E-01 -9.99354E-01 -9.99333E-01 -9.99346E-01  0.00000E+00  9.99268E-01 -9.99347E-01 -9.99347E-01 -9.99346E-01  9.99043E-01  9.99019E-01  1.31985E+00
