TABLE NO.     1: First Order Conditional Estimation with Interaction: Problem=1 Subproblem=0 Superproblem1=0 Iteration1=0 Superproblem2=0 Iteration2=0
 NAME         THETA1       THETA2       THETA3       THETA4       THETA5       THETA6       THETA7       THETA8       SIGMA(1,1)   SIGMA(2,1)   SIGMA(2,2)   OMEGA(1,1)   OMEGA(2,1)   OMEGA(2,2)   OMEGA(3,1)   OMEGA(3,2)   OMEGA(3,3)
 THETA1        5.98335E+11 -5.74559E+11 -3.72932E+15 -4.67825E+15 -1.14072E+17 -2.92498E+17  3.10901E+17 -1.24547E+17  1.09382E+06  0.00000E+00  3.75901E+09 -2.02415E+16  2.63091E+16 -8.54778E+15 -9.49638E+13  7.29031E+13  6.94624E+12
 THETA2       -5.74559E+11  5.77936E+11  3.49479E+15  4.55607E+15  8.88357E+16  2.91183E+17 -2.86524E+17  1.18086E+17 -1.58330E+06  0.00000E+00 -1.38597E+10  3.22385E+16 -4.19021E+16  1.36138E+16  1.51588E+14 -1.16380E+14 -1.10928E+13
 THETA3       -3.72932E+15  3.49479E+15  2.35286E+19  2.89488E+19  7.79204E+20  1.78913E+21 -1.97741E+21  7.81266E+20 -5.06302E+09  0.00000E+00  1.02129E+13  8.41737E+19 -1.09406E+20  3.55460E+19  3.93795E+17 -3.02290E+17 -2.87892E+16
 THETA4       -4.67825E+15  4.55607E+15  2.89488E+19  3.67331E+19  8.41576E+20  2.31204E+21 -2.40164E+21  9.70133E+20 -9.84543E+09  0.00000E+00 -5.41166E+13  1.89094E+20 -2.45777E+20  7.98521E+19  8.87946E+17 -6.81688E+17 -6.49611E+16
 THETA5       -1.14072E+17  8.88357E+16  7.79204E+20  8.41576E+20  3.81043E+22  4.76220E+22 -6.87720E+22  2.49399E+22  2.12034E+11  0.00000E+00  7.34026E+15 -6.19353E+21  8.04996E+21 -2.61536E+21 -2.93216E+19  2.25157E+19  2.14844E+18
 THETA6       -2.92498E+17  2.91183E+17  1.78913E+21  2.31204E+21  4.76220E+22  1.47043E+23 -1.47257E+23  6.02907E+22 -7.44016E+11  0.00000E+00 -5.84393E+15  1.48924E+22 -1.93565E+22  6.28885E+21  6.99993E+19 -5.37408E+19 -5.12200E+18
 THETA7        3.10901E+17 -2.86524E+17 -1.97741E+21 -2.40164E+21 -6.87720E+22 -1.47257E+23  1.67064E+23 -6.54102E+22  3.24065E+11  0.00000E+00 -2.72918E+15 -4.67456E+21  6.07588E+21 -1.97407E+21 -2.17768E+19  1.67146E+19  1.59075E+18
 THETA8       -1.24547E+17  1.18086E+17  7.81266E+20  9.70133E+20  2.49399E+22  6.02907E+22 -6.54102E+22  2.60127E+22 -1.96927E+11  0.00000E+00 -1.92126E+14  3.47665E+21 -4.51882E+21  1.46816E+21  1.62913E+19 -1.25063E+19 -1.19138E+18
 SIGMA(1,1)    1.09382E+06 -1.58330E+06 -5.06302E+09 -9.84543E+09  2.12034E+11 -7.44016E+11  3.24065E+11 -1.96927E+11  1.85576E+02  0.00000E+00  2.70540E+06 -3.62510E+12  4.71166E+12 -1.53078E+12 -1.71806E+10  1.31933E+10  1.25924E+09
 SIGMA(2,1)    0.00000E+00  0.00000E+00  0.00000E+00  0.00000E+00  0.00000E+00  0.00000E+00  0.00000E+00  0.00000E+00  0.00000E+00  0.00000E+00  0.00000E+00  0.00000E+00  0.00000E+00  0.00000E+00  0.00000E+00  0.00000E+00  0.00000E+00
 SIGMA(2,2)    3.75901E+09 -1.38597E+10  1.02129E+13 -5.41166E+13  7.34026E+15 -5.84393E+15 -2.72918E+15 -1.92126E+14  2.70540E+06  0.00000E+00  1.62820E+11 -2.18195E+17  2.83595E+17 -9.21373E+16 -1.03458E+15  7.94478E+14  7.58329E+13
 OMEGA(1,1)   -2.02415E+16  3.22385E+16  8.41737E+19  1.89094E+20 -6.19353E+21  1.48924E+22 -4.67456E+21  3.47665E+21 -3.62510E+12  0.00000E+00 -2.18195E+17  2.95368E+23 -3.83899E+23  1.24725E+23  1.40067E+21 -1.07561E+21 -1.02669E+20
 OMEGA(2,1)    2.63091E+16 -4.19021E+16 -1.09406E+20 -2.45777E+20  8.04996E+21 -1.93565E+22  6.07588E+21 -4.51882E+21  4.71166E+12  0.00000E+00  2.83595E+17 -3.83899E+23  4.98967E+23 -1.62110E+23 -1.82049E+21  1.39801E+21  1.33442E+20
 OMEGA(2,2)   -8.54778E+15  1.36138E+16  3.55460E+19  7.98521E+19 -2.61536E+21  6.28885E+21 -1.97407E+21  1.46816E+21 -1.53078E+12  0.00000E+00 -9.21373E+16  1.24725E+23 -1.62110E+23  5.26679E+22  5.91461E+20 -4.54199E+20 -4.33540E+19
 OMEGA(3,1)   -9.49638E+13  1.51588E+14  3.93795E+17  8.87946E+17 -2.93216E+19  6.99993E+19 -2.17768E+19  1.62913E+19 -1.71806E+10  0.00000E+00 -1.03458E+15  1.40067E+21 -1.82049E+21  5.91461E+20  6.64216E+18 -5.10069E+18 -4.86870E+17
 OMEGA(3,2)    7.29031E+13 -1.16380E+14 -3.02290E+17 -6.81688E+17  2.25157E+19 -5.37408E+19  1.67146E+19 -1.25063E+19  1.31933E+10  0.00000E+00  7.94478E+14 -1.07561E+21  1.39801E+21 -4.54199E+20 -5.10069E+18  3.91696E+18  3.73880E+17
 OMEGA(3,3)    6.94624E+12 -1.10928E+13 -2.87892E+16 -6.49611E+16  2.14844E+18 -5.12200E+18  1.59075E+18 -1.19138E+18  1.25924E+09  0.00000E+00  7.58329E+13 -1.02669E+20  1.33442E+20 -4.33540E+19 -4.86870E+17  3.73880E+17  3.56875E+16
