TABLE NO.     1: First Order Conditional Estimation with Interaction: Problem=1 Subproblem=0 Superproblem1=0 Iteration1=0 Superproblem2=0 Iteration2=0
 NAME         THETA1       THETA2       THETA3       THETA4       THETA5       THETA6       THETA7       THETA8       SIGMA(1,1)   SIGMA(2,1)   SIGMA(2,2)   OMEGA(1,1)   OMEGA(2,1)   OMEGA(2,2)   OMEGA(3,1)   OMEGA(3,2)   OMEGA(3,3)
 THETA1        6.63953E+04  8.33631E+03 -2.59039E+04 -6.79469E+03  2.56269E+02  3.38282E+02  2.20617E+00  7.48306E+00  5.81605E+04  0.00000E+00 -2.29851E+01  1.17069E+04  1.74853E+04  2.60940E+04 -6.66253E+02 -9.69411E+02 -3.39871E+02
 THETA2        8.33631E+03  1.04668E+03 -3.25237E+03 -8.53104E+02  3.21758E+01  4.24729E+01  2.76998E-01  9.39535E-01  7.30239E+03  0.00000E+00 -2.88588E+00  1.46987E+03  2.19537E+03  3.27625E+03 -8.36512E+01 -1.21714E+02 -4.26743E+01
 THETA3       -2.59039E+04 -3.25237E+03  1.01064E+04  2.65094E+03 -9.99830E+01 -1.31980E+02 -8.60729E-01 -2.91951E+00 -2.26912E+04  0.00000E+00  8.96765E+00 -4.56742E+03 -6.82182E+03 -1.01805E+04  2.59938E+02  3.78215E+02  1.32597E+02
 THETA4       -6.79469E+03 -8.53104E+02  2.65094E+03  6.95353E+02 -2.62259E+01 -3.46189E+01 -2.25772E-01 -7.65798E-01 -5.95197E+03  0.00000E+00  2.35225E+00 -1.19805E+03 -1.78939E+03 -2.67038E+03  6.81827E+01  9.92072E+01  3.47803E+01
 THETA5        2.56269E+02  3.21758E+01 -9.99830E+01 -2.62259E+01  9.89137E-01  1.30569E+00  8.51523E-03  2.88829E-02  2.24485E+02  0.00000E+00 -8.87174E-02  4.51858E+01  6.74887E+01  1.00716E+02 -2.57158E+00 -3.74170E+00 -1.31178E+00
 THETA6        3.38282E+02  4.24729E+01 -1.31980E+02 -3.46189E+01  1.30569E+00  1.72354E+00  1.12403E-02  3.81261E-02  2.96326E+02  0.00000E+00 -1.17109E-01  5.96464E+01  8.90868E+01  1.32948E+02 -3.39455E+00 -4.93915E+00 -1.73159E+00
 THETA7        2.20617E+00  2.76998E-01 -8.60729E-01 -2.25772E-01  8.51523E-03  1.12403E-02  7.33061E-05  2.48645E-04  1.93254E+00  0.00000E+00 -7.63742E-04  3.88995E-01  5.80996E-01  8.67047E-01 -2.21381E-02 -3.22114E-02 -1.12931E-02
 THETA8        7.48306E+00  9.39535E-01 -2.91951E+00 -7.65798E-01  2.88829E-02  3.81261E-02  2.48645E-04  8.43380E-04  6.55497E+00  0.00000E+00 -2.59055E-03  1.31943E+00  1.97067E+00  2.94092E+00 -7.50902E-02 -1.09258E-01 -3.83041E-02
 SIGMA(1,1)    5.81605E+04  7.30239E+03 -2.26912E+04 -5.95197E+03  2.24485E+02  2.96326E+02  1.93254E+00  6.55497E+00  5.09471E+04  0.00000E+00 -2.01344E+01  1.02550E+04  1.53166E+04  2.28577E+04 -5.83622E+02 -8.49181E+02 -2.97714E+02
 SIGMA(2,1)    0.00000E+00  0.00000E+00  0.00000E+00  0.00000E+00  0.00000E+00  0.00000E+00  0.00000E+00  0.00000E+00  0.00000E+00  0.00000E+00  0.00000E+00  0.00000E+00  0.00000E+00  0.00000E+00  0.00000E+00  0.00000E+00  0.00000E+00
 SIGMA(2,2)   -2.29851E+01 -2.88588E+00  8.96765E+00  2.35225E+00 -8.87174E-02 -1.17109E-01 -7.63742E-04 -2.59055E-03 -2.01344E+01  0.00000E+00  7.95727E-03 -4.05278E+00 -6.05315E+00 -9.03340E+00  2.30652E-01  3.35603E-01  1.17649E-01
 OMEGA(1,1)    1.17069E+04  1.46987E+03 -4.56742E+03 -1.19805E+03  4.51858E+01  5.96464E+01  3.88995E-01  1.31943E+00  1.02550E+04  0.00000E+00 -4.05278E+00  2.06418E+03  3.08303E+03  4.60094E+03 -1.17475E+02 -1.70929E+02 -5.99258E+01
 OMEGA(2,1)    1.74853E+04  2.19537E+03 -6.82182E+03 -1.78939E+03  6.74887E+01  8.90868E+01  5.80996E-01  1.97067E+00  1.53166E+04  0.00000E+00 -6.05315E+00  3.08303E+03  4.60476E+03  6.87189E+03 -1.75459E+02 -2.55296E+02 -8.95041E+01
 OMEGA(2,2)    2.60940E+04  3.27625E+03 -1.01805E+04 -2.67038E+03  1.00716E+02  1.32948E+02  8.67047E-01  2.94092E+00  2.28577E+04  0.00000E+00 -9.03340E+00  4.60094E+03  6.87189E+03  1.02552E+04 -2.61845E+02 -3.80990E+02 -1.33571E+02
 OMEGA(3,1)   -6.66253E+02 -8.36512E+01  2.59938E+02  6.81827E+01 -2.57158E+00 -3.39455E+00 -2.21381E-02 -7.50902E-02 -5.83622E+02  0.00000E+00  2.30652E-01 -1.17475E+02 -1.75459E+02 -2.61845E+02  6.68603E+00  9.72835E+00  3.40951E+00
 OMEGA(3,2)   -9.69411E+02 -1.21714E+02  3.78215E+02  9.92072E+01 -3.74170E+00 -4.93915E+00 -3.22114E-02 -1.09258E-01 -8.49181E+02  0.00000E+00  3.35603E-01 -1.70929E+02 -2.55296E+02 -3.80990E+02  9.72835E+00  1.41550E+01  4.96081E+00
 OMEGA(3,3)   -3.39871E+02 -4.26743E+01  1.32597E+02  3.47803E+01 -1.31178E+00 -1.73159E+00 -1.12931E-02 -3.83041E-02 -2.97714E+02  0.00000E+00  1.17649E-01 -5.99258E+01 -8.95041E+01 -1.33571E+02  3.40951E+00  4.96081E+00  1.74200E+00
