TABLE NO.     1: First Order Conditional Estimation with Interaction: Problem=1 Subproblem=0 Superproblem1=0 Iteration1=0 Superproblem2=0 Iteration2=0
 NAME         THETA1       THETA2       THETA3       THETA4       THETA5       THETA6       THETA7       SIGMA(1,1)   SIGMA(2,1)   SIGMA(2,2)   OMEGA(1,1)   OMEGA(2,1)   OMEGA(2,2)   OMEGA(3,1)   OMEGA(3,2)   OMEGA(3,3)   OMEGA(4,1)   OMEGA(4,2)   OMEGA(4,3)   OMEGA(4,4)
 THETA1        8.05170E-05 -1.38478E-04  6.32182E-03 -1.28695E-01  1.21349E-02  5.20751E-02 -1.07832E-01  5.93248E-05  0.00000E+00  2.94662E-02 -4.10332E-02  0.00000E+00 -1.13928E-02  0.00000E+00  0.00000E+00 -1.15340E-01  0.00000E+00  0.00000E+00  0.00000E+00  2.13955E-02
 THETA2       -1.38478E-04  1.03484E-03  1.93043E-03  2.15074E-01  1.10131E-01  5.73859E-02 -2.26637E-01 -5.14446E-05  0.00000E+00 -1.21676E-01  1.16820E-01  0.00000E+00  1.25475E-01  0.00000E+00  0.00000E+00 -1.19414E-01  0.00000E+00  0.00000E+00  0.00000E+00  8.41673E-02
 THETA3        6.32182E-03  1.93043E-03  1.69703E+00 -3.20624E+01  2.57695E+00  1.53574E+01 -3.03141E+01 -2.07559E-03  0.00000E+00 -5.68765E+00  9.00585E-01  0.00000E+00 -2.62330E+00  0.00000E+00  0.00000E+00 -1.68369E+01  0.00000E+00  0.00000E+00  0.00000E+00  1.69360E-01
 THETA4       -1.28695E-01  2.15074E-01 -3.20624E+01  1.27283E+03 -1.45063E+01 -1.94439E+02  1.14002E+02  2.42666E-02  0.00000E+00  4.25963E+02  5.37758E+01  0.00000E+00  6.55740E+00  0.00000E+00  0.00000E+00  1.59548E+02  0.00000E+00  0.00000E+00  0.00000E+00  1.46738E+02
 THETA5        1.21349E-02  1.10131E-01  2.57695E+00 -1.45063E+01  4.16628E+01  2.47609E+01 -7.02091E+01  1.26939E-01  0.00000E+00  6.15582E+00  2.20037E+01  0.00000E+00 -1.48134E+00  0.00000E+00  0.00000E+00 -3.18560E+01  0.00000E+00  0.00000E+00  0.00000E+00  9.56223E+00
 THETA6        5.20751E-02  5.73859E-02  1.53574E+01 -1.94439E+02  2.47609E+01  1.58367E+02 -3.41560E+02 -6.83091E-02  0.00000E+00  8.10531E+00  2.10643E+01  0.00000E+00 -2.97601E+01  0.00000E+00  0.00000E+00 -1.87316E+02  0.00000E+00  0.00000E+00  0.00000E+00  3.90605E+01
 THETA7       -1.07832E-01 -2.26637E-01 -3.03141E+01  1.14002E+02 -7.02091E+01 -3.41560E+02  8.64573E+02  8.91787E-02  0.00000E+00 -1.47756E+02 -7.59001E+01  0.00000E+00  7.41373E+01  0.00000E+00  0.00000E+00  4.27383E+02  0.00000E+00  0.00000E+00  0.00000E+00 -1.37438E+02
 SIGMA(1,1)    5.93248E-05 -5.14446E-05 -2.07559E-03  2.42666E-02  1.26939E-01 -6.83091E-02  8.91787E-02  6.13153E-03  0.00000E+00  5.31843E-01  3.30544E-01  0.00000E+00  6.39579E-02  0.00000E+00  0.00000E+00  3.30185E-01  0.00000E+00  0.00000E+00  0.00000E+00 -1.02700E-01
 SIGMA(2,1)    0.00000E+00  0.00000E+00  0.00000E+00  0.00000E+00  0.00000E+00  0.00000E+00  0.00000E+00  0.00000E+00  0.00000E+00  0.00000E+00  0.00000E+00  0.00000E+00  0.00000E+00  0.00000E+00  0.00000E+00  0.00000E+00  0.00000E+00  0.00000E+00  0.00000E+00  0.00000E+00
 SIGMA(2,2)    2.94662E-02 -1.21676E-01 -5.68765E+00  4.25963E+02  6.15582E+00  8.10531E+00 -1.47756E+02  5.31843E-01  0.00000E+00  5.73140E+03  1.57605E+01  0.00000E+00  1.15218E+01  0.00000E+00  0.00000E+00  2.12118E+02  0.00000E+00  0.00000E+00  0.00000E+00  5.07306E+02
 OMEGA(1,1)   -4.10332E-02  1.16820E-01  9.00585E-01  5.37758E+01  2.20037E+01  2.10643E+01 -7.59001E+01  3.30544E-01  0.00000E+00  1.57605E+01  4.78581E+02  0.00000E+00  3.74727E+01  0.00000E+00  0.00000E+00  1.02954E+01  0.00000E+00  0.00000E+00  0.00000E+00  3.15324E+01
 OMEGA(2,1)    0.00000E+00  0.00000E+00  0.00000E+00  0.00000E+00  0.00000E+00  0.00000E+00  0.00000E+00  0.00000E+00  0.00000E+00  0.00000E+00  0.00000E+00  0.00000E+00  0.00000E+00  0.00000E+00  0.00000E+00  0.00000E+00  0.00000E+00  0.00000E+00  0.00000E+00  0.00000E+00
 OMEGA(2,2)   -1.13928E-02  1.25475E-01 -2.62330E+00  6.55740E+00 -1.48134E+00 -2.97601E+01  7.41373E+01  6.39579E-02  0.00000E+00  1.15218E+01  3.74727E+01  0.00000E+00  1.93853E+02  0.00000E+00  0.00000E+00  7.85785E+00  0.00000E+00  0.00000E+00  0.00000E+00  3.71980E+01
 OMEGA(3,1)    0.00000E+00  0.00000E+00  0.00000E+00  0.00000E+00  0.00000E+00  0.00000E+00  0.00000E+00  0.00000E+00  0.00000E+00  0.00000E+00  0.00000E+00  0.00000E+00  0.00000E+00  0.00000E+00  0.00000E+00  0.00000E+00  0.00000E+00  0.00000E+00  0.00000E+00  0.00000E+00
 OMEGA(3,2)    0.00000E+00  0.00000E+00  0.00000E+00  0.00000E+00  0.00000E+00  0.00000E+00  0.00000E+00  0.00000E+00  0.00000E+00  0.00000E+00  0.00000E+00  0.00000E+00  0.00000E+00  0.00000E+00  0.00000E+00  0.00000E+00  0.00000E+00  0.00000E+00  0.00000E+00  0.00000E+00
 OMEGA(3,3)   -1.15340E-01 -1.19414E-01 -1.68369E+01  1.59548E+02 -3.18560E+01 -1.87316E+02  4.27383E+02  3.30185E-01  0.00000E+00  2.12118E+02  1.02954E+01  0.00000E+00  7.85785E+00  0.00000E+00  0.00000E+00  1.42265E+03  0.00000E+00  0.00000E+00  0.00000E+00 -2.14990E+02
 OMEGA(4,1)    0.00000E+00  0.00000E+00  0.00000E+00  0.00000E+00  0.00000E+00  0.00000E+00  0.00000E+00  0.00000E+00  0.00000E+00  0.00000E+00  0.00000E+00  0.00000E+00  0.00000E+00  0.00000E+00  0.00000E+00  0.00000E+00  0.00000E+00  0.00000E+00  0.00000E+00  0.00000E+00
 OMEGA(4,2)    0.00000E+00  0.00000E+00  0.00000E+00  0.00000E+00  0.00000E+00  0.00000E+00  0.00000E+00  0.00000E+00  0.00000E+00  0.00000E+00  0.00000E+00  0.00000E+00  0.00000E+00  0.00000E+00  0.00000E+00  0.00000E+00  0.00000E+00  0.00000E+00  0.00000E+00  0.00000E+00
 OMEGA(4,3)    0.00000E+00  0.00000E+00  0.00000E+00  0.00000E+00  0.00000E+00  0.00000E+00  0.00000E+00  0.00000E+00  0.00000E+00  0.00000E+00  0.00000E+00  0.00000E+00  0.00000E+00  0.00000E+00  0.00000E+00  0.00000E+00  0.00000E+00  0.00000E+00  0.00000E+00  0.00000E+00
 OMEGA(4,4)    2.13955E-02  8.41673E-02  1.69360E-01  1.46738E+02  9.56223E+00  3.90605E+01 -1.37438E+02 -1.02700E-01  0.00000E+00  5.07306E+02  3.15324E+01  0.00000E+00  3.71980E+01  0.00000E+00  0.00000E+00 -2.14990E+02  0.00000E+00  0.00000E+00  0.00000E+00  2.80058E+02
