TABLE NO.     1: First Order Conditional Estimation with Interaction: Problem=1 Subproblem=0 Superproblem1=0 Iteration1=0 Superproblem2=0 Iteration2=0
 NAME         THETA1       THETA2       THETA3       THETA4       THETA5       THETA6       THETA7       SIGMA(1,1)   SIGMA(2,1)   SIGMA(2,2)   OMEGA(1,1)   OMEGA(2,1)   OMEGA(2,2)   OMEGA(3,1)   OMEGA(3,2)   OMEGA(3,3)   OMEGA(4,1)   OMEGA(4,2)   OMEGA(4,3)   OMEGA(4,4)
 THETA1        8.06375E-05 -1.38672E-04  6.32608E-03 -1.28878E-01  1.22952E-02  5.21065E-02 -1.07660E-01  5.84901E-05  0.00000E+00  2.79913E-02 -4.12798E-02  0.00000E+00 -1.13878E-02  0.00000E+00  0.00000E+00 -1.12797E-01  0.00000E+00  0.00000E+00  0.00000E+00  2.19630E-02
 THETA2       -1.38672E-04  1.03678E-03  1.94569E-03  2.14070E-01  1.09633E-01  5.89495E-02 -2.27268E-01 -5.56188E-05  0.00000E+00 -1.25921E-01  1.16955E-01  0.00000E+00  1.25061E-01  0.00000E+00  0.00000E+00 -1.25928E-01  0.00000E+00  0.00000E+00  0.00000E+00  8.34019E-02
 THETA3        6.32608E-03  1.94569E-03  1.69542E+00 -3.20355E+01  2.56800E+00  1.53646E+01 -3.02576E+01 -2.46347E-03  0.00000E+00 -6.67015E+00  9.44318E-01  0.00000E+00 -2.58488E+00  0.00000E+00  0.00000E+00 -1.67321E+01  0.00000E+00  0.00000E+00  0.00000E+00  1.64350E-01
 THETA4       -1.28878E-01  2.14070E-01 -3.20355E+01  1.27269E+03 -1.43162E+01 -1.94603E+02  1.13188E+02  4.10292E-02  0.00000E+00  4.47629E+02  5.35628E+01  0.00000E+00  6.07800E+00  0.00000E+00  0.00000E+00  1.60574E+02  0.00000E+00  0.00000E+00  0.00000E+00  1.47081E+02
 THETA5        1.22952E-02  1.09633E-01  2.56800E+00 -1.43162E+01  4.17138E+01  2.48691E+01 -7.01969E+01  1.23611E-01  0.00000E+00  9.88432E+00  2.06265E+01  0.00000E+00 -2.03543E+00  0.00000E+00  0.00000E+00 -2.89046E+01  0.00000E+00  0.00000E+00  0.00000E+00  1.06159E+01
 THETA6        5.21065E-02  5.89495E-02  1.53646E+01 -1.94603E+02  2.48691E+01  1.58326E+02 -3.41586E+02 -6.25298E-02  0.00000E+00 -1.27043E+01  2.26928E+01  0.00000E+00 -2.88526E+01  0.00000E+00  0.00000E+00 -1.87118E+02  0.00000E+00  0.00000E+00  0.00000E+00  3.84122E+01
 THETA7       -1.07660E-01 -2.27268E-01 -3.02576E+01  1.13188E+02 -7.01969E+01 -3.41586E+02  8.62584E+02  6.99661E-02  0.00000E+00 -1.28848E+02 -7.83998E+01  0.00000E+00  7.28094E+01  0.00000E+00  0.00000E+00  4.23302E+02  0.00000E+00  0.00000E+00  0.00000E+00 -1.36985E+02
 SIGMA(1,1)    5.84901E-05 -5.56188E-05 -2.46347E-03  4.10292E-02  1.23611E-01 -6.25298E-02  6.99661E-02  5.63276E-03  0.00000E+00  5.61378E-01  2.37660E-01  0.00000E+00  2.80300E-02  0.00000E+00  0.00000E+00  4.96443E-01  0.00000E+00  0.00000E+00  0.00000E+00 -1.93829E-02
 SIGMA(2,1)    0.00000E+00  0.00000E+00  0.00000E+00  0.00000E+00  0.00000E+00  0.00000E+00  0.00000E+00  0.00000E+00  0.00000E+00  0.00000E+00  0.00000E+00  0.00000E+00  0.00000E+00  0.00000E+00  0.00000E+00  0.00000E+00  0.00000E+00  0.00000E+00  0.00000E+00  0.00000E+00
 SIGMA(2,2)    2.79913E-02 -1.25921E-01 -6.67015E+00  4.47629E+02  9.88432E+00 -1.27043E+01 -1.28848E+02  5.61378E-01  0.00000E+00  5.61157E+03  1.86891E+01  0.00000E+00  2.74951E+01  0.00000E+00  0.00000E+00  3.32273E+02  0.00000E+00  0.00000E+00  0.00000E+00  5.17591E+02
 OMEGA(1,1)   -4.12798E-02  1.16955E-01  9.44318E-01  5.35628E+01  2.06265E+01  2.26928E+01 -7.83998E+01  2.37660E-01  0.00000E+00  1.86891E+01  4.71586E+02  0.00000E+00  3.50248E+01  0.00000E+00  0.00000E+00  1.21192E+01  0.00000E+00  0.00000E+00  0.00000E+00  3.54333E+01
 OMEGA(2,1)    0.00000E+00  0.00000E+00  0.00000E+00  0.00000E+00  0.00000E+00  0.00000E+00  0.00000E+00  0.00000E+00  0.00000E+00  0.00000E+00  0.00000E+00  0.00000E+00  0.00000E+00  0.00000E+00  0.00000E+00  0.00000E+00  0.00000E+00  0.00000E+00  0.00000E+00  0.00000E+00
 OMEGA(2,2)   -1.13878E-02  1.25061E-01 -2.58488E+00  6.07800E+00 -2.03543E+00 -2.88526E+01  7.28094E+01  2.80300E-02  0.00000E+00  2.74951E+01  3.50248E+01  0.00000E+00  1.92562E+02  0.00000E+00  0.00000E+00  5.87107E+00  0.00000E+00  0.00000E+00  0.00000E+00  3.83977E+01
 OMEGA(3,1)    0.00000E+00  0.00000E+00  0.00000E+00  0.00000E+00  0.00000E+00  0.00000E+00  0.00000E+00  0.00000E+00  0.00000E+00  0.00000E+00  0.00000E+00  0.00000E+00  0.00000E+00  0.00000E+00  0.00000E+00  0.00000E+00  0.00000E+00  0.00000E+00  0.00000E+00  0.00000E+00
 OMEGA(3,2)    0.00000E+00  0.00000E+00  0.00000E+00  0.00000E+00  0.00000E+00  0.00000E+00  0.00000E+00  0.00000E+00  0.00000E+00  0.00000E+00  0.00000E+00  0.00000E+00  0.00000E+00  0.00000E+00  0.00000E+00  0.00000E+00  0.00000E+00  0.00000E+00  0.00000E+00  0.00000E+00
 OMEGA(3,3)   -1.12797E-01 -1.25928E-01 -1.67321E+01  1.60574E+02 -2.89046E+01 -1.87118E+02  4.23302E+02  4.96443E-01  0.00000E+00  3.32273E+02  1.21192E+01  0.00000E+00  5.87107E+00  0.00000E+00  0.00000E+00  1.43962E+03  0.00000E+00  0.00000E+00  0.00000E+00 -2.09786E+02
 OMEGA(4,1)    0.00000E+00  0.00000E+00  0.00000E+00  0.00000E+00  0.00000E+00  0.00000E+00  0.00000E+00  0.00000E+00  0.00000E+00  0.00000E+00  0.00000E+00  0.00000E+00  0.00000E+00  0.00000E+00  0.00000E+00  0.00000E+00  0.00000E+00  0.00000E+00  0.00000E+00  0.00000E+00
 OMEGA(4,2)    0.00000E+00  0.00000E+00  0.00000E+00  0.00000E+00  0.00000E+00  0.00000E+00  0.00000E+00  0.00000E+00  0.00000E+00  0.00000E+00  0.00000E+00  0.00000E+00  0.00000E+00  0.00000E+00  0.00000E+00  0.00000E+00  0.00000E+00  0.00000E+00  0.00000E+00  0.00000E+00
 OMEGA(4,3)    0.00000E+00  0.00000E+00  0.00000E+00  0.00000E+00  0.00000E+00  0.00000E+00  0.00000E+00  0.00000E+00  0.00000E+00  0.00000E+00  0.00000E+00  0.00000E+00  0.00000E+00  0.00000E+00  0.00000E+00  0.00000E+00  0.00000E+00  0.00000E+00  0.00000E+00  0.00000E+00
 OMEGA(4,4)    2.19630E-02  8.34019E-02  1.64350E-01  1.47081E+02  1.06159E+01  3.84122E+01 -1.36985E+02 -1.93829E-02  0.00000E+00  5.17591E+02  3.54333E+01  0.00000E+00  3.83977E+01  0.00000E+00  0.00000E+00 -2.09786E+02  0.00000E+00  0.00000E+00  0.00000E+00  2.79628E+02
