TABLE NO.     1: First Order Conditional Estimation with Interaction: Problem=1 Subproblem=0 Superproblem1=0 Iteration1=0 Superproblem2=0 Iteration2=0
 NAME         THETA1       THETA2       THETA3       THETA4       THETA5       THETA6       THETA7       SIGMA(1,1)   SIGMA(2,1)   SIGMA(2,2)   OMEGA(1,1)   OMEGA(2,1)   OMEGA(2,2)   OMEGA(3,1)   OMEGA(3,2)   OMEGA(3,3)   OMEGA(4,1)   OMEGA(4,2)   OMEGA(4,3)   OMEGA(4,4)
 THETA1        3.48970E+02  8.97381E-01  4.53373E-01  5.00571E-01 -7.75644E-01  1.16943E-02  5.48323E-01 -1.16323E-01  0.00000E+00  2.04728E-03  6.15630E-01  0.00000E+00 -6.34115E-01  0.00000E+00  0.00000E+00  4.47420E-01  0.00000E+00  0.00000E+00  0.00000E+00  2.50215E-01
 THETA2        8.97381E-01  1.08320E+02  5.82395E-01  6.07105E-01 -8.67960E-01 -1.40654E-01  6.45421E-01 -7.71186E-02  0.00000E+00 -5.05681E-03  5.87910E-01  0.00000E+00 -7.37423E-01  0.00000E+00  0.00000E+00  4.31035E-01  0.00000E+00  0.00000E+00  0.00000E+00  3.89121E-01
 THETA3        4.53373E-01  5.82395E-01  2.61419E+01  9.91432E-01 -5.33829E-01 -5.33586E-01  9.68381E-01 -2.90520E-01  0.00000E+00 -2.03424E-01  5.18040E-01  0.00000E+00 -5.65664E-01  0.00000E+00  0.00000E+00  3.49988E-01  0.00000E+00  0.00000E+00  0.00000E+00  8.28000E-01
 THETA4        5.00571E-01  6.07105E-01  9.91432E-01  5.36668E-01 -5.42754E-01 -4.31782E-01  9.88004E-01 -2.84639E-01  0.00000E+00 -1.97463E-01  5.34654E-01  0.00000E+00 -5.71816E-01  0.00000E+00  0.00000E+00  3.60385E-01  0.00000E+00  0.00000E+00  0.00000E+00  7.98175E-01
 THETA5       -7.75644E-01 -8.67960E-01 -5.33829E-01 -5.42754E-01  3.61511E-01  2.27392E-01 -5.54155E-01 -3.49071E-02  0.00000E+00  3.18830E-02 -5.42760E-01  0.00000E+00  6.39905E-01  0.00000E+00  0.00000E+00 -3.72669E-01  0.00000E+00  0.00000E+00  0.00000E+00 -3.72833E-01
 THETA6        1.16943E-02 -1.40654E-01 -5.33586E-01 -4.31782E-01  2.27392E-01  5.54548E-01 -3.14001E-01  2.11439E-01  0.00000E+00  1.43027E-01 -1.65688E-01  0.00000E+00  2.24479E-01  0.00000E+00  0.00000E+00 -7.43782E-02  0.00000E+00  0.00000E+00  0.00000E+00 -5.26337E-01
 THETA7        5.48323E-01  6.45421E-01  9.68381E-01  9.88004E-01 -5.54155E-01 -3.14001E-01  7.96694E-01 -2.68680E-01  0.00000E+00 -1.80643E-01  5.55620E-01  0.00000E+00 -5.98569E-01  0.00000E+00  0.00000E+00  3.71783E-01  0.00000E+00  0.00000E+00  0.00000E+00  7.78255E-01
 SIGMA(1,1)   -1.16323E-01 -7.71186E-02 -2.90520E-01 -2.84639E-01 -3.49071E-02  2.11439E-01 -2.68680E-01  1.47749E+01  0.00000E+00 -3.87474E-02 -2.70830E-01  0.00000E+00  7.79451E-02  0.00000E+00  0.00000E+00 -1.30142E-01  0.00000E+00  0.00000E+00  0.00000E+00 -1.87050E-01
 SIGMA(2,1)    0.00000E+00  0.00000E+00  0.00000E+00  0.00000E+00  0.00000E+00  0.00000E+00  0.00000E+00  0.00000E+00  0.00000E+00  0.00000E+00  0.00000E+00  0.00000E+00  0.00000E+00  0.00000E+00  0.00000E+00  0.00000E+00  0.00000E+00  0.00000E+00  0.00000E+00  0.00000E+00
 SIGMA(2,2)    2.04728E-03 -5.05681E-03 -2.03424E-01 -1.97463E-01  3.18830E-02  1.43027E-01 -1.80643E-01 -3.87474E-02  0.00000E+00  1.55509E-02 -2.47657E-02  0.00000E+00  9.07069E-02  0.00000E+00  0.00000E+00 -2.32981E-01  0.00000E+00  0.00000E+00  0.00000E+00 -4.10017E-01
 OMEGA(1,1)    6.15630E-01  5.87910E-01  5.18040E-01  5.34654E-01 -5.42760E-01 -1.65688E-01  5.55620E-01 -2.70830E-01  0.00000E+00 -2.47657E-02  6.47357E-02  0.00000E+00 -5.23738E-01  0.00000E+00  0.00000E+00  2.76833E-01  0.00000E+00  0.00000E+00  0.00000E+00  3.48314E-01
 OMEGA(2,1)    0.00000E+00  0.00000E+00  0.00000E+00  0.00000E+00  0.00000E+00  0.00000E+00  0.00000E+00  0.00000E+00  0.00000E+00  0.00000E+00  0.00000E+00  0.00000E+00  0.00000E+00  0.00000E+00  0.00000E+00  0.00000E+00  0.00000E+00  0.00000E+00  0.00000E+00  0.00000E+00
 OMEGA(2,2)   -6.34115E-01 -7.37423E-01 -5.65664E-01 -5.71816E-01  6.39905E-01  2.24479E-01 -5.98569E-01  7.79451E-02  0.00000E+00  9.07069E-02 -5.23738E-01  0.00000E+00  1.16759E-01  0.00000E+00  0.00000E+00 -3.41293E-01  0.00000E+00  0.00000E+00  0.00000E+00 -4.97194E-01
 OMEGA(3,1)    0.00000E+00  0.00000E+00  0.00000E+00  0.00000E+00  0.00000E+00  0.00000E+00  0.00000E+00  0.00000E+00  0.00000E+00  0.00000E+00  0.00000E+00  0.00000E+00  0.00000E+00  0.00000E+00  0.00000E+00  0.00000E+00  0.00000E+00  0.00000E+00  0.00000E+00  0.00000E+00
 OMEGA(3,2)    0.00000E+00  0.00000E+00  0.00000E+00  0.00000E+00  0.00000E+00  0.00000E+00  0.00000E+00  0.00000E+00  0.00000E+00  0.00000E+00  0.00000E+00  0.00000E+00  0.00000E+00  0.00000E+00  0.00000E+00  0.00000E+00  0.00000E+00  0.00000E+00  0.00000E+00  0.00000E+00
 OMEGA(3,3)    4.47420E-01  4.31035E-01  3.49988E-01  3.60385E-01 -3.72669E-01 -7.43782E-02  3.71783E-01 -1.30142E-01  0.00000E+00 -2.32981E-01  2.76833E-01  0.00000E+00 -3.41293E-01  0.00000E+00  0.00000E+00  3.55511E-02  0.00000E+00  0.00000E+00  0.00000E+00  4.10775E-01
 OMEGA(4,1)    0.00000E+00  0.00000E+00  0.00000E+00  0.00000E+00  0.00000E+00  0.00000E+00  0.00000E+00  0.00000E+00  0.00000E+00  0.00000E+00  0.00000E+00  0.00000E+00  0.00000E+00  0.00000E+00  0.00000E+00  0.00000E+00  0.00000E+00  0.00000E+00  0.00000E+00  0.00000E+00
 OMEGA(4,2)    0.00000E+00  0.00000E+00  0.00000E+00  0.00000E+00  0.00000E+00  0.00000E+00  0.00000E+00  0.00000E+00  0.00000E+00  0.00000E+00  0.00000E+00  0.00000E+00  0.00000E+00  0.00000E+00  0.00000E+00  0.00000E+00  0.00000E+00  0.00000E+00  0.00000E+00  0.00000E+00
 OMEGA(4,3)    0.00000E+00  0.00000E+00  0.00000E+00  0.00000E+00  0.00000E+00  0.00000E+00  0.00000E+00  0.00000E+00  0.00000E+00  0.00000E+00  0.00000E+00  0.00000E+00  0.00000E+00  0.00000E+00  0.00000E+00  0.00000E+00  0.00000E+00  0.00000E+00  0.00000E+00  0.00000E+00
 OMEGA(4,4)    2.50215E-01  3.89121E-01  8.28000E-01  7.98175E-01 -3.72833E-01 -5.26337E-01  7.78255E-01 -1.87050E-01  0.00000E+00 -4.10017E-01  3.48314E-01  0.00000E+00 -4.97194E-01  0.00000E+00  0.00000E+00  4.10775E-01  0.00000E+00  0.00000E+00  0.00000E+00  1.44375E-01
