TABLE NO.     1: First Order Conditional Estimation with Interaction: Problem=1 Subproblem=0 Superproblem1=0 Iteration1=0 Superproblem2=0 Iteration2=0
 NAME         THETA1       THETA2       THETA3       THETA4       THETA5       THETA6       THETA7       SIGMA(1,1)   SIGMA(2,1)   SIGMA(2,2)   OMEGA(1,1)   OMEGA(2,1)   OMEGA(2,2)   OMEGA(3,1)   OMEGA(3,2)   OMEGA(3,3)   OMEGA(4,1)   OMEGA(4,2)   OMEGA(4,3)   OMEGA(4,4)
 THETA1        3.52741E+02  8.99113E-01  4.65547E-01  5.15458E-01 -7.79222E-01  4.06521E-02  5.64052E-01 -7.31161E-02  0.00000E+00 -1.94729E-02  6.19408E-01  0.00000E+00 -6.40176E-01  0.00000E+00  0.00000E+00  4.50084E-01  0.00000E+00  0.00000E+00  0.00000E+00  2.53730E-01
 THETA2        8.99113E-01  1.09699E+02  5.95622E-01  6.21656E-01 -8.70507E-01 -1.11664E-01  6.59302E-01 -3.01011E-02  0.00000E+00 -3.89652E-02  5.93061E-01  0.00000E+00 -7.41093E-01  0.00000E+00  0.00000E+00  4.35334E-01  0.00000E+00  0.00000E+00  0.00000E+00  3.92157E-01
 THETA3        4.65547E-01  5.95622E-01  2.56176E+01  9.90417E-01 -5.47034E-01 -4.85477E-01  9.64517E-01 -2.13450E-01  0.00000E+00 -2.87623E-01  5.19882E-01  0.00000E+00 -5.68012E-01  0.00000E+00  0.00000E+00  3.71924E-01  0.00000E+00  0.00000E+00  0.00000E+00  8.25669E-01
 THETA4        5.15458E-01  6.21656E-01  9.90417E-01  5.28541E-01 -5.56218E-01 -3.73375E-01  9.86950E-01 -2.03972E-01  0.00000E+00 -2.72245E-01  5.37419E-01  0.00000E+00 -5.75057E-01  0.00000E+00  0.00000E+00  3.81205E-01  0.00000E+00  0.00000E+00  0.00000E+00  7.92145E-01
 THETA5       -7.79222E-01 -8.70507E-01 -5.47034E-01 -5.56218E-01  3.65236E-01  2.05581E-01 -5.66105E-01 -8.03855E-02  0.00000E+00  6.35535E-02 -5.49525E-01  0.00000E+00  6.43349E-01  0.00000E+00  0.00000E+00 -3.74488E-01  0.00000E+00  0.00000E+00  0.00000E+00 -3.74482E-01
 THETA6        4.06521E-02 -1.11664E-01 -4.85477E-01 -3.73375E-01  2.05581E-01  5.65265E-01 -2.45618E-01  1.75910E-01  0.00000E+00  2.35164E-01 -1.35492E-01  0.00000E+00  1.91301E-01  0.00000E+00  0.00000E+00 -7.80537E-02  0.00000E+00  0.00000E+00  0.00000E+00 -5.03489E-01
 THETA7        5.64052E-01  6.59302E-01  9.64517E-01  9.86950E-01 -5.66105E-01 -2.45618E-01  7.91458E-01 -1.87565E-01  0.00000E+00 -2.42927E-01  5.58175E-01  0.00000E+00 -6.01576E-01  0.00000E+00  0.00000E+00  3.89750E-01  0.00000E+00  0.00000E+00  0.00000E+00  7.66886E-01
 SIGMA(1,1)   -7.31161E-02 -3.01011E-02 -2.13450E-01 -2.03972E-01 -8.03855E-02  1.75910E-01 -1.87565E-01  1.50126E+01  0.00000E+00  2.37674E-02 -1.90614E-01  0.00000E+00  5.85205E-02  0.00000E+00  0.00000E+00 -1.91158E-01  0.00000E+00  0.00000E+00  0.00000E+00 -1.83002E-01
 SIGMA(2,1)    0.00000E+00  0.00000E+00  0.00000E+00  0.00000E+00  0.00000E+00  0.00000E+00  0.00000E+00  0.00000E+00  0.00000E+00  0.00000E+00  0.00000E+00  0.00000E+00  0.00000E+00  0.00000E+00  0.00000E+00  0.00000E+00  0.00000E+00  0.00000E+00  0.00000E+00  0.00000E+00
 SIGMA(2,2)   -1.94729E-02 -3.89652E-02 -2.87623E-01 -2.72245E-01  6.35535E-02  2.35164E-01 -2.42927E-01  2.37674E-02  0.00000E+00  1.64420E-02 -6.25667E-02  0.00000E+00  1.17081E-01  0.00000E+00  0.00000E+00 -2.91065E-01  0.00000E+00  0.00000E+00  0.00000E+00 -4.89921E-01
 OMEGA(1,1)    6.19408E-01  5.93061E-01  5.19882E-01  5.37419E-01 -5.49525E-01 -1.35492E-01  5.58175E-01 -1.90614E-01  0.00000E+00 -6.25667E-02  6.47346E-02  0.00000E+00 -5.27053E-01  0.00000E+00  0.00000E+00  2.85240E-01  0.00000E+00  0.00000E+00  0.00000E+00  3.47471E-01
 OMEGA(2,1)    0.00000E+00  0.00000E+00  0.00000E+00  0.00000E+00  0.00000E+00  0.00000E+00  0.00000E+00  0.00000E+00  0.00000E+00  0.00000E+00  0.00000E+00  0.00000E+00  0.00000E+00  0.00000E+00  0.00000E+00  0.00000E+00  0.00000E+00  0.00000E+00  0.00000E+00  0.00000E+00
 OMEGA(2,2)   -6.40176E-01 -7.41093E-01 -5.68012E-01 -5.75057E-01  6.43349E-01  1.91301E-01 -6.01576E-01  5.85205E-02  0.00000E+00  1.17081E-01 -5.27053E-01  0.00000E+00  1.17157E-01  0.00000E+00  0.00000E+00 -3.47681E-01  0.00000E+00  0.00000E+00  0.00000E+00 -4.90873E-01
 OMEGA(3,1)    0.00000E+00  0.00000E+00  0.00000E+00  0.00000E+00  0.00000E+00  0.00000E+00  0.00000E+00  0.00000E+00  0.00000E+00  0.00000E+00  0.00000E+00  0.00000E+00  0.00000E+00  0.00000E+00  0.00000E+00  0.00000E+00  0.00000E+00  0.00000E+00  0.00000E+00  0.00000E+00
 OMEGA(3,2)    0.00000E+00  0.00000E+00  0.00000E+00  0.00000E+00  0.00000E+00  0.00000E+00  0.00000E+00  0.00000E+00  0.00000E+00  0.00000E+00  0.00000E+00  0.00000E+00  0.00000E+00  0.00000E+00  0.00000E+00  0.00000E+00  0.00000E+00  0.00000E+00  0.00000E+00  0.00000E+00
 OMEGA(3,3)    4.50084E-01  4.35334E-01  3.71924E-01  3.81205E-01 -3.74488E-01 -7.80537E-02  3.89750E-01 -1.91158E-01  0.00000E+00 -2.91065E-01  2.85240E-01  0.00000E+00 -3.47681E-01  0.00000E+00  0.00000E+00  3.61958E-02  0.00000E+00  0.00000E+00  0.00000E+00  4.34603E-01
 OMEGA(4,1)    0.00000E+00  0.00000E+00  0.00000E+00  0.00000E+00  0.00000E+00  0.00000E+00  0.00000E+00  0.00000E+00  0.00000E+00  0.00000E+00  0.00000E+00  0.00000E+00  0.00000E+00  0.00000E+00  0.00000E+00  0.00000E+00  0.00000E+00  0.00000E+00  0.00000E+00  0.00000E+00
 OMEGA(4,2)    0.00000E+00  0.00000E+00  0.00000E+00  0.00000E+00  0.00000E+00  0.00000E+00  0.00000E+00  0.00000E+00  0.00000E+00  0.00000E+00  0.00000E+00  0.00000E+00  0.00000E+00  0.00000E+00  0.00000E+00  0.00000E+00  0.00000E+00  0.00000E+00  0.00000E+00  0.00000E+00
 OMEGA(4,3)    0.00000E+00  0.00000E+00  0.00000E+00  0.00000E+00  0.00000E+00  0.00000E+00  0.00000E+00  0.00000E+00  0.00000E+00  0.00000E+00  0.00000E+00  0.00000E+00  0.00000E+00  0.00000E+00  0.00000E+00  0.00000E+00  0.00000E+00  0.00000E+00  0.00000E+00  0.00000E+00
 OMEGA(4,4)    2.53730E-01  3.92157E-01  8.25669E-01  7.92145E-01 -3.74482E-01 -5.03489E-01  7.66886E-01 -1.83002E-01  0.00000E+00 -4.89921E-01  3.47471E-01  0.00000E+00 -4.90873E-01  0.00000E+00  0.00000E+00  4.34603E-01  0.00000E+00  0.00000E+00  0.00000E+00  1.45294E-01
