dmp.txt <- structure(
	.Data = list(
		"coefficients" = list(
			"fixed" = c("GAMMA" = 2.19950201107792, "CMultStdev" = 0.490343029218104, "tvVmax" = 2717.67126132888, "tvKm" = 579.554297853793, "tvV" = 3.66280675768991, "tvKa" = 0.105381228080439, "K12" = 1.77993743535068, "K21" = 0.146693322835926, "CEps" = 0.544461252716535)
			, "random" = list("Subject" = matrix(
				as.numeric(c(
					 0.112781067189916,  0.259326025367824,  -0.0878566135315459
					,  -0.107466070910555,  -0.232242484701977,  0.0630369404815697
					,  0.149948688562335,  0.365323838780477,  -0.0754276573615795
					,  0.408650016782844,  -0.00191425662899111,  0.191379332020908
					,  -0.156092019896649,  0.289591973502557,  -0.684384129448513
					,  0.297997177772895,  -0.758696184105841,  0.276836265924063
					,  -0.493707510414916,  0.262917469004081,  0.433217724831069
					,  0.270142991271584,  0.00434029568036448,  0.207650922242932
					,  0.566417437885606,  0.0576608339708292,  0.181387085301773
					,  -0.425681857164713,  -0.539272023445392,  0.275740157006452
					,  -0.499716552820546,  0.382652304250042,  -0.793193995128472
					,  0.0194806519138577,  0.0806495957782032,  0.419418741295883
					,  -0.174424031037828,  -0.912132780280439,  0.593168090077441
					,  0.705524244893791,  -0.291047672511676,  -0.632900805734259
					,  -0.189016446110411,  0.156115406013096,  0.414473946342847
					,  0.164288862641579,  -0.0260593611904167,  0.113910402311025
					,  0.398964198113343,  0.241200911925144,  -0.581922548865673
					,  0.0834622270544051,  -0.309651224481172,  -0.859123098192808
					,  -0.220764594758987,  0.233226226581058,  0.747551601116052
					,  -0.131407047989301,  -0.787687605953718,  0.446747533656491
					))
				, nrow = 60, ncol = 1
				, dimnames = list(
					as.character(c( "1", "2", "3", "4", "5", "6", "7", "8", "9", "10"
					  , "11", "12", "13", "14", "15", "16", "17", "18", "19", "20"
					  , "21", "22", "23", "24", "25", "26", "27", "28", "29", "30"
					  , "31", "32", "33", "34", "35", "36", "37", "38", "39", "40"
					  , "41", "42", "43", "44", "45", "46", "47", "48", "49", "50"
					  , "51", "52", "53", "54", "55", "56", "57", "58", "59", "60"))
					, as.character(c("nVmax"))
					)
				))
			)
		, "logLik" = c(-3381.94)
		, "nObs" = c(480)
		, "nSubj" = c(60)
		, "nParm" = c(10)
		, "returnCode" = c(0)
		, "omega" = matrix(
			as.numeric(c(0.209277631522131))
			, nrow = 1, ncol = 1
			, dimnames = list(
				as.character(c("nVmax"))
				, as.character(c("nVmax"))
				)
			)
		, "eta" = matrix(
			as.numeric(c(-0.00161012308536734, 0.165596818862474, 0.406935890359248, 0.110461828594616))
			, nrow = 1, ncol = 4
			, dimnames = list(
				as.character(c("nVmax"))
				, as.character(c("mean", "var", "sd", "shrinkage"))
				)
			)
		, "eta_shrinkage" = list("Subject" = matrix(
			as.numeric(c(
				 0.185762397359323,  0.18844021439585,  0.181866826183677
				,  0.178161254702084,  0.176659395989463,  0.189101796394517
				,  0.183246575722957,  0.195497521906967,  0.181503320296916
				,  0.199105269455393,  0.189251673678576,  0.185837809146608
				,  0.177248199832238,  0.195424762804856,  0.164197629861171
				,  0.194041062207906,  0.165062305701968,  0.192751415166795
				,  0.17021405848613,  0.186536573403855,  0.199896702955937
				,  0.197766739314304,  0.179162346473913,  0.190889456472665
				,  0.202153523563492,  0.176022525742557,  0.192070340366947
				,  0.174874442989621,  0.166066728479096,  0.188861878891161
				,  0.16339357983173,  0.194330325683885,  0.159052888435978
				,  0.183363343662398,  0.179301178251129,  0.198728675655666
				,  0.178083619781346,  0.169304033951113,  0.203286291805708
				,  0.213254561393413,  0.167611546391622,  0.1652482604771
				,  0.170857492619609,  0.184166918688314,  0.19591824599868
				,  0.187805723813162,  0.187193071952272,  0.187538531530089
				,  0.197972314202164,  0.188372205953856,  0.170276454129027
				,  0.18746387520364,  0.176985917021602,  0.181464303875612
				,  0.175720571215715,  0.188745769736682,  0.217253570243731
				,  0.178428441147209,  0.174547263586527,  0.198508131003877
				))
			, nrow = 60, ncol = 1
			, dimnames = list(
				as.character(c( "1", "2", "3", "4", "5", "6", "7", "8", "9", "10"
				  , "11", "12", "13", "14", "15", "16", "17", "18", "19", "20"
				  , "21", "22", "23", "24", "25", "26", "27", "28", "29", "30"
				  , "31", "32", "33", "34", "35", "36", "37", "38", "39", "40"
				  , "41", "42", "43", "44", "45", "46", "47", "48", "49", "50"
				  , "51", "52", "53", "54", "55", "56", "57", "58", "59", "60"))
				, as.character(c("nVmax_shrinkage"))
				)
			))
		, "sigma" = matrix(
			as.numeric(c(0.296438055709659))
			, nrow = 1, ncol = 1
			, dimnames = list(
				as.character(c("CEps"))
				, as.character(c("CEps"))
				)
			)
		, "method" = "FOCE-ELS"
		, "varFix" = matrix(
			as.numeric(c(0.0625367249999504, 0.0013874145447278, -86.4289369029626, -23.3537953145755, -0.170229395385414, -0.00313703440435672, 0.04268258771224, -0.000908825338741542, 0.0267833686396819, 0.0013874145447278, 0.000385480549132449, -1.32706277298109, -0.298427272201296, -0.00157137948094172, -3.71520064137782e-005, 0.000179520037010781, 4.38461575267987e-005, 0.00109140863217109, -86.4289369029626, -1.32706277298109, 452749.222858342, 93503.9237821586, 83.8473879185765, -0.460527327275514, -104.374247202288, 5.18444725283401, -90.2808108252636, -23.3537953145755, -0.298427272201296, 93503.9237821586, 20711.4499488765, 29.665174558454, 0.0716132351440263, -25.6194596112932, 0.933229586720362, -16.2556262284775, -0.170229395385414, -0.00157137948094172, 83.8473879185765, 29.665174558454, 2.41517838771649, 0.0506296677436348, -0.304620636000639, 0.0399235876424879, -0.130641260927339, -0.00313703440435672, -3.71520064137782e-005, -0.460527327275514, 0.0716132351440263, 0.0506296677436348, 0.00118262909134525, -0.00320390420703924, 0.000953094173405605, -0.00300763940951675, 0.04268258771224, 0.000179520037010781, -104.374247202288, -25.6194596112932, -0.304620636000639, -0.00320390420703924, 0.14294385951452, -0.000703429115911407, 0.0174511047970636, -0.000908825338741542, 4.38461575267987e-005, 5.18444725283401, 0.933229586720362, 0.0399235876424879, 0.000953094173405605, -0.000703429115911407, 0.00124276105662721, -0.00257194775674424, 0.0267833686396819, 0.00109140863217109, -90.2808108252636, -16.2556262284775, -0.130641260927339, -0.00300763940951675, 0.0174511047970636, -0.00257194775674424, 5.50764664568763))
			, nrow = 9, ncol = 9
			, dimnames = list(
				as.character(c("GAMMA", "CMultStdev", "tvVmax", "tvKm", "tvV", "tvKa", "K12", "K21", "CEps"))
				, as.character(c("GAMMA", "CMultStdev", "tvVmax", "tvKm", "tvV", "tvKa", "K12", "K21", "CEps"))
				)
			)
		, "omegaSE" = matrix(
			as.numeric(c(0.0372540255059564))
			, nrow = 1, ncol = 1, byrow = TRUE
			, dimnames = list(
				as.character(c("nVmax"))
				, as.character(c("nVmax"))
				)
			)
		, "Covariance" = matrix(
			as.numeric(c(0.062536725, 0.0013874145, -86.428937, -23.353795, -0.1702294, -0.0031370344, 0.042682588, -0.00090882534, 0.026783369, -0.0025143537, 0.0013874145, 0.00038548055, -1.3270628, -0.29842727, -0.0015713795, -3.7152006e-005, 0.00017952004, 4.3846158e-005, 0.0010914086, 0.00014012744, -86.428937, -1.3270628, 452749.22, 93503.924, 83.847388, -0.46052733, -104.37425, 5.1844473, -90.280811, 8.2020475, -23.353795, -0.29842727, 93503.924,  20711.45, 29.665175, 0.071613235, -25.61946, 0.93322959, -16.255626, 2.2057605, -0.1702294, -0.0015713795, 83.847388, 29.665175, 2.4151784, 0.050629668, -0.30462064, 0.039923588, -0.13064126, 0.011083394, -0.0031370344, -3.7152006e-005, -0.46052733, 0.071613235, 0.050629668, 0.0011826291, -0.0032039042, 0.00095309417, -0.0030076394, 0.00012987318, 0.042682588, 0.00017952004, -104.37425, -25.61946, -0.30462064, -0.0032039042, 0.14294386, -0.00070342912, 0.017451105, -0.005089767, -0.00090882534, 4.3846158e-005, 5.1844473, 0.93322959, 0.039923588, 0.00095309417, -0.00070342912, 0.0012427611, -0.0025719478, 0.00017344701, 0.026783369, 0.0010914086, -90.280811, -16.255626, -0.13064126, -0.0030076394, 0.017451105, -0.0025719478, 5.5076466, -0.010244878, -0.0025143537, 0.00014012744, 8.2020475, 2.2057605, 0.011083394, 0.00012987318, -0.005089767, 0.00017344701, -0.010244878, 0.0013878624))
			, nrow = 10, ncol = 10
			, dimnames = list(
				as.character(c("GAMMA", "CMultStdev", "tvVmax", "tvKm", "tvV", "tvKa", "K12", "K21", "stdev0", "nVmax-nVmax"))
				, as.character(c("GAMMA", "CMultStdev", "tvVmax", "tvKm", "tvV", "tvKa", "K12", "K21", "stdev0", "nVmax-nVmax"))
				)
			)
		, "Correlation" = matrix(
			as.numeric(c(0.25007344, 0.28257741, -0.51364462, -0.64891027, -0.43801843, -0.36477699, 0.4514404, -0.10309059, 0.045636738, -0.26988925, 0.28257741, 0.019633659, -0.10045264, -0.10561656, -0.051499764, -0.055024583, 0.024184045, 0.063348522, 0.023686621, 0.19157937, -0.51364462, -0.10045264, 672.86642, 0.9655966, 0.080183697, -0.019902254, -0.41028132, 0.21856458, -0.057172023, 0.32720521, -0.64891027, -0.10561656, 0.9655966, 143.91473, 0.13263772, 0.014469841, -0.47084933, 0.18394561, -0.048129951, 0.41141478, -0.43801843, -0.051499764, 0.080183697, 0.13263772, 1.5540844, 0.94734069, -0.51844413, 0.72872075, -0.035819764, 0.19143659, -0.36477699, -0.055024583, -0.019902254, 0.014469841, 0.94734069, 0.034389375, -0.24641804, 0.78617226, -0.037266487, 0.10137293, 0.4514404, 0.024184045, -0.41028132, -0.47084933, -0.51844413, -0.24641804, 0.37807917, -0.052776887, 0.019667861, -0.36136155, -0.10309059, 0.063348522, 0.21856458, 0.18394561, 0.72872075, 0.78617226, -0.052776887, 0.035252816, -0.031087464, 0.13206867, 0.045636738, 0.023686621, -0.057172023, -0.048129951, -0.035819764, -0.037266487, 0.019667861, -0.031087464, 2.3468376, -0.1171792, -0.26988925, 0.19157937, 0.32720521, 0.41141478, 0.19143659, 0.10137293, -0.36136155, 0.13206867, -0.1171792, 0.037254026))
			, nrow = 10, ncol = 10
			, dimnames = list(
				as.character(c("GAMMA", "CMultStdev", "tvVmax", "tvKm", "tvV", "tvKa", "K12", "K21", "stdev0", "nVmax-nVmax"))
				, as.character(c("GAMMA", "CMultStdev", "tvVmax", "tvKm", "tvV", "tvKa", "K12", "K21", "stdev0", "nVmax-nVmax"))
				)
			)
		, "Inverse" = matrix(
			as.numeric(c(169.46915, -81.809305, -0.027360942, 0.42964105, 57.924616, -694.03564, 106.14193, -1343.7314, -0.043902144, -46.626386, -81.809305, 3186.9695, 0.066647322, -0.23616621, 46.728049, -1209.5313, 82.966902, -751.31527, -0.66491275, -355.24693, -0.027360942, 0.066647322, 6.5847032e-005, -0.0003198107, 0.017996614, -0.58563939, 0.026581072, -0.18363764, 0.00037301929, 0.09710674, 0.42964105, -0.23616621, -0.0003198107, 0.0022257767, 0.0647818, 0.33509155, 0.15192601, -2.1898672, -0.0015688712, -0.57467174, 57.924616, 46.728049, 0.017996614, 0.0647818, 69.379555, -1830.4101,   110.795, -848.05286, 0.1341618, 21.429032, -694.03564, -1209.5313, -0.58563939, 0.33509155, -1830.4101,  58066.59, -2715.258, 14568.161, -2.8271735, -822.26235, 106.14193, 82.966902, 0.026581072, 0.15192601,   110.795, -2715.258, 191.28453, -1525.1596, 0.26919079,  48.75216, -1343.7314, -751.31527, -0.18363764, -2.1898672, -848.05286, 14568.161, -1525.1596, 17487.096, -2.2852378, -179.21195, -0.043902144, -0.66491275, 0.00037301929, -0.0015688712, 0.1341618, -2.8271735, 0.26919079, -2.2852378, 0.18706311, 2.1233732, -46.626386, -355.24693, 0.09710674, -0.57467174, 21.429032, -822.26235,  48.75216, -179.21195, 2.1233732, 1134.0582))
			, nrow = 10, ncol = 10
			, dimnames = list(
				as.character(c("GAMMA", "CMultStdev", "tvVmax", "tvKm", "tvV", "tvKa", "K12", "K21", "stdev0", "nVmax-nVmax"))
				, as.character(c("GAMMA", "CMultStdev", "tvVmax", "tvKm", "tvV", "tvKa", "K12", "K21", "stdev0", "nVmax-nVmax"))
				)
			)
		, "LLTable" = data.frame(
			id = as.character(c( "1", "2", "3", "4", "5", "6", "7", "8", "9", "10", "11", "12", "13", "14", "15", "16", "17", "18", "19", "20", "21", "22", "23", "24", "25", "26", "27", "28", "29", "30", "31", "32", "33", "34", "35", "36", "37", "38", "39", "40", "41", "42", "43", "44", "45", "46", "47", "48", "49", "50", "51", "52", "53", "54", "55", "56", "57", "58", "59", "60"))
			, "LL" = c(-54.663198, -54.049813, -55.843043, -54.482831, -66.387199, -55.055881, -54.272326, -52.738116, -60.225843, -51.965531, -55.343037, -53.283162, -56.622021, -54.188753, -62.213852, -53.279461, -64.312972, -52.560616, -60.974811, -53.084125, -55.079189, -53.675947, -57.150452, -54.565066, -52.832234, -60.010959, -52.358745, -58.950448, -61.50624, -56.34634, -59.542307, -52.631278, -61.067596, -55.147946, -55.76802, -52.740657, -56.810793, -63.472677, -51.087676, -51.643936, -57.45998, -66.256533, -55.019099, -55.172258, -53.323993, -54.306665, -55.736559, -55.088258, -54.776399, -52.885246, -59.674268, -54.745207, -57.46287, -61.762043, -57.840883,  -57.1222, -50.768754, -56.768364, -65.017764, -52.822227)
			) # end of LLTable
		, "residuals" = data.frame(
			  ID1 = as.character(c(  "",   "",   "",   "",   "",   "",   "",   "",   "",   "",   "",   "",   "",   "",   "",   "",   "",   "",   "",   "",   "",   "",   "",   "",   "",   "",   "",   "",   "",   "",   "",   "",   "",   "",   "",   "",   "",   "",   "",   "",   "",   "",   "",   "",   "",   "",   "",   "",   "",   "",   "",   "",   "",   "",   "",   "",   "",   "",   "",   "",   "",   "",   "",   "",   "",   "",   "",   "",   "",   "",   "",   "",   "",   "",   "",   "",   "",   "",   "",   "",   "",   "",   "",   "",   "",   "",   "",   "",   "",   "",   "",   "",   "",   "",   "",   "",   "",   "",   "",   "",   "",   "",   "",   "",   "",   "",   "",   "",   "",   "",   "",   "",   "",   "",   "",   "",   "",   "",   "",   "",   "",   "",   "",   "",   "",   "",   "",   "",   "",   "",   "",   "",   "",   "",   "",   "",   "",   "",   "",   "",   "",   "",   "",   "",   "",   "",   "",   "",   "",   "",   "",   "",   "",   "",   "",   "",   "",   "",   "",   "",   "",   "",   "",   "",   "",   "",   "",   "",   "",   "",   "",   "",   "",   "",   "",   "",   "",   "",   "",   "",   "",   "",   "",   "",   "",   "",   "",   "",   "",   "",   "",   "",   "",   "",   "",   "",   "",   "",   "",   "",   "",   "",   "",   "",   "",   "",   "",   "",   "",   "",   "",   "",   "",   "",   "",   "",   "",   "",   "",   "",   "",   "",   "",   "",   "",   "",   "",   "",   "",   "",   "",   "",   "",   "",   "",   "",   "",   "",   "",   "",   "",   "",   "",   "",   "",   "",   "",   "",   "",   "",   "",   "",   "",   "",   "",   "",   "",   "",   "",   "",   "",   "",   "",   "",   "",   "",   "",   "",   "",   "",   "",   "",   "",   "",   "",   "",   "",   "",   "",   "",   "",   "",   "",   "",   "",   "",   "",   "",   "",   "",   "",   "",   "",   "",   "",   "",   "",   "",   "",   "",   "",   "",   "",   "",   "",   "",   "",   "",   "",   "",   "",   "",   "",   "",   "",   "",   "",   "",   "",   "",   "",   "",   "",   "",   "",   "",   "",   "",   "",   "",   "",   "",   "",   "",   "",   "",   "",   "",   "",   "",   "",   "",   "",   "",   "",   "",   "",   "",   "",   "",   "",   "",   "",   "",   "",   "",   "",   "",   "",   "",   "",   "",   "",   "",   "",   "",   "",   "",   "",   "",   "",   "",   "",   "",   "",   "",   "",   "",   "",   "",   "",   "",   "",   "",   "",   "",   "",   "",   "",   "",   "",   "",   "",   "",   "",   "",   "",   "",   "",   "",   "",   "",   "",   "",   "",   "",   "",   "",   "",   "",   "",   "",   "",   "",   "",   "",   "",   "",   "",   "",   "",   "",   "",   "",   "",   "",   "",   "",   "",   "",   "",   "",   "",   "",   "",   "",   "",   "",   "",   "",   "",   "",   "",   "",   "",   "",   "",   "",   "",   "",   "",   "",   "",   "",   "",   "",   "",   "",   "",   "",   "",   "",   "",   "",   "",   "",   "",   "",   "",   "",   "",   "",   "",   "",   "",   "",   "",   "",   "",   ""))
			, ID2 = as.character(c(  "",   "",   "",   "",   "",   "",   "",   "",   "",   "",   "",   "",   "",   "",   "",   "",   "",   "",   "",   "",   "",   "",   "",   "",   "",   "",   "",   "",   "",   "",   "",   "",   "",   "",   "",   "",   "",   "",   "",   "",   "",   "",   "",   "",   "",   "",   "",   "",   "",   "",   "",   "",   "",   "",   "",   "",   "",   "",   "",   "",   "",   "",   "",   "",   "",   "",   "",   "",   "",   "",   "",   "",   "",   "",   "",   "",   "",   "",   "",   "",   "",   "",   "",   "",   "",   "",   "",   "",   "",   "",   "",   "",   "",   "",   "",   "",   "",   "",   "",   "",   "",   "",   "",   "",   "",   "",   "",   "",   "",   "",   "",   "",   "",   "",   "",   "",   "",   "",   "",   "",   "",   "",   "",   "",   "",   "",   "",   "",   "",   "",   "",   "",   "",   "",   "",   "",   "",   "",   "",   "",   "",   "",   "",   "",   "",   "",   "",   "",   "",   "",   "",   "",   "",   "",   "",   "",   "",   "",   "",   "",   "",   "",   "",   "",   "",   "",   "",   "",   "",   "",   "",   "",   "",   "",   "",   "",   "",   "",   "",   "",   "",   "",   "",   "",   "",   "",   "",   "",   "",   "",   "",   "",   "",   "",   "",   "",   "",   "",   "",   "",   "",   "",   "",   "",   "",   "",   "",   "",   "",   "",   "",   "",   "",   "",   "",   "",   "",   "",   "",   "",   "",   "",   "",   "",   "",   "",   "",   "",   "",   "",   "",   "",   "",   "",   "",   "",   "",   "",   "",   "",   "",   "",   "",   "",   "",   "",   "",   "",   "",   "",   "",   "",   "",   "",   "",   "",   "",   "",   "",   "",   "",   "",   "",   "",   "",   "",   "",   "",   "",   "",   "",   "",   "",   "",   "",   "",   "",   "",   "",   "",   "",   "",   "",   "",   "",   "",   "",   "",   "",   "",   "",   "",   "",   "",   "",   "",   "",   "",   "",   "",   "",   "",   "",   "",   "",   "",   "",   "",   "",   "",   "",   "",   "",   "",   "",   "",   "",   "",   "",   "",   "",   "",   "",   "",   "",   "",   "",   "",   "",   "",   "",   "",   "",   "",   "",   "",   "",   "",   "",   "",   "",   "",   "",   "",   "",   "",   "",   "",   "",   "",   "",   "",   "",   "",   "",   "",   "",   "",   "",   "",   "",   "",   "",   "",   "",   "",   "",   "",   "",   "",   "",   "",   "",   "",   "",   "",   "",   "",   "",   "",   "",   "",   "",   "",   "",   "",   "",   "",   "",   "",   "",   "",   "",   "",   "",   "",   "",   "",   "",   "",   "",   "",   "",   "",   "",   "",   "",   "",   "",   "",   "",   "",   "",   "",   "",   "",   "",   "",   "",   "",   "",   "",   "",   "",   "",   "",   "",   "",   "",   "",   "",   "",   "",   "",   "",   "",   "",   "",   "",   "",   "",   "",   "",   "",   "",   "",   "",   "",   "",   "",   "",   "",   "",   "",   "",   "",   "",   "",   "",   "",   "",   "",   "",   "",   "",   "",   "",   "",   "",   "",   "",   "",   "",   "",   "",   "",   "",   "",   "",   ""))
			, ID3 = as.character(c(  "",   "",   "",   "",   "",   "",   "",   "",   "",   "",   "",   "",   "",   "",   "",   "",   "",   "",   "",   "",   "",   "",   "",   "",   "",   "",   "",   "",   "",   "",   "",   "",   "",   "",   "",   "",   "",   "",   "",   "",   "",   "",   "",   "",   "",   "",   "",   "",   "",   "",   "",   "",   "",   "",   "",   "",   "",   "",   "",   "",   "",   "",   "",   "",   "",   "",   "",   "",   "",   "",   "",   "",   "",   "",   "",   "",   "",   "",   "",   "",   "",   "",   "",   "",   "",   "",   "",   "",   "",   "",   "",   "",   "",   "",   "",   "",   "",   "",   "",   "",   "",   "",   "",   "",   "",   "",   "",   "",   "",   "",   "",   "",   "",   "",   "",   "",   "",   "",   "",   "",   "",   "",   "",   "",   "",   "",   "",   "",   "",   "",   "",   "",   "",   "",   "",   "",   "",   "",   "",   "",   "",   "",   "",   "",   "",   "",   "",   "",   "",   "",   "",   "",   "",   "",   "",   "",   "",   "",   "",   "",   "",   "",   "",   "",   "",   "",   "",   "",   "",   "",   "",   "",   "",   "",   "",   "",   "",   "",   "",   "",   "",   "",   "",   "",   "",   "",   "",   "",   "",   "",   "",   "",   "",   "",   "",   "",   "",   "",   "",   "",   "",   "",   "",   "",   "",   "",   "",   "",   "",   "",   "",   "",   "",   "",   "",   "",   "",   "",   "",   "",   "",   "",   "",   "",   "",   "",   "",   "",   "",   "",   "",   "",   "",   "",   "",   "",   "",   "",   "",   "",   "",   "",   "",   "",   "",   "",   "",   "",   "",   "",   "",   "",   "",   "",   "",   "",   "",   "",   "",   "",   "",   "",   "",   "",   "",   "",   "",   "",   "",   "",   "",   "",   "",   "",   "",   "",   "",   "",   "",   "",   "",   "",   "",   "",   "",   "",   "",   "",   "",   "",   "",   "",   "",   "",   "",   "",   "",   "",   "",   "",   "",   "",   "",   "",   "",   "",   "",   "",   "",   "",   "",   "",   "",   "",   "",   "",   "",   "",   "",   "",   "",   "",   "",   "",   "",   "",   "",   "",   "",   "",   "",   "",   "",   "",   "",   "",   "",   "",   "",   "",   "",   "",   "",   "",   "",   "",   "",   "",   "",   "",   "",   "",   "",   "",   "",   "",   "",   "",   "",   "",   "",   "",   "",   "",   "",   "",   "",   "",   "",   "",   "",   "",   "",   "",   "",   "",   "",   "",   "",   "",   "",   "",   "",   "",   "",   "",   "",   "",   "",   "",   "",   "",   "",   "",   "",   "",   "",   "",   "",   "",   "",   "",   "",   "",   "",   "",   "",   "",   "",   "",   "",   "",   "",   "",   "",   "",   "",   "",   "",   "",   "",   "",   "",   "",   "",   "",   "",   "",   "",   "",   "",   "",   "",   "",   "",   "",   "",   "",   "",   "",   "",   "",   "",   "",   "",   "",   "",   "",   "",   "",   "",   "",   "",   "",   "",   "",   "",   "",   "",   "",   "",   "",   "",   "",   "",   "",   "",   "",   "",   "",   "",   "",   "",   "",   "",   "",   "",   "",   "",   ""))
			, ID4 = as.character(c(  "",   "",   "",   "",   "",   "",   "",   "",   "",   "",   "",   "",   "",   "",   "",   "",   "",   "",   "",   "",   "",   "",   "",   "",   "",   "",   "",   "",   "",   "",   "",   "",   "",   "",   "",   "",   "",   "",   "",   "",   "",   "",   "",   "",   "",   "",   "",   "",   "",   "",   "",   "",   "",   "",   "",   "",   "",   "",   "",   "",   "",   "",   "",   "",   "",   "",   "",   "",   "",   "",   "",   "",   "",   "",   "",   "",   "",   "",   "",   "",   "",   "",   "",   "",   "",   "",   "",   "",   "",   "",   "",   "",   "",   "",   "",   "",   "",   "",   "",   "",   "",   "",   "",   "",   "",   "",   "",   "",   "",   "",   "",   "",   "",   "",   "",   "",   "",   "",   "",   "",   "",   "",   "",   "",   "",   "",   "",   "",   "",   "",   "",   "",   "",   "",   "",   "",   "",   "",   "",   "",   "",   "",   "",   "",   "",   "",   "",   "",   "",   "",   "",   "",   "",   "",   "",   "",   "",   "",   "",   "",   "",   "",   "",   "",   "",   "",   "",   "",   "",   "",   "",   "",   "",   "",   "",   "",   "",   "",   "",   "",   "",   "",   "",   "",   "",   "",   "",   "",   "",   "",   "",   "",   "",   "",   "",   "",   "",   "",   "",   "",   "",   "",   "",   "",   "",   "",   "",   "",   "",   "",   "",   "",   "",   "",   "",   "",   "",   "",   "",   "",   "",   "",   "",   "",   "",   "",   "",   "",   "",   "",   "",   "",   "",   "",   "",   "",   "",   "",   "",   "",   "",   "",   "",   "",   "",   "",   "",   "",   "",   "",   "",   "",   "",   "",   "",   "",   "",   "",   "",   "",   "",   "",   "",   "",   "",   "",   "",   "",   "",   "",   "",   "",   "",   "",   "",   "",   "",   "",   "",   "",   "",   "",   "",   "",   "",   "",   "",   "",   "",   "",   "",   "",   "",   "",   "",   "",   "",   "",   "",   "",   "",   "",   "",   "",   "",   "",   "",   "",   "",   "",   "",   "",   "",   "",   "",   "",   "",   "",   "",   "",   "",   "",   "",   "",   "",   "",   "",   "",   "",   "",   "",   "",   "",   "",   "",   "",   "",   "",   "",   "",   "",   "",   "",   "",   "",   "",   "",   "",   "",   "",   "",   "",   "",   "",   "",   "",   "",   "",   "",   "",   "",   "",   "",   "",   "",   "",   "",   "",   "",   "",   "",   "",   "",   "",   "",   "",   "",   "",   "",   "",   "",   "",   "",   "",   "",   "",   "",   "",   "",   "",   "",   "",   "",   "",   "",   "",   "",   "",   "",   "",   "",   "",   "",   "",   "",   "",   "",   "",   "",   "",   "",   "",   "",   "",   "",   "",   "",   "",   "",   "",   "",   "",   "",   "",   "",   "",   "",   "",   "",   "",   "",   "",   "",   "",   "",   "",   "",   "",   "",   "",   "",   "",   "",   "",   "",   "",   "",   "",   "",   "",   "",   "",   "",   "",   "",   "",   "",   "",   "",   "",   "",   "",   "",   "",   "",   "",   "",   "",   "",   "",   "",   "",   "",   "",   "",   "",   "",   "",   "",   ""))
			, ID5 = as.character(c( "1",  "1",  "1",  "1",  "1",  "1",  "1",  "1",  "2",  "2",  "2",  "2",  "2",  "2",  "2",  "2",  "3",  "3",  "3",  "3",  "3",  "3",  "3",  "3",  "4",  "4",  "4",  "4",  "4",  "4",  "4",  "4",  "5",  "5",  "5",  "5",  "5",  "5",  "5",  "5",  "6",  "6",  "6",  "6",  "6",  "6",  "6",  "6",  "7",  "7",  "7",  "7",  "7",  "7",  "7",  "7",  "8",  "8",  "8",  "8",  "8",  "8",  "8",  "8",  "9",  "9",  "9",  "9",  "9",  "9",  "9",  "9", "10", "10", "10", "10", "10", "10", "10", "10", "11", "11", "11", "11", "11", "11", "11", "11", "12", "12", "12", "12", "12", "12", "12", "12", "13", "13", "13", "13", "13", "13", "13", "13", "14", "14", "14", "14", "14", "14", "14", "14", "15", "15", "15", "15", "15", "15", "15", "15", "16", "16", "16", "16", "16", "16", "16", "16", "17", "17", "17", "17", "17", "17", "17", "17", "18", "18", "18", "18", "18", "18", "18", "18", "19", "19", "19", "19", "19", "19", "19", "19", "20", "20", "20", "20", "20", "20", "20", "20", "21", "21", "21", "21", "21", "21", "21", "21", "22", "22", "22", "22", "22", "22", "22", "22", "23", "23", "23", "23", "23", "23", "23", "23", "24", "24", "24", "24", "24", "24", "24", "24", "25", "25", "25", "25", "25", "25", "25", "25", "26", "26", "26", "26", "26", "26", "26", "26", "27", "27", "27", "27", "27", "27", "27", "27", "28", "28", "28", "28", "28", "28", "28", "28", "29", "29", "29", "29", "29", "29", "29", "29", "30", "30", "30", "30", "30", "30", "30", "30", "31", "31", "31", "31", "31", "31", "31", "31", "32", "32", "32", "32", "32", "32", "32", "32", "33", "33", "33", "33", "33", "33", "33", "33", "34", "34", "34", "34", "34", "34", "34", "34", "35", "35", "35", "35", "35", "35", "35", "35", "36", "36", "36", "36", "36", "36", "36", "36", "37", "37", "37", "37", "37", "37", "37", "37", "38", "38", "38", "38", "38", "38", "38", "38", "39", "39", "39", "39", "39", "39", "39", "39", "40", "40", "40", "40", "40", "40", "40", "40", "41", "41", "41", "41", "41", "41", "41", "41", "42", "42", "42", "42", "42", "42", "42", "42", "43", "43", "43", "43", "43", "43", "43", "43", "44", "44", "44", "44", "44", "44", "44", "44", "45", "45", "45", "45", "45", "45", "45", "45", "46", "46", "46", "46", "46", "46", "46", "46", "47", "47", "47", "47", "47", "47", "47", "47", "48", "48", "48", "48", "48", "48", "48", "48", "49", "49", "49", "49", "49", "49", "49", "49", "50", "50", "50", "50", "50", "50", "50", "50", "51", "51", "51", "51", "51", "51", "51", "51", "52", "52", "52", "52", "52", "52", "52", "52", "53", "53", "53", "53", "53", "53", "53", "53", "54", "54", "54", "54", "54", "54", "54", "54", "55", "55", "55", "55", "55", "55", "55", "55", "56", "56", "56", "56", "56", "56", "56", "56", "57", "57", "57", "57", "57", "57", "57", "57", "58", "58", "58", "58", "58", "58", "58", "58", "59", "59", "59", "59", "59", "59", "59", "59", "60", "60", "60", "60", "60", "60", "60", "60"))
			, IVAR = c(0.64, 1.99, 6.43, 12.03, 22.28, 48.91, 80.15, 138.94, 0.51, 2.49, 6.29, 11.18, 25.51, 43.72, 84.69, 123.55, 0.48, 2, 6.04, 11.31, 22.67, 47.36, 103.04, 108, 0.53, 2.07, 6.67, 11.64, 24.9, 49.3, 90.93, 135.41, 0.56, 2.15, 7.03, 12.69, 21.12, 45.33, 84.94, 114.45, 0.47, 2.01, 5.48, 12.19, 22.48, 57.28, 103.13, 131.43, 0.52, 2.37, 5.63, 11.46, 27.7, 44.98, 94.03, 115.38, 0.48, 1.94, 6.3, 11.79, 22.82, 54.9, 93.96, 117.86, 0.5, 2.15, 5.96, 11.95, 22.42, 46.47, 96.58, 113.14, 0.53, 1.72, 6.19, 10.29, 23.29, 45.53, 89.94, 119.32, 0.41, 2.25, 5.08, 11.46, 21.47, 44.53, 118.28, 120.21, 0.44, 1.7, 6.28, 11.98, 23.25, 43.74, 82.73, 107.77, 0.55, 1.88, 5.22, 14.47, 25.04, 46.87, 106.72, 131.12, 0.47, 2.49, 5.85, 10.41, 23.66, 49.01, 120.92, 121.28, 0.52, 1.98, 5.8, 11.96, 25.97, 59.07, 106.39, 135.41, 0.44, 2.21, 6.13, 10.36, 25.28, 47.24, 111.14, 111.15, 0.48, 1.82, 5.89, 12.49, 22.31, 52.16, 85.08, 108.06, 0.58, 1.81, 6.25, 11.55, 25, 56.83, 112.51, 116.09, 0.4, 2.57, 6.41, 12.67, 23.97, 50.51, 94.43, 125.16, 0.48, 1.74, 6.62, 13.97, 23.27, 42.35, 102.37, 119.46, 0.42, 2, 5.63, 11.6, 21.38, 57.48, 92.87, 102.2, 0.51, 2.05, 5.44, 8.99, 22.51, 50.82, 95.43, 118.83, 0.53, 1.78, 6.7, 11.99, 25.76, 53.23, 98.17, 109.91, 0.56, 1.64, 5.68, 11.7, 23.6, 53.16, 97.32, 124.99, 0.5, 1.95, 6.43, 13.46, 18.87, 50.83, 99.67, 115, 0.55, 1.92, 5.83, 13.07, 28.5, 49.31, 92.03, 106.55, 0.48, 1.82, 5.85, 12.48, 22.04, 62.56, 97.51, 134.36, 0.4, 2.15, 5.26, 13.16, 24.97, 46.08, 109.59, 111.87, 0.47, 1.81, 5.61, 13.19, 25.06, 53.08, 92.33, 124.6, 0.51, 1.73, 7.17, 12.16, 25.91, 52.81, 95.52, 116.39, 0.55, 1.8, 7.31, 11.55, 28.32, 55.84, 96.8, 127, 0.45, 2.07, 6.66, 12.12, 22.93, 44.95, 95.66, 133.54, 0.48, 1.98, 5.27, 12.61, 27.35, 55.75, 99.54, 104.15, 0.52, 2.09, 5.79, 12.21, 22.01, 51.37, 92.91, 102.57, 0.48, 2.29, 5.8, 12.91, 26.38, 48.02, 92.68, 113.81, 0.54, 1.8, 6.15, 11.66, 19.14, 41.69, 105.21, 117.73, 0.54, 2.42, 6.95, 12.84, 24.93, 47.08, 112.41, 127.37, 0.44, 1.97, 4.95, 11.77, 18.52, 54.74, 90.09, 114.95, 0.49, 2.13, 6.42, 12.7, 22.66, 41.88, 92.34, 123.38, 0.46, 1.99, 5.34, 11.99, 24.31, 47.3, 94.44, 143.14, 0.54, 2.24, 5.47, 12.2, 26.94, 47.73, 77.59, 124.21, 0.41, 1.84, 6.85, 12.76, 26.77, 49.49, 94.95, 109.41, 0.59, 2.01, 5.59, 13.08, 26.72, 58.02, 90.38, 115.4, 0.48, 1.93, 5.78, 11.65, 27.72, 44.77, 92.34, 128.09, 0.56, 1.85, 5.7, 12.65, 26.57, 46.81, 83.21, 142.37, 0.58, 1.86, 5.96, 10.06, 25.41, 56.4, 81.5, 111, 0.47, 1.87, 4.9, 12.62, 20.59, 47.88, 101.86, 117.65, 0.55, 1.99, 5.62, 12.8, 22.98, 57.31, 95.82, 130.68, 0.51, 1.48, 5.23, 11.5, 24.58, 37.98, 105.69, 112.96, 0.46, 1.71, 5.19, 12.07, 25.25, 38.92, 86.83, 126.6, 0.48, 2.48, 6.8, 12.74, 24.01, 49.36, 89.46, 127.78, 0.58, 2.23, 5.53, 10.21, 23.74, 50.16, 105.18, 109.89, 0.52, 2.05, 6.76, 11.97, 23.16, 42.8, 91.16, 115.73, 0.63, 2.55, 5.9, 10.81, 19.7, 50.54, 86.08, 150.8, 0.46, 2.02, 8.78, 10.74, 24.75, 42.97, 99.4, 109.97, 0.5, 1.94, 5.33, 12.01, 26.5, 56.29, 83.69, 117.04, 0.56, 1.79, 4.66, 10.93, 21.79, 48.23, 92.2, 122.81, 0.48, 2.08, 5.78, 13.52, 22.29, 49.42, 87.87, 122.52, 0.5, 1.69, 5.91, 13.5, 25.69, 48.69, 85.21, 134.88, 0.5, 1.91, 7.07, 11.11, 24.74, 54.56, 101.96, 116.37)
			, TAD = c(0.64, 1.99, 6.43, 12.03, 22.28, 48.91, 80.15, 138.94, 0.51, 2.49, 6.29, 11.18, 25.51, 43.72, 84.69, 123.55, 0.48, 2, 6.04, 11.31, 22.67, 47.36, 103.04, 108, 0.53, 2.07, 6.67, 11.64, 24.9, 49.3, 90.93, 135.41, 0.56, 2.15, 7.03, 12.69, 21.12, 45.33, 84.94, 114.45, 0.47, 2.01, 5.48, 12.19, 22.48, 57.28, 103.13, 131.43, 0.52, 2.37, 5.63, 11.46, 27.7, 44.98, 94.03, 115.38, 0.48, 1.94, 6.3, 11.79, 22.82, 54.9, 93.96, 117.86, 0.5, 2.15, 5.96, 11.95, 22.42, 46.47, 96.58, 113.14, 0.53, 1.72, 6.19, 10.29, 23.29, 45.53, 89.94, 119.32, 0.41, 2.25, 5.08, 11.46, 21.47, 44.53, 118.28, 120.21, 0.44, 1.7, 6.28, 11.98, 23.25, 43.74, 82.73, 107.77, 0.55, 1.88, 5.22, 14.47, 25.04, 46.87, 106.72, 131.12, 0.47, 2.49, 5.85, 10.41, 23.66, 49.01, 120.92, 121.28, 0.52, 1.98, 5.8, 11.96, 25.97, 59.07, 106.39, 135.41, 0.44, 2.21, 6.13, 10.36, 25.28, 47.24, 111.14, 111.15, 0.48, 1.82, 5.89, 12.49, 22.31, 52.16, 85.08, 108.06, 0.58, 1.81, 6.25, 11.55, 25, 56.83, 112.51, 116.09, 0.4, 2.57, 6.41, 12.67, 23.97, 50.51, 94.43, 125.16, 0.48, 1.74, 6.62, 13.97, 23.27, 42.35, 102.37, 119.46, 0.42, 2, 5.63, 11.6, 21.38, 57.48, 92.87, 102.2, 0.51, 2.05, 5.44, 8.99, 22.51, 50.82, 95.43, 118.83, 0.53, 1.78, 6.7, 11.99, 25.76, 53.23, 98.17, 109.91, 0.56, 1.64, 5.68, 11.7, 23.6, 53.16, 97.32, 124.99, 0.5, 1.95, 6.43, 13.46, 18.87, 50.83, 99.67, 115, 0.55, 1.92, 5.83, 13.07, 28.5, 49.31, 92.03, 106.55, 0.48, 1.82, 5.85, 12.48, 22.04, 62.56, 97.51, 134.36, 0.4, 2.15, 5.26, 13.16, 24.97, 46.08, 109.59, 111.87, 0.47, 1.81, 5.61, 13.19, 25.06, 53.08, 92.33, 124.6, 0.51, 1.73, 7.17, 12.16, 25.91, 52.81, 95.52, 116.39, 0.55, 1.8, 7.31, 11.55, 28.32, 55.84, 96.8, 127, 0.45, 2.07, 6.66, 12.12, 22.93, 44.95, 95.66, 133.54, 0.48, 1.98, 5.27, 12.61, 27.35, 55.75, 99.54, 104.15, 0.52, 2.09, 5.79, 12.21, 22.01, 51.37, 92.91, 102.57, 0.48, 2.29, 5.8, 12.91, 26.38, 48.02, 92.68, 113.81, 0.54, 1.8, 6.15, 11.66, 19.14, 41.69, 105.21, 117.73, 0.54, 2.42, 6.95, 12.84, 24.93, 47.08, 112.41, 127.37, 0.44, 1.97, 4.95, 11.77, 18.52, 54.74, 90.09, 114.95, 0.49, 2.13, 6.42, 12.7, 22.66, 41.88, 92.34, 123.38, 0.46, 1.99, 5.34, 11.99, 24.31, 47.3, 94.44, 143.14, 0.54, 2.24, 5.47, 12.2, 26.94, 47.73, 77.59, 124.21, 0.41, 1.84, 6.85, 12.76, 26.77, 49.49, 94.95, 109.41, 0.59, 2.01, 5.59, 13.08, 26.72, 58.02, 90.38, 115.4, 0.48, 1.93, 5.78, 11.65, 27.72, 44.77, 92.34, 128.09, 0.56, 1.85, 5.7, 12.65, 26.57, 46.81, 83.21, 142.37, 0.58, 1.86, 5.96, 10.06, 25.41, 56.4, 81.5, 111, 0.47, 1.87, 4.9, 12.62, 20.59, 47.88, 101.86, 117.65, 0.55, 1.99, 5.62, 12.8, 22.98, 57.31, 95.82, 130.68, 0.51, 1.48, 5.23, 11.5, 24.58, 37.98, 105.69, 112.96, 0.46, 1.71, 5.19, 12.07, 25.25, 38.92, 86.83, 126.6, 0.48, 2.48, 6.8, 12.74, 24.01, 49.36, 89.46, 127.78, 0.58, 2.23, 5.53, 10.21, 23.74, 50.16, 105.18, 109.89, 0.52, 2.05, 6.76, 11.97, 23.16, 42.8, 91.16, 115.73, 0.63, 2.55, 5.9, 10.81, 19.7, 50.54, 86.08, 150.8, 0.46, 2.02, 8.78, 10.74, 24.75, 42.97, 99.4, 109.97, 0.5, 1.94, 5.33, 12.01, 26.5, 56.29, 83.69, 117.04, 0.56, 1.79, 4.66, 10.93, 21.79, 48.23, 92.2, 122.81, 0.48, 2.08, 5.78, 13.52, 22.29, 49.42, 87.87, 122.52, 0.5, 1.69, 5.91, 13.5, 25.69, 48.69, 85.21, 134.88, 0.5, 1.91, 7.07, 11.11, 24.74, 54.56, 101.96, 116.37)
			, PRED = c(  920.366,   1187.09,   1182.39,   1075.57,   803.974,   345.783,   176.681,   87.0833,    829.82,   1199.03,   1184.12,   1095.43,   722.048,   400.223,   164.029,   100.553,    804.83,   1187.46,   1187.06,   1092.45,   793.772,   360.785,   126.604,   119.161,   845.545,   1189.86,   1179.28,    1084.8,   737.033,   342.162,   149.169,   89.8413,   867.825,   1192.24,   1174.31,   1059.54,   834.719,   382.008,   163.381,   110.676,   796.106,   1187.82,   1192.93,   1071.73,   798.733,   279.587,   126.461,   93.1706,   837.772,   1197.14,   1191.46,   1088.99,     670.4,   385.859,   142.695,    109.55,    804.83,   1185.12,      1184,   1081.27,   789.868,   296.172,   142.835,   106.654,   821.682,   1192.24,   1187.96,   1077.48,   800.303,   369.861,   137.757,   112.302,   845.545,   1173.73,   1185.32,   1115.12,   777.712,   379.833,   151.355,   105.019,   739.224,   1194.73,   1196.47,   1088.99,   825.385,   390.899,   106.179,   104.047,   768.674,   1172.43,   1184.24,   1076.76,   778.742,   399.989,   169.279,   119.488,   860.567,   1182.48,    1195.3,   1014.23,   733.572,   365.739,   120.999,   93.4404,   796.106,   1199.03,   1189.17,   1112.54,   768.227,   344.849,   103.284,   102.902,   837.772,   1186.71,    1189.7,   1077.24,   710.915,   268.101,   121.482,   89.8413,   768.674,   1193.79,   1186.03,   1113.62,   727.669,   361.989,   114.877,   114.863,    804.83,   1179.52,   1188.74,   1064.45,   803.187,   317.346,    163.02,   119.077,   881.858,   1178.99,    1184.6,    1086.9,    734.56,   282.604,     113.1,   108.705,    728.93,   1200.06,   1182.64,   1060.03,   760.341,   331.299,   141.898,   98.9508,    804.83,   1174.98,   1179.94,   1027.22,   778.227,   416.768,   127.679,   104.865,   749.276,   1187.46,   1191.46,   1085.73,    827.78,   278.264,   145.054,   127.954,    829.82,   1189.21,   1193.31,   1141.45,   797.948,   328.604,   139.943,   105.563,   845.545,   1177.34,   1178.88,   1076.52,   715.979,   308.794,    134.84,   116.519,   867.825,    1168.2,   1190.95,   1083.39,    769.76,   309.343,   136.385,   99.1175,   821.682,   1185.53,   1182.39,   1040.27,   895.569,   328.518,   132.196,   110.007,   860.567,   1184.27,   1189.38,    1050.1,    652.42,    342.07,   146.809,   121.247,    804.83,   1179.52,   1189.17,   1064.69,   810.288,   247.855,   136.037,   90.6961,    728.93,   1192.24,   1194.95,   1047.84,   735.301,   373.949,   116.953,   113.923,   796.106,   1178.99,   1191.66,   1047.09,   733.079,   309.971,   146.178,   99.5022,    829.82,   1174.36,   1172.28,   1072.45,   712.359,   312.106,   139.769,   108.352,   860.567,   1178.45,    1170.2,    1086.9,   656.423,   289.433,   137.346,   97.1812,   778.034,   1189.86,   1179.41,   1073.41,   787.013,   386.192,     139.5,   91.3752,    804.83,   1186.71,   1194.86,   1061.51,   678.419,   290.068,   132.421,   124.861,   837.772,   1190.49,   1189.81,   1071.24,   811.079,   323.907,   144.972,   127.356,    804.83,   1195.59,    1189.7,   1054.09,   701.116,   354.276,   145.448,   111.464,   853.141,   1178.45,   1185.79,   1084.33,   888.214,   425.102,   123.239,   106.802,   853.141,   1197.98,   1175.45,   1055.83,   736.291,   363.603,   113.228,    96.833,   768.674,   1186.32,    1197.5,   1081.74,   905.113,   297.345,    151.02,   110.068,   813.354,   1191.68,   1182.51,   1059.29,   794.033,   422.678,   146.157,   100.725,   787.176,   1187.09,   1194.23,   1076.52,   751.758,   361.386,   141.878,   84.0174,   853.141,    1194.5,   1193.03,   1071.49,   687.928,   357.113,   184.632,   99.8898,   739.224,   1180.55,   1176.84,   1057.81,   691.908,   340.419,   140.875,   117.199,   888.641,   1187.82,   1191.86,   1049.85,   693.082,   274.741,   150.376,   109.526,    804.83,    1184.7,   1189.92,   1084.56,   669.944,   388.199,   146.157,   96.1626,   867.825,   1181.04,   1190.75,   1060.52,   696.616,   366.352,   167.965,    84.563,   881.858,   1181.53,   1187.96,      1120,   724.488,   285.537,   172.735,   115.061,   796.106,   1182.01,   1197.88,   1061.26,   848.936,   355.641,   128.509,   106.893,   860.567,   1187.09,   1191.56,   1056.82,   785.717,   279.388,   139.194,    93.826,    829.82,    1154.1,   1195.21,   1088.06,   744.992,   476.742,   122.518,   112.529,   787.176,   1173.09,   1195.55,   1074.61,   728.405,   462.849,   158.631,   97.5605,    804.83,   1198.89,   1177.53,    1058.3,   759.328,    341.61,   152.437,   96.4501,   881.858,   1194.27,   1192.45,   1116.83,   766.187,   334.385,   123.285,   116.546,   837.772,   1189.21,   1178.07,      1077,   781.062,   411.223,    148.67,   109.132,   914.301,   1199.81,   1188.63,   1103.76,   872.992,   331.037,   160.485,   78.9568,   787.176,   1188.18,    1145.4,   1105.32,   740.756,   409.157,   132.664,   116.437,   821.682,   1185.12,   1194.33,   1076.04,   698.271,   286.296,   166.669,   107.595,   867.825,    1177.9,   1199.56,   1101.08,   816.892,   352.243,   146.451,   101.307,    804.83,   1190.18,   1189.92,   1038.75,   803.712,    341.06,   156.127,   101.605,   821.682,   1171.76,   1188.52,   1039.25,   717.674,   347.853,   162.686,   90.2707,   821.682,   1183.84,   1173.74,   1097.02,   741.004,   298.673,   128.345,   108.375)
