TABLE NO.     1: First Order Conditional Estimation with Interaction: Problem=1 Subproblem=0 Superproblem1=0 Iteration1=0 Superproblem2=0 Iteration2=0
 NAME         THETA1       THETA2       THETA3       THETA4       THETA5       THETA6       THETA7       THETA8       SIGMA(1,1)   SIGMA(2,1)   SIGMA(2,2)   OMEGA(1,1)   OMEGA(2,1)   OMEGA(2,2)
 THETA1        1.75486E+10  6.02942E+09 -2.65238E+08 -4.19388E+06  4.63706E+06 -1.83673E+08  1.13694E+05  4.94099E+04 -1.51886E-04  0.00000E+00 -2.89224E+04 -3.68497E+05 -9.10340E+04  9.63934E+04
 THETA2        6.02942E+09  2.07162E+09 -9.11307E+07 -1.44093E+06  1.59321E+06 -6.31067E+07  3.90624E+04  1.69761E+04 -5.21851E-05  0.00000E+00 -9.93750E+03 -1.26608E+05 -3.12771E+04  3.31197E+04
 THETA3       -2.65238E+08 -9.11307E+07  4.01101E+06  6.34225E+04 -7.01201E+04  2.77738E+06 -1.71994E+03 -7.47305E+02  2.29703E-06  0.00000E+00  4.36932E+02  5.57394E+03  1.37782E+03 -1.45714E+03
 THETA4       -4.19388E+06 -1.44093E+06  6.34225E+04  1.00289E+03 -1.10872E+03  4.39152E+04 -2.71981E+01 -1.18178E+01  3.63201E-08  0.00000E+00  6.90909E+00  8.81347E+01  2.17863E+01 -2.30403E+01
 THETA5        4.63706E+06  1.59321E+06 -7.01201E+04 -1.10872E+03  1.22586E+03 -4.85551E+04  3.00656E+01  1.30633E+01 -4.01572E-08  0.00000E+00 -7.63819E+00 -9.74437E+01 -2.40869E+01  2.54746E+01
 THETA6       -1.83673E+08 -6.31067E+07  2.77738E+06  4.39152E+04 -4.85551E+04  1.92322E+06 -1.19084E+03 -5.17413E+02  1.59058E-06  0.00000E+00  3.02563E+02  3.85958E+03  9.54016E+02 -1.00904E+03
 THETA7        1.13694E+05  3.90624E+04 -1.71994E+03 -2.71981E+01  3.00656E+01 -1.19084E+03  7.37890E-01  3.20623E-01 -9.84969E-10  0.00000E+00 -1.87289E-01 -2.39043E+00 -5.91054E-01  6.24675E-01
 THETA8        4.94099E+04  1.69761E+04 -7.47305E+02 -1.18178E+01  1.30633E+01 -5.17413E+02  3.20623E-01  1.39384E-01 -4.27942E-10  0.00000E+00 -8.14087E-02 -1.03850E+00 -2.56629E-01  2.71463E-01
 SIGMA(1,1)   -1.51886E-04 -5.21851E-05  2.29703E-06  3.63201E-08 -4.01572E-08  1.59058E-06 -9.84969E-10 -4.27942E-10  1.31553E-18  0.00000E+00  2.50111E-10  3.19234E-09  7.89215E-10 -8.34429E-10
 SIGMA(2,1)    0.00000E+00  0.00000E+00  0.00000E+00  0.00000E+00  0.00000E+00  0.00000E+00  0.00000E+00  0.00000E+00  0.00000E+00  0.00000E+00  0.00000E+00  0.00000E+00  0.00000E+00  0.00000E+00
 SIGMA(2,2)   -2.89224E+04 -9.93750E+03  4.36932E+02  6.90909E+00 -7.63819E+00  3.02563E+02 -1.87289E-01 -8.14087E-02  2.50111E-10  0.00000E+00  4.80221E-02  6.06617E-01  1.49770E-01 -1.58952E-01
 OMEGA(1,1)   -3.68497E+05 -1.26608E+05  5.57394E+03  8.81347E+01 -9.74437E+01  3.85958E+03 -2.39043E+00 -1.03850E+00  3.19234E-09  0.00000E+00  6.06617E-01  7.74730E+00  1.91566E+00 -2.02437E+00
 OMEGA(2,1)   -9.10340E+04 -3.12771E+04  1.37782E+03  2.17863E+01 -2.40869E+01  9.54016E+02 -5.91054E-01 -2.56629E-01  7.89215E-10  0.00000E+00  1.49770E-01  1.91566E+00  4.74460E-01 -5.00080E-01
 OMEGA(2,2)    9.63934E+04  3.31197E+04 -1.45714E+03 -2.30403E+01  2.54746E+01 -1.00904E+03  6.24675E-01  2.71463E-01 -8.34429E-10  0.00000E+00 -1.58952E-01 -2.02437E+00 -5.00080E-01  5.30701E-01
