TABLE NO.     1: First Order Conditional Estimation with Interaction: Problem=1 Subproblem=0 Superproblem1=0 Iteration1=0 Superproblem2=0 Iteration2=0
 NAME         THETA1       THETA2       THETA3       THETA4       THETA5       THETA6       THETA7       THETA8       SIGMA(1,1)   SIGMA(2,1)   SIGMA(2,2)   OMEGA(1,1)   OMEGA(2,1)   OMEGA(2,2)
 THETA1        1.01727E-02  1.59351E-01 -6.88943E+00  7.36090E+01 -4.58480E+02  2.25452E+02  1.18911E+02  5.06445E+02  3.13539E+05  0.00000E+00 -5.44671E+03 -2.28323E+02  6.34768E+02 -8.05957E+02
 THETA2        1.59351E-01  2.51089E+00 -1.08435E+02  1.15828E+03 -7.21729E+03  3.54914E+03  1.87719E+03  7.96663E+03  4.93581E+06  0.00000E+00 -8.57392E+04 -3.59664E+03  9.99477E+03 -1.26882E+04
 THETA3       -6.88943E+00 -1.08435E+02  4.68796E+03 -5.01941E+04  3.11779E+05 -1.53296E+05 -8.22214E+04 -3.43728E+05 -2.13201E+08  0.00000E+00  3.70563E+06  1.55411E+05 -4.31885E+05  5.48314E+05
 THETA4        7.36090E+01  1.15828E+03 -5.01941E+04  5.40845E+05 -3.33146E+06  1.63737E+06  9.14367E+05  3.65817E+06  2.27759E+09  0.00000E+00 -3.96476E+07 -1.66234E+06  4.61901E+06 -5.86492E+06
 THETA5       -4.58480E+02 -7.21729E+03  3.11779E+05 -3.33146E+06  2.07490E+07 -1.02032E+07 -5.40328E+06 -2.29026E+07 -1.41897E+10  0.00000E+00  2.46508E+08  1.03393E+07 -2.87340E+07  3.64787E+07
 THETA6        2.25452E+02  3.54914E+03 -1.53296E+05  1.63737E+06 -1.02032E+07  5.01747E+06  2.65060E+06  1.12648E+07  6.97781E+09  0.00000E+00 -1.21209E+08 -5.08396E+06  1.41290E+07 -1.79370E+07
 THETA7        1.18911E+02  1.87719E+03 -8.22214E+04  9.14367E+05 -5.40328E+06  2.65060E+06  1.81470E+06  5.78083E+06  3.68992E+09  0.00000E+00 -6.47329E+07 -2.71333E+06  7.53048E+06 -9.56364E+06
 THETA8        5.06445E+02  7.96663E+03 -3.43728E+05  3.65817E+06 -2.29026E+07  1.12648E+07  5.78083E+06  2.53807E+07  1.56647E+10  0.00000E+00 -2.71873E+08 -1.14000E+07  3.16930E+07 -4.02383E+07
 SIGMA(1,1)    3.13539E+05  4.93581E+06 -2.13201E+08  2.27759E+09 -1.41897E+10  6.97781E+09  3.68992E+09  1.56647E+10  9.70410E+12  0.00000E+00 -1.68572E+11 -7.07054E+09  1.96499E+10 -2.49460E+10
 SIGMA(2,1)    0.00000E+00  0.00000E+00  0.00000E+00  0.00000E+00  0.00000E+00  0.00000E+00  0.00000E+00  0.00000E+00  0.00000E+00  0.00000E+00  0.00000E+00  0.00000E+00  0.00000E+00  0.00000E+00
 SIGMA(2,2)   -5.44671E+03 -8.57392E+04  3.70563E+06 -3.96476E+07  2.46508E+08 -1.21209E+08 -6.47329E+07 -2.71873E+08 -1.68572E+11  0.00000E+00  2.92942E+09  1.22865E+08 -3.41440E+08  4.33476E+08
 OMEGA(1,1)   -2.28323E+02 -3.59664E+03  1.55411E+05 -1.66234E+06  1.03393E+07 -5.08396E+06 -2.71333E+06 -1.14000E+07 -7.07054E+09  0.00000E+00  1.22865E+08  5.15703E+06 -1.43228E+07  1.81807E+07
 OMEGA(2,1)    6.34768E+02  9.99477E+03 -4.31885E+05  4.61901E+06 -2.87340E+07  1.41290E+07  7.53048E+06  3.16930E+07  1.96499E+10  0.00000E+00 -3.41440E+08 -1.43228E+07  3.98010E+07 -5.05253E+07
 OMEGA(2,2)   -8.05957E+02 -1.26882E+04  5.48314E+05 -5.86492E+06  3.64787E+07 -1.79370E+07 -9.56364E+06 -4.02383E+07 -2.49460E+10  0.00000E+00  4.33476E+08  1.81807E+07 -5.05253E+07  6.41448E+07
