TABLE NO.     1: First Order Conditional Estimation with Interaction: Problem=1 Subproblem=0 Superproblem1=0 Iteration1=0 Superproblem2=0 Iteration2=0
 NAME         THETA1       THETA2       THETA3       THETA4       THETA5       THETA6       THETA7       THETA8       SIGMA(1,1)   SIGMA(2,1)   SIGMA(2,2)   OMEGA(1,1)   OMEGA(2,1)   OMEGA(2,2)
 THETA1        4.81049E+03  9.94757E-01  9.03742E-01  9.02379E-01 -9.03110E-01 -9.07187E-01 -9.10991E-01 -8.84241E-01  9.06732E-01  0.00000E+00  9.04683E-01  7.87719E-01  7.73878E-01  8.55827E-01
 THETA2        9.94757E-01  1.40682E+03  8.59858E-01  8.58781E-01 -8.59027E-01 -8.63911E-01 -8.69017E-01 -8.46079E-01  8.63381E-01  0.00000E+00  8.61036E-01  7.85604E-01  7.68979E-01  8.27888E-01
 THETA3        9.03742E-01  8.59858E-01  7.71541E+02  9.99364E-01 -9.99919E-01 -9.99725E-01 -9.99434E-01 -9.67466E-01  9.99681E-01  0.00000E+00  9.98745E-01  7.36198E-01  6.95242E-01  9.05125E-01
 THETA4        9.02379E-01  8.58781E-01  9.99364E-01  7.91290E+00 -9.98910E-01 -9.98508E-01 -9.99378E-01 -9.70889E-01  9.98460E-01  0.00000E+00  9.97732E-01  7.33506E-01  6.92437E-01  9.02919E-01
 THETA5       -9.03110E-01 -8.59027E-01 -9.99919E-01 -9.98910E-01  2.80672E+01  9.99824E-01  9.99126E-01  9.65836E-01 -9.99777E-01  0.00000E+00 -9.98932E-01 -7.35942E-01 -6.96150E-01 -9.05136E-01
 THETA6       -9.07187E-01 -8.63911E-01 -9.99725E-01 -9.98508E-01  9.99824E-01  2.59643E+02  9.99237E-01  9.66867E-01 -9.99994E-01  0.00000E+00 -9.99321E-01 -7.38901E-01 -6.98725E-01 -9.06925E-01
 THETA7       -9.10991E-01 -8.69017E-01 -9.99434E-01 -9.99378E-01  9.99126E-01  9.99237E-01  5.09569E-01  9.73643E-01 -9.99215E-01  0.00000E+00 -9.98375E-01 -7.43420E-01 -6.98505E-01 -9.05767E-01
 THETA8       -8.84241E-01 -8.46079E-01 -9.67466E-01 -9.70889E-01  9.65836E-01  9.66867E-01  9.73643E-01  5.16339E-02 -9.67117E-01  0.00000E+00 -9.66376E-01 -7.52244E-01 -6.39200E-01 -8.76531E-01
 SIGMA(1,1)    9.06732E-01  8.63381E-01  9.99681E-01  9.98460E-01 -9.99777E-01 -9.99994E-01 -9.99215E-01 -9.67117E-01  1.65832E-01  0.00000E+00  9.99386E-01  7.38528E-01  6.98139E-01  9.07016E-01
 SIGMA(2,1)    0.00000E+00  0.00000E+00  0.00000E+00  0.00000E+00  0.00000E+00  0.00000E+00  0.00000E+00  0.00000E+00  0.00000E+00  0.00000E+00  0.00000E+00  0.00000E+00  0.00000E+00  0.00000E+00
 SIGMA(2,2)    9.04683E-01  8.61036E-01  9.98745E-01  9.97732E-01 -9.98932E-01 -9.99321E-01 -9.98375E-01 -9.66376E-01  9.99386E-01  0.00000E+00  3.10873E-01  7.31880E-01  6.99481E-01  9.01282E-01
 OMEGA(1,1)    7.87719E-01  7.85604E-01  7.36198E-01  7.33506E-01 -7.35942E-01 -7.38901E-01 -7.43420E-01 -7.52244E-01  7.38528E-01  0.00000E+00  7.31880E-01  3.65263E-02  7.74353E-01  7.60234E-01
 OMEGA(2,1)    7.73878E-01  7.68979E-01  6.95242E-01  6.92437E-01 -6.96150E-01 -6.98725E-01 -6.98505E-01 -6.39200E-01  6.98139E-01  0.00000E+00  6.99481E-01  7.74353E-01  3.75236E-02  7.13656E-01
 OMEGA(2,2)    8.55827E-01  8.27888E-01  9.05125E-01  9.02919E-01 -9.05136E-01 -9.06925E-01 -9.05767E-01 -8.76531E-01  9.07016E-01  0.00000E+00  9.01282E-01  7.60234E-01  7.13656E-01  8.41303E-02
