TABLE NO.     1: First Order Conditional Estimation with Interaction: Problem=1 Subproblem=0 Superproblem1=0 Iteration1=0 Superproblem2=0 Iteration2=0
 NAME         THETA1       THETA2       THETA3       THETA4       THETA5       THETA6       THETA7       THETA8       SIGMA(1,1)   SIGMA(2,1)   SIGMA(2,2)   OMEGA(1,1)   OMEGA(2,1)   OMEGA(2,2)
 THETA1        9.83957E+02 -6.71893E+03 -2.89699E+04 -7.56039E+06 -4.93526E+06  9.71555E+05  4.69384E+07 -2.25820E+08 -2.41183E+18  0.00000E+00 -1.17056E+08  4.36757E+08  1.23339E+08 -6.77393E+07
 THETA2       -6.71893E+03  4.58801E+04  1.97821E+05  5.16260E+07  3.37004E+07 -6.63425E+06 -3.20518E+08  1.54201E+09  1.64691E+19  0.00000E+00  7.99314E+08 -2.98238E+09 -8.42219E+08  4.62557E+08
 THETA3       -2.89699E+04  1.97821E+05  8.52940E+05  2.22595E+08  1.45305E+08 -2.86048E+07 -1.38197E+09  6.64866E+09  7.10097E+19  0.00000E+00  3.44639E+09 -1.28591E+10 -3.63138E+09  1.99440E+09
 THETA4       -7.56039E+06  5.16260E+07  2.22595E+08  5.80914E+10  3.79208E+10 -7.46509E+09 -3.60659E+11  1.73512E+12  1.85317E+22  0.00000E+00  8.99417E+11 -3.35589E+12 -9.47695E+11  5.20485E+11
 THETA5       -4.93526E+06  3.37004E+07  1.45305E+08  3.79208E+10  2.47545E+10 -4.87303E+09 -2.35431E+11  1.13265E+12  1.20971E+22  0.00000E+00  5.87119E+11 -2.19065E+12 -6.18635E+11  3.39762E+11
 THETA6        9.71555E+05 -6.63425E+06 -2.86048E+07 -7.46509E+09 -4.87303E+09  9.59311E+08  4.63468E+10 -2.22974E+11 -2.38143E+21  0.00000E+00 -1.15581E+11  4.31252E+11  1.21785E+11 -6.68855E+10
 THETA7        4.69384E+07 -3.20518E+08 -1.38197E+09 -3.60659E+11 -2.35431E+11  4.63468E+10  2.23914E+12 -1.07725E+13 -1.15053E+23  0.00000E+00 -5.58400E+12  2.08349E+13  5.88374E+12 -3.23142E+12
 THETA8       -2.25820E+08  1.54201E+09  6.64866E+09  1.73512E+12  1.13265E+12 -2.22974E+11 -1.07725E+13  5.18262E+13  5.53520E+23  0.00000E+00  2.68646E+13 -1.00237E+14 -2.83066E+13  1.55463E+13
 SIGMA(1,1)   -2.41183E+18  1.64691E+19  7.10097E+19  1.85317E+22  1.20971E+22 -2.38143E+21 -1.15053E+23  5.53520E+23  5.91176E+33  0.00000E+00  2.86922E+23 -1.07056E+24 -3.02323E+23  1.66039E+23
 SIGMA(2,1)    0.00000E+00  0.00000E+00  0.00000E+00  0.00000E+00  0.00000E+00  0.00000E+00  0.00000E+00  0.00000E+00  0.00000E+00  0.00000E+00  0.00000E+00  0.00000E+00  0.00000E+00  0.00000E+00
 SIGMA(2,2)   -1.17056E+08  7.99314E+08  3.44639E+09  8.99417E+11  5.87119E+11 -1.15581E+11 -5.58400E+12  2.68646E+13  2.86922E+23  0.00000E+00  1.39255E+13 -5.19585E+13 -1.46730E+13  8.05856E+12
 OMEGA(1,1)    4.36757E+08 -2.98238E+09 -1.28591E+10 -3.35589E+12 -2.19065E+12  4.31252E+11  2.08349E+13 -1.00237E+14 -1.07056E+24  0.00000E+00 -5.19585E+13  1.93867E+14  5.47475E+13 -3.00680E+13
 OMEGA(2,1)    1.23339E+08 -8.42219E+08 -3.63138E+09 -9.47695E+11 -6.18635E+11  1.21785E+11  5.88374E+12 -2.83066E+13 -3.02323E+23  0.00000E+00 -1.46730E+13  5.47475E+13  1.54606E+13 -8.49113E+12
 OMEGA(2,2)   -6.77393E+07  4.62557E+08  1.99440E+09  5.20485E+11  3.39762E+11 -6.68855E+10 -3.23142E+12  1.55463E+13  1.66039E+23  0.00000E+00  8.05856E+12 -3.00680E+13 -8.49113E+12  4.66343E+12
