TABLE NO.     1: First Order Conditional Estimation with Interaction: Problem=1 Subproblem=0 Superproblem1=0 Iteration1=0 Superproblem2=0 Iteration2=0
 NAME         THETA1       THETA2       THETA3       THETA4       THETA5       THETA6       THETA7       THETA8       SIGMA(1,1)   SIGMA(2,1)   SIGMA(2,2)   OMEGA(1,1)   OMEGA(2,1)   OMEGA(2,2)
 THETA1        2.31408E+07  6.73202E+06  3.35423E+06  3.43490E+04 -1.21935E+05 -1.13309E+06 -2.23309E+03 -2.19632E+02  7.23331E+02  0.00000E+00  1.35291E+03  1.38410E+02  1.39690E+02  3.46360E+02
 THETA2        6.73202E+06  1.97914E+06  9.33307E+05  9.55998E+03 -3.39191E+04 -3.15562E+05 -6.22973E+02 -6.14589E+01  2.01423E+02  0.00000E+00  3.76568E+02  4.03690E+01  4.05936E+01  9.79857E+01
 THETA3        3.35423E+06  9.33307E+05  5.95276E+05  6.10124E+03 -2.16532E+04 -2.00270E+05 -3.92931E+02 -3.85416E+01  1.27905E+02  0.00000E+00  2.39551E+02  2.07472E+01  2.01279E+01  5.87517E+01
 THETA4        3.43490E+04  9.55998E+03  6.10124E+03  6.26140E+01 -2.21851E+02 -2.05147E+03 -4.02966E+00 -3.96680E-01  1.31019E+00  0.00000E+00  2.45433E+00  2.12004E-01  2.05599E-01  6.01086E-01
 THETA5       -1.21935E+05 -3.39191E+04 -2.16532E+04 -2.21851E+02  7.87767E+02  7.28617E+03  1.42897E+01  1.39971E+00 -4.65340E+00  0.00000E+00 -8.71601E+00 -7.54480E-01 -7.33172E-01 -2.13730E+00
 THETA6       -1.13309E+06 -3.15562E+05 -2.00270E+05 -2.05147E+03  7.28617E+03  6.74146E+04  1.32205E+02  1.29622E+01 -4.30569E+01  0.00000E+00 -8.06613E+01 -7.00759E+00 -6.80750E+00 -1.98107E+01
 THETA7       -2.23309E+03 -6.22973E+02 -3.92931E+02 -4.02966E+00  1.42897E+01  1.32205E+02  2.59660E-01  2.56175E-02 -8.44365E-02  0.00000E+00 -1.58154E-01 -1.38370E-02 -1.33560E-02 -3.88303E-02
 THETA8       -2.19632E+02 -6.14589E+01 -3.85416E+01 -3.96680E-01  1.39971E+00  1.29622E+01  2.56175E-02  2.66606E-03 -8.28100E-03  0.00000E+00 -1.55119E-02 -1.41873E-03 -1.23844E-03 -3.80763E-03
 SIGMA(1,1)    7.23331E+02  2.01423E+02  1.27905E+02  1.31019E+00 -4.65340E+00 -4.30569E+01 -8.44365E-02 -8.28100E-03  2.75003E-02  0.00000E+00  5.15210E-02  4.47343E-03  4.34424E-03  1.26542E-02
 SIGMA(2,1)    0.00000E+00  0.00000E+00  0.00000E+00  0.00000E+00  0.00000E+00  0.00000E+00  0.00000E+00  0.00000E+00  0.00000E+00  0.00000E+00  0.00000E+00  0.00000E+00  0.00000E+00  0.00000E+00
 SIGMA(2,2)    1.35291E+03  3.76568E+02  2.39551E+02  2.45433E+00 -8.71601E+00 -8.06613E+01 -1.58154E-01 -1.55119E-02  5.15210E-02  0.00000E+00  9.66421E-02  8.31052E-03  8.15950E-03  2.35720E-02
 OMEGA(1,1)    1.38410E+02  4.03690E+01  2.07472E+01  2.12004E-01 -7.54480E-01 -7.00759E+00 -1.38370E-02 -1.41873E-03  4.47343E-03  0.00000E+00  8.31052E-03  1.33417E-03  1.06133E-03  2.33617E-03
 OMEGA(2,1)    1.39690E+02  4.05936E+01  2.01279E+01  2.05599E-01 -7.33172E-01 -6.80750E+00 -1.33560E-02 -1.23844E-03  4.34424E-03  0.00000E+00  8.15950E-03  1.06133E-03  1.40802E-03  2.25292E-03
 OMEGA(2,2)    3.46360E+02  9.79857E+01  5.87517E+01  6.01086E-01 -2.13730E+00 -1.98107E+01 -3.88303E-02 -3.80763E-03  1.26542E-02  0.00000E+00  2.35720E-02  2.33617E-03  2.25292E-03  7.07790E-03
