TABLE NO.     1: First Order Conditional Estimation with Interaction: Problem=1 Subproblem=0 Superproblem1=0 Iteration1=0 Superproblem2=0 Iteration2=0
 NAME         THETA1       THETA2       THETA3       THETA4       THETA5       THETA6       THETA7       THETA8       SIGMA(1,1)   SIGMA(2,1)   SIGMA(2,2)   OMEGA(1,1)   OMEGA(2,1)   OMEGA(2,2)
 THETA1        1.32471E+05  9.99999E-01 -9.99741E-01 -9.99695E-01  9.99771E-01 -9.99794E-01  9.99122E-01  9.99048E-01 -9.99648E-01  0.00000E+00 -9.96307E-01 -9.99395E-01 -9.97660E-01  9.98851E-01
 THETA2        9.99999E-01  4.55150E+04 -9.99730E-01 -9.99683E-01  9.99761E-01 -9.99785E-01  9.99100E-01  9.99028E-01 -9.99636E-01  0.00000E+00 -9.96327E-01 -9.99378E-01 -9.97636E-01  9.98864E-01
 THETA3       -9.99741E-01 -9.99730E-01  2.00275E+03  9.99975E-01 -9.99988E-01  9.99986E-01 -9.99747E-01 -9.99459E-01  9.99976E-01  0.00000E+00  9.95557E-01  9.99908E-01  9.98770E-01 -9.98730E-01
 THETA4       -9.99695E-01 -9.99683E-01  9.99975E-01  3.16684E+01 -9.99944E-01  9.99940E-01 -9.99807E-01 -9.99546E-01  9.99931E-01  0.00000E+00  9.95574E-01  9.99873E-01  9.98752E-01 -9.98704E-01
 THETA5        9.99771E-01  9.99761E-01 -9.99988E-01 -9.99944E-01  3.50123E+01 -9.99999E-01  9.99662E-01  9.99366E-01 -9.99984E-01  0.00000E+00 -9.95518E-01 -9.99903E-01 -9.98758E-01  9.98761E-01
 THETA6       -9.99794E-01 -9.99785E-01  9.99986E-01  9.99940E-01 -9.99999E-01  1.38680E+03 -9.99639E-01 -9.99348E-01  9.99978E-01  0.00000E+00  9.95591E-01  9.99886E-01  9.98715E-01 -9.98780E-01
 THETA7        9.99122E-01  9.99100E-01 -9.99747E-01 -9.99807E-01  9.99662E-01 -9.99639E-01  8.59005E-01  9.99752E-01 -9.99717E-01  0.00000E+00 -9.94935E-01 -9.99782E-01 -9.98923E-01  9.98236E-01
 THETA8        9.99048E-01  9.99028E-01 -9.99459E-01 -9.99546E-01  9.99366E-01 -9.99348E-01  9.99752E-01  3.73341E-01 -9.99375E-01  0.00000E+00 -9.95048E-01 -9.99365E-01 -9.97928E-01  9.98111E-01
 SIGMA(1,1)   -9.99648E-01 -9.99636E-01  9.99976E-01  9.99931E-01 -9.99984E-01  9.99978E-01 -9.99717E-01 -9.99375E-01  1.14696E-09  0.00000E+00  9.95092E-01  9.99963E-01  9.98955E-01 -9.98652E-01
 SIGMA(2,1)    0.00000E+00  0.00000E+00  0.00000E+00  0.00000E+00  0.00000E+00  0.00000E+00  0.00000E+00  0.00000E+00  0.00000E+00  0.00000E+00  0.00000E+00  0.00000E+00  0.00000E+00  0.00000E+00
 SIGMA(2,2)   -9.96307E-01 -9.96327E-01  9.95557E-01  9.95574E-01 -9.95518E-01  9.95591E-01 -9.94935E-01 -9.95048E-01  9.95092E-01  0.00000E+00  2.19139E-01  9.94533E-01  9.92214E-01 -9.95681E-01
 OMEGA(1,1)   -9.99395E-01 -9.99378E-01  9.99908E-01  9.99873E-01 -9.99903E-01  9.99886E-01 -9.99782E-01 -9.99365E-01  9.99963E-01  0.00000E+00  9.94533E-01  2.78340E+00  9.99182E-01 -9.98367E-01
 OMEGA(2,1)   -9.97660E-01 -9.97636E-01  9.98770E-01  9.98752E-01 -9.98758E-01  9.98715E-01 -9.98923E-01 -9.97928E-01  9.98955E-01  0.00000E+00  9.92214E-01  9.99182E-01  6.88810E-01 -9.96585E-01
 OMEGA(2,2)    9.98851E-01  9.98864E-01 -9.98730E-01 -9.98704E-01  9.98761E-01 -9.98780E-01  9.98236E-01  9.98111E-01 -9.98652E-01  0.00000E+00 -9.95681E-01 -9.98367E-01 -9.96585E-01  7.28492E-01
