dmp.txt <- structure(
	.Data = list(
		"coefficients" = list(
			"fixed" = c("GAMMA" = 1.51841992388589, "CMultStdev" = 0.495027616692816, "tvVmax" = 4082.505030719, "tvKm" = 3873.85609563169, "tvV" = 58.3074949966254, "tvKa" = 1.07876512083948, "K12" = 0.415609947899298, "K21" = 1.82811312390902, "K13" = 0.0748420967687882, "K31" = 0.0514068637014189, "dVdWT" = 1.14600829014532, "CEps" = 0.500000313383388)
			, "random" = list("Subject" = matrix(
				as.numeric(c(
					 0.599310438192995,  0.327986093191596,  -0.284537038098327
					,  -0.0119644438878456,  -0.0390853826161193,  0.230144991643114
					,  -0.0713888606382323,  0.00691372168033347,  0.304483924149013
					,  -0.357869571688378,  -0.184212639716514,  -0.271185705883828
					,  0.312832224753718,  0.321058845907648,  0.0836153869456947
					,  -0.00704741321648462,  0.0376301523578911,  -0.51882895784116
					,  0.0813970196078262,  0.22425843017694,  0.141662838020065
					,  0.145304859593279,  -0.105096930765802,  -0.291092929986432
					,  0.0599390835968489,  -0.00326472530038942,  0.200730253012951
					,  -0.65043877026247,  -0.257852467678444,  0.0419710382757885
					,  0.0226611122586273,  0.0324438074026561,  0.19014165402687
					,  0.143200456111592,  0.588919040141716,  -0.10854780848855
					,  0.120092912374154,  0.273692615084255,  0.063243284595637
					,  0.119428553221499,  0.0780616262094142,  0.447347534506416
					,  0.263586665378625,  -0.0662000473581886,  0.244559983608245
					,  -0.00208875973614405,  0.310888002355771,  0.196201392331472
					,  0.20155059023278,  0.2565672920042,  0.0964148529367793
					,  -0.0460603949971503,  0.0580304136010725,  -0.155163745404125
					,  -0.0279524055593033,  0.164452080916777,  0.143814623781368
					,  -0.107607796953888,  0.311407614478773,  0.190741392756962
					,  -0.614029081208404,  0.101154501156275,  0.287840861271232
					,  0.211581420771015,  0.31676052449421,  0.17938502579822
					,  0.323358492667507,  0.302650446079209,  0.234272361930964
					,  -0.11678273493035,  -0.106009653278357,  -0.105926806318119
					,  0.395043751124946,  0.367364981557332,  0.0106900144645289
					,  0.0022587609801349,  -0.0151313508852997,  -0.299368131250397
					,  0.301551657021279,  -0.286433459335404,  0.401010404472875
					,  -0.11595996208277,  0.193393359180127,  0.310580392768959
					,  0.154610490908222,  0.0367604749057141,  0.0885090851083852
					,  -0.764226598425614,  0.00857134302897339,  -0.500722248741184
					,  0.430843367993024,  -0.233724700626953,  0.00223741513817789
					,  -0.36241413089006,  0.51982397637746,  0.0410900267189937
					,  -0.37746669560512,  0.623359445345044,  -0.212755045607827
					,  -0.0792766331084846,  -0.128488758379237,  0.0463358432002713
					,  0.647435265934198,  -0.346934291849157,  0.349685645740849
					,  0.266732559559591,  0.0935646395356592,  0.01816456168449
					,  0.699077366609172,  0.497409338691547,  -0.0596785135811454
					,  -0.152403822046605,  0.115336883490817,  -0.362288051904341
					,  0.141262802811817,  0.290766164051259,  0.663819674749458
					,  0.112990301757431,  -0.509134817706711,  -0.557953862238056
					))
				, nrow = 60, ncol = 2
				, dimnames = list(
					as.character(c( "1", "2", "3", "4", "5", "6", "7", "8", "9", "10"
					  , "11", "12", "13", "14", "15", "16", "17", "18", "19", "20"
					  , "21", "22", "23", "24", "25", "26", "27", "28", "29", "30"
					  , "31", "32", "33", "34", "35", "36", "37", "38", "39", "40"
					  , "41", "42", "43", "44", "45", "46", "47", "48", "49", "50"
					  , "51", "52", "53", "54", "55", "56", "57", "58", "59", "60"))
					, as.character(c("nVmax", "nV"))
					)
				))
			)
		, "logLik" = c(-3345.89)
		, "nObs" = c(480)
		, "nSubj" = c(60)
		, "nParm" = c(15)
		, "returnCode" = c(3)
		, "omega" = matrix(
			as.numeric(c(0.311261420699606, 0.101897857297599, 0.101897857297599, 0.319864836701653))
			, nrow = 2, ncol = 2
			, dimnames = list(
				as.character(c("nVmax", "nV"))
				, as.character(c("nVmax", "nV"))
				)
			)
		, "eta" = matrix(
			as.numeric(c(0.0678200000890598, 0.0580029046513296, 0.0534278428835679, 0.108090459561796, 0.231144636285526, 0.328771135536252, 0.585694048107241, 0.418686469395937))
			, nrow = 2, ncol = 4
			, dimnames = list(
				as.character(c("nVmax", "nV"))
				, as.character(c("mean", "var", "sd", "shrinkage"))
				)
			)
		, "eta_shrinkage" = list("Subject" = matrix(
			as.numeric(c(
				 0.333187313814195,  0.781661391398166,  0.844674341349218
				,  0.869043954661638,  0.859616453313996,  0.745476832366317
				,  0.863438771225517,  0.861217248011018,  0.827171080571048
				,  0.811680163790569,  0.849354459502573,  0.833570560166168
				,  0.797392395010812,  0.680020564462601,  0.82598126885107
				,  0.794328342052584,  0.793750198942895,  0.837827126329592
				,  0.857700454281238,  0.712103765061706,  0.866865911437769
				,  0.789396711611205,  0.842908090972783,  0.804825521268679
				,  0.83940790074943,  0.805492500510617,  0.767804027719404
				,  0.589450430338232,  0.80976495087056,  0.666805559387878
				,  0.877145655218792,  0.717708127957265,  0.788793666329019
				,  0.6638645635255,  0.749138686537593,  0.801322035785995
				,  0.603515505849447,  0.858980465586322,  0.797290504922144
				,  0.792557466756529,  0.745986843942804,  0.711739961256255
				,  0.872908288082814,  0.752428204256033,  0.797848320781381
				,  0.820928420243206,  0.78805089649213,  0.803392019168958
				,  0.867350930450173,  0.866894603649881,  0.788243890966712
				,  0.72902810841398,  0.827538922849244,  0.625731959102519
				,  0.864086358557758,  0.873733109987194,  0.862979931887037
				,  0.786880334636714,  0.592379403956769,  0.535274924407266
				,  0.187373948192841,  0.116215350934366,  0.102719910584463
				,  0.0975687611013481,  0.099969788502481,  0.12152937049635
				,  0.0989346415428997,  0.0994657939829446,  0.107042823717939
				,  0.108642295146399,  0.101461658437974,  0.105181728845053
				,  0.112652543989147,  0.13223031965876,  0.106783038365536
				,  0.112670742968013,  0.113488135734291,  0.103817524040893
				,  0.100400963584055,  0.128411660688638,  0.0982210086365008
				,  0.113221249381576,  0.103591419958256,  0.110069968312443
				,  0.104264531795807,  0.111517964172618,  0.117771663627389
				,  0.137441744419198,  0.109626094596158,  0.135672337328896
				,  0.0956981179328516,  0.125914715552868,  0.114776537821174
				,  0.136195819170724,  0.123382867868997,  0.110788685540668
				,  0.145158172929036,  0.0998656292758027,  0.112600908316326
				,  0.112706112539459,  0.12201557935332,  0.130378144365091
				,  0.0968658836108375,  0.119847245240052,  0.112394260565678
				,  0.107966755780395,  0.114046361009069,  0.111431225494725
				,  0.0978701703496621,  0.0980457033707713,  0.114806091726498
				,  0.123439245298769,  0.106853198282107,  0.136179096429087
				,  0.098965291333894,  0.0965604831534128,  0.0987919723905723
				,  0.114210081976128,  0.147493675861991,  0.155469775236836
				))
			, nrow = 60, ncol = 2
			, dimnames = list(
				as.character(c( "1", "2", "3", "4", "5", "6", "7", "8", "9", "10"
				  , "11", "12", "13", "14", "15", "16", "17", "18", "19", "20"
				  , "21", "22", "23", "24", "25", "26", "27", "28", "29", "30"
				  , "31", "32", "33", "34", "35", "36", "37", "38", "39", "40"
				  , "41", "42", "43", "44", "45", "46", "47", "48", "49", "50"
				  , "51", "52", "53", "54", "55", "56", "57", "58", "59", "60"))
				, as.character(c("nVmax_shrinkage", "nV_shrinkage"))
				)
			))
		, "sigma" = matrix(
			as.numeric(c(0.250000313383486))
			, nrow = 1, ncol = 1
			, dimnames = list(
				as.character(c("CEps"))
				, as.character(c("CEps"))
				)
			)
		, "method" = "FOCE-ELS"
		, "varFix" = matrix(
			as.numeric(c(4.81271306164868, 0.0107410911328909, -68145.258348141, -67924.9610507622, 1.91099550806027, 0.0360690290021163, -0.058679576472773, -0.13418736576086, -0.0271770673927842, 0.00118854688072348, -0.334552878399633, 9.50139862317832, 0.0107410911328909, 0.000757625427355681, 63.2341298095193, -3.01751212121871, -0.0745979690679649, -0.003111335008046, -0.0040171420732549, -0.0384531663229435, 8.76638286882047e-005, 8.72264113302781e-006, 0.00126956435134754, -0.00625213773146329, -68145.258348141, 63.2341298095193, 1711107292.493, 1475709758.98433, -159116.331938619, -3885.3617620646, -4178.76240890745, -42719.4020663253, 337.268802188272, -10.4314980784532, 15288.574698499, -217212.928475305, -67924.9610507622, -3.01751212121871, 1475709758.98433, 1316259445.49763, -117072.946173291, -2874.13742454524, -2612.0372395337, -28960.3351956561, 355.208681005419, -15.0241721771136, 11923.9642388458, -193858.001504075, 1.91099550806027, -0.0745979690679649, -159116.331938619, -117072.946173291, 264.275050180785, 4.26866576513097, 4.87255095138907, 48.282331038432, -0.22629645035784, -0.0484095943991553, 0.977771566444483, -16.0341327994664, 0.0360690290021163, -0.003111335008046, -3885.3617620646, -2874.13742454524, 4.26866576513097, 0.102267408513862, 0.112417472612963, 1.10856201646925, -0.00478455926325559, -0.000850008547846707, 0.0348934454667204, 0.0487305807603318, -0.058679576472773, -0.0040171420732549, -4178.76240890745, -2612.0372395337, 4.87255095138907, 0.112417472612963, 0.163337151712023, 1.52212665671028, -0.00276252948147183, -0.000195945110731259, 0.0333907736555441, -0.213274084684009, -0.13418736576086, -0.0384531663229435, -42719.4020663253, -28960.3351956561, 48.282331038432, 1.10856201646925, 1.52212665671028, 14.41062478778, -0.0367573262988447, -0.00484895867046956, 0.322965627636471, -1.51341485249631, -0.0271770673927842, 8.76638286882047e-005, 337.268802188272, 355.208681005419, -0.22629645035784, -0.00478455926325559, -0.00276252948147183, -0.0367573262988447, 0.000611166021865971, 0.00014202297411599, -0.001285448293686, -0.0282006445400647, 0.00118854688072348, 8.72264113302781e-006, -10.4314980784532, -15.0241721771136, -0.0484095943991553, -0.000850008547846707, -0.000195945110731259, -0.00484895867046956, 0.00014202297411599, 0.000106732407599967, 0.000506560561563717, 0.0181847904318523, -0.334552878399633, 0.00126956435134754, 15288.574698499, 11923.9642388458, 0.977771566444483, 0.0348934454667204, 0.0333907736555441, 0.322965627636471, -0.001285448293686, 0.000506560561563717, 0.941783836303755, -0.447052349500621, 9.50139862317832, -0.00625213773146329, -217212.928475305, -193858.001504075, -16.0341327994664, 0.0487305807603318, -0.213274084684009, -1.51341485249631, -0.0282006445400647, 0.0181847904318523, -0.447052349500621, 61.7744424183108))
			, nrow = 12, ncol = 12
			, dimnames = list(
				as.character(c("GAMMA", "CMultStdev", "tvVmax", "tvKm", "tvV", "tvKa", "K12", "K21", "K13", "K31", "dVdWT", "CEps"))
				, as.character(c("GAMMA", "CMultStdev", "tvVmax", "tvKm", "tvV", "tvKa", "K12", "K21", "K13", "K31", "dVdWT", "CEps"))
				)
			)
		, "omegaSE" = matrix(
			as.numeric(c(0.741260963088386, 0.315561842647687, 0.315561842647687, 0.270442006978229))
			, nrow = 2, ncol = 2, byrow = TRUE
			, dimnames = list(
				as.character(c("nVmax", "nV"))
				, as.character(c("nVmax", "nV"))
				)
			)
		, "Covariance" = matrix(
			as.numeric(c(4.8127131, 0.010741091, -68145.258, -67924.961, 1.9109955, 0.036069029, -0.058679576, -0.13418737, -0.027177067, 0.0011885469, -0.33455288, 9.5013986, 0.8417246, 0.30829218, 0.069948389, 0.010741091, 0.00075762543,  63.23413, -3.0175121, -0.074597969, -0.003111335, -0.0040171421, -0.038453166, 8.7663829e-005, 8.7226411e-006, 0.0012695644, -0.0062521377, 0.0019288309, 0.002390415, 0.0027968087, -68145.258,  63.23413, 1.7111073e+009, 1.4757098e+009, -159116.33, -3885.3618, -4178.7624, -42719.402,  337.2688, -10.431498, 15288.575, -217212.93, -2187.861, -720.07499, 1649.5334, -67924.961, -3.0175121, 1.4757098e+009, 1.3162594e+009, -117072.95, -2874.1374, -2612.0372, -28960.335, 355.20868, -15.024172, 11923.964,   -193858, -4941.6042, -2028.2923, 740.47915, 1.9109955, -0.074597969, -159116.33, -117072.95, 264.27505, 4.2686658,  4.872551, 48.282331, -0.22629645, -0.048409594, 0.97777157, -16.034133, -0.96069636, -0.85950713, -2.6002903, 0.036069029, -0.003111335, -3885.3618, -2874.1374, 4.2686658, 0.10226741, 0.11241747,  1.108562, -0.0047845593, -0.00085000855, 0.034893445, 0.048730581, -0.015715601, -0.02305016, -0.058631152, -0.058679576, -0.0040171421, -4178.7624, -2612.0372,  4.872551, 0.11241747, 0.16333715, 1.5221267, -0.0027625295, -0.00019594511, 0.033390774, -0.21327408, -0.065255055, -0.048105923, -0.088232445, -0.13418737, -0.038453166, -42719.402, -28960.335, 48.282331,  1.108562, 1.5221267, 14.410625, -0.036757326, -0.0048489587, 0.32296563, -1.5134149, -0.49242021, -0.38700106, -0.81794146, -0.027177067, 8.7663829e-005,  337.2688, 355.20868, -0.22629645, -0.0047845593, -0.0027625295, -0.036757326, 0.00061116602, 0.00014202297, -0.0012854483, -0.028200645, -0.0068861967, -0.0023731451, 0.0013188426, 0.0011885469, 8.7226411e-006, -10.431498, -15.024172, -0.048409594, -0.00085000855, -0.00019594511, -0.0048489587, 0.00014202297, 0.00010673241, 0.00050656056, 0.01818479, 0.00071443183, -0.00044765728, 0.0003597712, -0.33455288, 0.0012695644, 15288.575, 11923.964, 0.97777157, 0.034893445, 0.033390774, 0.32296563, -0.0012854483, 0.00050656056, 0.94178384, -0.44705235, 0.20910519, -0.058759013, 0.0067415337, 9.5013986, -0.0062521377, -217212.93,   -193858, -16.034133, 0.048730581, -0.21327408, -1.5134149, -0.028200645, 0.01818479, -0.44705235, 61.774442, 2.0305762, -0.52706691, 0.66940784, 0.8417246, 0.0019288309, -2187.861, -4941.6042, -0.96069636, -0.015715601, -0.065255055, -0.49242021, -0.0068861967, 0.00071443183, 0.20910519, 2.0305762, 0.54946782, 0.052928692, 0.062522475, 0.30829218, 0.002390415, -720.07499, -2028.2923, -0.85950713, -0.02305016, -0.048105923, -0.38700106, -0.0023731451, -0.00044765728, -0.058759013, -0.52706691, 0.052928692, 0.099579277, 0.019213669, 0.069948389, 0.0027968087, 1649.5334, 740.47915, -2.6002903, -0.058631152, -0.088232445, -0.81794146, 0.0013188426, 0.0003597712, 0.0067415337, 0.66940784, 0.062522475, 0.019213669, 0.073138879))
			, nrow = 15, ncol = 15
			, dimnames = list(
				as.character(c("GAMMA", "CMultStdev", "tvVmax", "tvKm", "tvV", "tvKa", "K12", "K21", "K13", "K31", "dVdWT", "stdev0", "nVmax-nVmax", "nV-nVmax", "nV-nV"))
				, as.character(c("GAMMA", "CMultStdev", "tvVmax", "tvKm", "tvV", "tvKa", "K12", "K21", "K13", "K31", "dVdWT", "stdev0", "nVmax-nVmax", "nV-nVmax", "nV-nV"))
				)
			)
		, "Correlation" = matrix(
			as.numeric(c(2.1937897, 0.1778796, -0.75093446, -0.85342166, 0.053584181, 0.051412751, -0.066183464, -0.016112957, -0.50110416, 0.052441267, -0.15714269, 0.55104636, 0.51761149, 0.44533111, 0.11789858, 0.1778796, 0.027524996, 0.055537414, -0.0030216976, -0.16671384, -0.35346863, -0.36111658, -0.36801323, 0.12882898, 0.030674153, 0.047528251, -0.028899934, 0.09453568, 0.27520831, 0.37571742, -0.75093446, 0.055537414, 41365.533, 0.98331254, -0.23661815, -0.29371371, -0.24995773, -0.27204775, 0.32980554, -0.024409558, 0.38084895, -0.66810179, -0.071352628, -0.055163857, 0.14745121, -0.85342166, -0.0030216976, 0.98331254,  36280.29, -0.19849872, -0.24772404, -0.17814192, -0.21027683, 0.39603468, -0.040084055, 0.33866811, -0.6798429, -0.18374946, -0.17716393, 0.075468885, 0.053584181, -0.16671384, -0.23661815, -0.19849872, 16.256539, 0.82109885, 0.74162749, 0.78238181, -0.56307994, -0.28824064, 0.06197745, -0.12549111, -0.079723606, -0.1675471, -0.59145212, 0.051412751, -0.35346863, -0.29371371, -0.24772404, 0.82109885, 0.31979276, 0.86980661, 0.91316648, -0.60519274, -0.25728029, 0.11243451, 0.019387801, -0.066296598, -0.22841301, -0.67793124, -0.066183464, -0.36111658, -0.24995773, -0.17814192, 0.74162749, 0.86980661, 0.40414991, 0.99212615, -0.27649344, -0.046929269, 0.085135046, -0.067141522, -0.2178214, -0.37719991, -0.80725673, -0.016112957, -0.36801323, -0.27204775, -0.21027683, 0.78238181, 0.91316648, 0.99212615, 3.7961329, -0.39167234, -0.12363998, 0.087667633, -0.050723845, -0.17499407, -0.32306229, -0.79672174, -0.50110416, 0.12882898, 0.32980554, 0.39603468, -0.56307994, -0.60519274, -0.27649344, -0.39167234, 0.024721772, 0.55607177, -0.053579591, -0.14513596, -0.3757757, -0.3042007, 0.19726008, 0.052441267, 0.030674153, -0.024409558, -0.040084055, -0.28824064, -0.25728029, -0.046929269, -0.12363998, 0.55607177, 0.010331138, 0.050525149, 0.2239524, 0.093291379, -0.13731343, 0.12876686, -0.15714269, 0.047528251, 0.38084895, 0.33866811, 0.06197745, 0.11243451, 0.085135046, 0.087667633, -0.053579591, 0.050525149, 0.97045548, -0.058610894, 0.29068195, -0.19187323, 0.025686737, 0.55104636, -0.028899934, -0.66810179, -0.6798429, -0.12549111, 0.019387801, -0.067141522, -0.050723845, -0.14513596, 0.2239524, -0.058610894, 7.8596719, 0.34853288, -0.21250877, 0.31492869, 0.51761149, 0.09453568, -0.071352628, -0.18374946, -0.079723606, -0.066296598, -0.2178214, -0.17499407, -0.3757757, 0.093291379, 0.29068195, 0.34853288, 0.74126096, 0.22627447, 0.31188241, 0.44533111, 0.27520831, -0.055163857, -0.17716393, -0.1675471, -0.22841301, -0.37719991, -0.32306229, -0.3042007, -0.13731343, -0.19187323, -0.21250877, 0.22627447, 0.31556184, 0.22513949, 0.11789858, 0.37571742, 0.14745121, 0.075468885, -0.59145212, -0.67793124, -0.80725673, -0.79672174, 0.19726008, 0.12876686, 0.025686737, 0.31492869, 0.31188241, 0.22513949, 0.27044201))
			, nrow = 15, ncol = 15
			, dimnames = list(
				as.character(c("GAMMA", "CMultStdev", "tvVmax", "tvKm", "tvV", "tvKa", "K12", "K21", "K13", "K31", "dVdWT", "stdev0", "nVmax-nVmax", "nV-nVmax", "nV-nV"))
				, as.character(c("GAMMA", "CMultStdev", "tvVmax", "tvKm", "tvV", "tvKa", "K12", "K21", "K13", "K31", "dVdWT", "stdev0", "nVmax-nVmax", "nV-nVmax", "nV-nV"))
				)
			)
		, "Inverse" = matrix(
			as.numeric(c(165.40502, 71.214138, -0.01885947, 0.02921019, 0.73146723, -54.330413, -6308.337, 711.86265,  14919.37, 934.13535, 0.63396152,  2.888492, -5.9084674, 36.661638, -2.6780245, 71.214138, 2284.6641, -0.012030135, 0.016780263, -1.665362, -122.79475, -5158.5974, 585.80225, 9581.2183, 2953.5037, -3.9686185, -1.1832574,  26.36798, -46.236816, -70.088923, -0.01885947, -0.012030135, 2.2917731e-006, -3.5074681e-006, -7.613023e-005, 0.0080682637, 0.69553091, -0.078624665, -1.6116417, -0.14598594, -0.00026394999, -0.00037477167, 0.00082356937, -0.0061853068, 1.1275934e-005, 0.02921019, 0.016780263, -3.5074681e-006, 5.3896248e-006, 0.00012446682, -0.011739826, -1.0701264, 0.12094645, 2.4921634, 0.21150203, 0.00031568934, 0.00060841409, -0.0014186361, 0.0095664818, -0.00027565972, 0.73146723, -1.665362, -7.613023e-005, 0.00012446682, 0.021757449, -0.31181286, -23.96087, 2.6764543,  64.53123, -1.9669813, -0.0015994829, 0.037811832, -0.069934696, 0.50655227, -0.20238632, -54.330413, -122.79475, 0.0080682637, -0.011739826, -0.31181286, 189.59854, 2664.0749, -309.0321, -5033.7539, -1233.4608, -3.7699206, -0.77844753, -1.4886729, -13.79878, 1.4827006, -6308.337, -5158.5974, 0.69553091, -1.0701264, -23.96087, 2664.0749, 282690.24, -31853.864, -664847.29, -37300.228, -9.0897817, -43.629102, -252.98684, -100.01822, 270.62108, 711.86265, 585.80225, -0.078624665, 0.12094645, 2.6764543, -309.0321, -31853.864, 3590.3083, 74865.161, 4236.0505, 1.1019087, 5.0105032, 28.040896, 14.188793, -27.135191,  14919.37, 9581.2183, -1.6116417, 2.4921634,  64.53123, -5033.7539, -664847.29, 74865.161, 1586586.1, 65083.502, -17.791144, 113.65234, 640.82405,  333.6496, -666.50609, 934.13535, 2953.5037, -0.14598594, 0.21150203, -1.9669813, -1233.4608, -37300.228, 4236.0505, 65083.502, 41375.595, 44.681761, 5.3534049, -98.516607,  265.5686, 45.976558, 0.63396152, -3.9686185, -0.00026394999, 0.00031568934, -0.0015994829, -3.7699206, -9.0897817, 1.1019087, -17.791144, 44.681761, 1.9561103, 0.00033729008, -0.71806189, 2.9060817, 0.34880349,  2.888492, -1.1832574, -0.00037477167, 0.00060841409, 0.037811832, -0.77844753, -43.629102, 5.0105032, 113.65234, 5.3534049, 0.00033729008, 0.27749297, -0.96959837, 4.2603374, -1.208495, -5.9084674,  26.36798, 0.00082356937, -0.0014186361, -0.069934696, -1.4886729, -252.98684, 28.040896, 640.82405, -98.516607, -0.71806189, -0.96959837, 9.8574455, -15.158888, -1.4263558, 36.661638, -46.236816, -0.0061853068, 0.0095664818, 0.50655227, -13.79878, -100.01822, 14.188793,  333.6496,  265.5686, 2.9060817, 4.2603374, -15.158888, 98.235083, -5.1118814, -2.6780245, -70.088923, 1.1275934e-005, -0.00027565972, -0.20238632, 1.4827006, 270.62108, -27.135191, -666.50609, 45.976558, 0.34880349, -1.208495, -1.4263558, -5.1118814, 63.831956))
			, nrow = 15, ncol = 15
			, dimnames = list(
				as.character(c("GAMMA", "CMultStdev", "tvVmax", "tvKm", "tvV", "tvKa", "K12", "K21", "K13", "K31", "dVdWT", "stdev0", "nVmax-nVmax", "nV-nVmax", "nV-nV"))
				, as.character(c("GAMMA", "CMultStdev", "tvVmax", "tvKm", "tvV", "tvKa", "K12", "K21", "K13", "K31", "dVdWT", "stdev0", "nVmax-nVmax", "nV-nVmax", "nV-nV"))
				)
			)
		, "LLTable" = data.frame(
			id = as.character(c( "1", "2", "3", "4", "5", "6", "7", "8", "9", "10", "11", "12", "13", "14", "15", "16", "17", "18", "19", "20", "21", "22", "23", "24", "25", "26", "27", "28", "29", "30", "31", "32", "33", "34", "35", "36", "37", "38", "39", "40", "41", "42", "43", "44", "45", "46", "47", "48", "49", "50", "51", "52", "53", "54", "55", "56", "57", "58", "59", "60"))
			, "LL" = c(-61.661135, -53.352408, -60.485802, -50.878903, -54.207058, -56.314216, -53.78993, -51.694986, -54.704671, -58.490568, -54.283771, -58.378895, -55.710562, -56.248006, -52.09299, -56.641454, -55.637243, -60.013891, -50.203805, -57.836999, -51.439688, -56.122455, -53.68523, -57.047138, -55.656763, -55.962978, -55.212471, -65.868249, -58.631636, -59.447306, -50.406967, -57.215048, -54.847718, -56.633003, -53.527354, -55.734963, -60.624501, -50.685813, -55.408844, -60.047864, -55.837395, -56.65819, -49.174336, -60.42826, -53.160168, -55.518587, -56.281966, -53.602713, -51.397077, -49.451985, -56.910147, -58.569917, -56.584139, -64.218211, -53.515851, -50.828962, -52.042303, -56.899566, -59.141262, -58.83649)
			) # end of LLTable
		, "residuals" = data.frame(
			  ID1 = as.character(c(  "",   "",   "",   "",   "",   "",   "",   "",   "",   "",   "",   "",   "",   "",   "",   "",   "",   "",   "",   "",   "",   "",   "",   "",   "",   "",   "",   "",   "",   "",   "",   "",   "",   "",   "",   "",   "",   "",   "",   "",   "",   "",   "",   "",   "",   "",   "",   "",   "",   "",   "",   "",   "",   "",   "",   "",   "",   "",   "",   "",   "",   "",   "",   "",   "",   "",   "",   "",   "",   "",   "",   "",   "",   "",   "",   "",   "",   "",   "",   "",   "",   "",   "",   "",   "",   "",   "",   "",   "",   "",   "",   "",   "",   "",   "",   "",   "",   "",   "",   "",   "",   "",   "",   "",   "",   "",   "",   "",   "",   "",   "",   "",   "",   "",   "",   "",   "",   "",   "",   "",   "",   "",   "",   "",   "",   "",   "",   "",   "",   "",   "",   "",   "",   "",   "",   "",   "",   "",   "",   "",   "",   "",   "",   "",   "",   "",   "",   "",   "",   "",   "",   "",   "",   "",   "",   "",   "",   "",   "",   "",   "",   "",   "",   "",   "",   "",   "",   "",   "",   "",   "",   "",   "",   "",   "",   "",   "",   "",   "",   "",   "",   "",   "",   "",   "",   "",   "",   "",   "",   "",   "",   "",   "",   "",   "",   "",   "",   "",   "",   "",   "",   "",   "",   "",   "",   "",   "",   "",   "",   "",   "",   "",   "",   "",   "",   "",   "",   "",   "",   "",   "",   "",   "",   "",   "",   "",   "",   "",   "",   "",   "",   "",   "",   "",   "",   "",   "",   "",   "",   "",   "",   "",   "",   "",   "",   "",   "",   "",   "",   "",   "",   "",   "",   "",   "",   "",   "",   "",   "",   "",   "",   "",   "",   "",   "",   "",   "",   "",   "",   "",   "",   "",   "",   "",   "",   "",   "",   "",   "",   "",   "",   "",   "",   "",   "",   "",   "",   "",   "",   "",   "",   "",   "",   "",   "",   "",   "",   "",   "",   "",   "",   "",   "",   "",   "",   "",   "",   "",   "",   "",   "",   "",   "",   "",   "",   "",   "",   "",   "",   "",   "",   "",   "",   "",   "",   "",   "",   "",   "",   "",   "",   "",   "",   "",   "",   "",   "",   "",   "",   "",   "",   "",   "",   "",   "",   "",   "",   "",   "",   "",   "",   "",   "",   "",   "",   "",   "",   "",   "",   "",   "",   "",   "",   "",   "",   "",   "",   "",   "",   "",   "",   "",   "",   "",   "",   "",   "",   "",   "",   "",   "",   "",   "",   "",   "",   "",   "",   "",   "",   "",   "",   "",   "",   "",   "",   "",   "",   "",   "",   "",   "",   "",   "",   "",   "",   "",   "",   "",   "",   "",   "",   "",   "",   "",   "",   "",   "",   "",   "",   "",   "",   "",   "",   "",   "",   "",   "",   "",   "",   "",   "",   "",   "",   "",   "",   "",   "",   "",   "",   "",   "",   "",   "",   "",   "",   "",   "",   "",   "",   "",   "",   "",   "",   "",   "",   "",   "",   "",   "",   "",   "",   "",   "",   "",   "",   "",   "",   "",   "",   "",   "",   "",   "",   "",   "",   "",   "",   "",   "",   ""))
			, ID2 = as.character(c(  "",   "",   "",   "",   "",   "",   "",   "",   "",   "",   "",   "",   "",   "",   "",   "",   "",   "",   "",   "",   "",   "",   "",   "",   "",   "",   "",   "",   "",   "",   "",   "",   "",   "",   "",   "",   "",   "",   "",   "",   "",   "",   "",   "",   "",   "",   "",   "",   "",   "",   "",   "",   "",   "",   "",   "",   "",   "",   "",   "",   "",   "",   "",   "",   "",   "",   "",   "",   "",   "",   "",   "",   "",   "",   "",   "",   "",   "",   "",   "",   "",   "",   "",   "",   "",   "",   "",   "",   "",   "",   "",   "",   "",   "",   "",   "",   "",   "",   "",   "",   "",   "",   "",   "",   "",   "",   "",   "",   "",   "",   "",   "",   "",   "",   "",   "",   "",   "",   "",   "",   "",   "",   "",   "",   "",   "",   "",   "",   "",   "",   "",   "",   "",   "",   "",   "",   "",   "",   "",   "",   "",   "",   "",   "",   "",   "",   "",   "",   "",   "",   "",   "",   "",   "",   "",   "",   "",   "",   "",   "",   "",   "",   "",   "",   "",   "",   "",   "",   "",   "",   "",   "",   "",   "",   "",   "",   "",   "",   "",   "",   "",   "",   "",   "",   "",   "",   "",   "",   "",   "",   "",   "",   "",   "",   "",   "",   "",   "",   "",   "",   "",   "",   "",   "",   "",   "",   "",   "",   "",   "",   "",   "",   "",   "",   "",   "",   "",   "",   "",   "",   "",   "",   "",   "",   "",   "",   "",   "",   "",   "",   "",   "",   "",   "",   "",   "",   "",   "",   "",   "",   "",   "",   "",   "",   "",   "",   "",   "",   "",   "",   "",   "",   "",   "",   "",   "",   "",   "",   "",   "",   "",   "",   "",   "",   "",   "",   "",   "",   "",   "",   "",   "",   "",   "",   "",   "",   "",   "",   "",   "",   "",   "",   "",   "",   "",   "",   "",   "",   "",   "",   "",   "",   "",   "",   "",   "",   "",   "",   "",   "",   "",   "",   "",   "",   "",   "",   "",   "",   "",   "",   "",   "",   "",   "",   "",   "",   "",   "",   "",   "",   "",   "",   "",   "",   "",   "",   "",   "",   "",   "",   "",   "",   "",   "",   "",   "",   "",   "",   "",   "",   "",   "",   "",   "",   "",   "",   "",   "",   "",   "",   "",   "",   "",   "",   "",   "",   "",   "",   "",   "",   "",   "",   "",   "",   "",   "",   "",   "",   "",   "",   "",   "",   "",   "",   "",   "",   "",   "",   "",   "",   "",   "",   "",   "",   "",   "",   "",   "",   "",   "",   "",   "",   "",   "",   "",   "",   "",   "",   "",   "",   "",   "",   "",   "",   "",   "",   "",   "",   "",   "",   "",   "",   "",   "",   "",   "",   "",   "",   "",   "",   "",   "",   "",   "",   "",   "",   "",   "",   "",   "",   "",   "",   "",   "",   "",   "",   "",   "",   "",   "",   "",   "",   "",   "",   "",   "",   "",   "",   "",   "",   "",   "",   "",   "",   "",   "",   "",   "",   "",   "",   "",   "",   "",   "",   "",   "",   "",   "",   "",   "",   "",   "",   "",   "",   "",   "",   "",   "",   "",   ""))
			, ID3 = as.character(c(  "",   "",   "",   "",   "",   "",   "",   "",   "",   "",   "",   "",   "",   "",   "",   "",   "",   "",   "",   "",   "",   "",   "",   "",   "",   "",   "",   "",   "",   "",   "",   "",   "",   "",   "",   "",   "",   "",   "",   "",   "",   "",   "",   "",   "",   "",   "",   "",   "",   "",   "",   "",   "",   "",   "",   "",   "",   "",   "",   "",   "",   "",   "",   "",   "",   "",   "",   "",   "",   "",   "",   "",   "",   "",   "",   "",   "",   "",   "",   "",   "",   "",   "",   "",   "",   "",   "",   "",   "",   "",   "",   "",   "",   "",   "",   "",   "",   "",   "",   "",   "",   "",   "",   "",   "",   "",   "",   "",   "",   "",   "",   "",   "",   "",   "",   "",   "",   "",   "",   "",   "",   "",   "",   "",   "",   "",   "",   "",   "",   "",   "",   "",   "",   "",   "",   "",   "",   "",   "",   "",   "",   "",   "",   "",   "",   "",   "",   "",   "",   "",   "",   "",   "",   "",   "",   "",   "",   "",   "",   "",   "",   "",   "",   "",   "",   "",   "",   "",   "",   "",   "",   "",   "",   "",   "",   "",   "",   "",   "",   "",   "",   "",   "",   "",   "",   "",   "",   "",   "",   "",   "",   "",   "",   "",   "",   "",   "",   "",   "",   "",   "",   "",   "",   "",   "",   "",   "",   "",   "",   "",   "",   "",   "",   "",   "",   "",   "",   "",   "",   "",   "",   "",   "",   "",   "",   "",   "",   "",   "",   "",   "",   "",   "",   "",   "",   "",   "",   "",   "",   "",   "",   "",   "",   "",   "",   "",   "",   "",   "",   "",   "",   "",   "",   "",   "",   "",   "",   "",   "",   "",   "",   "",   "",   "",   "",   "",   "",   "",   "",   "",   "",   "",   "",   "",   "",   "",   "",   "",   "",   "",   "",   "",   "",   "",   "",   "",   "",   "",   "",   "",   "",   "",   "",   "",   "",   "",   "",   "",   "",   "",   "",   "",   "",   "",   "",   "",   "",   "",   "",   "",   "",   "",   "",   "",   "",   "",   "",   "",   "",   "",   "",   "",   "",   "",   "",   "",   "",   "",   "",   "",   "",   "",   "",   "",   "",   "",   "",   "",   "",   "",   "",   "",   "",   "",   "",   "",   "",   "",   "",   "",   "",   "",   "",   "",   "",   "",   "",   "",   "",   "",   "",   "",   "",   "",   "",   "",   "",   "",   "",   "",   "",   "",   "",   "",   "",   "",   "",   "",   "",   "",   "",   "",   "",   "",   "",   "",   "",   "",   "",   "",   "",   "",   "",   "",   "",   "",   "",   "",   "",   "",   "",   "",   "",   "",   "",   "",   "",   "",   "",   "",   "",   "",   "",   "",   "",   "",   "",   "",   "",   "",   "",   "",   "",   "",   "",   "",   "",   "",   "",   "",   "",   "",   "",   "",   "",   "",   "",   "",   "",   "",   "",   "",   "",   "",   "",   "",   "",   "",   "",   "",   "",   "",   "",   "",   "",   "",   "",   "",   "",   "",   "",   "",   "",   "",   "",   "",   "",   "",   "",   "",   "",   "",   "",   "",   "",   "",   "",   "",   "",   ""))
			, ID4 = as.character(c(  "",   "",   "",   "",   "",   "",   "",   "",   "",   "",   "",   "",   "",   "",   "",   "",   "",   "",   "",   "",   "",   "",   "",   "",   "",   "",   "",   "",   "",   "",   "",   "",   "",   "",   "",   "",   "",   "",   "",   "",   "",   "",   "",   "",   "",   "",   "",   "",   "",   "",   "",   "",   "",   "",   "",   "",   "",   "",   "",   "",   "",   "",   "",   "",   "",   "",   "",   "",   "",   "",   "",   "",   "",   "",   "",   "",   "",   "",   "",   "",   "",   "",   "",   "",   "",   "",   "",   "",   "",   "",   "",   "",   "",   "",   "",   "",   "",   "",   "",   "",   "",   "",   "",   "",   "",   "",   "",   "",   "",   "",   "",   "",   "",   "",   "",   "",   "",   "",   "",   "",   "",   "",   "",   "",   "",   "",   "",   "",   "",   "",   "",   "",   "",   "",   "",   "",   "",   "",   "",   "",   "",   "",   "",   "",   "",   "",   "",   "",   "",   "",   "",   "",   "",   "",   "",   "",   "",   "",   "",   "",   "",   "",   "",   "",   "",   "",   "",   "",   "",   "",   "",   "",   "",   "",   "",   "",   "",   "",   "",   "",   "",   "",   "",   "",   "",   "",   "",   "",   "",   "",   "",   "",   "",   "",   "",   "",   "",   "",   "",   "",   "",   "",   "",   "",   "",   "",   "",   "",   "",   "",   "",   "",   "",   "",   "",   "",   "",   "",   "",   "",   "",   "",   "",   "",   "",   "",   "",   "",   "",   "",   "",   "",   "",   "",   "",   "",   "",   "",   "",   "",   "",   "",   "",   "",   "",   "",   "",   "",   "",   "",   "",   "",   "",   "",   "",   "",   "",   "",   "",   "",   "",   "",   "",   "",   "",   "",   "",   "",   "",   "",   "",   "",   "",   "",   "",   "",   "",   "",   "",   "",   "",   "",   "",   "",   "",   "",   "",   "",   "",   "",   "",   "",   "",   "",   "",   "",   "",   "",   "",   "",   "",   "",   "",   "",   "",   "",   "",   "",   "",   "",   "",   "",   "",   "",   "",   "",   "",   "",   "",   "",   "",   "",   "",   "",   "",   "",   "",   "",   "",   "",   "",   "",   "",   "",   "",   "",   "",   "",   "",   "",   "",   "",   "",   "",   "",   "",   "",   "",   "",   "",   "",   "",   "",   "",   "",   "",   "",   "",   "",   "",   "",   "",   "",   "",   "",   "",   "",   "",   "",   "",   "",   "",   "",   "",   "",   "",   "",   "",   "",   "",   "",   "",   "",   "",   "",   "",   "",   "",   "",   "",   "",   "",   "",   "",   "",   "",   "",   "",   "",   "",   "",   "",   "",   "",   "",   "",   "",   "",   "",   "",   "",   "",   "",   "",   "",   "",   "",   "",   "",   "",   "",   "",   "",   "",   "",   "",   "",   "",   "",   "",   "",   "",   "",   "",   "",   "",   "",   "",   "",   "",   "",   "",   "",   "",   "",   "",   "",   "",   "",   "",   "",   "",   "",   "",   "",   "",   "",   "",   "",   "",   "",   "",   "",   "",   "",   "",   "",   "",   "",   "",   "",   "",   "",   "",   "",   "",   "",   "",   "",   ""))
			, ID5 = as.character(c( "1",  "1",  "1",  "1",  "1",  "1",  "1",  "1",  "2",  "2",  "2",  "2",  "2",  "2",  "2",  "2",  "3",  "3",  "3",  "3",  "3",  "3",  "3",  "3",  "4",  "4",  "4",  "4",  "4",  "4",  "4",  "4",  "5",  "5",  "5",  "5",  "5",  "5",  "5",  "5",  "6",  "6",  "6",  "6",  "6",  "6",  "6",  "6",  "7",  "7",  "7",  "7",  "7",  "7",  "7",  "7",  "8",  "8",  "8",  "8",  "8",  "8",  "8",  "8",  "9",  "9",  "9",  "9",  "9",  "9",  "9",  "9", "10", "10", "10", "10", "10", "10", "10", "10", "11", "11", "11", "11", "11", "11", "11", "11", "12", "12", "12", "12", "12", "12", "12", "12", "13", "13", "13", "13", "13", "13", "13", "13", "14", "14", "14", "14", "14", "14", "14", "14", "15", "15", "15", "15", "15", "15", "15", "15", "16", "16", "16", "16", "16", "16", "16", "16", "17", "17", "17", "17", "17", "17", "17", "17", "18", "18", "18", "18", "18", "18", "18", "18", "19", "19", "19", "19", "19", "19", "19", "19", "20", "20", "20", "20", "20", "20", "20", "20", "21", "21", "21", "21", "21", "21", "21", "21", "22", "22", "22", "22", "22", "22", "22", "22", "23", "23", "23", "23", "23", "23", "23", "23", "24", "24", "24", "24", "24", "24", "24", "24", "25", "25", "25", "25", "25", "25", "25", "25", "26", "26", "26", "26", "26", "26", "26", "26", "27", "27", "27", "27", "27", "27", "27", "27", "28", "28", "28", "28", "28", "28", "28", "28", "29", "29", "29", "29", "29", "29", "29", "29", "30", "30", "30", "30", "30", "30", "30", "30", "31", "31", "31", "31", "31", "31", "31", "31", "32", "32", "32", "32", "32", "32", "32", "32", "33", "33", "33", "33", "33", "33", "33", "33", "34", "34", "34", "34", "34", "34", "34", "34", "35", "35", "35", "35", "35", "35", "35", "35", "36", "36", "36", "36", "36", "36", "36", "36", "37", "37", "37", "37", "37", "37", "37", "37", "38", "38", "38", "38", "38", "38", "38", "38", "39", "39", "39", "39", "39", "39", "39", "39", "40", "40", "40", "40", "40", "40", "40", "40", "41", "41", "41", "41", "41", "41", "41", "41", "42", "42", "42", "42", "42", "42", "42", "42", "43", "43", "43", "43", "43", "43", "43", "43", "44", "44", "44", "44", "44", "44", "44", "44", "45", "45", "45", "45", "45", "45", "45", "45", "46", "46", "46", "46", "46", "46", "46", "46", "47", "47", "47", "47", "47", "47", "47", "47", "48", "48", "48", "48", "48", "48", "48", "48", "49", "49", "49", "49", "49", "49", "49", "49", "50", "50", "50", "50", "50", "50", "50", "50", "51", "51", "51", "51", "51", "51", "51", "51", "52", "52", "52", "52", "52", "52", "52", "52", "53", "53", "53", "53", "53", "53", "53", "53", "54", "54", "54", "54", "54", "54", "54", "54", "55", "55", "55", "55", "55", "55", "55", "55", "56", "56", "56", "56", "56", "56", "56", "56", "57", "57", "57", "57", "57", "57", "57", "57", "58", "58", "58", "58", "58", "58", "58", "58", "59", "59", "59", "59", "59", "59", "59", "59", "60", "60", "60", "60", "60", "60", "60", "60"))
			, IVAR = c(0.64, 1.99, 6.43, 12.03, 22.28, 48.91, 80.15, 138.94, 0.51, 2.49, 6.29, 11.18, 25.51, 43.72, 84.69, 123.55, 0.48, 2, 6.04, 11.31, 22.67, 47.36, 103.04, 108, 0.53, 2.07, 6.67, 11.64, 24.9, 49.3, 90.93, 135.41, 0.56, 2.15, 7.03, 12.69, 21.12, 45.33, 84.94, 114.45, 0.47, 2.01, 5.48, 12.19, 22.48, 57.28, 103.13, 131.43, 0.52, 2.37, 5.63, 11.46, 27.7, 44.98, 94.03, 115.38, 0.48, 1.94, 6.3, 11.79, 22.82, 54.9, 93.96, 117.86, 0.5, 2.15, 5.96, 11.95, 22.42, 46.47, 96.58, 113.14, 0.53, 1.72, 6.19, 10.29, 23.29, 45.53, 89.94, 119.32, 0.41, 2.25, 5.08, 11.46, 21.47, 44.53, 118.28, 120.21, 0.44, 1.7, 6.28, 11.98, 23.25, 43.74, 82.73, 107.77, 0.55, 1.88, 5.22, 14.47, 25.04, 46.87, 106.72, 131.12, 0.47, 2.49, 5.85, 10.41, 23.66, 49.01, 120.92, 121.28, 0.52, 1.98, 5.8, 11.96, 25.97, 59.07, 106.39, 135.41, 0.44, 2.21, 6.13, 10.36, 25.28, 47.24, 111.14, 111.15, 0.48, 1.82, 5.89, 12.49, 22.31, 52.16, 85.08, 108.06, 0.58, 1.81, 6.25, 11.55, 25, 56.83, 112.51, 116.09, 0.4, 2.57, 6.41, 12.67, 23.97, 50.51, 94.43, 125.16, 0.48, 1.74, 6.62, 13.97, 23.27, 42.35, 102.37, 119.46, 0.42, 2, 5.63, 11.6, 21.38, 57.48, 92.87, 102.2, 0.51, 2.05, 5.44, 8.99, 22.51, 50.82, 95.43, 118.83, 0.53, 1.78, 6.7, 11.99, 25.76, 53.23, 98.17, 109.91, 0.56, 1.64, 5.68, 11.7, 23.6, 53.16, 97.32, 124.99, 0.5, 1.95, 6.43, 13.46, 18.87, 50.83, 99.67, 115, 0.55, 1.92, 5.83, 13.07, 28.5, 49.31, 92.03, 106.55, 0.48, 1.82, 5.85, 12.48, 22.04, 62.56, 97.51, 134.36, 0.4, 2.15, 5.26, 13.16, 24.97, 46.08, 109.59, 111.87, 0.47, 1.81, 5.61, 13.19, 25.06, 53.08, 92.33, 124.6, 0.51, 1.73, 7.17, 12.16, 25.91, 52.81, 95.52, 116.39, 0.55, 1.8, 7.31, 11.55, 28.32, 55.84, 96.8, 127, 0.45, 2.07, 6.66, 12.12, 22.93, 44.95, 95.66, 133.54, 0.48, 1.98, 5.27, 12.61, 27.35, 55.75, 99.54, 104.15, 0.52, 2.09, 5.79, 12.21, 22.01, 51.37, 92.91, 102.57, 0.48, 2.29, 5.8, 12.91, 26.38, 48.02, 92.68, 113.81, 0.54, 1.8, 6.15, 11.66, 19.14, 41.69, 105.21, 117.73, 0.54, 2.42, 6.95, 12.84, 24.93, 47.08, 112.41, 127.37, 0.44, 1.97, 4.95, 11.77, 18.52, 54.74, 90.09, 114.95, 0.49, 2.13, 6.42, 12.7, 22.66, 41.88, 92.34, 123.38, 0.46, 1.99, 5.34, 11.99, 24.31, 47.3, 94.44, 143.14, 0.54, 2.24, 5.47, 12.2, 26.94, 47.73, 77.59, 124.21, 0.41, 1.84, 6.85, 12.76, 26.77, 49.49, 94.95, 109.41, 0.59, 2.01, 5.59, 13.08, 26.72, 58.02, 90.38, 115.4, 0.48, 1.93, 5.78, 11.65, 27.72, 44.77, 92.34, 128.09, 0.56, 1.85, 5.7, 12.65, 26.57, 46.81, 83.21, 142.37, 0.58, 1.86, 5.96, 10.06, 25.41, 56.4, 81.5, 111, 0.47, 1.87, 4.9, 12.62, 20.59, 47.88, 101.86, 117.65, 0.55, 1.99, 5.62, 12.8, 22.98, 57.31, 95.82, 130.68, 0.51, 1.48, 5.23, 11.5, 24.58, 37.98, 105.69, 112.96, 0.46, 1.71, 5.19, 12.07, 25.25, 38.92, 86.83, 126.6, 0.48, 2.48, 6.8, 12.74, 24.01, 49.36, 89.46, 127.78, 0.58, 2.23, 5.53, 10.21, 23.74, 50.16, 105.18, 109.89, 0.52, 2.05, 6.76, 11.97, 23.16, 42.8, 91.16, 115.73, 0.63, 2.55, 5.9, 10.81, 19.7, 50.54, 86.08, 150.8, 0.46, 2.02, 8.78, 10.74, 24.75, 42.97, 99.4, 109.97, 0.5, 1.94, 5.33, 12.01, 26.5, 56.29, 83.69, 117.04, 0.56, 1.79, 4.66, 10.93, 21.79, 48.23, 92.2, 122.81, 0.48, 2.08, 5.78, 13.52, 22.29, 49.42, 87.87, 122.52, 0.5, 1.69, 5.91, 13.5, 25.69, 48.69, 85.21, 134.88, 0.5, 1.91, 7.07, 11.11, 24.74, 54.56, 101.96, 116.37)
