TABLE NO.     1: First Order Conditional Estimation with Interaction: Problem=1 Subproblem=0 Superproblem1=0 Iteration1=0 Superproblem2=0 Iteration2=0
 NAME         THETA1       THETA2       THETA3       THETA4       THETA5       THETA6       THETA7       THETA8       THETA9       SIGMA(1,1)   SIGMA(2,1)   SIGMA(2,2)   OMEGA(1,1)   OMEGA(2,1)   OMEGA(2,2)   OMEGA(3,1)   OMEGA(3,2)   OMEGA(3,3)
 THETA1        1.69134E+03  9.97435E-01  9.37706E-01 -8.88318E-01  9.36432E-01  9.07563E-01 -9.10556E-01  6.33111E-01 -7.10546E-01 -8.43350E-01  0.00000E+00 -9.19370E-01 -9.08781E-01  9.58234E-01  7.40337E-01  9.32960E-01  7.26114E-01  3.18154E-01
 THETA2        9.97435E-01  5.71976E+02  9.47503E-01 -8.96935E-01  9.46192E-01  9.19044E-01 -9.21561E-01  6.26847E-01 -7.51377E-01 -8.40797E-01  0.00000E+00 -9.24989E-01 -9.16538E-01  9.60599E-01  7.56671E-01  9.31401E-01  7.26735E-01  3.23179E-01
 THETA3        9.37706E-01  9.47503E-01  1.12971E+03 -9.71480E-01  9.99937E-01  9.86970E-01 -9.81830E-01  7.83044E-01 -7.28318E-01 -9.23440E-01  0.00000E+00 -9.90342E-01 -8.05042E-01  8.64565E-01  6.24739E-01  9.63008E-01  8.47515E-01  3.17716E-01
 THETA4       -8.88318E-01 -8.96935E-01 -9.71480E-01  7.42122E-01 -9.74025E-01 -9.88341E-01  9.90294E-01 -8.74199E-01  6.77860E-01  9.22010E-01  0.00000E+00  9.73331E-01  7.51587E-01 -8.18202E-01 -5.63220E-01 -9.44376E-01 -8.56211E-01 -2.60640E-01
 THETA5        9.36432E-01  9.46192E-01  9.99937E-01 -9.74025E-01  1.46054E+01  9.88436E-01 -9.83305E-01  7.88631E-01 -7.26744E-01 -9.24491E-01  0.00000E+00 -9.90787E-01 -8.03394E-01  8.63312E-01  6.22516E-01  9.63258E-01  8.49221E-01  3.16118E-01
 THETA6        9.07563E-01  9.19044E-01  9.86970E-01 -9.88341E-01  9.88436E-01  1.65861E+00 -9.80200E-01  8.40548E-01 -7.17030E-01 -9.21318E-01  0.00000E+00 -9.82325E-01 -7.78893E-01  8.38953E-01  5.99666E-01  9.48294E-01  8.59230E-01  3.19147E-01
 THETA7       -9.10556E-01 -9.21561E-01 -9.81830E-01  9.90294E-01 -9.83305E-01 -9.80200E-01  3.83957E-01 -8.08846E-01  7.35866E-01  9.06880E-01  0.00000E+00  9.73901E-01  7.92036E-01 -8.50585E-01 -6.14693E-01 -9.46983E-01 -8.31476E-01 -2.52069E-01
 THETA8        6.33111E-01  6.26847E-01  7.83044E-01 -8.74199E-01  7.88631E-01  8.40548E-01 -8.08846E-01  2.10943E-01 -2.78030E-01 -8.59565E-01  0.00000E+00 -8.28840E-01 -4.02745E-01  5.06067E-01  1.78719E-01  7.96445E-01  8.47252E-01  1.95471E-01
 THETA9       -7.10546E-01 -7.51377E-01 -7.28318E-01  6.77860E-01 -7.26744E-01 -7.17030E-01  7.35866E-01 -2.78030E-01  1.87097E-02  4.97232E-01  0.00000E+00  6.58181E-01  8.25527E-01 -7.82872E-01 -8.26731E-01 -6.11562E-01 -4.28739E-01 -2.51409E-01
 SIGMA(1,1)   -8.43350E-01 -8.40797E-01 -9.23440E-01  9.22010E-01 -9.24491E-01 -9.21318E-01  9.06880E-01 -8.59565E-01  4.97232E-01  3.31019E-05  0.00000E+00  9.67560E-01  5.92411E-01 -6.94581E-01 -3.53939E-01 -9.62603E-01 -9.42510E-01 -1.73047E-01
 SIGMA(2,1)    0.00000E+00  0.00000E+00  0.00000E+00  0.00000E+00  0.00000E+00  0.00000E+00  0.00000E+00  0.00000E+00  0.00000E+00  0.00000E+00  0.00000E+00  0.00000E+00  0.00000E+00  0.00000E+00  0.00000E+00  0.00000E+00  0.00000E+00  0.00000E+00
 SIGMA(2,2)   -9.19370E-01 -9.24989E-01 -9.90342E-01  9.73331E-01 -9.90787E-01 -9.82325E-01  9.73901E-01 -8.28840E-01  6.58181E-01  9.67560E-01  0.00000E+00  1.41409E-02  7.42868E-01 -8.18431E-01 -5.39047E-01 -9.79738E-01 -8.96855E-01 -2.69111E-01
 OMEGA(1,1)   -9.08781E-01 -9.16538E-01 -8.05042E-01  7.51587E-01 -8.03394E-01 -7.78893E-01  7.92036E-01 -4.02745E-01  8.25527E-01  5.92411E-01  0.00000E+00  7.42868E-01  7.34439E-02 -9.82722E-01 -9.44289E-01 -7.35040E-01 -4.42166E-01 -3.34635E-01
 OMEGA(2,1)    9.58234E-01  9.60599E-01  8.64565E-01 -8.18202E-01  8.63312E-01  8.38953E-01 -8.50585E-01  5.06067E-01 -7.82872E-01 -6.94581E-01  0.00000E+00 -8.18431E-01 -9.82722E-01  8.97526E-02  8.67096E-01  8.23650E-01  5.58356E-01  3.26657E-01
 OMEGA(2,2)    7.40337E-01  7.56671E-01  6.24739E-01 -5.63220E-01  6.22516E-01  5.99666E-01 -6.14693E-01  1.78719E-01 -8.26731E-01 -3.53939E-01  0.00000E+00 -5.39047E-01 -9.44289E-01  8.67096E-01  4.01089E-01  5.09445E-01  1.90998E-01  3.19640E-01
 OMEGA(3,1)    9.32960E-01  9.31401E-01  9.63008E-01 -9.44376E-01  9.63258E-01  9.48294E-01 -9.46983E-01  7.96445E-01 -6.11562E-01 -9.62603E-01  0.00000E+00 -9.79738E-01 -7.35040E-01  8.23650E-01  5.09445E-01  1.17277E-01  8.88924E-01  2.00084E-01
 OMEGA(3,2)    7.26114E-01  7.26735E-01  8.47515E-01 -8.56211E-01  8.49221E-01  8.59230E-01 -8.31476E-01  8.47252E-01 -4.28739E-01 -9.42510E-01  0.00000E+00 -8.96855E-01 -4.42166E-01  5.58356E-01  1.90998E-01  8.88924E-01  1.25057E-01  2.05051E-01
 OMEGA(3,3)    3.18154E-01  3.23179E-01  3.17716E-01 -2.60640E-01  3.16118E-01  3.19147E-01 -2.52069E-01  1.95471E-01 -2.51409E-01 -1.73047E-01  0.00000E+00 -2.69111E-01 -3.34635E-01  3.26657E-01  3.19640E-01  2.00084E-01  2.05051E-01  4.52287E-02
