TABLE NO.     1: First Order Conditional Estimation with Interaction: Problem=1 Subproblem=0 Superproblem1=0 Iteration1=0 Superproblem2=0 Iteration2=0
 NAME         THETA1       THETA2       THETA3       THETA4       THETA5       THETA6       THETA7       THETA8       THETA9       SIGMA(1,1)   SIGMA(2,1)   SIGMA(2,2)   OMEGA(1,1)   OMEGA(2,1)   OMEGA(2,2)   OMEGA(3,1)   OMEGA(3,2)   OMEGA(3,3)
 THETA1        1.08215E+06 -5.11066E+06 -2.27821E+07 -5.04241E+09  1.88164E+09 -7.07012E+07  6.73821E+09 -9.55606E+09  2.87515E+10  5.84234E+12  0.00000E+00 -3.52953E+10  4.83897E+10  2.55245E+10  3.34483E+09  1.95047E+08  4.91702E+07  1.79369E+07
 THETA2       -5.11066E+06  2.41362E+07  1.07594E+08  2.38140E+10 -8.88655E+09  3.33899E+08 -3.18228E+10  4.51307E+10 -1.35786E+11 -2.75772E+13  0.00000E+00  1.66599E+11 -2.28409E+11 -1.20480E+11 -1.57882E+10 -9.20658E+08 -2.32092E+08 -8.46660E+07
 THETA3       -2.27821E+07  1.07594E+08  4.79631E+08  1.06158E+11 -3.96145E+10  1.48844E+09 -1.41859E+11  2.01183E+11 -6.05308E+11 -1.22890E+14  0.00000E+00  7.42392E+11 -1.01783E+12 -5.36882E+11 -7.03551E+10 -4.10261E+09 -1.03425E+09 -3.77288E+08
 THETA4       -5.04241E+09  2.38140E+10  1.06158E+11  2.34961E+13 -8.76796E+12  3.29439E+11 -3.13979E+13  4.45283E+13 -1.33974E+14 -2.71984E+16  0.00000E+00  1.64308E+14 -2.25269E+14 -1.18824E+14 -1.55712E+13 -9.07999E+11 -2.28902E+11 -8.35023E+10
 THETA5        1.88164E+09 -8.88655E+09 -3.96145E+10 -8.76796E+12  3.27194E+12 -1.22934E+11  1.17166E+13 -1.66165E+13  4.99951E+13  1.01421E+16  0.00000E+00 -6.12680E+13  8.40002E+13  4.43082E+13  5.80631E+12  3.38582E+11  8.53549E+10  3.11372E+10
 THETA6       -7.07012E+07  3.33899E+08  1.48844E+09  3.29439E+11 -1.22934E+11  4.61922E+09 -4.40232E+11  6.24332E+11 -1.87843E+12 -3.81897E+14  0.00000E+00  2.30719E+12 -3.16313E+12 -1.66848E+12 -2.18644E+11 -1.27498E+10 -3.21414E+09 -1.17250E+09
 THETA7        6.73821E+09 -3.18228E+10 -1.41859E+11 -3.13979E+13  1.17166E+13 -4.40232E+11  4.19572E+13 -5.95033E+13  1.79030E+14  3.63504E+16  0.00000E+00 -2.19597E+14  3.01071E+14  1.58808E+14  2.08108E+13  1.21354E+12  3.05926E+11  1.11600E+11
 THETA8       -9.55606E+09  4.51307E+10  2.01183E+11  4.45283E+13 -1.66165E+13  6.24332E+11 -5.95033E+13  8.43871E+13 -2.53899E+14 -5.15444E+16  0.00000E+00  3.11385E+14 -4.26913E+14 -2.25187E+14 -2.95093E+13 -1.72077E+12 -4.33798E+11 -1.58248E+11
 THETA9        2.87515E+10 -1.35786E+11 -6.05308E+11 -1.33974E+14  4.99951E+13 -1.87843E+12  1.79030E+14 -2.53899E+14  7.63922E+14  1.54987E+17  0.00000E+00 -9.36268E+14  1.28365E+15  6.77096E+14  8.87291E+13  5.17403E+12  1.30435E+12  4.75823E+11
 SIGMA(1,1)    5.84234E+12 -2.75772E+13 -1.22890E+14 -2.71984E+16  1.01421E+16 -3.81897E+14  3.63504E+16 -5.15444E+16  1.54987E+17  3.35549E+19  0.00000E+00 -2.03147E+17  2.78291E+17  1.46793E+17  1.92364E+16  1.12211E+15  2.82793E+14  1.03116E+14
 SIGMA(2,1)    0.00000E+00  0.00000E+00  0.00000E+00  0.00000E+00  0.00000E+00  0.00000E+00  0.00000E+00  0.00000E+00  0.00000E+00  0.00000E+00  0.00000E+00  0.00000E+00  0.00000E+00  0.00000E+00  0.00000E+00  0.00000E+00  0.00000E+00  0.00000E+00
 SIGMA(2,2)   -3.52953E+10  1.66599E+11  7.42392E+11  1.64308E+14 -6.12680E+13  2.30719E+12 -2.19597E+14  3.11385E+14 -9.36268E+14 -2.03147E+17  0.00000E+00  1.22997E+15 -1.68488E+15 -8.88736E+14 -1.16464E+14 -6.79370E+12 -1.71213E+12 -6.24296E+11
 OMEGA(1,1)    4.83897E+10 -2.28409E+11 -1.01783E+12 -2.25269E+14  8.40002E+13 -3.16313E+12  3.01071E+14 -4.26913E+14  1.28365E+15  2.78291E+17  0.00000E+00 -1.68488E+15  2.30868E+15  1.21778E+15  1.59584E+14  9.30946E+12  2.34619E+12  8.55250E+11
 OMEGA(2,1)    2.55245E+10 -1.20480E+11 -5.36882E+11 -1.18824E+14  4.43082E+13 -1.66848E+12  1.58808E+14 -2.25187E+14  6.77096E+14  1.46793E+17  0.00000E+00 -8.88736E+14  1.21778E+15  6.42353E+14  8.41769E+13  4.91054E+12  1.23757E+12  4.51126E+11
 OMEGA(2,2)    3.34483E+09 -1.57882E+10 -7.03551E+10 -1.55712E+13  5.80631E+12 -2.18644E+11  2.08108E+13 -2.95093E+13  8.87291E+13  1.92364E+16  0.00000E+00 -1.16464E+14  1.59584E+14  8.41769E+13  1.10309E+13  6.43500E+11  1.62177E+11  5.91175E+10
 OMEGA(3,1)    1.95047E+08 -9.20658E+08 -4.10261E+09 -9.07999E+11  3.38582E+11 -1.27498E+10  1.21354E+12 -1.72077E+12  5.17403E+12  1.12211E+15  0.00000E+00 -6.79370E+12  9.30946E+12  4.91054E+12  6.43500E+11  3.75396E+10  9.46085E+09  3.44852E+09
 OMEGA(3,2)    4.91702E+07 -2.32092E+08 -1.03425E+09 -2.28902E+11  8.53549E+10 -3.21414E+09  3.05926E+11 -4.33798E+11  1.30435E+12  2.82793E+14  0.00000E+00 -1.71213E+12  2.34619E+12  1.23757E+12  1.62177E+11  9.46085E+09  2.38436E+09  8.69094E+08
 OMEGA(3,3)    1.79369E+07 -8.46660E+07 -3.77288E+08 -8.35023E+10  3.11372E+10 -1.17250E+09  1.11600E+11 -1.58248E+11  4.75823E+11  1.03116E+14  0.00000E+00 -6.24296E+11  8.55250E+11  4.51126E+11  5.91175E+10  3.44852E+09  8.69094E+08  3.16885E+08
