TABLE NO.     1: First Order Conditional Estimation with Interaction: Problem=1 Subproblem=0 Superproblem1=0 Iteration1=0 Superproblem2=0 Iteration2=0
 NAME         THETA1       THETA2       THETA3       THETA4       THETA5       THETA6       THETA7       THETA8       THETA9       SIGMA(1,1)   SIGMA(2,1)   SIGMA(2,2)   OMEGA(1,1)   OMEGA(2,1)   OMEGA(2,2)   OMEGA(3,1)   OMEGA(3,2)   OMEGA(3,3)
 THETA1        1.50162E+13 -4.99147E+13 -3.72726E+14 -2.20251E+17 -2.42239E+17  3.92868E+15 -2.04373E+15  2.02657E+17  9.20991E+18 -3.67524E+14  0.00000E+00  1.11981E+22  6.84261E+14 -1.17662E+15  4.76464E+14  6.12266E+14 -3.92925E+14  1.63097E+14
 THETA2       -4.99147E+13  1.65920E+14  1.23896E+15  7.32128E+17  8.05216E+17 -1.30592E+16  6.79350E+15 -6.73638E+17 -3.06115E+19  1.22447E+15  0.00000E+00 -3.73084E+22 -2.27602E+15  3.91320E+15 -1.58445E+15 -2.03669E+15  1.30695E+15 -5.42774E+14
 THETA3       -3.72726E+14  1.23896E+15  9.25166E+15  5.46698E+18  6.01276E+18 -9.75161E+16  5.07288E+16 -5.03025E+18 -2.28597E+20  9.13771E+15  0.00000E+00 -2.78418E+23 -1.69980E+16  2.92242E+16 -1.18326E+16 -1.52121E+16  9.76172E+15 -4.05297E+15
 THETA4       -2.20251E+17  7.32128E+17  5.46698E+18  3.23054E+21  3.55305E+21 -5.76241E+19  2.99766E+19 -2.97244E+21 -1.35069E+23  5.40701E+18  0.00000E+00 -1.64747E+26 -1.00444E+19  1.72690E+19 -6.99208E+18 -8.98814E+18  5.76761E+18 -2.39575E+18
 THETA5       -2.42239E+17  8.05216E+17  6.01276E+18  3.55305E+21  3.90775E+21 -6.33768E+19  3.29692E+19 -3.26920E+21 -1.48560E+23  5.94146E+18  0.00000E+00 -1.81031E+26 -1.10459E+19  1.89913E+19 -7.68955E+18 -9.88456E+18  6.34298E+18 -2.63407E+18
 THETA6        3.92868E+15 -1.30592E+16 -9.75161E+16 -5.76241E+19 -6.33768E+19  1.02786E+18 -5.34701E+17  5.30209E+19  2.40954E+21 -9.63091E+16  0.00000E+00  2.93445E+24  1.79177E+17 -3.08051E+17  1.24725E+17  1.60357E+17 -1.02902E+17  4.27220E+16
 THETA7       -2.04373E+15  6.79350E+15  5.07288E+16  2.99766E+19  3.29692E+19 -5.34701E+17  2.78156E+17 -2.75820E+19 -1.25352E+21  5.00852E+16  0.00000E+00 -1.52605E+24 -9.32175E+16  1.60262E+17 -6.48868E+16 -8.34309E+16  5.35380E+16 -2.22245E+16
 THETA8        2.02657E+17 -6.73638E+17 -5.03025E+18 -2.97244E+21 -3.26920E+21  5.30209E+19 -2.75820E+19  2.73565E+21  1.24623E+23 -4.84168E+18  0.00000E+00  1.47522E+26  9.27194E+18 -1.59318E+19  6.44693E+18  8.32394E+18 -5.34282E+18  2.19704E+18
 THETA9        9.20991E+18 -3.06115E+19 -2.28597E+20 -1.35069E+23 -1.48560E+23  2.40954E+21 -1.25352E+21  1.24623E+23  5.82767E+24 -6.91784E+19  0.00000E+00  2.10775E+27  4.41964E+20 -7.53556E+20  3.02225E+20  4.22859E+20 -2.73458E+20  8.85706E+19
 SIGMA(1,1)   -3.67524E+14  1.22447E+15  9.13771E+15  5.40701E+18  5.94146E+18 -9.63091E+16  5.00852E+16 -4.84168E+18 -6.91784E+19  3.44005E+18  0.00000E+00 -1.04816E+26  1.15453E+17 -1.79284E+17  4.88957E+16  5.85896E+17 -4.33761E+17 -3.36196E+17
 SIGMA(2,1)    0.00000E+00  0.00000E+00  0.00000E+00  0.00000E+00  0.00000E+00  0.00000E+00  0.00000E+00  0.00000E+00  0.00000E+00  0.00000E+00  0.00000E+00  0.00000E+00  0.00000E+00  0.00000E+00  0.00000E+00  0.00000E+00  0.00000E+00  0.00000E+00
 SIGMA(2,2)    1.11981E+22 -3.73084E+22 -2.78418E+23 -1.64747E+26 -1.81031E+26  2.93445E+24 -1.52605E+24  1.47522E+26  2.10775E+27 -1.04816E+26  0.00000E+00  3.19368E+33 -3.51783E+24  5.46272E+24 -1.48984E+24 -1.78519E+25  1.32165E+25  1.02437E+25
 OMEGA(1,1)    6.84261E+14 -2.27602E+15 -1.69980E+16 -1.00444E+19 -1.10459E+19  1.79177E+17 -9.32175E+16  9.27194E+18  4.41964E+20  1.15453E+17  0.00000E+00 -3.51783E+24  7.34255E+17 -1.02231E+18  3.33494E+17  9.08933E+17 -5.61973E+17  1.52016E+17
 OMEGA(2,1)   -1.17662E+15  3.91320E+15  2.92242E+16  1.72690E+19  1.89913E+19 -3.08051E+17  1.60262E+17 -1.59318E+19 -7.53556E+20 -1.79284E+17  0.00000E+00  5.46272E+24 -1.02231E+18  1.42706E+18 -4.66921E+17 -1.26517E+18  7.83001E+17 -2.09250E+17
 OMEGA(2,2)    4.76464E+14 -1.58445E+15 -1.18326E+16 -6.99208E+18 -7.68955E+18  1.24725E+17 -6.48868E+16  6.44693E+18  3.02225E+20  4.88957E+16  0.00000E+00 -1.48984E+24  3.33494E+17 -4.66921E+17  1.53381E+17  4.10373E+17 -2.53931E+17  6.90877E+16
 OMEGA(3,1)    6.12266E+14 -2.03669E+15 -1.52121E+16 -8.98814E+18 -9.88456E+18  1.60357E+17 -8.34309E+16  8.32394E+18  4.22859E+20  5.85896E+17  0.00000E+00 -1.78519E+25  9.08933E+17 -1.26517E+18  4.10373E+17  1.18461E+18 -7.41381E+17  1.41910E+17
 OMEGA(3,2)   -3.92925E+14  1.30695E+15  9.76172E+15  5.76761E+18  6.34298E+18 -1.02902E+17  5.35380E+16 -5.34282E+18 -2.73458E+20 -4.33761E+17  0.00000E+00  1.32165E+25 -5.61973E+17  7.83001E+17 -2.53931E+17 -7.41381E+17  4.65457E+17 -8.01656E+16
 OMEGA(3,3)    1.63097E+14 -5.42774E+14 -4.05297E+15 -2.39575E+18 -2.63407E+18  4.27220E+16 -2.22245E+16  2.19704E+18  8.85706E+19 -3.36196E+17  0.00000E+00  1.02437E+25  1.52016E+17 -2.09250E+17  6.90877E+16  1.41910E+17 -8.01656E+16  6.94241E+16
