TABLE NO.     1: First Order Conditional Estimation with Interaction: Problem=1 Subproblem=0 Superproblem1=0 Iteration1=0 Superproblem2=0 Iteration2=0
 NAME         THETA1       THETA2       THETA3       THETA4       THETA5       THETA6       THETA7       THETA8       THETA9       SIGMA(1,1)   SIGMA(2,1)   SIGMA(2,2)   OMEGA(1,1)   OMEGA(2,1)   OMEGA(2,2)   OMEGA(3,1)   OMEGA(3,2)   OMEGA(3,3)
 THETA1        1.12500E+00 -9.51316E-01 -9.93117E-01 -9.44434E-01  9.91045E-01  1.44172E-01  9.89528E-01 -9.84858E-01  9.56940E-01  4.35844E-01  0.00000E+00  4.36617E-01 -5.78847E-01 -6.43614E-01 -7.25832E-01  5.66416E-01  5.44908E-01 -4.57260E-01
 THETA2       -9.51316E-01  8.73535E-01  9.50687E-01  8.25052E-01 -9.83039E-01 -3.43144E-01 -9.84771E-01  9.38306E-01 -8.99691E-01 -5.12413E-01  0.00000E+00 -5.13513E-01  7.27961E-01  7.77027E-01  7.99679E-01 -7.23614E-01 -7.20150E-01  5.43404E-01
 THETA3       -9.93117E-01  9.50687E-01  8.35302E-01  9.58310E-01 -9.84706E-01 -7.44554E-02 -9.86084E-01  9.98170E-01 -9.82961E-01 -3.50895E-01  0.00000E+00 -3.51720E-01  5.22133E-01  5.87843E-01  6.65793E-01 -5.13396E-01 -5.18173E-01  3.73982E-01
 THETA4       -9.44434E-01  8.25052E-01  9.58310E-01  2.21356E-04 -8.99617E-01  1.88028E-01 -9.00168E-01  9.66292E-01 -9.74943E-01 -1.78929E-01  0.00000E+00 -1.79373E-01  2.78977E-01  3.57300E-01  4.90690E-01 -2.65019E-01 -2.69136E-01  1.91099E-01
 THETA5        9.91045E-01 -9.83039E-01 -9.84706E-01 -8.99617E-01  1.39660E-03  2.46549E-01  9.99629E-01 -9.73622E-01  9.38571E-01  4.83785E-01  0.00000E+00  4.84724E-01 -6.62121E-01 -7.19511E-01 -7.72958E-01  6.53308E-01  6.38702E-01 -5.10030E-01
 THETA6        1.44172E-01 -3.43144E-01 -7.44554E-02  1.88028E-01  2.46549E-01  2.12562E-02  2.38457E-01 -2.30439E-02 -9.04287E-02  7.88780E-01  0.00000E+00  7.89668E-01 -8.88813E-01 -8.47990E-01 -7.02775E-01  8.90836E-01  7.98968E-01 -8.13665E-01
 THETA7        9.89528E-01 -9.84771E-01 -9.86084E-01 -9.00168E-01  9.99629E-01  2.38457E-01  3.88150E-02 -9.76191E-01  9.43377E-01  4.67310E-01  0.00000E+00  4.68278E-01 -6.55853E-01 -7.12664E-01 -7.62114E-01  6.48298E-01  6.40799E-01 -4.94414E-01
 THETA8       -9.84858E-01  9.38306E-01  9.98170E-01  9.66292E-01 -9.73622E-01 -2.30439E-02 -9.76191E-01  1.44115E-05 -9.92124E-01 -2.99563E-01  0.00000E+00 -3.00380E-01  4.77354E-01  5.44248E-01  6.24273E-01 -4.69847E-01 -4.86106E-01  3.22493E-01
 THETA9        9.56940E-01 -8.99691E-01 -9.82961E-01 -9.74943E-01  9.38571E-01 -9.04287E-02  9.43377E-01 -9.92124E-01  1.47488E-08  1.88002E-01  0.00000E+00  1.88776E-01 -3.73289E-01 -4.42619E-01 -5.29042E-01  3.67994E-01  4.06452E-01 -2.09858E-01
 SIGMA(1,1)    4.35844E-01 -5.12413E-01 -3.50895E-01 -1.78929E-01  4.83785E-01  7.88780E-01  4.67310E-01 -2.99563E-01  1.88002E-01  6.44733E-01  0.00000E+00  9.99998E-01 -8.36371E-01 -8.55868E-01 -9.19331E-01  7.99356E-01  5.57331E-01 -9.98141E-01
 SIGMA(2,1)    0.00000E+00  0.00000E+00  0.00000E+00  0.00000E+00  0.00000E+00  0.00000E+00  0.00000E+00  0.00000E+00  0.00000E+00  0.00000E+00  0.00000E+00  0.00000E+00  0.00000E+00  0.00000E+00  0.00000E+00  0.00000E+00  0.00000E+00  0.00000E+00
 SIGMA(2,2)    4.36617E-01 -5.13513E-01 -3.51720E-01 -1.79373E-01  4.84724E-01  7.89668E-01  4.68278E-01 -3.00380E-01  1.88776E-01  9.99998E-01  0.00000E+00  2.50313E-08 -8.37509E-01 -8.56918E-01 -9.19824E-01  8.00604E-01  5.59057E-01 -9.98265E-01
 OMEGA(1,1)   -5.78847E-01  7.27961E-01  5.22133E-01  2.78977E-01 -6.62121E-01 -8.88813E-01 -6.55853E-01  4.77354E-01 -3.73289E-01 -8.36371E-01  0.00000E+00 -8.37509E-01  1.29005E-01  9.94374E-01  9.04109E-01 -9.97687E-01 -9.20954E-01  8.68207E-01
 OMEGA(2,1)   -6.43614E-01  7.77027E-01  5.87843E-01  3.57300E-01 -7.19511E-01 -8.47990E-01 -7.12664E-01  5.44248E-01 -4.42619E-01 -8.55868E-01  0.00000E+00 -8.56918E-01  9.94374E-01  7.08507E-02  9.41680E-01 -9.87181E-01 -8.95867E-01  8.85035E-01
 OMEGA(2,2)   -7.25832E-01  7.99679E-01  6.65793E-01  4.90690E-01 -7.72958E-01 -7.02775E-01 -7.62114E-01  6.24273E-01 -5.29042E-01 -9.19331E-01  0.00000E+00 -9.19824E-01  9.04109E-01  9.41680E-01  5.87493E-02 -8.76425E-01 -7.08309E-01  9.32024E-01
 OMEGA(3,1)    5.66416E-01 -7.23614E-01 -5.13396E-01 -2.65019E-01  6.53308E-01  8.90836E-01  6.48298E-01 -4.69847E-01  3.67994E-01  7.99356E-01  0.00000E+00  8.00604E-01 -9.97687E-01 -9.87181E-01 -8.76425E-01  4.69157E-01  9.44392E-01 -8.34494E-01
 OMEGA(3,2)    5.44908E-01 -7.20150E-01 -5.18173E-01 -2.69136E-01  6.38702E-01  7.98968E-01  6.40799E-01 -4.86106E-01  4.06452E-01  5.57331E-01  0.00000E+00  5.59057E-01 -9.20954E-01 -8.95867E-01 -7.08309E-01  9.44392E-01  4.88477E-01 -6.06904E-01
 OMEGA(3,3)   -4.57260E-01  5.43404E-01  3.73982E-01  1.91099E-01 -5.10030E-01 -8.13665E-01 -4.94414E-01  3.22493E-01 -2.09858E-01 -9.98141E-01  0.00000E+00 -9.98265E-01  8.68207E-01  8.85035E-01  9.32024E-01 -8.34494E-01 -6.06904E-01  9.19776E-01
