dmp.txt <- structure(
	.Data = list(
		"coefficients" = list(
			"fixed" = c("GAMMA" = 1.59094109374549, "CMultStdev" = 1.04584567383368, "tvVmax" = 4013.18154206759, "tvKm" = 3984.21816903072, "tvV" = 48.3689148033799, "tvKa" = 1.18577661829173, "K12" = 1.67754896338044, "K21" = 3.48155297311367, "K13" = 0.775178421394401, "K31" = 0.814098399405007, "dVdWT" = 1.0909797905378, "CEps" = 0.514418912538139)
			, "random" = list("Subject" = matrix(
				as.numeric(c(
					 1.08249219603707,  0.305380766227706,  0.480443828311347
					,  -0.362086646529265,  0.437578593979056,  0.62124164793315
					,  0.424935009367098,  0.297098730308079,  0.306394528149671
					,  0.849424114366009,  -0.225613803848053,  0.619750484038338
					,  0.232604025265746,  1.10918025677733,  -0.845842333398598
					,  0.83638789591348,  -0.135561994296315,  0.312813508164837
					,  -0.172620860977189,  0.341687879530804,  0.457678779400334
					,  0.17499335857288,  0.564587582439149,  0.946566916440997
					,  0.762810441684361,  0.282471860579537,  0.124356567551302
					,  -0.0483165628742514,  -0.00177491625184933,  0.37131172357022
					,  -0.29656713054961,  0.513991975741868,  -0.699334888673774
					,  0.405298823473231,  0.424909718942711,  1.20689849310275
					,  -0.190874823461295,  -0.418628212726695,  0.35281423385556
					,  0.574333316043721,  0.152960219997931,  0.169029288855937
					,  0.278150493357604,  0.34440746812742,  0.806289882869855
					,  0.911642296267818,  0.107962801410783,  0.474124494843437
					,  1.04437362847432,  0.149789163381595,  -0.105038983124209
					,  0.517530606158686,  -0.147109933298854,  -0.802914558689157
					,  0.0706463913600785,  0.0941224350269974,  1.04797200227464
					,  0.291898992678236,  -0.533116001515741,  0.712022282750064
					))
				, nrow = 60, ncol = 1
				, dimnames = list(
					as.character(c( "1", "2", "3", "4", "5", "6", "7", "8", "9", "10"
					  , "11", "12", "13", "14", "15", "16", "17", "18", "19", "20"
					  , "21", "22", "23", "24", "25", "26", "27", "28", "29", "30"
					  , "31", "32", "33", "34", "35", "36", "37", "38", "39", "40"
					  , "41", "42", "43", "44", "45", "46", "47", "48", "49", "50"
					  , "51", "52", "53", "54", "55", "56", "57", "58", "59", "60"))
					, as.character(c("nVmax"))
					)
				))
			)
		, "logLik" = c(-3491.45)
		, "nObs" = c(480)
		, "nSubj" = c(60)
		, "nParm" = c(13)
		, "returnCode" = c(3)
		, "omega" = matrix(
			as.numeric(c(0.54832001435217))
			, nrow = 1, ncol = 1
			, dimnames = list(
				as.character(c("nVmax"))
				, as.character(c("nVmax"))
				)
			)
		, "eta" = matrix(
			as.numeric(c(0.293465967556481, 0.218528361614143, 0.467470171897783, 0.368698450009535))
			, nrow = 1, ncol = 4
			, dimnames = list(
				as.character(c("nVmax"))
				, as.character(c("mean", "var", "sd", "shrinkage"))
				)
			)
		, "eta_shrinkage" = list("Subject" = matrix(
			as.numeric(c(
				 0.665783521211586,  0.913036784236141,  0.814038981568225
				,  0.987013442216633,  0.904494234840232,  0.761117368908202
				,  0.908859307768004,  0.932600976218362,  0.928305514910504
				,  0.769688410147104,  0.981944022657799,  0.882414694117465
				,  0.869020884675863,  0.481490802316665,  0.992190365683416
				,  0.785077179897695,  0.954370022119941,  0.933563196533608
				,  0.97091361451315,  0.922302011664905,  0.925077302095449
				,  0.947214435808529,  0.858839926006524,  0.555573657296276
				,  0.856586359819944,  0.904198394012097,  0.909729273988613
				,  0.875540403251364,  0.918281573176052,  0.909627622328111
				,  0.982452755501451,  0.85446700653449,  0.985905527306896
				,  0.887847706402168,  0.78231221173391,  0.652606937334665
				,  0.9392368345029,  0.970047984695048,  0.94199577474326
				,  0.892225922066873,  0.918123355298996,  0.909433202855953
				,  0.933010973257986,  0.919687646065132,  0.73500297369905
				,  0.713981128444797,  0.939682294861724,  0.906994442679082
				,  0.732072707960852,  0.954235248341235,  0.958567861305357
				,  0.818816663288037,  0.962822761698401,  0.968669908202552
				,  0.970962533974389,  0.977862113828212,  0.702904125241927
				,  0.840631293447503,  0.982438379030313,  0.805232960568707
				))
			, nrow = 60, ncol = 1
			, dimnames = list(
				as.character(c( "1", "2", "3", "4", "5", "6", "7", "8", "9", "10"
				  , "11", "12", "13", "14", "15", "16", "17", "18", "19", "20"
				  , "21", "22", "23", "24", "25", "26", "27", "28", "29", "30"
				  , "31", "32", "33", "34", "35", "36", "37", "38", "39", "40"
				  , "41", "42", "43", "44", "45", "46", "47", "48", "49", "50"
				  , "51", "52", "53", "54", "55", "56", "57", "58", "59", "60"))
				, as.character(c("nVmax_shrinkage"))
				)
			))
		, "sigma" = matrix(
			as.numeric(c(0.264626817576921))
			, nrow = 1, ncol = 1
			, dimnames = list(
				as.character(c("CEps"))
				, as.character(c("CEps"))
				)
			)
		, "method" = "FOCE-ELS"
		, "varFix" = matrix(
			as.numeric(c(1.40937803665473, 0.0607156450404802, 6072.82188384795, -2386.15796481498, 4.47471688758043, 0.0843959381549756, -0.0104956842665597, 0.189763918980183, -0.0545890527180248, 0.163738813617721, 0.126386216773422, 0.180676967879923, 0.0607156450404802, 0.0560675573849629, 56.0522315261874, 112.691685844428, -4.72142501027668, -0.17450122507951, -0.00468317110702689, -0.949617117389707, 0.209600664425157, -0.00603476223570994, -0.035917176617537, 0.129922665597278, 6072.82188384795, 56.0522315261874, 226209301.900628, 115412935.481825, -123391.014559627, -3070.18088053366, 41.4051891862564, -13479.2005169141, 3085.79343081854, -1156.3533974361, 1249.08242698195, 10440.4432324313, -2386.15796481498, 112.691685844428, 115412935.481825, 90117842.5624805, -106634.677583252, -2829.0490799881, 21.680064074807, -12907.2178751322, 2932.36972793826, -1343.8860955749, -412.996554229244, 6509.72739677104, 4.47471688758043, -4.72142501027668, -123391.014559627, -106634.677583252, 4003.15714999456, 118.257263915927, -1.03834759715345, 463.992227955211, -105.695529673669, 44.7378385754607, 1.3671664144685, -46.8351374105359, 0.0843959381549756, -0.17450122507951, -3070.18088053366, -2829.0490799881, 118.257263915927, 3.60382647196757, -0.0264601806052136, 13.4559103287204, -3.05815233558829, 1.41973470573655, 0.0743051272925792, -1.54100768745697, -0.0104956842665597, -0.00468317110702689, 41.4051891862564, 21.680064074807, -1.03834759715345, -0.0264601806052136, 0.00122392495242641, -0.0787037119454943, 0.0190335749702568, -0.0174022849336646, 0.00483536442877569, 0.000839809494773924, 0.189763918980183, -0.949617117389707, -13479.2005169141, -12907.2178751322, 463.992227955211, 13.4559103287204, -0.0787037119454943, 65.4153718589039, -14.8895933033816, 2.65677952384817, 0.478075731898203, -5.31618359433245, -0.0545890527180248, 0.209600664425157, 3085.79343081854, 2932.36972793826, -105.695529673669, -3.05815233558829, 0.0190335749702568, -14.8895933033816, 3.39055214052231, -0.602388885262755, -0.10261735909505, 1.19506122576243, 0.163738813617721, -0.00603476223570994, -1156.3533974361, -1343.8860955749, 44.7378385754607, 1.41973470573655, -0.0174022849336646, 2.65677952384817, -0.602388885262755, 1.12490161537144, -0.0137133668944342, -0.617447557776435, 0.126386216773422, -0.035917176617537, 1249.08242698195, -412.996554229244, 1.3671664144685, 0.0743051272925792, 0.00483536442877569, 0.478075731898203, -0.10261735909505, -0.0137133668944342, 0.109316245305714, -0.131014797312796, 0.180676967879923, 0.129922665597278, 10440.4432324313, 6509.72739677104, -46.8351374105359, -1.54100768745697, 0.000839809494773924, -5.31618359433245, 1.19506122576243, -0.617447557776435, -0.131014797312796, 4.32542476402298))
			, nrow = 12, ncol = 12
			, dimnames = list(
				as.character(c("GAMMA", "CMultStdev", "tvVmax", "tvKm", "tvV", "tvKa", "K12", "K21", "K13", "K31", "dVdWT", "CEps"))
				, as.character(c("GAMMA", "CMultStdev", "tvVmax", "tvKm", "tvV", "tvKa", "K12", "K21", "K13", "K31", "dVdWT", "CEps"))
				)
			)
		, "omegaSE" = matrix(
			as.numeric(c(1.13189586779941))
			, nrow = 1, ncol = 1, byrow = TRUE
			, dimnames = list(
				as.character(c("nVmax"))
				, as.character(c("nVmax"))
				)
			)
		, "Covariance" = matrix(
			as.numeric(c( 1.409378, 0.060715645, 6072.8219, -2386.158, 4.4747169, 0.084395938, -0.010495684, 0.18976392, -0.054589053, 0.16373881, 0.12638622, 0.18067697, 0.21410113, 0.060715645, 0.056067557, 56.052232, 112.69169, -4.721425, -0.17450123, -0.0046831711, -0.94961712, 0.20960066, -0.0060347622, -0.035917177, 0.12992267, 0.17959507, 6072.8219, 56.052232, 2.262093e+008, 1.1541294e+008, -123391.01, -3070.1809, 41.405189, -13479.201, 3085.7934, -1156.3534, 1249.0824, 10440.443, -3932.9906, -2386.158, 112.69169, 1.1541294e+008,  90117843, -106634.68, -2829.0491, 21.680064, -12907.218, 2932.3697, -1343.8861, -412.99655, 6509.7274, -859.47086, 4.4747169, -4.721425, -123391.01, -106634.68, 4003.1571, 118.25726, -1.0383476, 463.99223, -105.69553, 44.737839, 1.3671664, -46.835137, -14.504486, 0.084395938, -0.17450123, -3070.1809, -2829.0491, 118.25726, 3.6038265, -0.026460181,  13.45591, -3.0581523, 1.4197347, 0.074305127, -1.5410077, -0.5540409, -0.010495684, -0.0046831711, 41.405189, 21.680064, -1.0383476, -0.026460181, 0.001223925, -0.078703712, 0.019033575, -0.017402285, 0.0048353644, 0.00083980949, -0.018259218, 0.18976392, -0.94961712, -13479.201, -12907.218, 463.99223,  13.45591, -0.078703712, 65.415372, -14.889593, 2.6567795, 0.47807573, -5.3161836, -3.0393152, -0.054589053, 0.20960066, 3085.7934, 2932.3697, -105.69553, -3.0581523, 0.019033575, -14.889593, 3.3905521, -0.60238889, -0.10261736, 1.1950612, 0.6652668, 0.16373881, -0.0060347622, -1156.3534, -1343.8861, 44.737839, 1.4197347, -0.017402285, 2.6567795, -0.60238889, 1.1249016, -0.013713367, -0.61744756, 0.0020581696, 0.12638622, -0.035917177, 1249.0824, -412.99655, 1.3671664, 0.074305127, 0.0048353644, 0.47807573, -0.10261736, -0.013713367, 0.10931625, -0.1310148, -0.21925736, 0.18067697, 0.12992267, 10440.443, 6509.7274, -46.835137, -1.5410077, 0.00083980949, -5.3161836, 1.1950612, -0.61744756, -0.1310148, 4.3254248, 0.3667119, 0.21410113, 0.17959507, -3932.9906, -859.47086, -14.504486, -0.5540409, -0.018259218, -3.0393152, 0.6652668, 0.0020581696, -0.21925736, 0.3667119, 1.2811883))
			, nrow = 13, ncol = 13
			, dimnames = list(
				as.character(c("GAMMA", "CMultStdev", "tvVmax", "tvKm", "tvV", "tvKa", "K12", "K21", "K13", "K31", "dVdWT", "stdev0", "nVmax-nVmax"))
				, as.character(c("GAMMA", "CMultStdev", "tvVmax", "tvKm", "tvV", "tvKa", "K12", "K21", "K13", "K31", "dVdWT", "stdev0", "nVmax-nVmax"))
				)
			)
		, "Correlation" = matrix(
			as.numeric(c(1.1871723, 0.21598871, 0.34011169, -0.21172885, 0.05957314, 0.037447761, -0.25270836, 0.019763324, -0.024972188, 0.1300411, 0.32199091, 0.07317701, 0.15933043, 0.21598871, 0.23678589, 0.015739171, 0.050133805, -0.31514902, -0.38820464, -0.56533622, -0.49585284, 0.48073044, -0.02402963, -0.45877952, 0.26382426, 0.67008843, 0.34011169, 0.015739171, 15040.256, 0.80833962, -0.12966626, -0.10752929, 0.078690472, -0.11080746, 0.1114234, -0.072489997, 0.25118489, 0.33377156, -0.23102618, -0.21172885, 0.050133805, 0.80833962, 9493.0418, -0.17753817, -0.15698319, 0.065279643, -0.1681076, 0.16775602, -0.13347496, -0.13158267, 0.32971828, -0.079986978, 0.05957314, -0.31514902, -0.12966626, -0.17753817, 63.270508, 0.9845654, -0.4690985, 0.90671224, -0.90723561, 0.66667844, 0.065354833, -0.35592304, -0.20253241, 0.037447761, -0.38820464, -0.10752929, -0.15698319, 0.9845654, 1.8983747, -0.39841298, 0.87637755, -0.87486686, 0.70512805, 0.1183844, -0.39030893, -0.25784186, -0.25270836, -0.56533622, 0.078690472, 0.065279643, -0.4690985, -0.39841298, 0.034984639, -0.27814926, 0.29546617, -0.46899867, 0.41803194, 0.011542211, -0.46110339, 0.019763324, -0.49585284, -0.11080746, -0.1681076, 0.90671224, 0.87637755, -0.27814926,  8.087977, -0.99978753, 0.30971222, 0.17877815, -0.31604264, -0.33199333, -0.024972188, 0.48073044, 0.1114234, 0.16775602, -0.90723561, -0.87486686, 0.29546617, -0.99978753, 1.8413452, -0.30844978, -0.16855563, 0.31206177, 0.31919359, 0.1300411, -0.02402963, -0.072489997, -0.13347496, 0.66667844, 0.70512805, -0.46899867, 0.30971222, -0.30844978, 1.0606138, -0.039106097, -0.27991645, 0.0017144208, 0.32199091, -0.45877952, 0.25118489, -0.13158267, 0.065354833, 0.1183844, 0.41803194, 0.17877815, -0.16855563, -0.039106097, 0.33063007, -0.19053011, -0.58587553, 0.07317701, 0.26382426, 0.33377156, 0.32971828, -0.35592304, -0.39030893, 0.011542211, -0.31604264, 0.31206177, -0.27991645, -0.19053011, 2.0797656, 0.15577729, 0.15933043, 0.67008843, -0.23102618, -0.079986978, -0.20253241, -0.25784186, -0.46110339, -0.33199333, 0.31919359, 0.0017144208, -0.58587553, 0.15577729, 1.1318959))
			, nrow = 13, ncol = 13
			, dimnames = list(
				as.character(c("GAMMA", "CMultStdev", "tvVmax", "tvKm", "tvV", "tvKa", "K12", "K21", "K13", "K31", "dVdWT", "stdev0", "nVmax-nVmax"))
				, as.character(c("GAMMA", "CMultStdev", "tvVmax", "tvKm", "tvV", "tvKa", "K12", "K21", "K13", "K31", "dVdWT", "stdev0", "nVmax-nVmax"))
				)
			)
		, "Inverse" = matrix(
			as.numeric(c(184.43565,  424.4417, -0.023781046, 0.03526023, -8.8323741, 6.8447018, -18044.855, 3949.8468, 17131.432, -96.388613, -8.8870495, 3.3798511, -21.757657,  424.4417, 1745.6677, -0.057423017, 0.085343704, -33.672293, 94.591579, -36546.105, 8746.1186, 37551.663, 101.38772, -61.659706, 8.2684766, -59.787291, -0.023781046, -0.057423017, 3.1438987e-006, -4.6445652e-006, 0.0011559286, -0.0012210371, 2.0833237, -0.46367239, -2.0076858, 0.0083316639, -4.5574617e-005, -0.00049083758, 0.0034811327, 0.03526023, 0.085343704, -4.6445652e-006, 6.8810188e-006, -0.0017273041, 0.0016785154, -3.1625178, 0.70216509, 3.0409248, -0.013127398, -0.00020102596, 0.000693614, -0.0049134346, -8.8323741, -33.672293, 0.0011559286, -0.0017273041,  0.717178, -1.9552304, 952.15599, -216.61539, -933.56919, 0.51282618, 1.8943512, -0.15268443, 0.69088257, 6.8447018, 94.591579, -0.0012210371, 0.0016785154, -1.9552304, 26.452713, 661.34423, -60.674223, -306.87765, 34.163568, -4.8975294,   0.69893, -3.9763472, -18044.855, -36546.105, 2.0833237, -3.1625178, 952.15599, 661.34423, 3055459.5, -633260.49, -2759732.4, 27112.909, 4846.3038, -162.13478, -1392.3957, 3949.8468, 8746.1186, -0.46367239, 0.70216509, -216.61539, -60.674223, -633260.49, 132399.88, 576499.49, -5244.6625, -1011.3518, 39.891613, 217.38788, 17131.432, 37551.663, -2.0076858, 3.0409248, -933.56919, -306.87765, -2759732.4, 576499.49, 2510477.1, -23062.033, -4400.2208, 171.47881, 975.90905, -96.388613, 101.38772, 0.0083316639, -0.013127398, 0.51282618, 34.163568, 27112.909, -5244.6625, -23062.033, 402.02887, 39.862999, 0.41657478, -34.871473, -8.8870495, -61.659706, -4.5574616e-005, -0.00020102596, 1.8943512, -4.8975294, 4846.3038, -1011.3518, -4400.2208, 39.862999, 45.374032, 0.98163747, -8.6734587, 3.3798511, 8.2684766, -0.00049083758, 0.000693614, -0.15268443,   0.69893, -162.13478, 39.891613, 171.47881, 0.41657478, 0.98163747, 0.42376849, -0.86462877, -21.757657, -59.787291, 0.0034811327, -0.0049134346, 0.69088257, -3.9763472, -1392.3957, 217.38788, 975.90905, -34.871473, -8.6734587, -0.86462877, 14.217624))
			, nrow = 13, ncol = 13
			, dimnames = list(
				as.character(c("GAMMA", "CMultStdev", "tvVmax", "tvKm", "tvV", "tvKa", "K12", "K21", "K13", "K31", "dVdWT", "stdev0", "nVmax-nVmax"))
				, as.character(c("GAMMA", "CMultStdev", "tvVmax", "tvKm", "tvV", "tvKa", "K12", "K21", "K13", "K31", "dVdWT", "stdev0", "nVmax-nVmax"))
				)
			)
		, "LLTable" = data.frame(
			id = as.character(c( "1", "2", "3", "4", "5", "6", "7", "8", "9", "10", "11", "12", "13", "14", "15", "16", "17", "18", "19", "20", "21", "22", "23", "24", "25", "26", "27", "28", "29", "30", "31", "32", "33", "34", "35", "36", "37", "38", "39", "40", "41", "42", "43", "44", "45", "46", "47", "48", "49", "50", "51", "52", "53", "54", "55", "56", "57", "58", "59", "60"))
			, "LL" = c(-57.736907, -57.758816, -58.471999, -57.730438, -60.145381, -57.963537, -56.565484, -56.380524, -58.623892, -57.654455, -56.659645, -56.632024, -58.316517, -59.571488, -65.503384, -57.220537, -60.063837, -55.556436, -57.832267, -56.410214, -56.534358, -56.636365, -57.952359, -59.875801, -56.334809, -59.315507, -57.446613, -60.510788, -59.342227, -57.966582, -58.08148, -57.100046, -62.941913, -57.733725, -59.812405, -57.988748, -58.938648, -61.192519, -55.500903, -55.701283, -58.012949, -59.71576, -55.961527, -56.438318, -58.356509, -58.41599, -57.59179, -55.849521, -57.907331, -56.281534, -58.106436, -58.504157, -58.227385, -64.044789, -56.184152, -55.552266, -57.724622, -59.134104, -62.486194, -57.247104)
			) # end of LLTable
		, "residuals" = data.frame(
			  ID1 = as.character(c(  "",   "",   "",   "",   "",   "",   "",   "",   "",   "",   "",   "",   "",   "",   "",   "",   "",   "",   "",   "",   "",   "",   "",   "",   "",   "",   "",   "",   "",   "",   "",   "",   "",   "",   "",   "",   "",   "",   "",   "",   "",   "",   "",   "",   "",   "",   "",   "",   "",   "",   "",   "",   "",   "",   "",   "",   "",   "",   "",   "",   "",   "",   "",   "",   "",   "",   "",   "",   "",   "",   "",   "",   "",   "",   "",   "",   "",   "",   "",   "",   "",   "",   "",   "",   "",   "",   "",   "",   "",   "",   "",   "",   "",   "",   "",   "",   "",   "",   "",   "",   "",   "",   "",   "",   "",   "",   "",   "",   "",   "",   "",   "",   "",   "",   "",   "",   "",   "",   "",   "",   "",   "",   "",   "",   "",   "",   "",   "",   "",   "",   "",   "",   "",   "",   "",   "",   "",   "",   "",   "",   "",   "",   "",   "",   "",   "",   "",   "",   "",   "",   "",   "",   "",   "",   "",   "",   "",   "",   "",   "",   "",   "",   "",   "",   "",   "",   "",   "",   "",   "",   "",   "",   "",   "",   "",   "",   "",   "",   "",   "",   "",   "",   "",   "",   "",   "",   "",   "",   "",   "",   "",   "",   "",   "",   "",   "",   "",   "",   "",   "",   "",   "",   "",   "",   "",   "",   "",   "",   "",   "",   "",   "",   "",   "",   "",   "",   "",   "",   "",   "",   "",   "",   "",   "",   "",   "",   "",   "",   "",   "",   "",   "",   "",   "",   "",   "",   "",   "",   "",   "",   "",   "",   "",   "",   "",   "",   "",   "",   "",   "",   "",   "",   "",   "",   "",   "",   "",   "",   "",   "",   "",   "",   "",   "",   "",   "",   "",   "",   "",   "",   "",   "",   "",   "",   "",   "",   "",   "",   "",   "",   "",   "",   "",   "",   "",   "",   "",   "",   "",   "",   "",   "",   "",   "",   "",   "",   "",   "",   "",   "",   "",   "",   "",   "",   "",   "",   "",   "",   "",   "",   "",   "",   "",   "",   "",   "",   "",   "",   "",   "",   "",   "",   "",   "",   "",   "",   "",   "",   "",   "",   "",   "",   "",   "",   "",   "",   "",   "",   "",   "",   "",   "",   "",   "",   "",   "",   "",   "",   "",   "",   "",   "",   "",   "",   "",   "",   "",   "",   "",   "",   "",   "",   "",   "",   "",   "",   "",   "",   "",   "",   "",   "",   "",   "",   "",   "",   "",   "",   "",   "",   "",   "",   "",   "",   "",   "",   "",   "",   "",   "",   "",   "",   "",   "",   "",   "",   "",   "",   "",   "",   "",   "",   "",   "",   "",   "",   "",   "",   "",   "",   "",   "",   "",   "",   "",   "",   "",   "",   "",   "",   "",   "",   "",   "",   "",   "",   "",   "",   "",   "",   "",   "",   "",   "",   "",   "",   "",   "",   "",   "",   "",   "",   "",   "",   "",   "",   "",   "",   "",   "",   "",   "",   "",   "",   "",   "",   "",   "",   "",   "",   "",   "",   "",   "",   "",   "",   "",   "",   "",   "",   "",   "",   "",   "",   "",   "",   "",   "",   "",   ""))
			, ID2 = as.character(c(  "",   "",   "",   "",   "",   "",   "",   "",   "",   "",   "",   "",   "",   "",   "",   "",   "",   "",   "",   "",   "",   "",   "",   "",   "",   "",   "",   "",   "",   "",   "",   "",   "",   "",   "",   "",   "",   "",   "",   "",   "",   "",   "",   "",   "",   "",   "",   "",   "",   "",   "",   "",   "",   "",   "",   "",   "",   "",   "",   "",   "",   "",   "",   "",   "",   "",   "",   "",   "",   "",   "",   "",   "",   "",   "",   "",   "",   "",   "",   "",   "",   "",   "",   "",   "",   "",   "",   "",   "",   "",   "",   "",   "",   "",   "",   "",   "",   "",   "",   "",   "",   "",   "",   "",   "",   "",   "",   "",   "",   "",   "",   "",   "",   "",   "",   "",   "",   "",   "",   "",   "",   "",   "",   "",   "",   "",   "",   "",   "",   "",   "",   "",   "",   "",   "",   "",   "",   "",   "",   "",   "",   "",   "",   "",   "",   "",   "",   "",   "",   "",   "",   "",   "",   "",   "",   "",   "",   "",   "",   "",   "",   "",   "",   "",   "",   "",   "",   "",   "",   "",   "",   "",   "",   "",   "",   "",   "",   "",   "",   "",   "",   "",   "",   "",   "",   "",   "",   "",   "",   "",   "",   "",   "",   "",   "",   "",   "",   "",   "",   "",   "",   "",   "",   "",   "",   "",   "",   "",   "",   "",   "",   "",   "",   "",   "",   "",   "",   "",   "",   "",   "",   "",   "",   "",   "",   "",   "",   "",   "",   "",   "",   "",   "",   "",   "",   "",   "",   "",   "",   "",   "",   "",   "",   "",   "",   "",   "",   "",   "",   "",   "",   "",   "",   "",   "",   "",   "",   "",   "",   "",   "",   "",   "",   "",   "",   "",   "",   "",   "",   "",   "",   "",   "",   "",   "",   "",   "",   "",   "",   "",   "",   "",   "",   "",   "",   "",   "",   "",   "",   "",   "",   "",   "",   "",   "",   "",   "",   "",   "",   "",   "",   "",   "",   "",   "",   "",   "",   "",   "",   "",   "",   "",   "",   "",   "",   "",   "",   "",   "",   "",   "",   "",   "",   "",   "",   "",   "",   "",   "",   "",   "",   "",   "",   "",   "",   "",   "",   "",   "",   "",   "",   "",   "",   "",   "",   "",   "",   "",   "",   "",   "",   "",   "",   "",   "",   "",   "",   "",   "",   "",   "",   "",   "",   "",   "",   "",   "",   "",   "",   "",   "",   "",   "",   "",   "",   "",   "",   "",   "",   "",   "",   "",   "",   "",   "",   "",   "",   "",   "",   "",   "",   "",   "",   "",   "",   "",   "",   "",   "",   "",   "",   "",   "",   "",   "",   "",   "",   "",   "",   "",   "",   "",   "",   "",   "",   "",   "",   "",   "",   "",   "",   "",   "",   "",   "",   "",   "",   "",   "",   "",   "",   "",   "",   "",   "",   "",   "",   "",   "",   "",   "",   "",   "",   "",   "",   "",   "",   "",   "",   "",   "",   "",   "",   "",   "",   "",   "",   "",   "",   "",   "",   "",   "",   "",   "",   "",   "",   "",   "",   "",   "",   "",   "",   "",   "",   "",   "",   "",   "",   ""))
			, ID3 = as.character(c(  "",   "",   "",   "",   "",   "",   "",   "",   "",   "",   "",   "",   "",   "",   "",   "",   "",   "",   "",   "",   "",   "",   "",   "",   "",   "",   "",   "",   "",   "",   "",   "",   "",   "",   "",   "",   "",   "",   "",   "",   "",   "",   "",   "",   "",   "",   "",   "",   "",   "",   "",   "",   "",   "",   "",   "",   "",   "",   "",   "",   "",   "",   "",   "",   "",   "",   "",   "",   "",   "",   "",   "",   "",   "",   "",   "",   "",   "",   "",   "",   "",   "",   "",   "",   "",   "",   "",   "",   "",   "",   "",   "",   "",   "",   "",   "",   "",   "",   "",   "",   "",   "",   "",   "",   "",   "",   "",   "",   "",   "",   "",   "",   "",   "",   "",   "",   "",   "",   "",   "",   "",   "",   "",   "",   "",   "",   "",   "",   "",   "",   "",   "",   "",   "",   "",   "",   "",   "",   "",   "",   "",   "",   "",   "",   "",   "",   "",   "",   "",   "",   "",   "",   "",   "",   "",   "",   "",   "",   "",   "",   "",   "",   "",   "",   "",   "",   "",   "",   "",   "",   "",   "",   "",   "",   "",   "",   "",   "",   "",   "",   "",   "",   "",   "",   "",   "",   "",   "",   "",   "",   "",   "",   "",   "",   "",   "",   "",   "",   "",   "",   "",   "",   "",   "",   "",   "",   "",   "",   "",   "",   "",   "",   "",   "",   "",   "",   "",   "",   "",   "",   "",   "",   "",   "",   "",   "",   "",   "",   "",   "",   "",   "",   "",   "",   "",   "",   "",   "",   "",   "",   "",   "",   "",   "",   "",   "",   "",   "",   "",   "",   "",   "",   "",   "",   "",   "",   "",   "",   "",   "",   "",   "",   "",   "",   "",   "",   "",   "",   "",   "",   "",   "",   "",   "",   "",   "",   "",   "",   "",   "",   "",   "",   "",   "",   "",   "",   "",   "",   "",   "",   "",   "",   "",   "",   "",   "",   "",   "",   "",   "",   "",   "",   "",   "",   "",   "",   "",   "",   "",   "",   "",   "",   "",   "",   "",   "",   "",   "",   "",   "",   "",   "",   "",   "",   "",   "",   "",   "",   "",   "",   "",   "",   "",   "",   "",   "",   "",   "",   "",   "",   "",   "",   "",   "",   "",   "",   "",   "",   "",   "",   "",   "",   "",   "",   "",   "",   "",   "",   "",   "",   "",   "",   "",   "",   "",   "",   "",   "",   "",   "",   "",   "",   "",   "",   "",   "",   "",   "",   "",   "",   "",   "",   "",   "",   "",   "",   "",   "",   "",   "",   "",   "",   "",   "",   "",   "",   "",   "",   "",   "",   "",   "",   "",   "",   "",   "",   "",   "",   "",   "",   "",   "",   "",   "",   "",   "",   "",   "",   "",   "",   "",   "",   "",   "",   "",   "",   "",   "",   "",   "",   "",   "",   "",   "",   "",   "",   "",   "",   "",   "",   "",   "",   "",   "",   "",   "",   "",   "",   "",   "",   "",   "",   "",   "",   "",   "",   "",   "",   "",   "",   "",   "",   "",   "",   "",   "",   "",   "",   "",   "",   "",   "",   "",   "",   "",   "",   "",   "",   "",   ""))
			, ID4 = as.character(c(  "",   "",   "",   "",   "",   "",   "",   "",   "",   "",   "",   "",   "",   "",   "",   "",   "",   "",   "",   "",   "",   "",   "",   "",   "",   "",   "",   "",   "",   "",   "",   "",   "",   "",   "",   "",   "",   "",   "",   "",   "",   "",   "",   "",   "",   "",   "",   "",   "",   "",   "",   "",   "",   "",   "",   "",   "",   "",   "",   "",   "",   "",   "",   "",   "",   "",   "",   "",   "",   "",   "",   "",   "",   "",   "",   "",   "",   "",   "",   "",   "",   "",   "",   "",   "",   "",   "",   "",   "",   "",   "",   "",   "",   "",   "",   "",   "",   "",   "",   "",   "",   "",   "",   "",   "",   "",   "",   "",   "",   "",   "",   "",   "",   "",   "",   "",   "",   "",   "",   "",   "",   "",   "",   "",   "",   "",   "",   "",   "",   "",   "",   "",   "",   "",   "",   "",   "",   "",   "",   "",   "",   "",   "",   "",   "",   "",   "",   "",   "",   "",   "",   "",   "",   "",   "",   "",   "",   "",   "",   "",   "",   "",   "",   "",   "",   "",   "",   "",   "",   "",   "",   "",   "",   "",   "",   "",   "",   "",   "",   "",   "",   "",   "",   "",   "",   "",   "",   "",   "",   "",   "",   "",   "",   "",   "",   "",   "",   "",   "",   "",   "",   "",   "",   "",   "",   "",   "",   "",   "",   "",   "",   "",   "",   "",   "",   "",   "",   "",   "",   "",   "",   "",   "",   "",   "",   "",   "",   "",   "",   "",   "",   "",   "",   "",   "",   "",   "",   "",   "",   "",   "",   "",   "",   "",   "",   "",   "",   "",   "",   "",   "",   "",   "",   "",   "",   "",   "",   "",   "",   "",   "",   "",   "",   "",   "",   "",   "",   "",   "",   "",   "",   "",   "",   "",   "",   "",   "",   "",   "",   "",   "",   "",   "",   "",   "",   "",   "",   "",   "",   "",   "",   "",   "",   "",   "",   "",   "",   "",   "",   "",   "",   "",   "",   "",   "",   "",   "",   "",   "",   "",   "",   "",   "",   "",   "",   "",   "",   "",   "",   "",   "",   "",   "",   "",   "",   "",   "",   "",   "",   "",   "",   "",   "",   "",   "",   "",   "",   "",   "",   "",   "",   "",   "",   "",   "",   "",   "",   "",   "",   "",   "",   "",   "",   "",   "",   "",   "",   "",   "",   "",   "",   "",   "",   "",   "",   "",   "",   "",   "",   "",   "",   "",   "",   "",   "",   "",   "",   "",   "",   "",   "",   "",   "",   "",   "",   "",   "",   "",   "",   "",   "",   "",   "",   "",   "",   "",   "",   "",   "",   "",   "",   "",   "",   "",   "",   "",   "",   "",   "",   "",   "",   "",   "",   "",   "",   "",   "",   "",   "",   "",   "",   "",   "",   "",   "",   "",   "",   "",   "",   "",   "",   "",   "",   "",   "",   "",   "",   "",   "",   "",   "",   "",   "",   "",   "",   "",   "",   "",   "",   "",   "",   "",   "",   "",   "",   "",   "",   "",   "",   "",   "",   "",   "",   "",   "",   "",   "",   "",   "",   "",   "",   "",   "",   "",   "",   "",   "",   "",   "",   ""))
			, ID5 = as.character(c( "1",  "1",  "1",  "1",  "1",  "1",  "1",  "1",  "2",  "2",  "2",  "2",  "2",  "2",  "2",  "2",  "3",  "3",  "3",  "3",  "3",  "3",  "3",  "3",  "4",  "4",  "4",  "4",  "4",  "4",  "4",  "4",  "5",  "5",  "5",  "5",  "5",  "5",  "5",  "5",  "6",  "6",  "6",  "6",  "6",  "6",  "6",  "6",  "7",  "7",  "7",  "7",  "7",  "7",  "7",  "7",  "8",  "8",  "8",  "8",  "8",  "8",  "8",  "8",  "9",  "9",  "9",  "9",  "9",  "9",  "9",  "9", "10", "10", "10", "10", "10", "10", "10", "10", "11", "11", "11", "11", "11", "11", "11", "11", "12", "12", "12", "12", "12", "12", "12", "12", "13", "13", "13", "13", "13", "13", "13", "13", "14", "14", "14", "14", "14", "14", "14", "14", "15", "15", "15", "15", "15", "15", "15", "15", "16", "16", "16", "16", "16", "16", "16", "16", "17", "17", "17", "17", "17", "17", "17", "17", "18", "18", "18", "18", "18", "18", "18", "18", "19", "19", "19", "19", "19", "19", "19", "19", "20", "20", "20", "20", "20", "20", "20", "20", "21", "21", "21", "21", "21", "21", "21", "21", "22", "22", "22", "22", "22", "22", "22", "22", "23", "23", "23", "23", "23", "23", "23", "23", "24", "24", "24", "24", "24", "24", "24", "24", "25", "25", "25", "25", "25", "25", "25", "25", "26", "26", "26", "26", "26", "26", "26", "26", "27", "27", "27", "27", "27", "27", "27", "27", "28", "28", "28", "28", "28", "28", "28", "28", "29", "29", "29", "29", "29", "29", "29", "29", "30", "30", "30", "30", "30", "30", "30", "30", "31", "31", "31", "31", "31", "31", "31", "31", "32", "32", "32", "32", "32", "32", "32", "32", "33", "33", "33", "33", "33", "33", "33", "33", "34", "34", "34", "34", "34", "34", "34", "34", "35", "35", "35", "35", "35", "35", "35", "35", "36", "36", "36", "36", "36", "36", "36", "36", "37", "37", "37", "37", "37", "37", "37", "37", "38", "38", "38", "38", "38", "38", "38", "38", "39", "39", "39", "39", "39", "39", "39", "39", "40", "40", "40", "40", "40", "40", "40", "40", "41", "41", "41", "41", "41", "41", "41", "41", "42", "42", "42", "42", "42", "42", "42", "42", "43", "43", "43", "43", "43", "43", "43", "43", "44", "44", "44", "44", "44", "44", "44", "44", "45", "45", "45", "45", "45", "45", "45", "45", "46", "46", "46", "46", "46", "46", "46", "46", "47", "47", "47", "47", "47", "47", "47", "47", "48", "48", "48", "48", "48", "48", "48", "48", "49", "49", "49", "49", "49", "49", "49", "49", "50", "50", "50", "50", "50", "50", "50", "50", "51", "51", "51", "51", "51", "51", "51", "51", "52", "52", "52", "52", "52", "52", "52", "52", "53", "53", "53", "53", "53", "53", "53", "53", "54", "54", "54", "54", "54", "54", "54", "54", "55", "55", "55", "55", "55", "55", "55", "55", "56", "56", "56", "56", "56", "56", "56", "56", "57", "57", "57", "57", "57", "57", "57", "57", "58", "58", "58", "58", "58", "58", "58", "58", "59", "59", "59", "59", "59", "59", "59", "59", "60", "60", "60", "60", "60", "60", "60", "60"))
			, IVAR = c(0.64, 1.99, 6.43, 12.03, 22.28, 48.91, 80.15, 138.94, 0.51, 2.49, 6.29, 11.18, 25.51, 43.72, 84.69, 123.55, 0.48, 2, 6.04, 11.31, 22.67, 47.36, 103.04, 108, 0.53, 2.07, 6.67, 11.64, 24.9, 49.3, 90.93, 135.41, 0.56, 2.15, 7.03, 12.69, 21.12, 45.33, 84.94, 114.45, 0.47, 2.01, 5.48, 12.19, 22.48, 57.28, 103.13, 131.43, 0.52, 2.37, 5.63, 11.46, 27.7, 44.98, 94.03, 115.38, 0.48, 1.94, 6.3, 11.79, 22.82, 54.9, 93.96, 117.86, 0.5, 2.15, 5.96, 11.95, 22.42, 46.47, 96.58, 113.14, 0.53, 1.72, 6.19, 10.29, 23.29, 45.53, 89.94, 119.32, 0.41, 2.25, 5.08, 11.46, 21.47, 44.53, 118.28, 120.21, 0.44, 1.7, 6.28, 11.98, 23.25, 43.74, 82.73, 107.77, 0.55, 1.88, 5.22, 14.47, 25.04, 46.87, 106.72, 131.12, 0.47, 2.49, 5.85, 10.41, 23.66, 49.01, 120.92, 121.28, 0.52, 1.98, 5.8, 11.96, 25.97, 59.07, 106.39, 135.41, 0.44, 2.21, 6.13, 10.36, 25.28, 47.24, 111.14, 111.15, 0.48, 1.82, 5.89, 12.49, 22.31, 52.16, 85.08, 108.06, 0.58, 1.81, 6.25, 11.55, 25, 56.83, 112.51, 116.09, 0.4, 2.57, 6.41, 12.67, 23.97, 50.51, 94.43, 125.16, 0.48, 1.74, 6.62, 13.97, 23.27, 42.35, 102.37, 119.46, 0.42, 2, 5.63, 11.6, 21.38, 57.48, 92.87, 102.2, 0.51, 2.05, 5.44, 8.99, 22.51, 50.82, 95.43, 118.83, 0.53, 1.78, 6.7, 11.99, 25.76, 53.23, 98.17, 109.91, 0.56, 1.64, 5.68, 11.7, 23.6, 53.16, 97.32, 124.99, 0.5, 1.95, 6.43, 13.46, 18.87, 50.83, 99.67, 115, 0.55, 1.92, 5.83, 13.07, 28.5, 49.31, 92.03, 106.55, 0.48, 1.82, 5.85, 12.48, 22.04, 62.56, 97.51, 134.36, 0.4, 2.15, 5.26, 13.16, 24.97, 46.08, 109.59, 111.87, 0.47, 1.81, 5.61, 13.19, 25.06, 53.08, 92.33, 124.6, 0.51, 1.73, 7.17, 12.16, 25.91, 52.81, 95.52, 116.39, 0.55, 1.8, 7.31, 11.55, 28.32, 55.84, 96.8, 127, 0.45, 2.07, 6.66, 12.12, 22.93, 44.95, 95.66, 133.54, 0.48, 1.98, 5.27, 12.61, 27.35, 55.75, 99.54, 104.15, 0.52, 2.09, 5.79, 12.21, 22.01, 51.37, 92.91, 102.57, 0.48, 2.29, 5.8, 12.91, 26.38, 48.02, 92.68, 113.81, 0.54, 1.8, 6.15, 11.66, 19.14, 41.69, 105.21, 117.73, 0.54, 2.42, 6.95, 12.84, 24.93, 47.08, 112.41, 127.37, 0.44, 1.97, 4.95, 11.77, 18.52, 54.74, 90.09, 114.95, 0.49, 2.13, 6.42, 12.7, 22.66, 41.88, 92.34, 123.38, 0.46, 1.99, 5.34, 11.99, 24.31, 47.3, 94.44, 143.14, 0.54, 2.24, 5.47, 12.2, 26.94, 47.73, 77.59, 124.21, 0.41, 1.84, 6.85, 12.76, 26.77, 49.49, 94.95, 109.41, 0.59, 2.01, 5.59, 13.08, 26.72, 58.02, 90.38, 115.4, 0.48, 1.93, 5.78, 11.65, 27.72, 44.77, 92.34, 128.09, 0.56, 1.85, 5.7, 12.65, 26.57, 46.81, 83.21, 142.37, 0.58, 1.86, 5.96, 10.06, 25.41, 56.4, 81.5, 111, 0.47, 1.87, 4.9, 12.62, 20.59, 47.88, 101.86, 117.65, 0.55, 1.99, 5.62, 12.8, 22.98, 57.31, 95.82, 130.68, 0.51, 1.48, 5.23, 11.5, 24.58, 37.98, 105.69, 112.96, 0.46, 1.71, 5.19, 12.07, 25.25, 38.92, 86.83, 126.6, 0.48, 2.48, 6.8, 12.74, 24.01, 49.36, 89.46, 127.78, 0.58, 2.23, 5.53, 10.21, 23.74, 50.16, 105.18, 109.89, 0.52, 2.05, 6.76, 11.97, 23.16, 42.8, 91.16, 115.73, 0.63, 2.55, 5.9, 10.81, 19.7, 50.54, 86.08, 150.8, 0.46, 2.02, 8.78, 10.74, 24.75, 42.97, 99.4, 109.97, 0.5, 1.94, 5.33, 12.01, 26.5, 56.29, 83.69, 117.04, 0.56, 1.79, 4.66, 10.93, 21.79, 48.23, 92.2, 122.81, 0.48, 2.08, 5.78, 13.52, 22.29, 49.42, 87.87, 122.52, 0.5, 1.69, 5.91, 13.5, 25.69, 48.69, 85.21, 134.88, 0.5, 1.91, 7.07, 11.11, 24.74, 54.56, 101.96, 116.37)
			, TAD = c(0.64, 1.99, 6.43, 12.03, 22.28, 48.91, 80.15, 138.94, 0.51, 2.49, 6.29, 11.18, 25.51, 43.72, 84.69, 123.55, 0.48, 2, 6.04, 11.31, 22.67, 47.36, 103.04, 108, 0.53, 2.07, 6.67, 11.64, 24.9, 49.3, 90.93, 135.41, 0.56, 2.15, 7.03, 12.69, 21.12, 45.33, 84.94, 114.45, 0.47, 2.01, 5.48, 12.19, 22.48, 57.28, 103.13, 131.43, 0.52, 2.37, 5.63, 11.46, 27.7, 44.98, 94.03, 115.38, 0.48, 1.94, 6.3, 11.79, 22.82, 54.9, 93.96, 117.86, 0.5, 2.15, 5.96, 11.95, 22.42, 46.47, 96.58, 113.14, 0.53, 1.72, 6.19, 10.29, 23.29, 45.53, 89.94, 119.32, 0.41, 2.25, 5.08, 11.46, 21.47, 44.53, 118.28, 120.21, 0.44, 1.7, 6.28, 11.98, 23.25, 43.74, 82.73, 107.77, 0.55, 1.88, 5.22, 14.47, 25.04, 46.87, 106.72, 131.12, 0.47, 2.49, 5.85, 10.41, 23.66, 49.01, 120.92, 121.28, 0.52, 1.98, 5.8, 11.96, 25.97, 59.07, 106.39, 135.41, 0.44, 2.21, 6.13, 10.36, 25.28, 47.24, 111.14, 111.15, 0.48, 1.82, 5.89, 12.49, 22.31, 52.16, 85.08, 108.06, 0.58, 1.81, 6.25, 11.55, 25, 56.83, 112.51, 116.09, 0.4, 2.57, 6.41, 12.67, 23.97, 50.51, 94.43, 125.16, 0.48, 1.74, 6.62, 13.97, 23.27, 42.35, 102.37, 119.46, 0.42, 2, 5.63, 11.6, 21.38, 57.48, 92.87, 102.2, 0.51, 2.05, 5.44, 8.99, 22.51, 50.82, 95.43, 118.83, 0.53, 1.78, 6.7, 11.99, 25.76, 53.23, 98.17, 109.91, 0.56, 1.64, 5.68, 11.7, 23.6, 53.16, 97.32, 124.99, 0.5, 1.95, 6.43, 13.46, 18.87, 50.83, 99.67, 115, 0.55, 1.92, 5.83, 13.07, 28.5, 49.31, 92.03, 106.55, 0.48, 1.82, 5.85, 12.48, 22.04, 62.56, 97.51, 134.36, 0.4, 2.15, 5.26, 13.16, 24.97, 46.08, 109.59, 111.87, 0.47, 1.81, 5.61, 13.19, 25.06, 53.08, 92.33, 124.6, 0.51, 1.73, 7.17, 12.16, 25.91, 52.81, 95.52, 116.39, 0.55, 1.8, 7.31, 11.55, 28.32, 55.84, 96.8, 127, 0.45, 2.07, 6.66, 12.12, 22.93, 44.95, 95.66, 133.54, 0.48, 1.98, 5.27, 12.61, 27.35, 55.75, 99.54, 104.15, 0.52, 2.09, 5.79, 12.21, 22.01, 51.37, 92.91, 102.57, 0.48, 2.29, 5.8, 12.91, 26.38, 48.02, 92.68, 113.81, 0.54, 1.8, 6.15, 11.66, 19.14, 41.69, 105.21, 117.73, 0.54, 2.42, 6.95, 12.84, 24.93, 47.08, 112.41, 127.37, 0.44, 1.97, 4.95, 11.77, 18.52, 54.74, 90.09, 114.95, 0.49, 2.13, 6.42, 12.7, 22.66, 41.88, 92.34, 123.38, 0.46, 1.99, 5.34, 11.99, 24.31, 47.3, 94.44, 143.14, 0.54, 2.24, 5.47, 12.2, 26.94, 47.73, 77.59, 124.21, 0.41, 1.84, 6.85, 12.76, 26.77, 49.49, 94.95, 109.41, 0.59, 2.01, 5.59, 13.08, 26.72, 58.02, 90.38, 115.4, 0.48, 1.93, 5.78, 11.65, 27.72, 44.77, 92.34, 128.09, 0.56, 1.85, 5.7, 12.65, 26.57, 46.81, 83.21, 142.37, 0.58, 1.86, 5.96, 10.06, 25.41, 56.4, 81.5, 111, 0.47, 1.87, 4.9, 12.62, 20.59, 47.88, 101.86, 117.65, 0.55, 1.99, 5.62, 12.8, 22.98, 57.31, 95.82, 130.68, 0.51, 1.48, 5.23, 11.5, 24.58, 37.98, 105.69, 112.96, 0.46, 1.71, 5.19, 12.07, 25.25, 38.92, 86.83, 126.6, 0.48, 2.48, 6.8, 12.74, 24.01, 49.36, 89.46, 127.78, 0.58, 2.23, 5.53, 10.21, 23.74, 50.16, 105.18, 109.89, 0.52, 2.05, 6.76, 11.97, 23.16, 42.8, 91.16, 115.73, 0.63, 2.55, 5.9, 10.81, 19.7, 50.54, 86.08, 150.8, 0.46, 2.02, 8.78, 10.74, 24.75, 42.97, 99.4, 109.97, 0.5, 1.94, 5.33, 12.01, 26.5, 56.29, 83.69, 117.04, 0.56, 1.79, 4.66, 10.93, 21.79, 48.23, 92.2, 122.81, 0.48, 2.08, 5.78, 13.52, 22.29, 49.42, 87.87, 122.52, 0.5, 1.69, 5.91, 13.5, 25.69, 48.69, 85.21, 134.88, 0.5, 1.91, 7.07, 11.11, 24.74, 54.56, 101.96, 116.37)
