dmp.txt <- structure(
	.Data = list(
		"coefficients" = list(
			"fixed" = c("CMultStdev" = 0.518324479558181, "tvVmax" = 5393.40108152408, "tvKm" = 1581.86844884502, "tvV" = 4.1515911832619, "tvKa" = 0.117039014397232, "K12" = 1.81554523774102, "K21" = 0.163424330481643, "dVdWT" = 1.16836694308907, "CEps" = 0.38050146243382)
			, "random" = list("Subject" = matrix(
				as.numeric(c(
					 0.191904751613409,  -0.0127248084393988,  -0.0868250231941588
					,  0.00204043567527206,  0.117689766834812,  0.241132457496044
					,  -0.175913454707533,  0.0472302867512317,  0.0928232317083225
					,  0.295255490151045,  0.0227854567035532,  0.301896054172631
					,  -0.0821314271983477,  0.105698022599252,  -0.583096244730632
					,  0.0767866619326269,  -0.619639760598305,  0.138742541091811
					,  -0.396266191979078,  0.338347850485239,  0.548128359831253
					,  0.0883579977234036,  -0.0432126060357522,  0.157929180759128
					,  0.394465899778865,  0.0937468303640971,  0.304987453515463
					,  -0.38546040139693,  -0.413511185625507,  0.180570143691262
					,  -0.349696706649684,  0.446312121637016,  -0.552433037612931
					,  -0.108463094738395,  0.129457595811491,  0.195207958745012
					,  0.251266821489564,  -0.765693411056293,  0.466784042220714
					,  0.701981617058449,  -0.32588710087966,  -0.463257304131523
					,  -0.27165520576507,  0.222741743381127,  0.601260231098684
					,  -0.127988886463624,  -0.152841099138527,  0.256212537449142
					,  0.326201433912383,  0.149433206707459,  -0.428339060282696
					,  -0.175646904254957,  -0.22695529891162,  -0.75175606056336
					,  -0.169329480972804,  0.21264616467568,  0.723466144695468
					,  -0.260842980955954,  -0.760929695246255,  0.509300950664242
					))
				, nrow = 60, ncol = 1
				, dimnames = list(
					as.character(c( "1", "2", "3", "4", "5", "6", "7", "8", "9", "10"
					  , "11", "12", "13", "14", "15", "16", "17", "18", "19", "20"
					  , "21", "22", "23", "24", "25", "26", "27", "28", "29", "30"
					  , "31", "32", "33", "34", "35", "36", "37", "38", "39", "40"
					  , "41", "42", "43", "44", "45", "46", "47", "48", "49", "50"
					  , "51", "52", "53", "54", "55", "56", "57", "58", "59", "60"))
					, as.character(c("nVmax"))
					)
				))
			)
		, "logLik" = c(-3172.96)
		, "nObs" = c(480)
		, "nSubj" = c(60)
		, "nParm" = c(10)
		, "returnCode" = c(0)
		, "omega" = matrix(
			as.numeric(c(0.150726608825475))
			, nrow = 1, ncol = 1
			, dimnames = list(
				as.character(c("nVmax"))
				, as.character(c("nVmax"))
				)
			)
		, "eta" = matrix(
			as.numeric(c(0.00403825018160261, 0.129121581646624, 0.35933491570765, 0.0744402618669386))
			, nrow = 1, ncol = 4
			, dimnames = list(
				as.character(c("nVmax"))
				, as.character(c("mean", "var", "sd", "shrinkage"))
				)
			)
		, "eta_shrinkage" = list("Subject" = matrix(
			as.numeric(c(
				 0.0438851237832855,  0.0460752655380904,  0.038170815097982
				,  0.0570011306959682,  0.0457649656211575,  0.0356572187738757
				,  0.0593893003896766,  0.0474082569583104,  0.0459645527948996
				,  0.0362747208540082,  0.052133559454406,  0.0437066946948773
				,  0.0332491811195373,  0.0362725329400641,  0.0986117117670514
				,  0.0369957295766347,  0.106614537996159,  0.0406643565738247
				,  0.0802302831033701,  0.0364776951298535,  0.0389008594061504
				,  0.0462492926428131,  0.0452373510887908,  0.0371698065844472
				,  0.0364328023876132,  0.0420167931386575,  0.0367196230407382
				,  0.0397241199860903,  0.0543625776881344,  0.0393694957375546
				,  0.0851512984350786,  0.0504574107305825,  0.0991309385518453
				,  0.0520359889475852,  0.0320595414243624,  0.0334867912330022
				,  0.031892615038359,  0.120539612641554,  0.0398742005924375
				,  0.0633591766144868,  0.0601904793296639,  0.0704744627059912
				,  0.069823249490951,  0.038402230753595,  0.0642273787869825
				,  0.0440368761641066,  0.0518858662014149,  0.0364962784872755
				,  0.0344835493823172,  0.0461612989120818,  0.0739847460353352
				,  0.0417533885795735,  0.0623402509495201,  0.0593164092329707
				,  0.0798883079072613,  0.058869626951023,  0.0654940166146393
				,  0.0415257835692276,  0.127959043206227,  0.0381058642229775
				))
			, nrow = 60, ncol = 1
			, dimnames = list(
				as.character(c( "1", "2", "3", "4", "5", "6", "7", "8", "9", "10"
				  , "11", "12", "13", "14", "15", "16", "17", "18", "19", "20"
				  , "21", "22", "23", "24", "25", "26", "27", "28", "29", "30"
				  , "31", "32", "33", "34", "35", "36", "37", "38", "39", "40"
				  , "41", "42", "43", "44", "45", "46", "47", "48", "49", "50"
				  , "51", "52", "53", "54", "55", "56", "57", "58", "59", "60"))
				, as.character(c("nVmax_shrinkage"))
				)
			))
		, "sigma" = matrix(
			as.numeric(c(0.144781362914276))
			, nrow = 1, ncol = 1
			, dimnames = list(
				as.character(c("CEps"))
				, as.character(c("CEps"))
				)
			)
		, "method" = "FOCE-ELS"
		, "varFix" = matrix(
			as.numeric(c(0.00055184617957147, 4.32165669124322, 2.44198044149066, -0.00253661120144854, -8.32818805862906e-005, -0.000247312969050013, 9.78645805132212e-007, 0.000219875507528678, -0.000277260576799631, 4.32165669124322, 2017067.79972103, 796023.634797049, -790.320860310519, -22.8296930673404, -77.1731379624685, -12.7827420617142, 72.7145302159955, -15.1269745492297, 2.44198044149066, 796023.634797049, 325522.204968502, -359.502775710869, -10.4348756943952, -34.5045423449995, -6.19968526858526, 29.3772114120545, -7.83047188861452, -0.00253661120144854, -790.320860310519, -359.502775710869, 4.64995445233041, 0.108277293691553, -0.155751666879466, 0.11419160312251, -0.219514365915146, 0.0453979354804358, -8.32818805862906e-005, -22.8296930673404, -10.4348756943952, 0.108277293691553, 0.00270321262246212, 0.000920219904459092, 0.00289681426610485, -0.00602119541847953, 0.00125625499269308, -0.000247312969050013, -77.1731379624685, -34.5045423449995, -0.155751666879466, 0.000920219904459092, 0.13981584872295, 0.00397790704549534, -0.0160960191543172, 0.00427512619510137, 9.78645805132212e-007, -12.7827420617142, -6.19968526858526, 0.11419160312251, 0.00289681426610485, 0.00397790704549534, 0.00340926402947436, -0.00659751083790844, 0.00152582615098796, 0.000219875507528678, 72.7145302159955, 29.3772114120545, -0.219514365915146, -0.00602119541847953, -0.0160960191543172, -0.00659751083790844, 0.0347343467651658, -0.00387808545376088, -0.000277260576799631, -15.1269745492297, -7.83047188861452, 0.0453979354804358, 0.00125625499269308, 0.00427512619510137, 0.00152582615098796, -0.00387808545376088, 0.0163637634524296))
			, nrow = 9, ncol = 9
			, dimnames = list(
				as.character(c("CMultStdev", "tvVmax", "tvKm", "tvV", "tvKa", "K12", "K21", "dVdWT", "CEps"))
				, as.character(c("CMultStdev", "tvVmax", "tvKm", "tvV", "tvKa", "K12", "K21", "dVdWT", "CEps"))
				)
			)
		, "omegaSE" = matrix(
			as.numeric(c(0.032705079238122))
			, nrow = 1, ncol = 1, byrow = TRUE
			, dimnames = list(
				as.character(c("nVmax"))
				, as.character(c("nVmax"))
				)
			)
		, "Covariance" = matrix(
			as.numeric(c(0.00055184618, 4.3216567, 2.4419804, -0.0025366112, -8.3281881e-005, -0.00024731297, 9.7864581e-007, 0.00021987551, -0.00027726058, 3.5084334e-005, 4.3216567, 2017067.8, 796023.63, -790.32086, -22.829693, -77.173138, -12.782742,  72.71453, -15.126975, 4.3593916, 2.4419804, 796023.63,  325522.2, -359.50278, -10.434876, -34.504542, -6.1996853, 29.377211, -7.8304719, 2.7639524, -0.0025366112, -790.32086, -359.50278, 4.6499545, 0.10827729, -0.15575167, 0.1141916, -0.21951437, 0.045397935, -0.036889757, -8.3281881e-005, -22.829693, -10.434876, 0.10827729, 0.0027032126, 0.0009202199, 0.0028968143, -0.0060211954, 0.001256255, -0.0010197895, -0.00024731297, -77.173138, -34.504542, -0.15575167, 0.0009202199, 0.13981585, 0.003977907, -0.016096019, 0.0042751262, -0.0034080961, 9.7864581e-007, -12.782742, -6.1996853, 0.1141916, 0.0028968143, 0.003977907, 0.003409264, -0.0065975108, 0.0015258262, -0.0012086571, 0.00021987551,  72.71453, 29.377211, -0.21951437, -0.0060211954, -0.016096019, -0.0065975108, 0.034734347, -0.0038780855, 0.0024732749, -0.00027726058, -15.126975, -7.8304719, 0.045397935, 0.001256255, 0.0042751262, 0.0015258262, -0.0038780855, 0.016363763, 6.2234519e-005, 3.5084334e-005, 4.3593916, 2.7639524, -0.036889757, -0.0010197895, -0.0034080961, -0.0012086571, 0.0024732749, 6.2234519e-005, 0.0010696222))
			, nrow = 10, ncol = 10
			, dimnames = list(
				as.character(c("CMultStdev", "tvVmax", "tvKm", "tvV", "tvKa", "K12", "K21", "dVdWT", "stdev0", "nVmax-nVmax"))
				, as.character(c("CMultStdev", "tvVmax", "tvKm", "tvV", "tvKa", "K12", "K21", "dVdWT", "stdev0", "nVmax-nVmax"))
				)
			)
		, "Correlation" = matrix(
			as.numeric(c(0.023491407, 0.12953317, 0.18219768, -0.050074951, -0.068186971, -0.028155268, 0.00071348722, 0.050221337, -0.09226511, 0.045665584, 0.12953317, 1420.2351, 0.98237071, -0.2580589, -0.30917169, -0.14532078, -0.15414643, 0.27471438, -0.08326265, 0.09385349, 0.18219768, 0.98237071, 570.54553, -0.29220496, -0.35176844, -0.1617364, -0.18610113, 0.27627443, -0.10728921, 0.14812387, -0.050074951, -0.2580589, -0.29220496, 2.1563753, 0.96576829, -0.19316576, 0.90694198, -0.54620922, 0.16457738, -0.52307774, -0.068186971, -0.30917169, -0.35176844, 0.96576829, 0.051992429, 0.047334012, 0.95422377, -0.62138827, 0.1888844, -0.59972924, -0.028155268, -0.14532078, -0.1617364, -0.19316576, 0.047334012, 0.37391958, 0.18219905, -0.23097273, 0.089377693, -0.2786881, 0.00071348722, -0.15414643, -0.18610113, 0.90694198, 0.95422377, 0.18219905, 0.058388903, -0.60627579, 0.20428343, -0.63293276, 0.050221337, 0.27471438, 0.27627443, -0.54620922, -0.62138827, -0.23097273, -0.60627579, 0.18637153, -0.16266578, 0.40576783, -0.09226511, -0.08326265, -0.10728921, 0.16457738, 0.1888844, 0.089377693, 0.20428343, -0.16266578, 0.12792093, 0.014875601, 0.045665584, 0.09385349, 0.14812387, -0.52307774, -0.59972924, -0.2786881, -0.63293276, 0.40576783, 0.014875601, 0.032705079))
			, nrow = 10, ncol = 10
			, dimnames = list(
				as.character(c("CMultStdev", "tvVmax", "tvKm", "tvV", "tvKa", "K12", "K21", "dVdWT", "stdev0", "nVmax-nVmax"))
				, as.character(c("CMultStdev", "tvVmax", "tvKm", "tvV", "tvKa", "K12", "K21", "dVdWT", "stdev0", "nVmax-nVmax"))
				)
			)
		, "Inverse" = matrix(
			as.numeric(c(2127.2083, 0.040961047, -0.089253782, 58.665717, -706.25252, 115.69862, -1553.978, -11.790157, 34.608377, -18.208807, 0.040961047, 1.9770759e-005, -5.2710101e-005, -0.002963487, -0.10770459, -0.0094429362, 0.18390266, -0.0078933317, -0.0064879326, 0.045738852, -0.089253782, -5.2710101e-005, 0.00015222217, 0.025930973, 0.083822598, 0.062359529, -0.9450478, 0.020923891, 0.021472641, -0.12018176, 58.665717, -0.002963487, 0.025930973, 68.754064, -1520.6736, 122.74978, -1131.2575, -0.49175091, 10.043484, -22.087848, -706.25252, -0.10770459, 0.083822598, -1520.6736, 47001.946, -2405.8041, 14234.384, 239.13694, -104.89578, 484.08491, 115.69862, -0.0094429362, 0.062359529, 122.74978, -2405.8041, 234.37338, -2262.5924, 6.9083402, 18.653794, -13.682371, -1553.978, 0.18390266, -0.9450478, -1131.2575, 14234.384, -2262.5924, 28006.708, -89.389486, -308.08405,  961.8128, -11.790157, -0.0078933317, 0.020923891, -0.49175091, 239.13694, 6.9083402, -89.389486, 53.814072, 4.8593745, -14.18862, 34.608377, -0.0064879326, 0.021472641, 10.043484, -104.89578, 18.653794, -308.08405, 4.8593745,  71.50351, -87.893337, -18.208807, 0.045738852, -0.12018176, -22.087848, 484.08491, -13.682371,  961.8128, -14.18862, -87.893337, 1840.5608))
			, nrow = 10, ncol = 10
			, dimnames = list(
				as.character(c("CMultStdev", "tvVmax", "tvKm", "tvV", "tvKa", "K12", "K21", "dVdWT", "stdev0", "nVmax-nVmax"))
				, as.character(c("CMultStdev", "tvVmax", "tvKm", "tvV", "tvKa", "K12", "K21", "dVdWT", "stdev0", "nVmax-nVmax"))
				)
			)
		, "LLTable" = data.frame(
			id = as.character(c( "1", "2", "3", "4", "5", "6", "7", "8", "9", "10", "11", "12", "13", "14", "15", "16", "17", "18", "19", "20", "21", "22", "23", "24", "25", "26", "27", "28", "29", "30", "31", "32", "33", "34", "35", "36", "37", "38", "39", "40", "41", "42", "43", "44", "45", "46", "47", "48", "49", "50", "51", "52", "53", "54", "55", "56", "57", "58", "59", "60"))
			, "LL" = c(-48.079869, -52.819345, -53.24418, -50.446396, -63.663152, -49.26719, -54.260956, -51.345766, -56.598905, -47.339354, -50.931307, -49.025583, -53.064517, -49.550238, -59.112309, -50.006549, -63.87361, -48.880184, -58.634741, -47.744432, -48.415843, -51.07838, -54.311563, -48.419345, -47.073137, -55.462789, -45.483748, -56.655629, -60.869724, -52.414235, -56.692609, -46.08822, -57.828778, -53.773272, -50.141777, -48.373072, -52.301636, -63.100986, -46.074007, -45.892611, -56.102722, -66.360915, -53.659515, -50.121781, -47.568257, -54.070542, -53.959747, -48.678812, -48.817675, -49.675975, -58.741438, -53.98747, -54.822765, -61.318238, -55.288023, -53.143449, -43.091922, -55.754492, -64.09103, -45.363826)
			) # end of LLTable
		, "residuals" = data.frame(
			  ID1 = as.character(c(  "",   "",   "",   "",   "",   "",   "",   "",   "",   "",   "",   "",   "",   "",   "",   "",   "",   "",   "",   "",   "",   "",   "",   "",   "",   "",   "",   "",   "",   "",   "",   "",   "",   "",   "",   "",   "",   "",   "",   "",   "",   "",   "",   "",   "",   "",   "",   "",   "",   "",   "",   "",   "",   "",   "",   "",   "",   "",   "",   "",   "",   "",   "",   "",   "",   "",   "",   "",   "",   "",   "",   "",   "",   "",   "",   "",   "",   "",   "",   "",   "",   "",   "",   "",   "",   "",   "",   "",   "",   "",   "",   "",   "",   "",   "",   "",   "",   "",   "",   "",   "",   "",   "",   "",   "",   "",   "",   "",   "",   "",   "",   "",   "",   "",   "",   "",   "",   "",   "",   "",   "",   "",   "",   "",   "",   "",   "",   "",   "",   "",   "",   "",   "",   "",   "",   "",   "",   "",   "",   "",   "",   "",   "",   "",   "",   "",   "",   "",   "",   "",   "",   "",   "",   "",   "",   "",   "",   "",   "",   "",   "",   "",   "",   "",   "",   "",   "",   "",   "",   "",   "",   "",   "",   "",   "",   "",   "",   "",   "",   "",   "",   "",   "",   "",   "",   "",   "",   "",   "",   "",   "",   "",   "",   "",   "",   "",   "",   "",   "",   "",   "",   "",   "",   "",   "",   "",   "",   "",   "",   "",   "",   "",   "",   "",   "",   "",   "",   "",   "",   "",   "",   "",   "",   "",   "",   "",   "",   "",   "",   "",   "",   "",   "",   "",   "",   "",   "",   "",   "",   "",   "",   "",   "",   "",   "",   "",   "",   "",   "",   "",   "",   "",   "",   "",   "",   "",   "",   "",   "",   "",   "",   "",   "",   "",   "",   "",   "",   "",   "",   "",   "",   "",   "",   "",   "",   "",   "",   "",   "",   "",   "",   "",   "",   "",   "",   "",   "",   "",   "",   "",   "",   "",   "",   "",   "",   "",   "",   "",   "",   "",   "",   "",   "",   "",   "",   "",   "",   "",   "",   "",   "",   "",   "",   "",   "",   "",   "",   "",   "",   "",   "",   "",   "",   "",   "",   "",   "",   "",   "",   "",   "",   "",   "",   "",   "",   "",   "",   "",   "",   "",   "",   "",   "",   "",   "",   "",   "",   "",   "",   "",   "",   "",   "",   "",   "",   "",   "",   "",   "",   "",   "",   "",   "",   "",   "",   "",   "",   "",   "",   "",   "",   "",   "",   "",   "",   "",   "",   "",   "",   "",   "",   "",   "",   "",   "",   "",   "",   "",   "",   "",   "",   "",   "",   "",   "",   "",   "",   "",   "",   "",   "",   "",   "",   "",   "",   "",   "",   "",   "",   "",   "",   "",   "",   "",   "",   "",   "",   "",   "",   "",   "",   "",   "",   "",   "",   "",   "",   "",   "",   "",   "",   "",   "",   "",   "",   "",   "",   "",   "",   "",   "",   "",   "",   "",   "",   "",   "",   "",   "",   "",   "",   "",   "",   "",   "",   "",   "",   "",   "",   "",   "",   "",   "",   "",   "",   "",   "",   "",   "",   "",   "",   "",   "",   "",   "",   "",   "",   "",   "",   ""))
			, ID2 = as.character(c(  "",   "",   "",   "",   "",   "",   "",   "",   "",   "",   "",   "",   "",   "",   "",   "",   "",   "",   "",   "",   "",   "",   "",   "",   "",   "",   "",   "",   "",   "",   "",   "",   "",   "",   "",   "",   "",   "",   "",   "",   "",   "",   "",   "",   "",   "",   "",   "",   "",   "",   "",   "",   "",   "",   "",   "",   "",   "",   "",   "",   "",   "",   "",   "",   "",   "",   "",   "",   "",   "",   "",   "",   "",   "",   "",   "",   "",   "",   "",   "",   "",   "",   "",   "",   "",   "",   "",   "",   "",   "",   "",   "",   "",   "",   "",   "",   "",   "",   "",   "",   "",   "",   "",   "",   "",   "",   "",   "",   "",   "",   "",   "",   "",   "",   "",   "",   "",   "",   "",   "",   "",   "",   "",   "",   "",   "",   "",   "",   "",   "",   "",   "",   "",   "",   "",   "",   "",   "",   "",   "",   "",   "",   "",   "",   "",   "",   "",   "",   "",   "",   "",   "",   "",   "",   "",   "",   "",   "",   "",   "",   "",   "",   "",   "",   "",   "",   "",   "",   "",   "",   "",   "",   "",   "",   "",   "",   "",   "",   "",   "",   "",   "",   "",   "",   "",   "",   "",   "",   "",   "",   "",   "",   "",   "",   "",   "",   "",   "",   "",   "",   "",   "",   "",   "",   "",   "",   "",   "",   "",   "",   "",   "",   "",   "",   "",   "",   "",   "",   "",   "",   "",   "",   "",   "",   "",   "",   "",   "",   "",   "",   "",   "",   "",   "",   "",   "",   "",   "",   "",   "",   "",   "",   "",   "",   "",   "",   "",   "",   "",   "",   "",   "",   "",   "",   "",   "",   "",   "",   "",   "",   "",   "",   "",   "",   "",   "",   "",   "",   "",   "",   "",   "",   "",   "",   "",   "",   "",   "",   "",   "",   "",   "",   "",   "",   "",   "",   "",   "",   "",   "",   "",   "",   "",   "",   "",   "",   "",   "",   "",   "",   "",   "",   "",   "",   "",   "",   "",   "",   "",   "",   "",   "",   "",   "",   "",   "",   "",   "",   "",   "",   "",   "",   "",   "",   "",   "",   "",   "",   "",   "",   "",   "",   "",   "",   "",   "",   "",   "",   "",   "",   "",   "",   "",   "",   "",   "",   "",   "",   "",   "",   "",   "",   "",   "",   "",   "",   "",   "",   "",   "",   "",   "",   "",   "",   "",   "",   "",   "",   "",   "",   "",   "",   "",   "",   "",   "",   "",   "",   "",   "",   "",   "",   "",   "",   "",   "",   "",   "",   "",   "",   "",   "",   "",   "",   "",   "",   "",   "",   "",   "",   "",   "",   "",   "",   "",   "",   "",   "",   "",   "",   "",   "",   "",   "",   "",   "",   "",   "",   "",   "",   "",   "",   "",   "",   "",   "",   "",   "",   "",   "",   "",   "",   "",   "",   "",   "",   "",   "",   "",   "",   "",   "",   "",   "",   "",   "",   "",   "",   "",   "",   "",   "",   "",   "",   "",   "",   "",   "",   "",   "",   "",   "",   "",   "",   "",   "",   "",   "",   "",   "",   "",   "",   "",   "",   "",   "",   "",   "",   "",   ""))
			, ID3 = as.character(c(  "",   "",   "",   "",   "",   "",   "",   "",   "",   "",   "",   "",   "",   "",   "",   "",   "",   "",   "",   "",   "",   "",   "",   "",   "",   "",   "",   "",   "",   "",   "",   "",   "",   "",   "",   "",   "",   "",   "",   "",   "",   "",   "",   "",   "",   "",   "",   "",   "",   "",   "",   "",   "",   "",   "",   "",   "",   "",   "",   "",   "",   "",   "",   "",   "",   "",   "",   "",   "",   "",   "",   "",   "",   "",   "",   "",   "",   "",   "",   "",   "",   "",   "",   "",   "",   "",   "",   "",   "",   "",   "",   "",   "",   "",   "",   "",   "",   "",   "",   "",   "",   "",   "",   "",   "",   "",   "",   "",   "",   "",   "",   "",   "",   "",   "",   "",   "",   "",   "",   "",   "",   "",   "",   "",   "",   "",   "",   "",   "",   "",   "",   "",   "",   "",   "",   "",   "",   "",   "",   "",   "",   "",   "",   "",   "",   "",   "",   "",   "",   "",   "",   "",   "",   "",   "",   "",   "",   "",   "",   "",   "",   "",   "",   "",   "",   "",   "",   "",   "",   "",   "",   "",   "",   "",   "",   "",   "",   "",   "",   "",   "",   "",   "",   "",   "",   "",   "",   "",   "",   "",   "",   "",   "",   "",   "",   "",   "",   "",   "",   "",   "",   "",   "",   "",   "",   "",   "",   "",   "",   "",   "",   "",   "",   "",   "",   "",   "",   "",   "",   "",   "",   "",   "",   "",   "",   "",   "",   "",   "",   "",   "",   "",   "",   "",   "",   "",   "",   "",   "",   "",   "",   "",   "",   "",   "",   "",   "",   "",   "",   "",   "",   "",   "",   "",   "",   "",   "",   "",   "",   "",   "",   "",   "",   "",   "",   "",   "",   "",   "",   "",   "",   "",   "",   "",   "",   "",   "",   "",   "",   "",   "",   "",   "",   "",   "",   "",   "",   "",   "",   "",   "",   "",   "",   "",   "",   "",   "",   "",   "",   "",   "",   "",   "",   "",   "",   "",   "",   "",   "",   "",   "",   "",   "",   "",   "",   "",   "",   "",   "",   "",   "",   "",   "",   "",   "",   "",   "",   "",   "",   "",   "",   "",   "",   "",   "",   "",   "",   "",   "",   "",   "",   "",   "",   "",   "",   "",   "",   "",   "",   "",   "",   "",   "",   "",   "",   "",   "",   "",   "",   "",   "",   "",   "",   "",   "",   "",   "",   "",   "",   "",   "",   "",   "",   "",   "",   "",   "",   "",   "",   "",   "",   "",   "",   "",   "",   "",   "",   "",   "",   "",   "",   "",   "",   "",   "",   "",   "",   "",   "",   "",   "",   "",   "",   "",   "",   "",   "",   "",   "",   "",   "",   "",   "",   "",   "",   "",   "",   "",   "",   "",   "",   "",   "",   "",   "",   "",   "",   "",   "",   "",   "",   "",   "",   "",   "",   "",   "",   "",   "",   "",   "",   "",   "",   "",   "",   "",   "",   "",   "",   "",   "",   "",   "",   "",   "",   "",   "",   "",   "",   "",   "",   "",   "",   "",   "",   "",   "",   "",   "",   "",   "",   "",   "",   "",   "",   "",   "",   "",   "",   ""))
			, ID4 = as.character(c(  "",   "",   "",   "",   "",   "",   "",   "",   "",   "",   "",   "",   "",   "",   "",   "",   "",   "",   "",   "",   "",   "",   "",   "",   "",   "",   "",   "",   "",   "",   "",   "",   "",   "",   "",   "",   "",   "",   "",   "",   "",   "",   "",   "",   "",   "",   "",   "",   "",   "",   "",   "",   "",   "",   "",   "",   "",   "",   "",   "",   "",   "",   "",   "",   "",   "",   "",   "",   "",   "",   "",   "",   "",   "",   "",   "",   "",   "",   "",   "",   "",   "",   "",   "",   "",   "",   "",   "",   "",   "",   "",   "",   "",   "",   "",   "",   "",   "",   "",   "",   "",   "",   "",   "",   "",   "",   "",   "",   "",   "",   "",   "",   "",   "",   "",   "",   "",   "",   "",   "",   "",   "",   "",   "",   "",   "",   "",   "",   "",   "",   "",   "",   "",   "",   "",   "",   "",   "",   "",   "",   "",   "",   "",   "",   "",   "",   "",   "",   "",   "",   "",   "",   "",   "",   "",   "",   "",   "",   "",   "",   "",   "",   "",   "",   "",   "",   "",   "",   "",   "",   "",   "",   "",   "",   "",   "",   "",   "",   "",   "",   "",   "",   "",   "",   "",   "",   "",   "",   "",   "",   "",   "",   "",   "",   "",   "",   "",   "",   "",   "",   "",   "",   "",   "",   "",   "",   "",   "",   "",   "",   "",   "",   "",   "",   "",   "",   "",   "",   "",   "",   "",   "",   "",   "",   "",   "",   "",   "",   "",   "",   "",   "",   "",   "",   "",   "",   "",   "",   "",   "",   "",   "",   "",   "",   "",   "",   "",   "",   "",   "",   "",   "",   "",   "",   "",   "",   "",   "",   "",   "",   "",   "",   "",   "",   "",   "",   "",   "",   "",   "",   "",   "",   "",   "",   "",   "",   "",   "",   "",   "",   "",   "",   "",   "",   "",   "",   "",   "",   "",   "",   "",   "",   "",   "",   "",   "",   "",   "",   "",   "",   "",   "",   "",   "",   "",   "",   "",   "",   "",   "",   "",   "",   "",   "",   "",   "",   "",   "",   "",   "",   "",   "",   "",   "",   "",   "",   "",   "",   "",   "",   "",   "",   "",   "",   "",   "",   "",   "",   "",   "",   "",   "",   "",   "",   "",   "",   "",   "",   "",   "",   "",   "",   "",   "",   "",   "",   "",   "",   "",   "",   "",   "",   "",   "",   "",   "",   "",   "",   "",   "",   "",   "",   "",   "",   "",   "",   "",   "",   "",   "",   "",   "",   "",   "",   "",   "",   "",   "",   "",   "",   "",   "",   "",   "",   "",   "",   "",   "",   "",   "",   "",   "",   "",   "",   "",   "",   "",   "",   "",   "",   "",   "",   "",   "",   "",   "",   "",   "",   "",   "",   "",   "",   "",   "",   "",   "",   "",   "",   "",   "",   "",   "",   "",   "",   "",   "",   "",   "",   "",   "",   "",   "",   "",   "",   "",   "",   "",   "",   "",   "",   "",   "",   "",   "",   "",   "",   "",   "",   "",   "",   "",   "",   "",   "",   "",   "",   "",   "",   "",   "",   "",   "",   "",   "",   "",   "",   "",   "",   "",   ""))
			, ID5 = as.character(c( "1",  "1",  "1",  "1",  "1",  "1",  "1",  "1",  "2",  "2",  "2",  "2",  "2",  "2",  "2",  "2",  "3",  "3",  "3",  "3",  "3",  "3",  "3",  "3",  "4",  "4",  "4",  "4",  "4",  "4",  "4",  "4",  "5",  "5",  "5",  "5",  "5",  "5",  "5",  "5",  "6",  "6",  "6",  "6",  "6",  "6",  "6",  "6",  "7",  "7",  "7",  "7",  "7",  "7",  "7",  "7",  "8",  "8",  "8",  "8",  "8",  "8",  "8",  "8",  "9",  "9",  "9",  "9",  "9",  "9",  "9",  "9", "10", "10", "10", "10", "10", "10", "10", "10", "11", "11", "11", "11", "11", "11", "11", "11", "12", "12", "12", "12", "12", "12", "12", "12", "13", "13", "13", "13", "13", "13", "13", "13", "14", "14", "14", "14", "14", "14", "14", "14", "15", "15", "15", "15", "15", "15", "15", "15", "16", "16", "16", "16", "16", "16", "16", "16", "17", "17", "17", "17", "17", "17", "17", "17", "18", "18", "18", "18", "18", "18", "18", "18", "19", "19", "19", "19", "19", "19", "19", "19", "20", "20", "20", "20", "20", "20", "20", "20", "21", "21", "21", "21", "21", "21", "21", "21", "22", "22", "22", "22", "22", "22", "22", "22", "23", "23", "23", "23", "23", "23", "23", "23", "24", "24", "24", "24", "24", "24", "24", "24", "25", "25", "25", "25", "25", "25", "25", "25", "26", "26", "26", "26", "26", "26", "26", "26", "27", "27", "27", "27", "27", "27", "27", "27", "28", "28", "28", "28", "28", "28", "28", "28", "29", "29", "29", "29", "29", "29", "29", "29", "30", "30", "30", "30", "30", "30", "30", "30", "31", "31", "31", "31", "31", "31", "31", "31", "32", "32", "32", "32", "32", "32", "32", "32", "33", "33", "33", "33", "33", "33", "33", "33", "34", "34", "34", "34", "34", "34", "34", "34", "35", "35", "35", "35", "35", "35", "35", "35", "36", "36", "36", "36", "36", "36", "36", "36", "37", "37", "37", "37", "37", "37", "37", "37", "38", "38", "38", "38", "38", "38", "38", "38", "39", "39", "39", "39", "39", "39", "39", "39", "40", "40", "40", "40", "40", "40", "40", "40", "41", "41", "41", "41", "41", "41", "41", "41", "42", "42", "42", "42", "42", "42", "42", "42", "43", "43", "43", "43", "43", "43", "43", "43", "44", "44", "44", "44", "44", "44", "44", "44", "45", "45", "45", "45", "45", "45", "45", "45", "46", "46", "46", "46", "46", "46", "46", "46", "47", "47", "47", "47", "47", "47", "47", "47", "48", "48", "48", "48", "48", "48", "48", "48", "49", "49", "49", "49", "49", "49", "49", "49", "50", "50", "50", "50", "50", "50", "50", "50", "51", "51", "51", "51", "51", "51", "51", "51", "52", "52", "52", "52", "52", "52", "52", "52", "53", "53", "53", "53", "53", "53", "53", "53", "54", "54", "54", "54", "54", "54", "54", "54", "55", "55", "55", "55", "55", "55", "55", "55", "56", "56", "56", "56", "56", "56", "56", "56", "57", "57", "57", "57", "57", "57", "57", "57", "58", "58", "58", "58", "58", "58", "58", "58", "59", "59", "59", "59", "59", "59", "59", "59", "60", "60", "60", "60", "60", "60", "60", "60"))
			, IVAR = c(0.64, 1.99, 6.43, 12.03, 22.28, 48.91, 80.15, 138.94, 0.51, 2.49, 6.29, 11.18, 25.51, 43.72, 84.69, 123.55, 0.48, 2, 6.04, 11.31, 22.67, 47.36, 103.04, 108, 0.53, 2.07, 6.67, 11.64, 24.9, 49.3, 90.93, 135.41, 0.56, 2.15, 7.03, 12.69, 21.12, 45.33, 84.94, 114.45, 0.47, 2.01, 5.48, 12.19, 22.48, 57.28, 103.13, 131.43, 0.52, 2.37, 5.63, 11.46, 27.7, 44.98, 94.03, 115.38, 0.48, 1.94, 6.3, 11.79, 22.82, 54.9, 93.96, 117.86, 0.5, 2.15, 5.96, 11.95, 22.42, 46.47, 96.58, 113.14, 0.53, 1.72, 6.19, 10.29, 23.29, 45.53, 89.94, 119.32, 0.41, 2.25, 5.08, 11.46, 21.47, 44.53, 118.28, 120.21, 0.44, 1.7, 6.28, 11.98, 23.25, 43.74, 82.73, 107.77, 0.55, 1.88, 5.22, 14.47, 25.04, 46.87, 106.72, 131.12, 0.47, 2.49, 5.85, 10.41, 23.66, 49.01, 120.92, 121.28, 0.52, 1.98, 5.8, 11.96, 25.97, 59.07, 106.39, 135.41, 0.44, 2.21, 6.13, 10.36, 25.28, 47.24, 111.14, 111.15, 0.48, 1.82, 5.89, 12.49, 22.31, 52.16, 85.08, 108.06, 0.58, 1.81, 6.25, 11.55, 25, 56.83, 112.51, 116.09, 0.4, 2.57, 6.41, 12.67, 23.97, 50.51, 94.43, 125.16, 0.48, 1.74, 6.62, 13.97, 23.27, 42.35, 102.37, 119.46, 0.42, 2, 5.63, 11.6, 21.38, 57.48, 92.87, 102.2, 0.51, 2.05, 5.44, 8.99, 22.51, 50.82, 95.43, 118.83, 0.53, 1.78, 6.7, 11.99, 25.76, 53.23, 98.17, 109.91, 0.56, 1.64, 5.68, 11.7, 23.6, 53.16, 97.32, 124.99, 0.5, 1.95, 6.43, 13.46, 18.87, 50.83, 99.67, 115, 0.55, 1.92, 5.83, 13.07, 28.5, 49.31, 92.03, 106.55, 0.48, 1.82, 5.85, 12.48, 22.04, 62.56, 97.51, 134.36, 0.4, 2.15, 5.26, 13.16, 24.97, 46.08, 109.59, 111.87, 0.47, 1.81, 5.61, 13.19, 25.06, 53.08, 92.33, 124.6, 0.51, 1.73, 7.17, 12.16, 25.91, 52.81, 95.52, 116.39, 0.55, 1.8, 7.31, 11.55, 28.32, 55.84, 96.8, 127, 0.45, 2.07, 6.66, 12.12, 22.93, 44.95, 95.66, 133.54, 0.48, 1.98, 5.27, 12.61, 27.35, 55.75, 99.54, 104.15, 0.52, 2.09, 5.79, 12.21, 22.01, 51.37, 92.91, 102.57, 0.48, 2.29, 5.8, 12.91, 26.38, 48.02, 92.68, 113.81, 0.54, 1.8, 6.15, 11.66, 19.14, 41.69, 105.21, 117.73, 0.54, 2.42, 6.95, 12.84, 24.93, 47.08, 112.41, 127.37, 0.44, 1.97, 4.95, 11.77, 18.52, 54.74, 90.09, 114.95, 0.49, 2.13, 6.42, 12.7, 22.66, 41.88, 92.34, 123.38, 0.46, 1.99, 5.34, 11.99, 24.31, 47.3, 94.44, 143.14, 0.54, 2.24, 5.47, 12.2, 26.94, 47.73, 77.59, 124.21, 0.41, 1.84, 6.85, 12.76, 26.77, 49.49, 94.95, 109.41, 0.59, 2.01, 5.59, 13.08, 26.72, 58.02, 90.38, 115.4, 0.48, 1.93, 5.78, 11.65, 27.72, 44.77, 92.34, 128.09, 0.56, 1.85, 5.7, 12.65, 26.57, 46.81, 83.21, 142.37, 0.58, 1.86, 5.96, 10.06, 25.41, 56.4, 81.5, 111, 0.47, 1.87, 4.9, 12.62, 20.59, 47.88, 101.86, 117.65, 0.55, 1.99, 5.62, 12.8, 22.98, 57.31, 95.82, 130.68, 0.51, 1.48, 5.23, 11.5, 24.58, 37.98, 105.69, 112.96, 0.46, 1.71, 5.19, 12.07, 25.25, 38.92, 86.83, 126.6, 0.48, 2.48, 6.8, 12.74, 24.01, 49.36, 89.46, 127.78, 0.58, 2.23, 5.53, 10.21, 23.74, 50.16, 105.18, 109.89, 0.52, 2.05, 6.76, 11.97, 23.16, 42.8, 91.16, 115.73, 0.63, 2.55, 5.9, 10.81, 19.7, 50.54, 86.08, 150.8, 0.46, 2.02, 8.78, 10.74, 24.75, 42.97, 99.4, 109.97, 0.5, 1.94, 5.33, 12.01, 26.5, 56.29, 83.69, 117.04, 0.56, 1.79, 4.66, 10.93, 21.79, 48.23, 92.2, 122.81, 0.48, 2.08, 5.78, 13.52, 22.29, 49.42, 87.87, 122.52, 0.5, 1.69, 5.91, 13.5, 25.69, 48.69, 85.21, 134.88, 0.5, 1.91, 7.07, 11.11, 24.74, 54.56, 101.96, 116.37)
			, TAD = c(0.64, 1.99, 6.43, 12.03, 22.28, 48.91, 80.15, 138.94, 0.51, 2.49, 6.29, 11.18, 25.51, 43.72, 84.69, 123.55, 0.48, 2, 6.04, 11.31, 22.67, 47.36, 103.04, 108, 0.53, 2.07, 6.67, 11.64, 24.9, 49.3, 90.93, 135.41, 0.56, 2.15, 7.03, 12.69, 21.12, 45.33, 84.94, 114.45, 0.47, 2.01, 5.48, 12.19, 22.48, 57.28, 103.13, 131.43, 0.52, 2.37, 5.63, 11.46, 27.7, 44.98, 94.03, 115.38, 0.48, 1.94, 6.3, 11.79, 22.82, 54.9, 93.96, 117.86, 0.5, 2.15, 5.96, 11.95, 22.42, 46.47, 96.58, 113.14, 0.53, 1.72, 6.19, 10.29, 23.29, 45.53, 89.94, 119.32, 0.41, 2.25, 5.08, 11.46, 21.47, 44.53, 118.28, 120.21, 0.44, 1.7, 6.28, 11.98, 23.25, 43.74, 82.73, 107.77, 0.55, 1.88, 5.22, 14.47, 25.04, 46.87, 106.72, 131.12, 0.47, 2.49, 5.85, 10.41, 23.66, 49.01, 120.92, 121.28, 0.52, 1.98, 5.8, 11.96, 25.97, 59.07, 106.39, 135.41, 0.44, 2.21, 6.13, 10.36, 25.28, 47.24, 111.14, 111.15, 0.48, 1.82, 5.89, 12.49, 22.31, 52.16, 85.08, 108.06, 0.58, 1.81, 6.25, 11.55, 25, 56.83, 112.51, 116.09, 0.4, 2.57, 6.41, 12.67, 23.97, 50.51, 94.43, 125.16, 0.48, 1.74, 6.62, 13.97, 23.27, 42.35, 102.37, 119.46, 0.42, 2, 5.63, 11.6, 21.38, 57.48, 92.87, 102.2, 0.51, 2.05, 5.44, 8.99, 22.51, 50.82, 95.43, 118.83, 0.53, 1.78, 6.7, 11.99, 25.76, 53.23, 98.17, 109.91, 0.56, 1.64, 5.68, 11.7, 23.6, 53.16, 97.32, 124.99, 0.5, 1.95, 6.43, 13.46, 18.87, 50.83, 99.67, 115, 0.55, 1.92, 5.83, 13.07, 28.5, 49.31, 92.03, 106.55, 0.48, 1.82, 5.85, 12.48, 22.04, 62.56, 97.51, 134.36, 0.4, 2.15, 5.26, 13.16, 24.97, 46.08, 109.59, 111.87, 0.47, 1.81, 5.61, 13.19, 25.06, 53.08, 92.33, 124.6, 0.51, 1.73, 7.17, 12.16, 25.91, 52.81, 95.52, 116.39, 0.55, 1.8, 7.31, 11.55, 28.32, 55.84, 96.8, 127, 0.45, 2.07, 6.66, 12.12, 22.93, 44.95, 95.66, 133.54, 0.48, 1.98, 5.27, 12.61, 27.35, 55.75, 99.54, 104.15, 0.52, 2.09, 5.79, 12.21, 22.01, 51.37, 92.91, 102.57, 0.48, 2.29, 5.8, 12.91, 26.38, 48.02, 92.68, 113.81, 0.54, 1.8, 6.15, 11.66, 19.14, 41.69, 105.21, 117.73, 0.54, 2.42, 6.95, 12.84, 24.93, 47.08, 112.41, 127.37, 0.44, 1.97, 4.95, 11.77, 18.52, 54.74, 90.09, 114.95, 0.49, 2.13, 6.42, 12.7, 22.66, 41.88, 92.34, 123.38, 0.46, 1.99, 5.34, 11.99, 24.31, 47.3, 94.44, 143.14, 0.54, 2.24, 5.47, 12.2, 26.94, 47.73, 77.59, 124.21, 0.41, 1.84, 6.85, 12.76, 26.77, 49.49, 94.95, 109.41, 0.59, 2.01, 5.59, 13.08, 26.72, 58.02, 90.38, 115.4, 0.48, 1.93, 5.78, 11.65, 27.72, 44.77, 92.34, 128.09, 0.56, 1.85, 5.7, 12.65, 26.57, 46.81, 83.21, 142.37, 0.58, 1.86, 5.96, 10.06, 25.41, 56.4, 81.5, 111, 0.47, 1.87, 4.9, 12.62, 20.59, 47.88, 101.86, 117.65, 0.55, 1.99, 5.62, 12.8, 22.98, 57.31, 95.82, 130.68, 0.51, 1.48, 5.23, 11.5, 24.58, 37.98, 105.69, 112.96, 0.46, 1.71, 5.19, 12.07, 25.25, 38.92, 86.83, 126.6, 0.48, 2.48, 6.8, 12.74, 24.01, 49.36, 89.46, 127.78, 0.58, 2.23, 5.53, 10.21, 23.74, 50.16, 105.18, 109.89, 0.52, 2.05, 6.76, 11.97, 23.16, 42.8, 91.16, 115.73, 0.63, 2.55, 5.9, 10.81, 19.7, 50.54, 86.08, 150.8, 0.46, 2.02, 8.78, 10.74, 24.75, 42.97, 99.4, 109.97, 0.5, 1.94, 5.33, 12.01, 26.5, 56.29, 83.69, 117.04, 0.56, 1.79, 4.66, 10.93, 21.79, 48.23, 92.2, 122.81, 0.48, 2.08, 5.78, 13.52, 22.29, 49.42, 87.87, 122.52, 0.5, 1.69, 5.91, 13.5, 25.69, 48.69, 85.21, 134.88, 0.5, 1.91, 7.07, 11.11, 24.74, 54.56, 101.96, 116.37)
			, PRED = c(  1027.67,   1323.07,   1310.19,    1177.9,   852.328,    257.89,    50.705,   2.14646,   778.857,   1138.18,   1132.79,   1055.81,   707.124,   350.775,    55.812,   9.00045,   937.009,    1381.3,   1368.74,   1239.73,   856.209,   271.531,    13.011,   9.86965,   586.711,   848.339,   868.992,   828.019,   626.376,   302.003,   71.3003,   14.1239,   790.678,   1097.86,   1094.75,   999.828,   802.512,   330.713,   58.4265,   15.1751,   923.288,   1377.05,   1373.07,   1209.35,   861.268,   161.803,   13.0842,   2.71038,   736.765,   1068.58,   1074.86,   998.741,   640.496,   338.079,    41.467,   16.0266,   669.956,    1005.4,   1022.41,   953.452,   729.302,   232.474,   46.2139,   16.6891,   709.112,    1045.9,   1056.18,   976.269,   751.275,   320.078,   38.4674,   18.6011,    880.22,   1227.54,   1239.19,   1163.27,   797.549,    313.84,   35.1065,   7.84047,    517.54,   867.525,   886.128,   842.051,    689.52,   352.166,    25.328,   23.5772,   687.427,   1065.97,   1090.02,   1004.78,   746.708,   353.728,   65.9721,   21.3208,   959.233,   1318.39,   1326.86,   1103.88,   766.931,   285.393,   12.1971,   3.27338,   1235.87,   1821.31,   1758.12,    1573.1,   903.468,   197.134,   1.50802,   1.47135,   642.614,   930.119,    952.42,   891.276,    639.03,   207.294,   33.0368,   10.3877,   754.573,   1184.91,   1182.43,   1113.03,   726.405,   296.878,   14.0598,    14.053,   786.711,   1164.08,    1178.6,   1060.14,   802.299,   238.807,   50.6657,   16.6312,    706.15,   958.929,   984.294,   925.481,   669.604,   220.689,   23.4819,   20.2625,    592.45,   1003.07,   1005.56,   925.212,   698.717,   277.982,   46.9447,   12.9094,   690.984,   1025.74,   1047.61,   934.278,   730.855,   375.834,   30.1373,    14.253,   597.342,   971.223,   991.568,   928.359,   743.757,   214.643,   52.0427,   35.4771,   684.679,    999.28,   1017.48,   987.202,    731.86,   273.938,   44.3379,   16.4935,    812.11,   1140.54,   1150.25,   1056.27,   707.161,    230.32,   28.2004,   16.0793,   1287.82,   1713.95,   1695.54,    1462.5,   894.987,   158.073,   8.74013,     1.396,   702.399,   1030.19,   1044.22,   940.756,   826.263,   270.132,   34.3168,   17.5969,   851.248,    1178.9,   1188.63,   1053.14,   646.402,   270.239,   35.4946,   17.4499,   810.186,   1196.85,   1209.46,   1083.41,    821.05,   143.536,   25.8565,   4.11608,   967.411,   1569.74,   1550.23,   1294.12,   813.244,   267.864,   5.76495,    5.0116,   858.797,   1277.53,   1287.55,   1119.23,   758.136,   213.972,   28.4516,    5.2136,   740.694,   1062.09,   1076.26,    996.98,   683.733,   244.351,   37.5723,   14.6532,   628.796,   879.766,   904.486,   862.612,   584.287,   238.689,   52.9265,   16.7712,   773.663,   1194.77,   1188.79,   1083.54,    792.53,   327.184,   29.0895,   4.47295,    722.39,   1080.83,   1098.24,   993.127,   653.342,   215.003,   30.8543,   25.0361,    826.55,   1183.32,   1187.43,   1072.79,   813.316,   246.407,   34.1207,    21.292,   1050.76,   1546.63,   1515.52,   1288.18,   758.601,   242.856,   17.0954,   4.75266,   910.283,   1261.08,   1266.07,   1150.71,   930.932,   371.792,   15.0386,   7.83358,   905.826,   1274.79,   1249.02,   1114.69,   756.848,   289.403,   10.4997,   4.82696,   756.907,   1180.91,   1195.73,   1084.35,   909.099,   211.013,   39.0143,   11.5567,    626.58,   940.146,   954.887,   884.202,   703.196,   384.457,   56.9682,   16.5124,   651.004,   1002.24,   1022.58,   946.209,    696.08,   313.036,   45.7523,   5.75688,   863.432,   1215.28,   1216.49,   1092.87,   690.211,   287.127,   68.8317,   6.75936,   758.451,   1223.19,   1220.08,   1093.73,   698.921,   262.208,   27.8518,   13.3948,   749.686,   1015.52,   1033.56,   936.028,   650.034,   204.282,    53.002,   18.1433,   696.675,   1042.72,   1061.09,   984.814,   636.889,   341.842,   45.9222,   9.49789,   980.897,   1334.18,   1336.86,   1171.13,   724.407,   284.189,   41.8519,   1.67595,   1000.61,   1339.07,   1337.13,   1248.81,   760.148,    173.63,   45.5752,   9.15994,   717.231,    1080.7,   1104.06,   996.046,   812.177,    298.43,   27.4945,   13.3834,   714.302,      1001,   1020.28,   931.077,   723.472,   212.062,   43.2764,    9.8453,   829.836,   1162.98,   1206.87,   1100.79,   749.245,   442.561,   17.5908,    12.272,    634.21,    965.39,   999.735,   926.307,   668.632,   426.837,   65.7837,   12.6366,   720.348,   1090.19,   1083.95,   988.387,   728.488,   281.471,   48.9112,   8.62475,   981.953,   1328.13,   1321.17,   1226.68,   806.112,   242.522,    13.319,   10.3391,   760.941,   1093.42,   1096.26,   1013.61,   752.909,   366.618,   44.1738,   14.3688,   1135.55,   1476.59,   1446.87,   1315.02,   987.616,   219.547,   28.8906,  0.660438,   563.107,   875.582,   882.115,   862.185,    640.34,   370.467,   49.3268,   33.2044,   523.405,    780.16,   809.406,   771.539,   576.514,   245.949,   101.816,   33.2731,   917.442,   1248.85,   1270.53,   1160.91,   846.593,   274.697,   30.2525,    6.2263,   978.848,   1442.05,    1425.8,   1204.95,   884.913,    236.71,   27.2503,   3.71249,   710.081,   1028.11,   1057.76,   947.422,   679.591,   293.023,   62.9796,   7.09918,   825.228,   1197.58,   1191.12,   1113.77,   746.384,   210.202,   20.8967,   10.2096)
