dmp.txt <- structure(
	.Data = list(
		"coefficients" = list(
			"fixed" = c("GAMMA" = 1.02609243630216, "CMultStdev" = 0.500355636141631, "tvVmax" = 2395.3845632891, "tvKm" = 1605.97651467846, "tvV" = 90.3977457222467, "tvKa" = 1.83743852083196, "K12" = 0.158226202481288, "K21" = 0.853327450133595, "K13" = 0.0300587619460477, "K31" = 0.0179116144011352, "CEps" = 0.496854796799418)
			, "random" = list("Subject" = matrix(
				as.numeric(c(
					 0.426501112233797,  0.585422834524841,  -0.751153948688546
					,  0.0569251184205525,  -0.212550489084254,  0.173960631809859
					,  -0.416900603135502,  -0.0620209386143233,  0.586841995760134
					,  -0.536575599453959,  -0.0588950964175499,  -0.498380624673421
					,  0.251776115757946,  0.00504187857245287,  0.433079469590866
					,  -0.0980119338064824,  0.155153197842125,  -0.662541346441451
					,  0.182215138679982,  0.523409837048295,  0.196282573871725
					,  0.309499011558621,  -0.29408531936385,  -0.788079322406105
					,  0.211257315158296,  -0.143083884021488,  0.346161846531212
					,  -0.628720871914509,  -0.50754829423495,  0.178214249374686
					,  -0.048606376676967,  0.0281606072266493,  0.293807213355992
					,  0.12616139549979,  0.596645541970534,  -0.296252796012681
					,  0.0314168268752228,  0.296153658174011,  0.336913638146428
					,  0.768219170935709,  0.0230841321699037,  0.542363295059111
					,  0.439137708991895,  0.0772400817711107,  0.274304170345872
					,  -0.225810709658789,  0.457309024795156,  0.545964230040774
					,  -0.0371031287813922,  0.773228256464353,  0.172583301304984
					,  -0.118356377296383,  0.166280471103615,  0.0544844784848304
					,  -0.132051307039964,  0.728557183510848,  -0.154120643148657
					,  -0.343105438391997,  0.252312661999676,  0.0465453691224749
					,  -0.75728678453474,  -0.171119125338269,  0.44693997347034
					,  0.225807707715759,  0.301938646542061,  -0.0733421794601514
					,  0.484375276367996,  0.326734128307976,  -0.110389444388124
					,  -0.0430556931590181,  -0.0822132505809221,  0.0270524175862559
					,  0.244591487068558,  0.0262375621698203,  -0.152621204388089
					,  0.00688931681364247,  -0.166552489225166,  0.0400145464847612
					,  0.154172615408396,  -0.405458009629253,  0.232410658653389
					,  -0.355788178658391,  0.228678965172335,  0.160149537603922
					,  0.0761469326175842,  0.0103784811205355,  -0.171994358058368
					,  -0.782635994178525,  -0.0266876089974336,  -0.620928570488783
					,  0.537962679310962,  -0.293986659178225,  -0.153095462734828
					,  -0.5161897965893,  0.118631154694214,  -0.0231078859616795
					,  -0.526026757234144,  0.454949588452994,  -0.320949127062713
					,  -0.374500259289994,  -0.291549442494509,  -0.240549504777439
					,  0.485567655581747,  -0.456077774594553,  0.114492409944226
					,  0.151118843598169,  -0.194546881392055,  -0.198401137408779
					,  0.607767559600548,  0.142791675212145,  -0.0864335883487599
					,  -0.185112137908834,  0.0238293857752501,  -0.449671513712357
					,  0.242117670318987,  -0.0232012674808973,  0.572901565456569
					,  0.0842468402354055,  -0.540437046743756,  -0.608062343286062
					))
				, nrow = 60, ncol = 2
				, dimnames = list(
					as.character(c( "1", "2", "3", "4", "5", "6", "7", "8", "9", "10"
					  , "11", "12", "13", "14", "15", "16", "17", "18", "19", "20"
					  , "21", "22", "23", "24", "25", "26", "27", "28", "29", "30"
					  , "31", "32", "33", "34", "35", "36", "37", "38", "39", "40"
					  , "41", "42", "43", "44", "45", "46", "47", "48", "49", "50"
					  , "51", "52", "53", "54", "55", "56", "57", "58", "59", "60"))
					, as.character(c("nVmax", "nV"))
					)
				))
			)
		, "logLik" = c(-3338.74)
		, "nObs" = c(480)
		, "nSubj" = c(60)
		, "nParm" = c(14)
		, "returnCode" = c(3)
		, "omega" = matrix(
			as.numeric(c(0.276086743319429, -0.0592137601431225, -0.0592137601431225, 0.149900264352108))
			, nrow = 2, ncol = 2
			, dimnames = list(
				as.character(c("nVmax", "nV"))
				, as.character(c("nVmax", "nV"))
				)
			)
		, "eta" = matrix(
			as.numeric(c(0.0773109949136851, -0.0478846032666594, 0.141843472121551, 0.109453340176163, 0.376621125431847, 0.33083733189615, 0.28322656715378, 0.145497553753931))
			, nrow = 2, ncol = 4
			, dimnames = list(
				as.character(c("nVmax", "nV"))
				, as.character(c("mean", "var", "sd", "shrinkage"))
				)
			)
		, "eta_shrinkage" = list("Subject" = matrix(
			as.numeric(c(
				 0.10198357160095,  0.169806313464851,  0.896903686825806
				,  0.523080563959525,  0.736495990985611,  0.30877741735168
				,  0.844797933991713,  0.651477869443478,  0.18207710494007
				,  0.732948556235369,  0.42966447984604,  0.767662579994865
				,  0.415644071805587,  0.436461467227651,  0.183217986904552
				,  0.513796983703,  0.333573447804372,  0.78272463546184
				,  0.430772613831277,  0.135863313262616,  0.487779958336584
				,  0.19150335555547,  0.727571369254163,  0.851988828185096
				,  0.38710150470558,  0.575219106004453,  0.208064379384297
				,  0.457578287915968,  0.712644685461073,  0.163741175777501
				,  0.717925990625439,  0.306222463630661,  0.258674571289211
				,  0.219666939030595,  0.24135846843435,  0.612025236123022
				,  0.216739381082335,  0.530484577423261,  0.199383154984496
				,  0.100538769491087,  0.337263728820657,  0.16172477952618
				,  0.461919091492185,  0.236983382085379,  0.355668719400494
				,  0.679523817312637,  0.190180087267725,  0.156137442748666
				,  0.7550705034939,  0.196188350375956,  0.331552840484662
				,  0.441190605995878,  0.4054707879779,  0.228653816734698
				,  0.666707278175787,  0.161088608785024,  0.781664912903258
				,  0.691838942956923,  0.160751858552399,  0.199037598984948
				,  0.274752008557567,  0.292060861945722,  0.215578769340072
				,  0.27962054398424,  0.255223232991368,  0.286977178286057
				,  0.233819491796161,  0.268577895445067,  0.291132520287845
				,  0.249091727147963,  0.275920151939296,  0.247230307564228
				,  0.288450004476587,  0.279999362009345,  0.289144243171455
				,  0.278001684821966,  0.292501413579444,  0.243512983882456
				,  0.289542558038835,  0.285828444004718,  0.287118359888487
				,  0.281796468768468,  0.258706851932362,  0.227374463164723
				,  0.287842323450248,  0.281319975993012,  0.287112602539078
				,  0.27079311938637,  0.255925217409463,  0.287085320006944
				,  0.26269611363748,  0.281984103146875,  0.298731732608083
				,  0.287666519512477,  0.301762499588784,  0.2616408601861
				,  0.282270423485195,  0.279532880420159,  0.285461663955261
				,  0.281739075302247,  0.289557890985185,  0.297621524257547
				,  0.297108025917796,  0.285174516861582,  0.289081860149677
				,  0.264984820459925,  0.284731846706143,  0.287867657638048
				,  0.249564211827088,  0.29265165694446,  0.291437272697314
				,  0.28097400057446,  0.287979554565729,  0.273083577539373
				,  0.266705751139898,  0.298214154645025,  0.244277278560658
				,  0.259382651250754,  0.284134414861803,  0.284656187872626
				))
			, nrow = 60, ncol = 2
			, dimnames = list(
				as.character(c( "1", "2", "3", "4", "5", "6", "7", "8", "9", "10"
				  , "11", "12", "13", "14", "15", "16", "17", "18", "19", "20"
				  , "21", "22", "23", "24", "25", "26", "27", "28", "29", "30"
				  , "31", "32", "33", "34", "35", "36", "37", "38", "39", "40"
				  , "41", "42", "43", "44", "45", "46", "47", "48", "49", "50"
				  , "51", "52", "53", "54", "55", "56", "57", "58", "59", "60"))
				, as.character(c("nVmax_shrinkage", "nV_shrinkage"))
				)
			))
		, "sigma" = matrix(
			as.numeric(c(0.246864689102591))
			, nrow = 1, ncol = 1
			, dimnames = list(
				as.character(c("CEps"))
				, as.character(c("CEps"))
				)
			)
		, "method" = "FOCE-ELS"
		, "varFix" = matrix(
			as.numeric(c(0.00104813892543741, -4.84737005782726e-005, -0.0923182484356767, 0.384557122140083, -0.0651124029696453, -0.00059987382994256, 8.97828556135619e-005, -0.000350957009738401, 2.33099343065045e-005, 2.37587759492173e-006, 2.09016544461075, -4.84737005782726e-005, 0.00029935959091475, -0.203338456300883, 0.0991780898478936, -0.000823472331731273, -0.000246656889189572, -3.43058668377894e-006, 1.66872836137702e-005, -9.05130874252827e-006, 4.12866594548147e-007, -0.0276741744291687, -0.0923182484356767, -0.203338456300883, 17460.9537652713, -8835.79536341292, 154.079028921917, -2.2829807415735, -0.22494539642922, 1.53658138822816, 0.152754720724854, 0.0046294239456203, 11186.9848149394, 0.384557122140083, 0.0991780898478936, -8835.79536341292, 5264.91011112204, -68.2433320118792, 2.32209960509269, 0.165726229086261, -0.732745468381335, -0.0755161103802238, 0.000556073379259319, 425.36158240338, -0.0651124029696453, -0.000823472331731273, 154.079028921917, -68.2433320118792, 24.1183006285547, 0.252105278644491, -0.0135266039225532, 0.0377420040331973, -0.000478511964530306, 5.42290124543589e-005, -87.3670303203511, -0.00059987382994256, -0.000246656889189572, -2.2829807415735, 2.32209960509269, 0.252105278644491, 0.0321032875210863, -0.000134240651687084, -0.000121679746914164, -1.37078291617488e-005, -1.86915565837943e-006, 6.05045394406626, 8.97828556135619e-005, -3.43058668377894e-006, -0.22494539642922, 0.165726229086261, -0.0135266039225532, -0.000134240651687084, 2.5151295101094e-005, -7.39411545864327e-005, 3.66879685767451e-006, -6.43663936079834e-008, 0.378144996019937, -0.000350957009738401, 1.66872836137702e-005, 1.53658138822816, -0.732745468381335, 0.0377420040331973, -0.000121679746914164, -7.39411545864327e-005, 0.000646970661292358, -1.60825299172406e-005, -4.23629320303889e-006, 2.72345703979887, 2.33099343065045e-005, -9.05130874252827e-006, 0.152754720724854, -0.0755161103802238, -0.000478511964530306, -1.37078291617488e-005, 3.66879685767451e-006, -1.60825299172406e-005, 4.41679177252789e-006, 3.10657415979162e-008, 0.107681168598019, 2.37587759492173e-006, 4.12866594548147e-007, 0.0046294239456203, 0.000556073379259319, 5.42290124543589e-005, -1.86915565837943e-006, -6.43663936079834e-008, -4.23629320303889e-006, 3.10657415979162e-008, 3.89713765638833e-007, 0.0311265319362237, 2.09016544461075, -0.0276741744291687, 11186.9848149394, 425.36158240338, -87.3670303203511, 6.05045394406626, 0.378144996019937, 2.72345703979887, 0.107681168598019, 0.0311265319362237, 91969.5830346222))
			, nrow = 11, ncol = 11
			, dimnames = list(
				as.character(c("GAMMA", "CMultStdev", "tvVmax", "tvKm", "tvV", "tvKa", "K12", "K21", "K13", "K31", "CEps"))
				, as.character(c("GAMMA", "CMultStdev", "tvVmax", "tvKm", "tvV", "tvKa", "K12", "K21", "K13", "K31", "CEps"))
				)
			)
		, "omegaSE" = matrix(
			as.numeric(c(0.0277865035426307, 0.0128615354516323, 0.0128615354516323, 0.0158963652320362))
			, nrow = 2, ncol = 2, byrow = TRUE
			, dimnames = list(
				as.character(c("nVmax", "nV"))
				, as.character(c("nVmax", "nV"))
				)
			)
		, "Covariance" = matrix(
			as.numeric(c(0.0010481389, -4.8473701e-005, -0.092318248, 0.38455712, -0.065112403, -0.00059987383, 8.9782856e-005, -0.00035095701, 2.3309934e-005, 2.3758776e-006, 2.0901654, 0.00021273545, -6.7700994e-005, -8.7764199e-006, -4.8473701e-005, 0.00029935959, -0.20333846, 0.09917809, -0.00082347233, -0.00024665689, -3.4305867e-006, 1.6687284e-005, -9.0513087e-006, 4.1286659e-007, -0.027674174, -2.7491729e-005, 3.7185519e-006, -1.3645439e-005, -0.092318248, -0.20333846, 17460.954, -8835.7954, 154.07903, -2.2829807, -0.2249454, 1.5365814, 0.15275472, 0.0046294239, 11186.985, 0.76595512, -0.65851537, 0.34526027, 0.38455712, 0.09917809, -8835.7954, 5264.9101, -68.243332, 2.3220996, 0.16572623, -0.73274547, -0.07551611, 0.00055607338, 425.36158, 0.061716732, 0.22574279, -0.10307609, -0.065112403, -0.00082347233, 154.07903, -68.243332, 24.118301, 0.25210528, -0.013526604, 0.037742004, -0.00047851196, 5.4229012e-005, -87.36703, 0.0030709679, -0.016158806, 0.000758634, -0.00059987383, -0.00024665689, -2.2829807, 2.3220996, 0.25210528, 0.032103288, -0.00013424065, -0.00012167975, -1.3707829e-005, -1.8691557e-006, 6.0504539, 0.00020257706, -0.00044208677, -4.0248099e-005, 8.9782856e-005, -3.4305867e-006, -0.2249454, 0.16572623, -0.013526604, -0.00013424065, 2.5151295e-005, -7.3941155e-005, 3.6687969e-006, -6.4366394e-008,  0.378145, 3.2031665e-005, 5.9477468e-006, -9.7923074e-006, -0.00035095701, 1.6687284e-005, 1.5365814, -0.73274547, 0.037742004, -0.00012167975, -7.3941155e-005, 0.00064697066, -1.608253e-005, -4.2362932e-006,  2.723457, 0.00010152256, -5.9959308e-005, 7.6375034e-005, 2.3309934e-005, -9.0513087e-006, 0.15275472, -0.07551611, -0.00047851196, -1.3707829e-005, 3.6687969e-006, -1.608253e-005, 4.4167918e-006, 3.1065742e-008, 0.10768117, 1.2692594e-005, -6.6379068e-006, 1.8917028e-006, 2.3758776e-006, 4.1286659e-007, 0.0046294239, 0.00055607338, 5.4229012e-005, -1.8691557e-006, -6.4366394e-008, -4.2362932e-006, 3.1065742e-008, 3.8971377e-007, 0.031126532, 2.7289829e-006, -5.2648983e-007, 1.376844e-006, 2.0901654, -0.027674174, 11186.985, 425.36158, -87.36703, 6.0504539,  0.378145,  2.723457, 0.10768117, 0.031126532, 91969.583, 6.1989746, -1.1395888, 1.3131056, 0.00021273545, -2.7491729e-005, 0.76595512, 0.061716732, 0.0030709679, 0.00020257706, 3.2031665e-005, 0.00010152256, 1.2692594e-005, 2.7289829e-006, 6.1989746, 0.00077208978, 6.0819405e-005, 5.609372e-005, -6.7700994e-005, 3.7185519e-006, -0.65851537, 0.22574279, -0.016158806, -0.00044208677, 5.9477468e-006, -5.9959308e-005, -6.6379068e-006, -5.2648983e-007, -1.1395888, 6.0819405e-005, 0.00016541909, -1.7806041e-005, -8.7764199e-006, -1.3645439e-005, 0.34526027, -0.10307609, 0.000758634, -4.0248099e-005, -9.7923074e-006, 7.6375034e-005, 1.8917028e-006, 1.376844e-006, 1.3131056, 5.609372e-005, -1.7806041e-005, 0.00025269443))
			, nrow = 14, ncol = 14
			, dimnames = list(
				as.character(c("GAMMA", "CMultStdev", "tvVmax", "tvKm", "tvV", "tvKa", "K12", "K21", "K13", "K31", "stdev0", "nVmax-nVmax", "nV-nVmax", "nV-nV"))
				, as.character(c("GAMMA", "CMultStdev", "tvVmax", "tvKm", "tvV", "tvKa", "K12", "K21", "K13", "K31", "stdev0", "nVmax-nVmax", "nV-nVmax", "nV-nV"))
				)
			)
		, "Correlation" = matrix(
			as.numeric(c(0.032374974, -0.086536667, -0.021579638, 0.16370274, -0.4095255, -0.10341314, 0.55297286, -0.42618897, 0.34259275, 0.11755518, 0.21288699, 0.23648115, -0.16258961, -0.017053367, -0.086536667, 0.017302011, -0.088938326, 0.078999378, -0.0096912338, -0.079564971, -0.0395359, 0.037918117, -0.24892088, 0.038224365, -0.0052741925, -0.05718361, 0.016710308, -0.049612726, -0.021579638, -0.088938326,  132.1399, -0.92154424, 0.23743033, -0.096425858, -0.33943995, 0.45717165, 0.55005637, 0.056120315, 0.27916242, 0.20861015, -0.38747092, 0.16436706, 0.16370274, 0.078999378, -0.92154424,   72.5597, -0.19150997, 0.17861199, 0.45542366, -0.39702273, -0.49521144, 0.012276194, 0.019330393, 0.030610719, 0.24189427, -0.089364417, -0.4095255, -0.0096912338, 0.23743033, -0.19150997, 4.9110387, 0.28650607, -0.54920596, 0.30214076, -0.046362408, 0.017688275, -0.058661358, 0.02250443, -0.25582507, 0.0097176469, -0.10341314, -0.079564971, -0.096425858, 0.17861199, 0.28650607, 0.1791739, -0.14939261, -0.026699385, -0.036403276, -0.016710823, 0.11135022, 0.04068943, -0.19184035, -0.014130996, 0.55297286, -0.0395359, -0.33943995, 0.45542366, -0.54920596, -0.14939261, 0.0050151067, -0.57964722, 0.34808878, -0.020559196, 0.24863146, 0.22986107, 0.092210309, -0.12283073, -0.42618897, 0.037918117, 0.45717165, -0.39702273, 0.30214076, -0.026699385, -0.57964722, 0.025435618, -0.30085595, -0.2667908, 0.35306619, 0.14364363, -0.18328271, 0.18889101, 0.34259275, -0.24892088, 0.55005637, -0.49521144, -0.046362408, -0.036403276, 0.34808878, -0.30085595, 0.0021016165, 0.023678566, 0.16895233, 0.2173517, -0.24557541, 0.056624139, 0.11755518, 0.038224365, 0.056120315, 0.012276194, 0.017688275, -0.016710823, -0.020559196, -0.2667908, 0.023678566, 0.00062427059, 0.16441285, 0.15732366, -0.065572885, 0.13874395, 0.21288699, -0.0052741925, 0.27916242, 0.019330393, -0.058661358, 0.11135022, 0.24863146, 0.35306619, 0.16895233, 0.16441285, 303.26487, 0.73563747, -0.29216841, 0.27238281, 0.23648115, -0.05718361, 0.20861015, 0.030610719, 0.02250443, 0.04068943, 0.22986107, 0.14364363, 0.2173517, 0.15732366, 0.73563747, 0.027786504, 0.17018271, 0.1269938, -0.16258961, 0.016710308, -0.38747092, 0.24189427, -0.25582507, -0.19184035, 0.092210309, -0.18328271, -0.24557541, -0.065572885, -0.29216841, 0.17018271, 0.012861535, -0.087091692, -0.017053367, -0.049612726, 0.16436706, -0.089364417, 0.0097176469, -0.014130996, -0.12283073, 0.18889101, 0.056624139, 0.13874395, 0.27238281, 0.1269938, -0.087091692, 0.015896365))
			, nrow = 14, ncol = 14
			, dimnames = list(
				as.character(c("GAMMA", "CMultStdev", "tvVmax", "tvKm", "tvV", "tvKa", "K12", "K21", "K13", "K31", "stdev0", "nVmax-nVmax", "nV-nVmax", "nV-nV"))
				, as.character(c("GAMMA", "CMultStdev", "tvVmax", "tvKm", "tvV", "tvKa", "K12", "K21", "K13", "K31", "stdev0", "nVmax-nVmax", "nV-nVmax", "nV-nV"))
				)
			)
		, "Inverse" = matrix(
			as.numeric(c(2255.5604, 202.10804, -0.549571, -0.91025208, 6.4917685, 48.591302, -123.92306, 1278.2584, 2206.0641, 11346.545, 0.085462281, -1141.3765,  2333.671, -38.684755, 202.10804, 3841.1375, -0.080020305, 0.34974687, -1.3475216, 36.029739, -2147.2121, 1417.3899,  23951.58,  13424.11, -0.075139793,  172.8472, 187.14171, 77.445798, -0.549571, -0.080020305, 0.001530598, 0.0024598396, -0.003481033, -0.044405161, -4.6848503, -1.2083783, -2.9666299, -19.266792, -3.4929611e-005, -0.89968882, 1.6625142, -0.29868426, -0.91025208, 0.34974687, 0.0024598396, 0.0054180452, -0.010050136, -0.13859304, -17.901196, 0.48252684, 40.085688, -3.1336181, -0.00014962069, -1.4220185, 2.4663381, -1.0110905, 6.4917685, -1.3475216, -0.003481033, -0.010050136, 0.11271012, -0.031435026, 67.455139, -4.4746149, -127.02796, -45.036009, 0.0012919989, -9.858526, 16.955433, 2.2981365, 48.591302, 36.029739, -0.044405161, -0.13859304, -0.031435026, 49.859773, 1642.4102,  222.1145, -1261.1898, 4044.8774, -0.017703704, 75.544389, 3.6984565, 75.210016, -123.92306, -2147.2121, -4.6848503, -17.901196, 67.455139, 1642.4102, 281969.82, 17300.113, -320832.53, 357250.05, -1.8688188, 10678.556, -14410.323, 11516.267, 1278.2584, 1417.3899, -1.2083783, 0.48252684, -4.4746149,  222.1145, 17300.113,  13969.57, 90797.883,  194885.4, -0.70733165, 1905.6632, -1704.7808, -143.34322, 2206.0641,  23951.58, -2.9666299, 40.085688, -127.02796, -1261.1898, -320832.53, 90797.883, 1760502.7, 1121425.1, -2.2344014, -13131.824, 23907.855, -20999.678, 11346.545,  13424.11, -19.266792, -3.1336181, -45.036009, 4044.8774, 357250.05,  194885.4, 1121425.1, 5498528.8, -10.206121, 21801.569, -20748.879, -9735.0282, 0.085462281, -0.075139793, -3.4929611e-005, -0.00014962069, 0.0012919989, -0.017703704, -1.8688188, -0.70733165, -2.2344014, -10.206121, 0.00010801977, -0.65815108, 0.83788964, -0.16356788, -1141.3765,  172.8472, -0.89968882, -1.4220185, -9.858526, 75.544389, 10678.556, 1905.6632, -13131.824, 21801.569, -0.65815108, 8089.2816, -10384.612, 1370.4832,  2333.671, 187.14171, 1.6625142, 2.4663381, 16.955433, 3.6984565, -14410.323, -1704.7808, 23907.855, -20748.879, 0.83788964, -10384.612, 22102.326, -1825.114, -38.684755, 77.445798, -0.29868426, -1.0110905, 2.2981365, 75.210016, 11516.267, -143.34322, -20999.678, -9735.0282, -0.16356788, 1370.4832, -1825.114, 5077.9165))
			, nrow = 14, ncol = 14
			, dimnames = list(
				as.character(c("GAMMA", "CMultStdev", "tvVmax", "tvKm", "tvV", "tvKa", "K12", "K21", "K13", "K31", "stdev0", "nVmax-nVmax", "nV-nVmax", "nV-nV"))
				, as.character(c("GAMMA", "CMultStdev", "tvVmax", "tvKm", "tvV", "tvKa", "K12", "K21", "K13", "K31", "stdev0", "nVmax-nVmax", "nV-nVmax", "nV-nV"))
				)
			)
		, "LLTable" = data.frame(
			id = as.character(c( "1", "2", "3", "4", "5", "6", "7", "8", "9", "10", "11", "12", "13", "14", "15", "16", "17", "18", "19", "20", "21", "22", "23", "24", "25", "26", "27", "28", "29", "30", "31", "32", "33", "34", "35", "36", "37", "38", "39", "40", "41", "42", "43", "44", "45", "46", "47", "48", "49", "50", "51", "52", "53", "54", "55", "56", "57", "58", "59", "60"))
			, "LL" = c(-60.275724, -53.021256, -57.056621, -52.359652, -54.120345, -56.282594, -52.284785, -51.761468, -56.242489, -57.087373, -55.97277, -57.61033, -54.379769, -55.09341, -52.729022, -55.514109, -55.418229, -57.06686,  -52.0615, -56.153492, -53.547202, -58.125962, -52.683004, -56.159621, -55.503753, -55.276833, -55.400252, -67.343902, -58.641964, -60.184557, -50.626059, -56.951136, -54.699859, -57.63789, -51.63594, -55.649411, -61.772588, -50.723032, -55.842282, -57.971144, -56.916865, -56.001282, -50.433824, -61.939589, -52.356879, -54.965322, -57.467921, -53.385625, -51.540381, -51.775552, -56.131119, -56.784988, -56.16369, -61.110022, -54.240108, -53.847215, -51.823629, -54.80963, -58.784287, -59.388985)
			) # end of LLTable
		, "residuals" = data.frame(
			  ID1 = as.character(c(  "",   "",   "",   "",   "",   "",   "",   "",   "",   "",   "",   "",   "",   "",   "",   "",   "",   "",   "",   "",   "",   "",   "",   "",   "",   "",   "",   "",   "",   "",   "",   "",   "",   "",   "",   "",   "",   "",   "",   "",   "",   "",   "",   "",   "",   "",   "",   "",   "",   "",   "",   "",   "",   "",   "",   "",   "",   "",   "",   "",   "",   "",   "",   "",   "",   "",   "",   "",   "",   "",   "",   "",   "",   "",   "",   "",   "",   "",   "",   "",   "",   "",   "",   "",   "",   "",   "",   "",   "",   "",   "",   "",   "",   "",   "",   "",   "",   "",   "",   "",   "",   "",   "",   "",   "",   "",   "",   "",   "",   "",   "",   "",   "",   "",   "",   "",   "",   "",   "",   "",   "",   "",   "",   "",   "",   "",   "",   "",   "",   "",   "",   "",   "",   "",   "",   "",   "",   "",   "",   "",   "",   "",   "",   "",   "",   "",   "",   "",   "",   "",   "",   "",   "",   "",   "",   "",   "",   "",   "",   "",   "",   "",   "",   "",   "",   "",   "",   "",   "",   "",   "",   "",   "",   "",   "",   "",   "",   "",   "",   "",   "",   "",   "",   "",   "",   "",   "",   "",   "",   "",   "",   "",   "",   "",   "",   "",   "",   "",   "",   "",   "",   "",   "",   "",   "",   "",   "",   "",   "",   "",   "",   "",   "",   "",   "",   "",   "",   "",   "",   "",   "",   "",   "",   "",   "",   "",   "",   "",   "",   "",   "",   "",   "",   "",   "",   "",   "",   "",   "",   "",   "",   "",   "",   "",   "",   "",   "",   "",   "",   "",   "",   "",   "",   "",   "",   "",   "",   "",   "",   "",   "",   "",   "",   "",   "",   "",   "",   "",   "",   "",   "",   "",   "",   "",   "",   "",   "",   "",   "",   "",   "",   "",   "",   "",   "",   "",   "",   "",   "",   "",   "",   "",   "",   "",   "",   "",   "",   "",   "",   "",   "",   "",   "",   "",   "",   "",   "",   "",   "",   "",   "",   "",   "",   "",   "",   "",   "",   "",   "",   "",   "",   "",   "",   "",   "",   "",   "",   "",   "",   "",   "",   "",   "",   "",   "",   "",   "",   "",   "",   "",   "",   "",   "",   "",   "",   "",   "",   "",   "",   "",   "",   "",   "",   "",   "",   "",   "",   "",   "",   "",   "",   "",   "",   "",   "",   "",   "",   "",   "",   "",   "",   "",   "",   "",   "",   "",   "",   "",   "",   "",   "",   "",   "",   "",   "",   "",   "",   "",   "",   "",   "",   "",   "",   "",   "",   "",   "",   "",   "",   "",   "",   "",   "",   "",   "",   "",   "",   "",   "",   "",   "",   "",   "",   "",   "",   "",   "",   "",   "",   "",   "",   "",   "",   "",   "",   "",   "",   "",   "",   "",   "",   "",   "",   "",   "",   "",   "",   "",   "",   "",   "",   "",   "",   "",   "",   "",   "",   "",   "",   "",   "",   "",   "",   "",   "",   "",   "",   "",   "",   "",   "",   "",   "",   "",   "",   "",   "",   "",   "",   "",   "",   "",   "",   "",   "",   "",   "",   "",   "",   ""))
			, ID2 = as.character(c(  "",   "",   "",   "",   "",   "",   "",   "",   "",   "",   "",   "",   "",   "",   "",   "",   "",   "",   "",   "",   "",   "",   "",   "",   "",   "",   "",   "",   "",   "",   "",   "",   "",   "",   "",   "",   "",   "",   "",   "",   "",   "",   "",   "",   "",   "",   "",   "",   "",   "",   "",   "",   "",   "",   "",   "",   "",   "",   "",   "",   "",   "",   "",   "",   "",   "",   "",   "",   "",   "",   "",   "",   "",   "",   "",   "",   "",   "",   "",   "",   "",   "",   "",   "",   "",   "",   "",   "",   "",   "",   "",   "",   "",   "",   "",   "",   "",   "",   "",   "",   "",   "",   "",   "",   "",   "",   "",   "",   "",   "",   "",   "",   "",   "",   "",   "",   "",   "",   "",   "",   "",   "",   "",   "",   "",   "",   "",   "",   "",   "",   "",   "",   "",   "",   "",   "",   "",   "",   "",   "",   "",   "",   "",   "",   "",   "",   "",   "",   "",   "",   "",   "",   "",   "",   "",   "",   "",   "",   "",   "",   "",   "",   "",   "",   "",   "",   "",   "",   "",   "",   "",   "",   "",   "",   "",   "",   "",   "",   "",   "",   "",   "",   "",   "",   "",   "",   "",   "",   "",   "",   "",   "",   "",   "",   "",   "",   "",   "",   "",   "",   "",   "",   "",   "",   "",   "",   "",   "",   "",   "",   "",   "",   "",   "",   "",   "",   "",   "",   "",   "",   "",   "",   "",   "",   "",   "",   "",   "",   "",   "",   "",   "",   "",   "",   "",   "",   "",   "",   "",   "",   "",   "",   "",   "",   "",   "",   "",   "",   "",   "",   "",   "",   "",   "",   "",   "",   "",   "",   "",   "",   "",   "",   "",   "",   "",   "",   "",   "",   "",   "",   "",   "",   "",   "",   "",   "",   "",   "",   "",   "",   "",   "",   "",   "",   "",   "",   "",   "",   "",   "",   "",   "",   "",   "",   "",   "",   "",   "",   "",   "",   "",   "",   "",   "",   "",   "",   "",   "",   "",   "",   "",   "",   "",   "",   "",   "",   "",   "",   "",   "",   "",   "",   "",   "",   "",   "",   "",   "",   "",   "",   "",   "",   "",   "",   "",   "",   "",   "",   "",   "",   "",   "",   "",   "",   "",   "",   "",   "",   "",   "",   "",   "",   "",   "",   "",   "",   "",   "",   "",   "",   "",   "",   "",   "",   "",   "",   "",   "",   "",   "",   "",   "",   "",   "",   "",   "",   "",   "",   "",   "",   "",   "",   "",   "",   "",   "",   "",   "",   "",   "",   "",   "",   "",   "",   "",   "",   "",   "",   "",   "",   "",   "",   "",   "",   "",   "",   "",   "",   "",   "",   "",   "",   "",   "",   "",   "",   "",   "",   "",   "",   "",   "",   "",   "",   "",   "",   "",   "",   "",   "",   "",   "",   "",   "",   "",   "",   "",   "",   "",   "",   "",   "",   "",   "",   "",   "",   "",   "",   "",   "",   "",   "",   "",   "",   "",   "",   "",   "",   "",   "",   "",   "",   "",   "",   "",   "",   "",   "",   "",   "",   "",   "",   "",   "",   "",   "",   "",   "",   "",   ""))
			, ID3 = as.character(c(  "",   "",   "",   "",   "",   "",   "",   "",   "",   "",   "",   "",   "",   "",   "",   "",   "",   "",   "",   "",   "",   "",   "",   "",   "",   "",   "",   "",   "",   "",   "",   "",   "",   "",   "",   "",   "",   "",   "",   "",   "",   "",   "",   "",   "",   "",   "",   "",   "",   "",   "",   "",   "",   "",   "",   "",   "",   "",   "",   "",   "",   "",   "",   "",   "",   "",   "",   "",   "",   "",   "",   "",   "",   "",   "",   "",   "",   "",   "",   "",   "",   "",   "",   "",   "",   "",   "",   "",   "",   "",   "",   "",   "",   "",   "",   "",   "",   "",   "",   "",   "",   "",   "",   "",   "",   "",   "",   "",   "",   "",   "",   "",   "",   "",   "",   "",   "",   "",   "",   "",   "",   "",   "",   "",   "",   "",   "",   "",   "",   "",   "",   "",   "",   "",   "",   "",   "",   "",   "",   "",   "",   "",   "",   "",   "",   "",   "",   "",   "",   "",   "",   "",   "",   "",   "",   "",   "",   "",   "",   "",   "",   "",   "",   "",   "",   "",   "",   "",   "",   "",   "",   "",   "",   "",   "",   "",   "",   "",   "",   "",   "",   "",   "",   "",   "",   "",   "",   "",   "",   "",   "",   "",   "",   "",   "",   "",   "",   "",   "",   "",   "",   "",   "",   "",   "",   "",   "",   "",   "",   "",   "",   "",   "",   "",   "",   "",   "",   "",   "",   "",   "",   "",   "",   "",   "",   "",   "",   "",   "",   "",   "",   "",   "",   "",   "",   "",   "",   "",   "",   "",   "",   "",   "",   "",   "",   "",   "",   "",   "",   "",   "",   "",   "",   "",   "",   "",   "",   "",   "",   "",   "",   "",   "",   "",   "",   "",   "",   "",   "",   "",   "",   "",   "",   "",   "",   "",   "",   "",   "",   "",   "",   "",   "",   "",   "",   "",   "",   "",   "",   "",   "",   "",   "",   "",   "",   "",   "",   "",   "",   "",   "",   "",   "",   "",   "",   "",   "",   "",   "",   "",   "",   "",   "",   "",   "",   "",   "",   "",   "",   "",   "",   "",   "",   "",   "",   "",   "",   "",   "",   "",   "",   "",   "",   "",   "",   "",   "",   "",   "",   "",   "",   "",   "",   "",   "",   "",   "",   "",   "",   "",   "",   "",   "",   "",   "",   "",   "",   "",   "",   "",   "",   "",   "",   "",   "",   "",   "",   "",   "",   "",   "",   "",   "",   "",   "",   "",   "",   "",   "",   "",   "",   "",   "",   "",   "",   "",   "",   "",   "",   "",   "",   "",   "",   "",   "",   "",   "",   "",   "",   "",   "",   "",   "",   "",   "",   "",   "",   "",   "",   "",   "",   "",   "",   "",   "",   "",   "",   "",   "",   "",   "",   "",   "",   "",   "",   "",   "",   "",   "",   "",   "",   "",   "",   "",   "",   "",   "",   "",   "",   "",   "",   "",   "",   "",   "",   "",   "",   "",   "",   "",   "",   "",   "",   "",   "",   "",   "",   "",   "",   "",   "",   "",   "",   "",   "",   "",   "",   "",   "",   "",   "",   "",   "",   "",   "",   "",   "",   "",   "",   ""))
			, ID4 = as.character(c(  "",   "",   "",   "",   "",   "",   "",   "",   "",   "",   "",   "",   "",   "",   "",   "",   "",   "",   "",   "",   "",   "",   "",   "",   "",   "",   "",   "",   "",   "",   "",   "",   "",   "",   "",   "",   "",   "",   "",   "",   "",   "",   "",   "",   "",   "",   "",   "",   "",   "",   "",   "",   "",   "",   "",   "",   "",   "",   "",   "",   "",   "",   "",   "",   "",   "",   "",   "",   "",   "",   "",   "",   "",   "",   "",   "",   "",   "",   "",   "",   "",   "",   "",   "",   "",   "",   "",   "",   "",   "",   "",   "",   "",   "",   "",   "",   "",   "",   "",   "",   "",   "",   "",   "",   "",   "",   "",   "",   "",   "",   "",   "",   "",   "",   "",   "",   "",   "",   "",   "",   "",   "",   "",   "",   "",   "",   "",   "",   "",   "",   "",   "",   "",   "",   "",   "",   "",   "",   "",   "",   "",   "",   "",   "",   "",   "",   "",   "",   "",   "",   "",   "",   "",   "",   "",   "",   "",   "",   "",   "",   "",   "",   "",   "",   "",   "",   "",   "",   "",   "",   "",   "",   "",   "",   "",   "",   "",   "",   "",   "",   "",   "",   "",   "",   "",   "",   "",   "",   "",   "",   "",   "",   "",   "",   "",   "",   "",   "",   "",   "",   "",   "",   "",   "",   "",   "",   "",   "",   "",   "",   "",   "",   "",   "",   "",   "",   "",   "",   "",   "",   "",   "",   "",   "",   "",   "",   "",   "",   "",   "",   "",   "",   "",   "",   "",   "",   "",   "",   "",   "",   "",   "",   "",   "",   "",   "",   "",   "",   "",   "",   "",   "",   "",   "",   "",   "",   "",   "",   "",   "",   "",   "",   "",   "",   "",   "",   "",   "",   "",   "",   "",   "",   "",   "",   "",   "",   "",   "",   "",   "",   "",   "",   "",   "",   "",   "",   "",   "",   "",   "",   "",   "",   "",   "",   "",   "",   "",   "",   "",   "",   "",   "",   "",   "",   "",   "",   "",   "",   "",   "",   "",   "",   "",   "",   "",   "",   "",   "",   "",   "",   "",   "",   "",   "",   "",   "",   "",   "",   "",   "",   "",   "",   "",   "",   "",   "",   "",   "",   "",   "",   "",   "",   "",   "",   "",   "",   "",   "",   "",   "",   "",   "",   "",   "",   "",   "",   "",   "",   "",   "",   "",   "",   "",   "",   "",   "",   "",   "",   "",   "",   "",   "",   "",   "",   "",   "",   "",   "",   "",   "",   "",   "",   "",   "",   "",   "",   "",   "",   "",   "",   "",   "",   "",   "",   "",   "",   "",   "",   "",   "",   "",   "",   "",   "",   "",   "",   "",   "",   "",   "",   "",   "",   "",   "",   "",   "",   "",   "",   "",   "",   "",   "",   "",   "",   "",   "",   "",   "",   "",   "",   "",   "",   "",   "",   "",   "",   "",   "",   "",   "",   "",   "",   "",   "",   "",   "",   "",   "",   "",   "",   "",   "",   "",   "",   "",   "",   "",   "",   "",   "",   "",   "",   "",   "",   "",   "",   "",   "",   "",   "",   "",   "",   "",   "",   "",   "",   "",   "",   "",   ""))
			, ID5 = as.character(c( "1",  "1",  "1",  "1",  "1",  "1",  "1",  "1",  "2",  "2",  "2",  "2",  "2",  "2",  "2",  "2",  "3",  "3",  "3",  "3",  "3",  "3",  "3",  "3",  "4",  "4",  "4",  "4",  "4",  "4",  "4",  "4",  "5",  "5",  "5",  "5",  "5",  "5",  "5",  "5",  "6",  "6",  "6",  "6",  "6",  "6",  "6",  "6",  "7",  "7",  "7",  "7",  "7",  "7",  "7",  "7",  "8",  "8",  "8",  "8",  "8",  "8",  "8",  "8",  "9",  "9",  "9",  "9",  "9",  "9",  "9",  "9", "10", "10", "10", "10", "10", "10", "10", "10", "11", "11", "11", "11", "11", "11", "11", "11", "12", "12", "12", "12", "12", "12", "12", "12", "13", "13", "13", "13", "13", "13", "13", "13", "14", "14", "14", "14", "14", "14", "14", "14", "15", "15", "15", "15", "15", "15", "15", "15", "16", "16", "16", "16", "16", "16", "16", "16", "17", "17", "17", "17", "17", "17", "17", "17", "18", "18", "18", "18", "18", "18", "18", "18", "19", "19", "19", "19", "19", "19", "19", "19", "20", "20", "20", "20", "20", "20", "20", "20", "21", "21", "21", "21", "21", "21", "21", "21", "22", "22", "22", "22", "22", "22", "22", "22", "23", "23", "23", "23", "23", "23", "23", "23", "24", "24", "24", "24", "24", "24", "24", "24", "25", "25", "25", "25", "25", "25", "25", "25", "26", "26", "26", "26", "26", "26", "26", "26", "27", "27", "27", "27", "27", "27", "27", "27", "28", "28", "28", "28", "28", "28", "28", "28", "29", "29", "29", "29", "29", "29", "29", "29", "30", "30", "30", "30", "30", "30", "30", "30", "31", "31", "31", "31", "31", "31", "31", "31", "32", "32", "32", "32", "32", "32", "32", "32", "33", "33", "33", "33", "33", "33", "33", "33", "34", "34", "34", "34", "34", "34", "34", "34", "35", "35", "35", "35", "35", "35", "35", "35", "36", "36", "36", "36", "36", "36", "36", "36", "37", "37", "37", "37", "37", "37", "37", "37", "38", "38", "38", "38", "38", "38", "38", "38", "39", "39", "39", "39", "39", "39", "39", "39", "40", "40", "40", "40", "40", "40", "40", "40", "41", "41", "41", "41", "41", "41", "41", "41", "42", "42", "42", "42", "42", "42", "42", "42", "43", "43", "43", "43", "43", "43", "43", "43", "44", "44", "44", "44", "44", "44", "44", "44", "45", "45", "45", "45", "45", "45", "45", "45", "46", "46", "46", "46", "46", "46", "46", "46", "47", "47", "47", "47", "47", "47", "47", "47", "48", "48", "48", "48", "48", "48", "48", "48", "49", "49", "49", "49", "49", "49", "49", "49", "50", "50", "50", "50", "50", "50", "50", "50", "51", "51", "51", "51", "51", "51", "51", "51", "52", "52", "52", "52", "52", "52", "52", "52", "53", "53", "53", "53", "53", "53", "53", "53", "54", "54", "54", "54", "54", "54", "54", "54", "55", "55", "55", "55", "55", "55", "55", "55", "56", "56", "56", "56", "56", "56", "56", "56", "57", "57", "57", "57", "57", "57", "57", "57", "58", "58", "58", "58", "58", "58", "58", "58", "59", "59", "59", "59", "59", "59", "59", "59", "60", "60", "60", "60", "60", "60", "60", "60"))
			, IVAR = c(0.64, 1.99, 6.43, 12.03, 22.28, 48.91, 80.15, 138.94, 0.51, 2.49, 6.29, 11.18, 25.51, 43.72, 84.69, 123.55, 0.48, 2, 6.04, 11.31, 22.67, 47.36, 103.04, 108, 0.53, 2.07, 6.67, 11.64, 24.9, 49.3, 90.93, 135.41, 0.56, 2.15, 7.03, 12.69, 21.12, 45.33, 84.94, 114.45, 0.47, 2.01, 5.48, 12.19, 22.48, 57.28, 103.13, 131.43, 0.52, 2.37, 5.63, 11.46, 27.7, 44.98, 94.03, 115.38, 0.48, 1.94, 6.3, 11.79, 22.82, 54.9, 93.96, 117.86, 0.5, 2.15, 5.96, 11.95, 22.42, 46.47, 96.58, 113.14, 0.53, 1.72, 6.19, 10.29, 23.29, 45.53, 89.94, 119.32, 0.41, 2.25, 5.08, 11.46, 21.47, 44.53, 118.28, 120.21, 0.44, 1.7, 6.28, 11.98, 23.25, 43.74, 82.73, 107.77, 0.55, 1.88, 5.22, 14.47, 25.04, 46.87, 106.72, 131.12, 0.47, 2.49, 5.85, 10.41, 23.66, 49.01, 120.92, 121.28, 0.52, 1.98, 5.8, 11.96, 25.97, 59.07, 106.39, 135.41, 0.44, 2.21, 6.13, 10.36, 25.28, 47.24, 111.14, 111.15, 0.48, 1.82, 5.89, 12.49, 22.31, 52.16, 85.08, 108.06, 0.58, 1.81, 6.25, 11.55, 25, 56.83, 112.51, 116.09, 0.4, 2.57, 6.41, 12.67, 23.97, 50.51, 94.43, 125.16, 0.48, 1.74, 6.62, 13.97, 23.27, 42.35, 102.37, 119.46, 0.42, 2, 5.63, 11.6, 21.38, 57.48, 92.87, 102.2, 0.51, 2.05, 5.44, 8.99, 22.51, 50.82, 95.43, 118.83, 0.53, 1.78, 6.7, 11.99, 25.76, 53.23, 98.17, 109.91, 0.56, 1.64, 5.68, 11.7, 23.6, 53.16, 97.32, 124.99, 0.5, 1.95, 6.43, 13.46, 18.87, 50.83, 99.67, 115, 0.55, 1.92, 5.83, 13.07, 28.5, 49.31, 92.03, 106.55, 0.48, 1.82, 5.85, 12.48, 22.04, 62.56, 97.51, 134.36, 0.4, 2.15, 5.26, 13.16, 24.97, 46.08, 109.59, 111.87, 0.47, 1.81, 5.61, 13.19, 25.06, 53.08, 92.33, 124.6, 0.51, 1.73, 7.17, 12.16, 25.91, 52.81, 95.52, 116.39, 0.55, 1.8, 7.31, 11.55, 28.32, 55.84, 96.8, 127, 0.45, 2.07, 6.66, 12.12, 22.93, 44.95, 95.66, 133.54, 0.48, 1.98, 5.27, 12.61, 27.35, 55.75, 99.54, 104.15, 0.52, 2.09, 5.79, 12.21, 22.01, 51.37, 92.91, 102.57, 0.48, 2.29, 5.8, 12.91, 26.38, 48.02, 92.68, 113.81, 0.54, 1.8, 6.15, 11.66, 19.14, 41.69, 105.21, 117.73, 0.54, 2.42, 6.95, 12.84, 24.93, 47.08, 112.41, 127.37, 0.44, 1.97, 4.95, 11.77, 18.52, 54.74, 90.09, 114.95, 0.49, 2.13, 6.42, 12.7, 22.66, 41.88, 92.34, 123.38, 0.46, 1.99, 5.34, 11.99, 24.31, 47.3, 94.44, 143.14, 0.54, 2.24, 5.47, 12.2, 26.94, 47.73, 77.59, 124.21, 0.41, 1.84, 6.85, 12.76, 26.77, 49.49, 94.95, 109.41, 0.59, 2.01, 5.59, 13.08, 26.72, 58.02, 90.38, 115.4, 0.48, 1.93, 5.78, 11.65, 27.72, 44.77, 92.34, 128.09, 0.56, 1.85, 5.7, 12.65, 26.57, 46.81, 83.21, 142.37, 0.58, 1.86, 5.96, 10.06, 25.41, 56.4, 81.5, 111, 0.47, 1.87, 4.9, 12.62, 20.59, 47.88, 101.86, 117.65, 0.55, 1.99, 5.62, 12.8, 22.98, 57.31, 95.82, 130.68, 0.51, 1.48, 5.23, 11.5, 24.58, 37.98, 105.69, 112.96, 0.46, 1.71, 5.19, 12.07, 25.25, 38.92, 86.83, 126.6, 0.48, 2.48, 6.8, 12.74, 24.01, 49.36, 89.46, 127.78, 0.58, 2.23, 5.53, 10.21, 23.74, 50.16, 105.18, 109.89, 0.52, 2.05, 6.76, 11.97, 23.16, 42.8, 91.16, 115.73, 0.63, 2.55, 5.9, 10.81, 19.7, 50.54, 86.08, 150.8, 0.46, 2.02, 8.78, 10.74, 24.75, 42.97, 99.4, 109.97, 0.5, 1.94, 5.33, 12.01, 26.5, 56.29, 83.69, 117.04, 0.56, 1.79, 4.66, 10.93, 21.79, 48.23, 92.2, 122.81, 0.48, 2.08, 5.78, 13.52, 22.29, 49.42, 87.87, 122.52, 0.5, 1.69, 5.91, 13.5, 25.69, 48.69, 85.21, 134.88, 0.5, 1.91, 7.07, 11.11, 24.74, 54.56, 101.96, 116.37)
