dmp.txt <- structure(
	.Data = list(
		"coefficients" = list(
			"fixed" = c("CMultStdev" = 0.495876049096344, "tvVmax" = 4495.19404741931, "tvKm" = 1252.29940236305, "tvV" = 41.7595812463153, "tvKa" = 0.915229124216622, "CEps" = 0.652647179235858)
			, "random" = list("Subject" = matrix(
				as.numeric(c(
					 0.324834107474136,  -0.526987825381792,  -0.173266212418393
					,  -0.554383239630907,  -0.0737010845278007,  -0.106180274825783
					,  -0.0672397712496879,  -0.106167138146211,  -0.280772367002618
					,  -0.370826082418695,  -0.246834987857944,  -0.0221599545694945
					,  0.282247963668239,  0.197853259856092,  0.497036952757923
					,  0.215391877000843,  0.237069502759514,  -0.422636649640141
					,  0.0225651589032378,  0.145728090826947,  -0.422779583749793
					,  -0.454732846074168,  0.884050009395032,  0.042828349319849
					,  0.117395753373303,  -0.0387837304198974,  -0.458994768695972
					,  0.188933942303463,  0.164756556093433,  -0.0600229558962345
					,  -0.36623349227083,  0.491430524562828,  -0.235667203398943
					,  -0.280158305382898,  -0.379558603007071,  0.02693153868542
					,  -0.141575477524345,  0.0259568206736942,  0.390125469625818
					,  -0.223412833685076,  0.162873154442406,  -0.400030243089361
					,  -0.176915087229424,  0.239779742344433,  0.237533605673351
					,  0.116704706977008,  0.229364510838407,  0.602913844294099
					,  0.591274787276464,  -0.0494989706654995,  0.290730067633944
					,  -0.0236335946472664,  -0.543609953627556,  -0.411008377819529
					,  0.130896551126448,  -0.0602769489976331,  0.339823131814706
					,  -0.0461818119334021,  -0.0185818067747156,  0.0162861674025313
					,  -0.345610705346944,  0.0500213451581103,  -0.401039438368292
					,  -0.228517318650428,  0.275024412285877,  -0.165732326500017
					,  0.616977951239807,  0.245461993860082,  0.115441836637756
					,  0.00520089104374147,  -0.345386760521854,  -0.0789073433000489
					,  -0.522516939895099,  -0.0895217431466708,  -0.372607412262373
					,  0.203562781110841,  -0.344097171246299,  -0.227268870547267
					,  0.271733738629694,  -0.0143923678628205,  0.126692585224182
					,  -0.316864549699913,  -0.235611463959439,  0.126481940143377
					,  0.257588881384588,  0.394140828603177,  -0.107173102286357
					,  0.118995640387212,  -0.0505024128834725,  -0.0131405187854907
					,  -0.168184100156689,  0.339413564010848,  -0.560566119722373
					,  -0.373574315520283,  -0.220606814157504,  0.101042112086548
					,  0.333318390120216,  -0.10669142560973,  0.407873354778059
					,  0.11042266639315,  -0.353243130672508,  -0.103986167003008
					,  0.0939371440187093,  0.522013952832371,  0.000218469440635645
					,  -0.372975568378942,  -0.0928178229015482,  0.286966138739585
					,  -0.0311742144943868,  0.0864670298833496,  -0.66677090257687
					,  -0.015530716292534,  0.0783215607348774,  0.701010704261334
					,  -0.320413259689565,  0.222254480055844,  -0.0752690011188406
					,  0.541948521011785,  -0.0511262770348227,  0.0837329133733141
					,  -0.309177206530011,  0.207820767435329,  -0.0658075774767515
					,  0.437679661572526,  0.209149805671132,  0.333816941487076
					,  0.088514848487816,  0.153319771952018,  0.134272464888606
					,  0.189303791655838,  0.0699389467815278,  0.0249740470431522
					,  -0.0368149285996465,  -0.135214026550849,  -0.264672685193671
					,  -0.121612752987475,  -0.179307591394458,  -0.210696803071798
					,  0.173141140251398,  -0.0553497493219608,  0.291561426907128
					,  -0.306118173958848,  -0.54592993150273,  0.0722187682050339
					,  0.128648835120167,  0.0633973141114998,  0.173936854171354
					,  -0.0304653908507153,  -0.0945630156957329,  -0.0786218375932345
					,  0.335373505278089,  -0.227970235692323,  0.161870567751429
					,  0.181164190648763,  -0.218716413731718,  0.123397325255595
					,  0.0697424663859949,  -0.131488725017251,  -0.0575601246477277
					,  -0.131073788786462,  -0.349957896807925,  0.0839658904646599
					,  0.14751491736222,  -0.107288447493157,  -0.0717007789533449
					,  -0.44168508764895,  -0.050366580471809,  -0.241280381972297
					,  -0.411640315310252,  -0.335240831748165,  0.0245259561834171
					,  -0.0391514546877267,  0.414858646129427,  0.316908235156218
					,  -0.00665247200039835,  0.142415958735818,  -0.104765591079722
					,  0.0746139145395502,  0.232637374695864,  0.000555403051215515
					,  0.0635730175036052,  -0.12443570843267,  -0.623534307337569
					,  0.306907848739461,  0.257421073621846,  0.414111903251094
					,  0.284326799303157,  -0.306664692107294,  0.224018485580795
					,  -0.595963296955006,  -0.409448548789087,  0.124833558964446
					,  -0.000434727945403133,  0.58577828926484,  -0.0671483872724571
					,  0.131686849608103,  0.51179040018788,  -0.434460628044318
					,  -0.228627299009056,  -0.127417422096935,  -0.417115026421845
					,  -1.14683243039295,  0.265779996034231,  -0.0493698525903507
					,  0.839313002335878,  0.636930942013503,  -0.63561110846819
					,  0.206773328663479,  -0.0612132534695414,  0.2485625502188
					,  0.586322678069346,  0.080179553152815,  -0.322867059629772
					,  -0.00216836249927465,  -0.676695528917062,  -0.495127907768334
					,  -0.800900739758645,  -0.508380990091181,  0.739882716253725
					,  -0.380682117558669,  0.0210659849468597,  -0.255552693532139
					,  0.620619107975479,  -0.0311708743490219,  0.232812136320286
					,  -0.606019880150317,  0.250267285450874,  0.193988546199302
					,  0.015044843102036,  -0.847404693035106,  0.121554312549654
					,  -0.147177538212183,  0.127254183816936,  -0.312222292749682
					,  0.413095052449321,  -0.0144301827500679,  0.166269245653253
					,  -0.0860183194802043,  0.242103949243048,  0.000767688116294778
					))
				, nrow = 60, ncol = 4
				, dimnames = list(
					as.character(c( "1", "2", "3", "4", "5", "6", "7", "8", "9", "10"
					  , "11", "12", "13", "14", "15", "16", "17", "18", "19", "20"
					  , "21", "22", "23", "24", "25", "26", "27", "28", "29", "30"
					  , "31", "32", "33", "34", "35", "36", "37", "38", "39", "40"
					  , "41", "42", "43", "44", "45", "46", "47", "48", "49", "50"
					  , "51", "52", "53", "54", "55", "56", "57", "58", "59", "60"))
					, as.character(c("nVmax", "nKm", "nV", "nKa"))
					)
				))
			)
		, "logLik" = c(-3188.33)
		, "nObs" = c(480)
		, "nSubj" = c(60)
		, "nParm" = c(10)
		, "returnCode" = c(1)
		, "omega" = matrix(
			as.numeric(c(0.140307911699992, 0, 0, 0, 0, 0.123417978618369, 0, 0, 0, 0, 0.141873440779004, 0, 0, 0, 0, 0.370042842031639))
			, nrow = 4, ncol = 4
			, dimnames = list(
				as.character(c("nVmax", "nKm", "nV", "nKa"))
				, as.character(c("nVmax", "nKm", "nV", "nKa"))
				)
			)
		, "eta" = matrix(
			as.numeric(c(-0.00882493392425856, -0.0109259075523886, -0.00499418432328745, -0.0300343423537331, 0.0972609807188703, 0.0861707695847593, 0.0457072878258593, 0.17291366439774, 0.311866927901742, 0.293548581302583, 0.213792628090539, 0.415828888363639, 0.167415652724332, 0.164414738128508, 0.432400276553799, 0.316421093014433))
			, nrow = 4, ncol = 4
			, dimnames = list(
				as.character(c("nVmax", "nKm", "nV", "nKa"))
				, as.character(c("mean", "var", "sd", "shrinkage"))
				)
			)
		, "eta_shrinkage" = list("Subject" = matrix(
			as.numeric(c(
				 0.2262993327418,  0.335055709131024,  0.23464666081113
				,  0.330414622407241,  0.373299714992054,  0.336717686053427
				,  0.396748133117077,  0.367929880302023,  0.347199727542066
				,  0.337757799877368,  0.292206697161255,  0.296298450168677
				,  0.230619318910382,  0.288491782915813,  0.226934832113847
				,  0.317734028696105,  0.25710455149422,  0.248731051565465
				,  0.374564750957596,  0.291527197524084,  0.349938564405446
				,  0.225119088167397,  0.216390315480319,  0.3412374966887
				,  0.370962965596217,  0.368728709336668,  0.316506540504858
				,  0.315226802113769,  0.292142405425922,  0.290620838463732
				,  0.327972012143362,  0.332603563709714,  0.241060936218206
				,  0.286469502595166,  0.24651216414659,  0.363716525274125
				,  0.381351442123329,  0.290233086264358,  0.355558640368013
				,  0.308000488216857,  0.211572660303611,  0.307942310467772
				,  0.338923413801645,  0.366954987883474,  0.286483915216512
				,  0.220830968810964,  0.301486645234842,  0.332326192048282
				,  0.247472288599865,  0.282851246344887,  0.221006038530736
				,  0.303898548939514,  0.361917405895139,  0.43406042043499
				,  0.254127588104276,  0.35526190630788,  0.303680399468127
				,  0.389676359069649,  0.324299889537308,  0.324557734286839
				,  0.288658430127514,  0.282484906203354,  0.288890676826882
				,  0.267772927543731,  0.274596502308289,  0.26027338892312
				,  0.285849451958147,  0.294613562642074,  0.274615775524332
				,  0.299596135880907,  0.264931583319026,  0.265259692910438
				,  0.310146837894189,  0.30340817555828,  0.39851988242261
				,  0.310627065225491,  0.283190882976109,  0.271711194824294
				,  0.277630251401434,  0.312597611733433,  0.335599815952923
				,  0.308344321226358,  0.331494631383249,  0.277356914055302
				,  0.257404838607561,  0.276422661865274,  0.29762846147761
				,  0.290267957190294,  0.306348840760531,  0.268457231962645
				,  0.265787444845698,  0.336775323120578,  0.275984006177942
				,  0.26968476405904,  0.275892779611768,  0.276068592921056
				,  0.295916809503842,  0.300405515391294,  0.266084507924115
				,  0.278116451142728,  0.30393034075141,  0.287227752138352
				,  0.268827921793062,  0.28406898653518,  0.284699625503431
				,  0.314064337983561,  0.319457565609468,  0.299446646350906
				,  0.33317097254257,  0.296736679210617,  0.28709105813081
				,  0.267624440553925,  0.30008376692002,  0.303581479713319
				,  0.330020994262865,  0.286507125437084,  0.314040454211194
				,  0.289065159979554,  0.267596771329751,  0.271684444716634
				,  0.66467459249023,  0.700025403084711,  0.638535697734696
				,  0.688052398232984,  0.654017565296316,  0.629479957360731
				,  0.650501929734172,  0.653788770955203,  0.676275029682642
				,  0.683308720683156,  0.638958738062806,  0.638570162122371
				,  0.687702302633678,  0.730034870027739,  0.810600041450977
				,  0.680473410429231,  0.689999973151171,  0.637369135646691
				,  0.637254883115621,  0.680487856213523,  0.706621465319112
				,  0.660787311377743,  0.685867592787596,  0.633643892042077
				,  0.630343668190318,  0.654859532234961,  0.670328984596566
				,  0.653363087581303,  0.673235732361229,  0.634155996843942
				,  0.66756372624985,  0.699618578754631,  0.621219971335619
				,  0.666327844651255,  0.655359242438988,  0.640750481896775
				,  0.65159022902956,  0.650896317497946,  0.631534688118555
				,  0.652480084831832,  0.694024370613469,  0.695489720212759
				,  0.656618736458086,  0.635710297685906,  0.640102148028167
				,  0.674995940267726,  0.727790509828222,  0.652117416656783
				,  0.677257577892688,  0.666614299490863,  0.66203467410182
				,  0.62522132914816,  0.709506503275237,  0.660270368774527
				,  0.764632269273152,  0.647810066602682,  0.706489954291503
				,  0.646046670457563,  0.634738607020187,  0.630674494392723
				,  0.559885992674428,  0.526210951509486,  0.428746485483251
				,  0.597320343044596,  0.596931615094144,  0.59521466726452
				,  0.59729695343231,  0.473777048734884,  0.57376520765775
				,  0.434498443648846,  0.45497603319708,  0.517514951408473
				,  0.532126588483851,  0.63571203647665,  0.53509589901154
				,  0.545063678389773,  0.615656719863278,  0.454529542991233
				,  0.488570454596634,  0.490219366605087,  0.468211227404516
				,  0.379695704954648,  0.567710778587015,  0.50924769649938
				,  0.704707816909014,  0.680025446210088,  0.428030359140592
				,  0.542078536737929,  0.504319935062547,  0.563139438999571
				,  0.664220156592279,  0.53759534640389,  0.467841736675807
				,  0.531993352163833,  0.430837516502104,  0.439991184956248
				,  0.432586605410976,  0.440768323827051,  0.673847903455817
				,  0.459085261577525,  0.547096608460555,  0.464564203440843
				,  0.692257675200623,  0.512713249615168,  0.579812710224489
				,  0.435621929144649,  0.56876189647334,  0.572695582735098
				,  0.505964620752839,  0.387980149267357,  0.548495992170412
				,  0.51999152576987,  0.564015320919751,  0.525529584372495
				,  0.601284028428326,  0.524755586224864,  0.570141839409945
				,  0.514242026046255,  0.558050969111985,  0.517895778103229
				))
			, nrow = 60, ncol = 4
			, dimnames = list(
				as.character(c( "1", "2", "3", "4", "5", "6", "7", "8", "9", "10"
				  , "11", "12", "13", "14", "15", "16", "17", "18", "19", "20"
				  , "21", "22", "23", "24", "25", "26", "27", "28", "29", "30"
				  , "31", "32", "33", "34", "35", "36", "37", "38", "39", "40"
				  , "41", "42", "43", "44", "45", "46", "47", "48", "49", "50"
				  , "51", "52", "53", "54", "55", "56", "57", "58", "59", "60"))
				, as.character(c("nVmax_shrinkage", "nKm_shrinkage", "nV_shrinkage", "nKa_shrinkage"))
				)
			))
		, "sigma" = matrix(
			as.numeric(c(0.425948340564522))
			, nrow = 1, ncol = 1
			, dimnames = list(
				as.character(c("CEps"))
				, as.character(c("CEps"))
				)
			)
		, "method" = "FOCE-ELS"
		, "varFix" = matrix(
			as.numeric(c(0.000453139258694365, 1.03004571409927, 0.760088094729706, -0.0101919186424439, -0.000758889692824187, -0.000266563374036483, 1.03004571409927, 352936.343153564, 143085.631496097, -1043.44503519591, -13.3867676388608, -6.38619670458763, 0.760088094729706, 143085.631496097, 71211.8004097885, -540.130203467809, -11.5559538696347, -2.60156266738927, -0.0101919186424439, -1043.44503519591, -540.130203467809, 9.3953623476348, 0.231517183642922, 0.0233050126859447, -0.000758889692824187, -13.3867676388608, -11.5559538696347, 0.231517183642922, 0.0137193213536608, -0.000717553752762008, -0.000266563374036483, -6.38619670458763, -2.60156266738927, 0.0233050126859447, -0.000717553752762008, 0.0125853898622046))
			, nrow = 6, ncol = 6
			, dimnames = list(
				as.character(c("CMultStdev", "tvVmax", "tvKm", "tvV", "tvKa", "CEps"))
				, as.character(c("CMultStdev", "tvVmax", "tvKm", "tvV", "tvKa", "CEps"))
				)
			)
		, "omegaSE" = matrix(
			as.numeric(c(0.030110007931584, 0, 0, 0, 0, 0.0296162364458892, 0, 0, 0, 0, 0.0727500328072602, 0, 0, 0, 0, 0.109781044896958))
			, nrow = 4, ncol = 4, byrow = TRUE
			, dimnames = list(
				as.character(c("nVmax", "nKm", "nV", "nKa"))
				, as.character(c("nVmax", "nKm", "nV", "nKa"))
				)
			)
		, "Covariance" = matrix(
			as.numeric(c(0.00045313926, 1.0300457, 0.76008809, -0.010191919, -0.00075888969, -0.00026656337, 3.6213613e-005,         0, 9.0496564e-006,         0,         0, -0.00037711579,         0,         0,         0, -0.0001819176, 1.0300457, 352936.34, 143085.63, -1043.445, -13.386768, -6.3861967, -2.1765278,         0, 5.0329333,         0,         0, 2.6791987,         0,         0,         0, -10.243774, 0.76008809, 143085.63,   71211.8, -540.1302, -11.555954, -2.6015627, -1.7771546,         0, 2.0513386,         0,         0, -0.70737176,         0,         0,         0, -3.6191251, -0.010191919, -1043.445, -540.1302, 9.3953623, 0.23151718, 0.023305013, 0.01235948,         0, 0.0048699437,         0,         0, 0.021851011,         0,         0,         0, 0.04650837, -0.00075888969, -13.386768, -11.555954, 0.23151718, 0.013719321, -0.00071755375, 0.00032249372,         0, -3.6714836e-005,         0,         0, 0.0024684938,         0,         0,         0, 0.00093581462, -0.00026656337, -6.3861967, -2.6015627, 0.023305013, -0.00071755375, 0.01258539, 6.1223168e-005,         0, -0.00021385892,         0,         0, -0.00078919563,         0,         0,         0, -0.0022364043, 3.6213613e-005, -2.1765278, -1.7771546, 0.01235948, 0.00032249372, 6.1223168e-005, 0.00090661258,         0, -2.5164042e-005,         0,         0, 9.4433576e-005,         0,         0,         0, -0.00010463884,         0,         0,         0,         0,         0,         0,         0,         0,         0,         0,         0,         0,         0,         0,         0,         0, 9.0496564e-006, 5.0329333, 2.0513386, 0.0048699437, -3.6714836e-005, -0.00021385892, -2.5164042e-005,         0, 0.00087712146,         0,         0, -0.00030192965,         0,         0,         0, 0.00084428903,         0,         0,         0,         0,         0,         0,         0,         0,         0,         0,         0,         0,         0,         0,         0,         0,         0,         0,         0,         0,         0,         0,         0,         0,         0,         0,         0,         0,         0,         0,         0,         0, -0.00037711579, 2.6791987, -0.70737176, 0.021851011, 0.0024684938, -0.00078919563, 9.4433576e-005,         0, -0.00030192965,         0,         0, 0.0052925673,         0,         0,         0, -0.0010450341,         0,         0,         0,         0,         0,         0,         0,         0,         0,         0,         0,         0,         0,         0,         0,         0,         0,         0,         0,         0,         0,         0,         0,         0,         0,         0,         0,         0,         0,         0,         0,         0,         0,         0,         0,         0,         0,         0,         0,         0,         0,         0,         0,         0,         0,         0,         0,         0, -0.0001819176, -10.243774, -3.6191251, 0.04650837, 0.00093581462, -0.0022364043, -0.00010463884,         0, 0.00084428903,         0,         0, -0.0010450341,         0,         0,         0, 0.012051878))
			, nrow = 16, ncol = 16
			, dimnames = list(
				as.character(c("CMultStdev", "tvVmax", "tvKm", "tvV", "tvKa", "stdev0", "nVmax-nVmax", "nKm-nVmax", "nKm-nKm", "nV-nVmax", "nV-nKm", "nV-nV", "nKa-nVmax", "nKa-nKm", "nKa-nV", "nKa-nKa"))
				, as.character(c("CMultStdev", "tvVmax", "tvKm", "tvV", "tvKa", "stdev0", "nVmax-nVmax", "nKm-nVmax", "nKm-nKm", "nV-nVmax", "nV-nKm", "nV-nV", "nKa-nVmax", "nKa-nKm", "nKa-nV", "nKa-nKa"))
				)
			)
		, "Correlation" = matrix(
			as.numeric(c(0.021287068, 0.081450258, 0.13380493, -0.15620083, -0.30436625, -0.11162238, 0.05649957,         0, 0.014354444,         0,         0, -0.24351498,         0,         0,         0, -0.077845141, 0.081450258, 594.08446, 0.90255121, -0.57301319, -0.19238058, -0.095821014, -0.12167607,         0, 0.28605077,         0,         0, 0.061990271,         0,         0,         0, -0.15706681, 0.13380493, 0.90255121, 266.85539, -0.66033712, -0.36971196, -0.08690104, -0.22117618,         0, 0.25955625,         0,         0, -0.036436658,         0,         0,         0, -0.12353791, -0.15620083, -0.57301319, -0.66033712, 3.0651855, 0.64485215, 0.067773395, 0.13391603,         0, 0.053645995,         0,         0, 0.097989958,         0,         0,         0, 0.13821239, -0.30436625, -0.19238058, -0.36971196, 0.64485215, 0.11712951, -0.054607814, 0.091441655,         0, -0.010583892,         0,         0, 0.28968936,         0,         0,         0, 0.072777336, -0.11162238, -0.095821014, -0.08690104, 0.067773395, -0.054607814, 0.11218462, 0.018124732,         0, -0.064367134,         0,         0, -0.096698145,         0,         0,         0, -0.18158903, 0.05649957, -0.12167607, -0.22117618, 0.13391603, 0.091441655, 0.018124732, 0.030110008,         0, -0.028218873,         0,         0, 0.043110432,         0,         0,         0, -0.0316559,         0,         0,         0,         0,         0,         0,         0,         0,         0,         0,         0,         0,         0,         0,         0,         0, 0.014354444, 0.28605077, 0.25955625, 0.053645995, -0.010583892, -0.064367134, -0.028218873,         0, 0.029616236,         0,         0, -0.14013374,         0,         0,         0, 0.25967726,         0,         0,         0,         0,         0,         0,         0,         0,         0,         0,         0,         0,         0,         0,         0,         0,         0,         0,         0,         0,         0,         0,         0,         0,         0,         0,         0,         0,         0,         0,         0,         0, -0.24351498, 0.061990271, -0.036436658, 0.097989958, 0.28968936, -0.096698145, 0.043110432,         0, -0.14013374,         0,         0, 0.072750033,         0,         0,         0, -0.13084886,         0,         0,         0,         0,         0,         0,         0,         0,         0,         0,         0,         0,         0,         0,         0,         0,         0,         0,         0,         0,         0,         0,         0,         0,         0,         0,         0,         0,         0,         0,         0,         0,         0,         0,         0,         0,         0,         0,         0,         0,         0,         0,         0,         0,         0,         0,         0,         0, -0.077845141, -0.15706681, -0.12353791, 0.13821239, 0.072777336, -0.18158903, -0.0316559,         0, 0.25967726,         0,         0, -0.13084886,         0,         0,         0, 0.10978104))
			, nrow = 16, ncol = 16
			, dimnames = list(
				as.character(c("CMultStdev", "tvVmax", "tvKm", "tvV", "tvKa", "stdev0", "nVmax-nVmax", "nKm-nVmax", "nKm-nKm", "nV-nVmax", "nV-nKm", "nV-nV", "nKa-nVmax", "nKa-nKm", "nKa-nV", "nKa-nKa"))
				, as.character(c("CMultStdev", "tvVmax", "tvKm", "tvV", "tvKa", "stdev0", "nVmax-nVmax", "nKm-nVmax", "nKm-nKm", "nV-nVmax", "nV-nKm", "nV-nV", "nKa-nVmax", "nKa-nKm", "nKa-nV", "nKa-nKa"))
				)
			)
		, "Inverse" = matrix(
			as.numeric(c(2657.9433, -0.0050349819, -0.015644589, -3.1444232, 158.39738, 87.229644, -176.51762,         0, 81.763852,         0,         0, 160.39749,         0,         0,         0, 53.812345, -0.0050349819, 1.9993682e-005, -3.8663416e-005, 0.0005551391, -0.021081398, -8.3061859e-005, -0.027073976,         0, -0.038193173,         0,         0, -0.0085340826,         0,         0,         0, 0.0064874249, -0.015644589, -3.8663416e-005, 0.00010712063, 0.000939496, 0.031982692, 0.0014983135, 0.091370184,         0, -0.02240257,         0,         0, 0.010606751,         0,         0,         0, -0.0034796467, -3.1444232, 0.0005551391, 0.000939496, 0.33512063, -4.5398192, -0.57775276, 0.20649724,         0, -7.7694985,         0,         0, -0.14075431,         0,         0,         0, 0.1924588, 158.39738, -0.021081398, 0.031982692, -4.5398192,  171.2069, 15.653398,  10.14651,         0, 77.247384,         0,         0, -29.636596,         0,         0,         0, -6.6867666, 87.229644, -8.3061859e-005, 0.0014983135, -0.57775276, 15.653398, 88.492362, -3.8557622,         0, 8.6275234,         0,         0, 19.280302,         0,         0,         0, 20.165129, -176.51762, -0.027073976, 0.091370184, 0.20649724,  10.14651, -3.8557622, 1219.7584,         0, -39.303738,         0,         0, -14.546752,         0,         0,         0, 11.543644,         0,         0,         0,         0,         0,         0,         0,         0,         0,         0,         0,         0,         0,         0,         0,         0, 81.763852, -0.038193173, -0.02240257, -7.7694985, 77.247384, 8.6275234, -39.303738,         0,  1601.421,         0,         0, 88.411899,         0,         0,         0, -117.23276,         0,         0,         0,         0,         0,         0,         0,         0,         0,         0,         0,         0,         0,         0,         0,         0,         0,         0,         0,         0,         0,         0,         0,         0,         0,         0,         0,         0,         0,         0,         0,         0, 160.39749, -0.0085340826, 0.010606751, -0.14075431, -29.636596, 19.280302, -14.546752,         0, 88.411899,         0,         0, 232.36632,         0,         0,         0, 18.603543,         0,         0,         0,         0,         0,         0,         0,         0,         0,         0,         0,         0,         0,         0,         0,         0,         0,         0,         0,         0,         0,         0,         0,         0,         0,         0,         0,         0,         0,         0,         0,         0,         0,         0,         0,         0,         0,         0,         0,         0,         0,         0,         0,         0,         0,         0,         0,         0, 53.812345, 0.0064874249, -0.0034796467, 0.1924588, -6.6867666, 20.165129, 11.543644,         0, -117.23276,         0,         0, 18.603543,         0,         0,         0, 101.70062))
			, nrow = 16, ncol = 16
			, dimnames = list(
				as.character(c("CMultStdev", "tvVmax", "tvKm", "tvV", "tvKa", "stdev0", "nVmax-nVmax", "nKm-nVmax", "nKm-nKm", "nV-nVmax", "nV-nKm", "nV-nV", "nKa-nVmax", "nKa-nKm", "nKa-nV", "nKa-nKa"))
				, as.character(c("CMultStdev", "tvVmax", "tvKm", "tvV", "tvKa", "stdev0", "nVmax-nVmax", "nKm-nVmax", "nKm-nKm", "nV-nVmax", "nV-nKm", "nV-nV", "nKa-nVmax", "nKa-nKm", "nKa-nV", "nKa-nKa"))
				)
			)
		, "LLTable" = data.frame(
			id = as.character(c( "1", "2", "3", "4", "5", "6", "7", "8", "9", "10", "11", "12", "13", "14", "15", "16", "17", "18", "19", "20", "21", "22", "23", "24", "25", "26", "27", "28", "29", "30", "31", "32", "33", "34", "35", "36", "37", "38", "39", "40", "41", "42", "43", "44", "45", "46", "47", "48", "49", "50", "51", "52", "53", "54", "55", "56", "57", "58", "59", "60"))
			, "LL" = c(-45.589834, -61.75266, -54.268058, -66.876943, -57.559676, -58.578735, -56.096198, -56.12662, -58.20393, -59.569778, -56.350312, -54.795907, -52.338942, -47.151107, -44.486598, -47.39319, -47.163083, -55.356227, -53.039621, -51.60254, -60.517639, -56.155098, -41.399503, -51.323265, -54.55705, -56.310846, -61.661645, -46.998998, -48.098963, -51.452978, -60.210421, -49.392335, -58.541004, -59.654994, -55.088567, -54.678551, -53.569748, -49.09728, -48.905282, -54.924472, -47.033091, -59.990743, -57.009494, -49.112874, -47.659652, -45.399029, -48.852837, -42.805862, -43.648922, -50.313327, -51.512139, -50.721846, -65.107226, -60.174571, -49.87941, -54.15925, -49.579267, -54.348431, -54.183098, -50.00121)
			) # end of LLTable
		, "residuals" = data.frame(
			  ID1 = as.character(c(  "",   "",   "",   "",   "",   "",   "",   "",   "",   "",   "",   "",   "",   "",   "",   "",   "",   "",   "",   "",   "",   "",   "",   "",   "",   "",   "",   "",   "",   "",   "",   "",   "",   "",   "",   "",   "",   "",   "",   "",   "",   "",   "",   "",   "",   "",   "",   "",   "",   "",   "",   "",   "",   "",   "",   "",   "",   "",   "",   "",   "",   "",   "",   "",   "",   "",   "",   "",   "",   "",   "",   "",   "",   "",   "",   "",   "",   "",   "",   "",   "",   "",   "",   "",   "",   "",   "",   "",   "",   "",   "",   "",   "",   "",   "",   "",   "",   "",   "",   "",   "",   "",   "",   "",   "",   "",   "",   "",   "",   "",   "",   "",   "",   "",   "",   "",   "",   "",   "",   "",   "",   "",   "",   "",   "",   "",   "",   "",   "",   "",   "",   "",   "",   "",   "",   "",   "",   "",   "",   "",   "",   "",   "",   "",   "",   "",   "",   "",   "",   "",   "",   "",   "",   "",   "",   "",   "",   "",   "",   "",   "",   "",   "",   "",   "",   "",   "",   "",   "",   "",   "",   "",   "",   "",   "",   "",   "",   "",   "",   "",   "",   "",   "",   "",   "",   "",   "",   "",   "",   "",   "",   "",   "",   "",   "",   "",   "",   "",   "",   "",   "",   "",   "",   "",   "",   "",   "",   "",   "",   "",   "",   "",   "",   "",   "",   "",   "",   "",   "",   "",   "",   "",   "",   "",   "",   "",   "",   "",   "",   "",   "",   "",   "",   "",   "",   "",   "",   "",   "",   "",   "",   "",   "",   "",   "",   "",   "",   "",   "",   "",   "",   "",   "",   "",   "",   "",   "",   "",   "",   "",   "",   "",   "",   "",   "",   "",   "",   "",   "",   "",   "",   "",   "",   "",   "",   "",   "",   "",   "",   "",   "",   "",   "",   "",   "",   "",   "",   "",   "",   "",   "",   "",   "",   "",   "",   "",   "",   "",   "",   "",   "",   "",   "",   "",   "",   "",   "",   "",   "",   "",   "",   "",   "",   "",   "",   "",   "",   "",   "",   "",   "",   "",   "",   "",   "",   "",   "",   "",   "",   "",   "",   "",   "",   "",   "",   "",   "",   "",   "",   "",   "",   "",   "",   "",   "",   "",   "",   "",   "",   "",   "",   "",   "",   "",   "",   "",   "",   "",   "",   "",   "",   "",   "",   "",   "",   "",   "",   "",   "",   "",   "",   "",   "",   "",   "",   "",   "",   "",   "",   "",   "",   "",   "",   "",   "",   "",   "",   "",   "",   "",   "",   "",   "",   "",   "",   "",   "",   "",   "",   "",   "",   "",   "",   "",   "",   "",   "",   "",   "",   "",   "",   "",   "",   "",   "",   "",   "",   "",   "",   "",   "",   "",   "",   "",   "",   "",   "",   "",   "",   "",   "",   "",   "",   "",   "",   "",   "",   "",   "",   "",   "",   "",   "",   "",   "",   "",   "",   "",   "",   "",   "",   "",   "",   "",   "",   "",   "",   "",   "",   "",   "",   "",   "",   "",   "",   "",   "",   "",   "",   "",   "",   "",   "",   "",   "",   "",   "",   "",   "",   ""))
			, ID2 = as.character(c(  "",   "",   "",   "",   "",   "",   "",   "",   "",   "",   "",   "",   "",   "",   "",   "",   "",   "",   "",   "",   "",   "",   "",   "",   "",   "",   "",   "",   "",   "",   "",   "",   "",   "",   "",   "",   "",   "",   "",   "",   "",   "",   "",   "",   "",   "",   "",   "",   "",   "",   "",   "",   "",   "",   "",   "",   "",   "",   "",   "",   "",   "",   "",   "",   "",   "",   "",   "",   "",   "",   "",   "",   "",   "",   "",   "",   "",   "",   "",   "",   "",   "",   "",   "",   "",   "",   "",   "",   "",   "",   "",   "",   "",   "",   "",   "",   "",   "",   "",   "",   "",   "",   "",   "",   "",   "",   "",   "",   "",   "",   "",   "",   "",   "",   "",   "",   "",   "",   "",   "",   "",   "",   "",   "",   "",   "",   "",   "",   "",   "",   "",   "",   "",   "",   "",   "",   "",   "",   "",   "",   "",   "",   "",   "",   "",   "",   "",   "",   "",   "",   "",   "",   "",   "",   "",   "",   "",   "",   "",   "",   "",   "",   "",   "",   "",   "",   "",   "",   "",   "",   "",   "",   "",   "",   "",   "",   "",   "",   "",   "",   "",   "",   "",   "",   "",   "",   "",   "",   "",   "",   "",   "",   "",   "",   "",   "",   "",   "",   "",   "",   "",   "",   "",   "",   "",   "",   "",   "",   "",   "",   "",   "",   "",   "",   "",   "",   "",   "",   "",   "",   "",   "",   "",   "",   "",   "",   "",   "",   "",   "",   "",   "",   "",   "",   "",   "",   "",   "",   "",   "",   "",   "",   "",   "",   "",   "",   "",   "",   "",   "",   "",   "",   "",   "",   "",   "",   "",   "",   "",   "",   "",   "",   "",   "",   "",   "",   "",   "",   "",   "",   "",   "",   "",   "",   "",   "",   "",   "",   "",   "",   "",   "",   "",   "",   "",   "",   "",   "",   "",   "",   "",   "",   "",   "",   "",   "",   "",   "",   "",   "",   "",   "",   "",   "",   "",   "",   "",   "",   "",   "",   "",   "",   "",   "",   "",   "",   "",   "",   "",   "",   "",   "",   "",   "",   "",   "",   "",   "",   "",   "",   "",   "",   "",   "",   "",   "",   "",   "",   "",   "",   "",   "",   "",   "",   "",   "",   "",   "",   "",   "",   "",   "",   "",   "",   "",   "",   "",   "",   "",   "",   "",   "",   "",   "",   "",   "",   "",   "",   "",   "",   "",   "",   "",   "",   "",   "",   "",   "",   "",   "",   "",   "",   "",   "",   "",   "",   "",   "",   "",   "",   "",   "",   "",   "",   "",   "",   "",   "",   "",   "",   "",   "",   "",   "",   "",   "",   "",   "",   "",   "",   "",   "",   "",   "",   "",   "",   "",   "",   "",   "",   "",   "",   "",   "",   "",   "",   "",   "",   "",   "",   "",   "",   "",   "",   "",   "",   "",   "",   "",   "",   "",   "",   "",   "",   "",   "",   "",   "",   "",   "",   "",   "",   "",   "",   "",   "",   "",   "",   "",   "",   "",   "",   "",   "",   "",   "",   "",   "",   "",   "",   "",   "",   "",   "",   "",   "",   "",   "",   "",   ""))
			, ID3 = as.character(c(  "",   "",   "",   "",   "",   "",   "",   "",   "",   "",   "",   "",   "",   "",   "",   "",   "",   "",   "",   "",   "",   "",   "",   "",   "",   "",   "",   "",   "",   "",   "",   "",   "",   "",   "",   "",   "",   "",   "",   "",   "",   "",   "",   "",   "",   "",   "",   "",   "",   "",   "",   "",   "",   "",   "",   "",   "",   "",   "",   "",   "",   "",   "",   "",   "",   "",   "",   "",   "",   "",   "",   "",   "",   "",   "",   "",   "",   "",   "",   "",   "",   "",   "",   "",   "",   "",   "",   "",   "",   "",   "",   "",   "",   "",   "",   "",   "",   "",   "",   "",   "",   "",   "",   "",   "",   "",   "",   "",   "",   "",   "",   "",   "",   "",   "",   "",   "",   "",   "",   "",   "",   "",   "",   "",   "",   "",   "",   "",   "",   "",   "",   "",   "",   "",   "",   "",   "",   "",   "",   "",   "",   "",   "",   "",   "",   "",   "",   "",   "",   "",   "",   "",   "",   "",   "",   "",   "",   "",   "",   "",   "",   "",   "",   "",   "",   "",   "",   "",   "",   "",   "",   "",   "",   "",   "",   "",   "",   "",   "",   "",   "",   "",   "",   "",   "",   "",   "",   "",   "",   "",   "",   "",   "",   "",   "",   "",   "",   "",   "",   "",   "",   "",   "",   "",   "",   "",   "",   "",   "",   "",   "",   "",   "",   "",   "",   "",   "",   "",   "",   "",   "",   "",   "",   "",   "",   "",   "",   "",   "",   "",   "",   "",   "",   "",   "",   "",   "",   "",   "",   "",   "",   "",   "",   "",   "",   "",   "",   "",   "",   "",   "",   "",   "",   "",   "",   "",   "",   "",   "",   "",   "",   "",   "",   "",   "",   "",   "",   "",   "",   "",   "",   "",   "",   "",   "",   "",   "",   "",   "",   "",   "",   "",   "",   "",   "",   "",   "",   "",   "",   "",   "",   "",   "",   "",   "",   "",   "",   "",   "",   "",   "",   "",   "",   "",   "",   "",   "",   "",   "",   "",   "",   "",   "",   "",   "",   "",   "",   "",   "",   "",   "",   "",   "",   "",   "",   "",   "",   "",   "",   "",   "",   "",   "",   "",   "",   "",   "",   "",   "",   "",   "",   "",   "",   "",   "",   "",   "",   "",   "",   "",   "",   "",   "",   "",   "",   "",   "",   "",   "",   "",   "",   "",   "",   "",   "",   "",   "",   "",   "",   "",   "",   "",   "",   "",   "",   "",   "",   "",   "",   "",   "",   "",   "",   "",   "",   "",   "",   "",   "",   "",   "",   "",   "",   "",   "",   "",   "",   "",   "",   "",   "",   "",   "",   "",   "",   "",   "",   "",   "",   "",   "",   "",   "",   "",   "",   "",   "",   "",   "",   "",   "",   "",   "",   "",   "",   "",   "",   "",   "",   "",   "",   "",   "",   "",   "",   "",   "",   "",   "",   "",   "",   "",   "",   "",   "",   "",   "",   "",   "",   "",   "",   "",   "",   "",   "",   "",   "",   "",   "",   "",   "",   "",   "",   "",   "",   "",   "",   "",   "",   "",   "",   "",   "",   "",   "",   "",   "",   "",   "",   ""))
			, ID4 = as.character(c(  "",   "",   "",   "",   "",   "",   "",   "",   "",   "",   "",   "",   "",   "",   "",   "",   "",   "",   "",   "",   "",   "",   "",   "",   "",   "",   "",   "",   "",   "",   "",   "",   "",   "",   "",   "",   "",   "",   "",   "",   "",   "",   "",   "",   "",   "",   "",   "",   "",   "",   "",   "",   "",   "",   "",   "",   "",   "",   "",   "",   "",   "",   "",   "",   "",   "",   "",   "",   "",   "",   "",   "",   "",   "",   "",   "",   "",   "",   "",   "",   "",   "",   "",   "",   "",   "",   "",   "",   "",   "",   "",   "",   "",   "",   "",   "",   "",   "",   "",   "",   "",   "",   "",   "",   "",   "",   "",   "",   "",   "",   "",   "",   "",   "",   "",   "",   "",   "",   "",   "",   "",   "",   "",   "",   "",   "",   "",   "",   "",   "",   "",   "",   "",   "",   "",   "",   "",   "",   "",   "",   "",   "",   "",   "",   "",   "",   "",   "",   "",   "",   "",   "",   "",   "",   "",   "",   "",   "",   "",   "",   "",   "",   "",   "",   "",   "",   "",   "",   "",   "",   "",   "",   "",   "",   "",   "",   "",   "",   "",   "",   "",   "",   "",   "",   "",   "",   "",   "",   "",   "",   "",   "",   "",   "",   "",   "",   "",   "",   "",   "",   "",   "",   "",   "",   "",   "",   "",   "",   "",   "",   "",   "",   "",   "",   "",   "",   "",   "",   "",   "",   "",   "",   "",   "",   "",   "",   "",   "",   "",   "",   "",   "",   "",   "",   "",   "",   "",   "",   "",   "",   "",   "",   "",   "",   "",   "",   "",   "",   "",   "",   "",   "",   "",   "",   "",   "",   "",   "",   "",   "",   "",   "",   "",   "",   "",   "",   "",   "",   "",   "",   "",   "",   "",   "",   "",   "",   "",   "",   "",   "",   "",   "",   "",   "",   "",   "",   "",   "",   "",   "",   "",   "",   "",   "",   "",   "",   "",   "",   "",   "",   "",   "",   "",   "",   "",   "",   "",   "",   "",   "",   "",   "",   "",   "",   "",   "",   "",   "",   "",   "",   "",   "",   "",   "",   "",   "",   "",   "",   "",   "",   "",   "",   "",   "",   "",   "",   "",   "",   "",   "",   "",   "",   "",   "",   "",   "",   "",   "",   "",   "",   "",   "",   "",   "",   "",   "",   "",   "",   "",   "",   "",   "",   "",   "",   "",   "",   "",   "",   "",   "",   "",   "",   "",   "",   "",   "",   "",   "",   "",   "",   "",   "",   "",   "",   "",   "",   "",   "",   "",   "",   "",   "",   "",   "",   "",   "",   "",   "",   "",   "",   "",   "",   "",   "",   "",   "",   "",   "",   "",   "",   "",   "",   "",   "",   "",   "",   "",   "",   "",   "",   "",   "",   "",   "",   "",   "",   "",   "",   "",   "",   "",   "",   "",   "",   "",   "",   "",   "",   "",   "",   "",   "",   "",   "",   "",   "",   "",   "",   "",   "",   "",   "",   "",   "",   "",   "",   "",   "",   "",   "",   "",   "",   "",   "",   "",   "",   "",   "",   "",   "",   "",   "",   "",   "",   "",   "",   "",   "",   "",   ""))
