dmp.txt <- structure(
	.Data = list(
		"coefficients" = list(
			"fixed" = c("CMultStdev" = 0.47333510605666, "tvVmax" = 1858.05175846448, "tvKm" = 2997.58263111313, "tvV" = 13.0205746993157, "tvKa" = 0.753046293559889, "CEps" = 0.515511662214348)
			, "random" = list("Subject" = matrix(
				as.numeric(c(
					 0.000103221390311739,  -2.19933181974799e-005,  -4.31703385890812e-005
					,  1.36325944188223e-005,  -3.88211561152349e-005,  9.43057600540761e-006
					,  -4.96971953036269e-005,  7.27580205517403e-006,  0.000140070028154238
					,  -6.62571633303665e-005,  -3.18110157878734e-005,  -6.95638536828442e-005
					,  3.37535751428309e-005,  6.34852655265009e-005,  1.04290476207363e-005
					,  -1.91291321176865e-005,  -1.56421019745639e-005,  -8.85710744648172e-005
					,  -5.0421609447854e-005,  0.000190554716884482,  -7.35066751428337e-006
					,  3.49180683410458e-005,  -6.72685616773286e-005,  -8.43011474793349e-005
					,  2.48069278706031e-005,  -2.25853700855323e-005,  7.43493599533757e-005
					,  -5.71734512470844e-005,  -9.18003730433858e-005,  -4.97540240593876e-006
					,  2.78279633998798e-005,  -2.42450370414996e-005,  -2.39285472544259e-006
					,  -4.94097723507114e-005,  0.000164854975744736,  -2.73547222056576e-005
					,  3.86265946407098e-005,  -3.05159464619139e-005,  1.74702824192444e-005
					,  9.455654967707e-005,  -2.87550764678947e-005,  5.09891952605814e-005
					,  5.88150132687784e-005,  3.46298978069311e-006,  7.72797588199926e-005
					,  -7.14594144043112e-005,  4.13684044757252e-005,  4.93358692082393e-006
					,  0.000100566595409293,  0.000108172307382437,  4.90291012277952e-005
					,  -1.32660751853139e-005,  4.80504666258531e-005,  -4.30881677554467e-005
					,  9.4725952365341e-006,  0.000133801829109727,  -4.52679011463622e-006
					,  -2.40670080708225e-005,  -2.68054734819166e-005,  -5.22628014750361e-005
					,  -0.32236797104743,  -0.206870910832081,  0.297689092300647
					,  -0.00423235821600522,  0.368653380416798,  0.159128534000808
					,  0.125825753656984,  0.488512037073997,  -0.0477805249718814
					,  -0.0325982561066479,  0.111001079180166,  -0.651432479626103
					,  -0.280271512607146,  -0.488598804836702,  -0.140100426399887
					,  0.614337612294993,  0.00469380563083956,  -0.128423031419955
					,  -0.765757782915793,  -0.65338137217307,  0.368785134604913
					,  0.497466135260207,  -0.0153890098965989,  -0.0995713184816501
					,  0.0686051603136735,  0.0414167633111165,  0.3790988528573
					,  -0.0889703732568207,  -0.413388746282341,  0.284194091119776
					,  -0.0203568178401751,  0.394729536273363,  0.490354580799231
					,  -0.27305730430621,  0.444711510472696,  0.144249889697353
					,  -0.0999975829953693,  -0.256627269064843,  0.181675096977728
					,  -0.532675265876741,  0.0849402377035962,  -0.248591629449236
					,  0.595684827719051,  -0.402688880679495,  -0.40466522549196
					,  -0.25600485873862,  -0.100738661828054,  0.00248482626278354
					,  0.552571257875751,  0.35227987216968,  0.250922477366114
					,  0.512515246725846,  -0.0755151124539873,  -0.501029819932901
					,  0.034700883096551,  -0.753607006137288,  -0.0040020291445139
					,  -0.658782655378586,  -0.177809973225983,  -0.27327341285822
					,  -0.828450530118148,  -0.825325722420113,  0.716344242090602
					,  -0.0420110817470266,  0.694137542859924,  -0.0794301114376072
					,  0.774757549582024,  -0.182429532372825,  -1.12023149144172
					,  1.11259847910936,  0.462214060905651,  0.495892431905673
					,  -0.755491549229118,  -0.70940651459483,  0.0531612751678334
					,  0.287323548452806,  0.155660560334856,  1.71000606359424
					,  0.327671449141776,  -0.989684488597319,  -0.189200829639754
					,  -0.366267626976317,  1.1523961634873,  1.51232012189772
					,  -0.342900697857973,  0.296036741402016,  -0.706243603009285
					,  0.830321906116512,  0.111220069455206,  0.179648117562569
					,  -0.19153628251606,  0.452513364139285,  0.0911116853621228
					,  0.853284512515655,  -1.47859114399436,  -0.618612320694627
					,  -0.54560481886179,  0.495721660579903,  -0.14573553116052
					,  -0.503550172407675,  0.451104339596479,  -1.06245739811267
					,  -0.571066716177515,  -0.216158057294247,  -0.649044733901972
					,  0.924760981915811,  -0.216179631762884,  0.0995383207660415
					,  -0.944178405145081,  -0.901760915161879,  -0.422611384036549
					,  0.224454662420666,  -0.452484332738903,  0.618661367963502
					,  -0.171717524856557,  -0.638400458900288,  -0.0527841492794555
					,  0.339897368098457,  0.43304054337129,  0.478490951239268
					,  0.285316601799685,  0.0450043436735069,  -0.245936040198688
					,  0.169009908937891,  0.243342462513551,  0.246505394220798
					,  -0.903944483482081,  -0.487773167309089,  0.996899899677236
					,  -0.356641776295813,  0.0708938116915181,  -0.586610701715457
					,  -0.26601191222211,  -0.214501669486926,  0.0068348012582737
					,  -1.05586125381287,  0.290449413394096,  -0.44599763677385
					,  0.794713236396128,  -0.295831512850421,  0.377352657672971
					,  0.205756049906546,  -0.42665663352035,  -0.798117053950642
					,  -0.583614191353674,  0.187947509088867,  -0.103576407542907
					,  -0.553106311948976,  -0.407123521870295,  0.0517516496622832
					,  0.557669364483579,  -0.0445821117336033,  0.0573816024812258
					,  0.686243367840601,  0.0748910858430231,  -0.559276951687814
					,  0.155875393212257,  0.0688161845146077,  -0.309502646643436
					,  -0.428155765335164,  0.698741000426466,  0.500720828497016
					,  0.284465629879801,  0.0641076001688996,  0.210667686411536
					,  0.777763256055034,  1.08476790995056,  0.0912671401786595
					,  -0.377800626261289,  0.12386695916798,  -0.638845299132752
					,  -0.377917463249937,  -0.394983610886271,  -0.624002490675286
					,  -0.585413718793923,  0.41782461959143,  -0.179107110410648
					,  0.116470631287939,  -0.056135449879675,  -0.212516604600442
					))
				, nrow = 60, ncol = 4
				, dimnames = list(
					as.character(c( "1", "2", "3", "4", "5", "6", "7", "8", "9", "10"
					  , "11", "12", "13", "14", "15", "16", "17", "18", "19", "20"
					  , "21", "22", "23", "24", "25", "26", "27", "28", "29", "30"
					  , "31", "32", "33", "34", "35", "36", "37", "38", "39", "40"
					  , "41", "42", "43", "44", "45", "46", "47", "48", "49", "50"
					  , "51", "52", "53", "54", "55", "56", "57", "58", "59", "60"))
					, as.character(c("nVmax", "nKm", "nV", "nKa"))
					)
				))
			)
		, "logLik" = c(-3846.02)
		, "nObs" = c(420)
		, "nSubj" = c(60)
		, "nParm" = c(10)
		, "returnCode" = c(1)
		, "omega" = matrix(
			as.numeric(c(2.13698110220988e-005, 0, 0, 0, 0, 0.172411510222974, 0, 0, 0, 0, 0.565554653112453, 0, 0, 0, 0, 0.404889715734439))
			, nrow = 4, ncol = 4
			, dimnames = list(
				as.character(c("nVmax", "nKm", "nV", "nKa"))
				, as.character(c("nVmax", "nKm", "nV", "nKa"))
				)
			)
		, "eta" = matrix(
			as.numeric(c(8.44205815799852e-006, -0.0254555118218389, -0.00975429459017533, -0.0429371020623405, 4.00794352210084e-009, 0.127146375918697, 0.454410595269135, 0.21239266615423, 6.33083211126376e-005, 0.356575904848739, 0.674099840727718, 0.460860788258482, 0.986305049851139, 0.141245818174128, 0.1036307810552, 0.275728517782849))
			, nrow = 4, ncol = 4
			, dimnames = list(
				as.character(c("nVmax", "nKm", "nV", "nKa"))
				, as.character(c("mean", "var", "sd", "shrinkage"))
				)
			)
		, "eta_shrinkage" = list("Subject" = matrix(
			as.numeric(c(
				 0.999564798809932,  0.999631287793635,  0.999944029585787
				,  0.999839654078435,  0.999936485354857,  0.999860594282647
				,  0.99993229711048,  0.999884171911603,  0.999514118377159
				,  0.999947191401464,  0.999909412120645,  0.999833326536741
				,  0.999751183366906,  0.999546956714224,  0.999832298169712
				,  0.999932486155394,  0.999868767934311,  0.999970539713155
				,  0.999777526376223,  0.999343782861055,  0.999868664883081
				,  0.999862179125841,  0.999957281709921,  0.999970984656155
				,  0.999817832472827,  0.99988678777119,  0.999810763462945
				,  0.999918347435722,  0.99981269246814,  0.99990038541734
				,  0.999798930217102,  0.999930676538111,  0.999907688311848
				,  0.999905223849119,  0.999721949427192,  0.999787178214497
				,  0.99973064438954,  0.999877095410278,  0.99985614182633
				,  0.999683265880658,  0.999904177910848,  0.999540565459454
				,  0.999849584984181,  0.999769282064812,  0.999638465214893
				,  0.999911392631893,  0.999782879332126,  0.99985830889803
				,  0.999782192886807,  0.999751108524238,  0.999843897336563
				,  0.999930712084776,  0.999744545979218,  0.999863626665364
				,  0.999836524627691,  0.999408633770401,  0.999841281570765
				,  0.999815790807209,  0.999879855071258,  0.999870992174433
				,  0.207829524018273,  0.211760511840459,  0.272161509953019
				,  0.236647659830255,  0.250071479700666,  0.23170514560195
				,  0.316123759166205,  0.274334213585189,  0.190518112606132
				,  0.273709025298746,  0.249939363748143,  0.261797318548904
				,  0.212905475747917,  0.221236378050589,  0.241055552001621
				,  0.345856337324223,  0.233205207519876,  0.270098991543561
				,  0.20821219674719,  0.217706911639898,  0.228974869464219
				,  0.245671099424957,  0.281948733349967,  0.303978655523895
				,  0.262562782855574,  0.23661874341036,  0.229968599646499
				,  0.278534516671468,  0.243979339506797,  0.249562089820123
				,  0.240701116944541,  0.271006222642591,  0.264990232317191
				,  0.229566304055245,  0.204375426167798,  0.246406725665052
				,  0.223107406307761,  0.235648853987767,  0.251132240160647
				,  0.224080866477832,  0.22147627318976,  0.19484220818831
				,  0.245651747701853,  0.216038803971143,  0.211309688216721
				,  0.230006528197379,  0.215060632782078,  0.244090576832464
				,  0.255573238790724,  0.227394456954667,  0.248904479086696
				,  0.282106088526006,  0.254866277398817,  0.276571926340916
				,  0.258950476928945,  0.202300105762303,  0.251389115410081
				,  0.221080842679491,  0.241107057599422,  0.259580883648836
				,  0.056815808259342,  0.0538186581753626,  0.422569517516057
				,  0.11188708851295,  0.280377226055738,  0.122243401966977
				,  0.314784551872774,  0.192039954313868,  0.0484156531566686
				,  0.430262404292496,  0.259252404628317,  0.108760023310283
				,  0.0529824658373745,  0.0535933176746712,  0.118627278313034
				,  0.324975545068479,  0.0955414116238171,  0.594870099569408
				,  0.0791057558351219,  0.0581170435446943,  0.107308790561406
				,  0.209970226730244,  0.545185537915674,  0.639583924396296
				,  0.081149233837454,  0.125018327134011,  0.078127918840953
				,  0.21339231773653,  0.083643776539657,  0.268283028955847
				,  0.18586503953084,  0.356062730299355,  0.254927625179894
				,  0.176947193608697,  0.0536183755612673,  0.0643630633655447
				,  0.0767514020809458,  0.131084145954139,  0.135077200541419
				,  0.0546519543916048,  0.174844417021294,  0.049727725072858
				,  0.278813910239113,  0.0549609852730662,  0.0550979510918216
				,  0.189956616534021,  0.145429185766228,  0.17343225598295
				,  0.0790918369144175,  0.0691739492171265,  0.0700335238154798
				,  0.41854692325552,  0.122717491202907,  0.130142477725509
				,  0.0869396073296073,  0.0509973143533926,  0.150500967128498
				,  0.0694873125417871,  0.165677893544824,  0.143686525609099
				,  0.538705321127191,  0.477465016721169,  0.443828183349519
				,  0.505057456896463,  0.522913277957615,  0.506436233965927
				,  0.389514121495383,  0.420507787313527,  0.649928643295916
				,  0.43214162804725,  0.480089905123425,  0.399267174855315
				,  0.405788565921328,  0.428178394724368,  0.474186121905288
				,  0.394222069162345,  0.522496590433463,  0.418842821187794
				,  0.649092972235468,  0.408546840176612,  0.54552572913146
				,  0.512113409881698,  0.448797820693823,  0.398798417152764
				,  0.410718626033681,  0.506549452925808,  0.443051049988989
				,  0.419981443754886,  0.410341916704034,  0.501997091950269
				,  0.569956921889484,  0.467887198877363,  0.4760279370115
				,  0.606216597116608,  0.463653463864284,  0.407438604739321
				,  0.479302948548163,  0.493586553098685,  0.43054894384735
				,  0.405311725277495,  0.611039527555435,  0.544140234137856
				,  0.547459953387436,  0.478305286611055,  0.476763889220835
				,  0.618333215725551,  0.667610368881606,  0.486839588644902
				,  0.432600636376689,  0.478349292090581,  0.397688186133912
				,  0.418290222344023,  0.437631284809251,  0.396337289909792
				,  0.402255127754721,  0.484630650360948,  0.431568234147382
				,  0.481490603134084,  0.460199141228369,  0.462774616557192
				))
			, nrow = 60, ncol = 4
			, dimnames = list(
				as.character(c( "1", "2", "3", "4", "5", "6", "7", "8", "9", "10"
				  , "11", "12", "13", "14", "15", "16", "17", "18", "19", "20"
				  , "21", "22", "23", "24", "25", "26", "27", "28", "29", "30"
				  , "31", "32", "33", "34", "35", "36", "37", "38", "39", "40"
				  , "41", "42", "43", "44", "45", "46", "47", "48", "49", "50"
				  , "51", "52", "53", "54", "55", "56", "57", "58", "59", "60"))
				, as.character(c("nVmax_shrinkage", "nKm_shrinkage", "nV_shrinkage", "nKa_shrinkage"))
				)
			))
		, "sigma" = matrix(
			as.numeric(c(0.265752273879))
			, nrow = 1, ncol = 1
			, dimnames = list(
				as.character(c("CEps"))
				, as.character(c("CEps"))
				)
			)
		, "method" = "FOCE-ELS"
		, "varFix" = matrix(
			as.numeric(c(0.000648664026251817, 0.118610823378052, -1.81788756753809, -0.00150999851344783, -0.000656614541458389, 0.0170306284665846, 0.118610823378052, 28060.9537883186, 77489.0417254175, -50.7583847985523, -2.27438541027751, -20.4986885339436, -1.81788756753809, 77489.0417254175, 290026.018990367, -166.948138008077, -9.09404234842711, -118.741062383561, -0.00150999851344783, -50.7583847985523, -166.948138008077, 0.59009908934562, 0.0115308603870111, -0.00314683910993386, -0.000656614541458389, -2.27438541027751, -9.09404234842711, 0.0115308603870111, 0.00496200951337365, -0.0224091258921888, 0.0170306284665846, -20.4986885339436, -118.741062383561, -0.00314683910993386, -0.0224091258921888, 1.45612039290561))
			, nrow = 6, ncol = 6
			, dimnames = list(
				as.character(c("CMultStdev", "tvVmax", "tvKm", "tvV", "tvKa", "CEps"))
				, as.character(c("CMultStdev", "tvVmax", "tvKm", "tvV", "tvKa", "CEps"))
				)
			)
		, "omegaSE" = matrix(
			as.numeric(c(0.000502721036664083, 0, 0, 0, 0, 0.0277129461707029, 0, 0, 0, 0, 0.118613559549838, 0, 0, 0, 0, 0.0819404829177312))
			, nrow = 4, ncol = 4, byrow = TRUE
			, dimnames = list(
				as.character(c("nVmax", "nKm", "nV", "nKa"))
				, as.character(c("nVmax", "nKm", "nV", "nKa"))
				)
			)
		, "Covariance" = matrix(
			as.numeric(c(0.00064866403, 0.11861082, -1.8178876, -0.0015099985, -0.00065661454, 0.017030628, 7.7026425e-006,         0, 4.9079871e-005,         0,         0, -0.00037739224,         0,         0,         0, -0.00029713384, 0.11861082, 28060.954, 77489.042, -50.758385, -2.2743854, -20.498689, -0.013019658,         0, 1.7887537,         0,         0,  -8.97985,         0,         0,         0, -1.202481, -1.8178876, 77489.042, 290026.02, -166.94814, -9.0940423, -118.74106, -0.062679001,         0, 4.1209827,         0,         0, -16.597427,         0,         0,         0, -0.76480047, -0.0015099985, -50.758385, -166.94814, 0.59009909, 0.01153086, -0.0031468391, 7.0634382e-006,         0, -0.0015114363,         0,         0, 0.021042419,         0,         0,         0, 0.0020228513, -0.00065661454, -2.2743854, -9.0940423, 0.01153086, 0.0049620095, -0.022409126, -9.6990789e-006,         0, -8.5539235e-005,         0,         0, 0.00012595359,         0,         0,         0, 0.0018155339, 0.017030628, -20.498689, -118.74106, -0.0031468391, -0.022409126, 1.4561204, 0.00060344493,         0, 0.00099342499,         0,         0, 0.033907116,         0,         0,         0, -0.0031077719, 7.7026425e-006, -0.013019658, -0.062679001, 7.0634382e-006, -9.6990789e-006, 0.00060344493, 2.5272844e-007,         0, 1.7968514e-007,         0,         0, 1.2916052e-005,         0,         0,         0, -2.1414755e-006,         0,         0,         0,         0,         0,         0,         0,         0,         0,         0,         0,         0,         0,         0,         0,         0, 4.9079871e-005, 1.7887537, 4.1209827, -0.0015114363, -8.5539235e-005, 0.00099342499, 1.7968514e-007,         0, 0.00076800739,         0,         0, -0.0008694319,         0,         0,         0, 1.650322e-005,         0,         0,         0,         0,         0,         0,         0,         0,         0,         0,         0,         0,         0,         0,         0,         0,         0,         0,         0,         0,         0,         0,         0,         0,         0,         0,         0,         0,         0,         0,         0,         0, -0.00037739224,  -8.97985, -16.597427, 0.021042419, 0.00012595359, 0.033907116, 1.2916052e-005,         0, -0.0008694319,         0,         0, 0.014069177,         0,         0,         0, 0.00071230384,         0,         0,         0,         0,         0,         0,         0,         0,         0,         0,         0,         0,         0,         0,         0,         0,         0,         0,         0,         0,         0,         0,         0,         0,         0,         0,         0,         0,         0,         0,         0,         0,         0,         0,         0,         0,         0,         0,         0,         0,         0,         0,         0,         0,         0,         0,         0,         0, -0.00029713384, -1.202481, -0.76480047, 0.0020228513, 0.0018155339, -0.0031077719, -2.1414755e-006,         0, 1.650322e-005,         0,         0, 0.00071230384,         0,         0,         0, 0.0067142427))
			, nrow = 16, ncol = 16
			, dimnames = list(
				as.character(c("CMultStdev", "tvVmax", "tvKm", "tvV", "tvKa", "stdev0", "nVmax-nVmax", "nKm-nVmax", "nKm-nKm", "nV-nVmax", "nV-nKm", "nV-nV", "nKa-nVmax", "nKa-nKm", "nKa-nV", "nKa-nKa"))
				, as.character(c("CMultStdev", "tvVmax", "tvKm", "tvV", "tvKa", "stdev0", "nVmax-nVmax", "nKm-nVmax", "nKm-nKm", "nV-nVmax", "nV-nKm", "nV-nV", "nKa-nVmax", "nKa-nKm", "nKa-nV", "nKa-nKa"))
				)
			)
		, "Correlation" = matrix(
			as.numeric(c(0.025468883, 0.027801178, -0.13253746, -0.077179887, -0.36599217, 0.55414335,  0.601593,         0, 0.069536177,         0,         0, -0.12492482,         0,         0,         0, -0.14237826, 0.027801178, 167.51404, 0.85895536, -0.39445195, -0.19274541, -0.10140893, -0.15460421,         0, 0.38531564,         0,         0, -0.45194286,         0,         0,         0, -0.08760492, -0.13253746, 0.85895536, 538.54064, -0.40355304, -0.239723, -0.18271904, -0.23151361,         0, 0.27612111,         0,         0, -0.25982919,         0,         0,         0, -0.0173313, -0.077179887, -0.39445195, -0.40355304, 0.76817907, 0.21309362, -0.003394794, 0.018290544,         0, -0.070997766,         0,         0, 0.23093984,         0,         0,         0, 0.032136825, -0.36599217, -0.19274541, -0.239723, 0.21309362, 0.070441533, -0.26363161, -0.27388903,         0, -0.043818133,         0,         0, 0.015074656,         0,         0,         0, 0.31454084, 0.55414335, -0.10140893, -0.18271904, -0.003394794, -0.26363161, 1.2066981, 0.9947454,         0, 0.029706654,         0,         0, 0.23689608,         0,         0,         0, -0.03143055,  0.601593, -0.15460421, -0.23151361, 0.018290544, -0.27388903, 0.9947454, 0.00050272104,         0, 0.012897407,         0,         0, 0.21660496,         0,         0,         0, -0.051986135,         0,         0,         0,         0,         0,         0,         0,         0,         0,         0,         0,         0,         0,         0,         0,         0, 0.069536177, 0.38531564, 0.27612111, -0.070997766, -0.043818133, 0.029706654, 0.012897407,         0, 0.027712946,         0,         0, -0.26449565,         0,         0,         0, 0.0072675406,         0,         0,         0,         0,         0,         0,         0,         0,         0,         0,         0,         0,         0,         0,         0,         0,         0,         0,         0,         0,         0,         0,         0,         0,         0,         0,         0,         0,         0,         0,         0,         0, -0.12492482, -0.45194286, -0.25982919, 0.23093984, 0.015074656, 0.23689608, 0.21660496,         0, -0.26449565,         0,         0, 0.11861356,         0,         0,         0, 0.073287925,         0,         0,         0,         0,         0,         0,         0,         0,         0,         0,         0,         0,         0,         0,         0,         0,         0,         0,         0,         0,         0,         0,         0,         0,         0,         0,         0,         0,         0,         0,         0,         0,         0,         0,         0,         0,         0,         0,         0,         0,         0,         0,         0,         0,         0,         0,         0,         0, -0.14237826, -0.08760492, -0.0173313, 0.032136825, 0.31454084, -0.03143055, -0.051986135,         0, 0.0072675406,         0,         0, 0.073287925,         0,         0,         0, 0.081940483))
			, nrow = 16, ncol = 16
			, dimnames = list(
				as.character(c("CMultStdev", "tvVmax", "tvKm", "tvV", "tvKa", "stdev0", "nVmax-nVmax", "nKm-nVmax", "nKm-nKm", "nV-nVmax", "nV-nKm", "nV-nV", "nKa-nVmax", "nKa-nKm", "nKa-nV", "nKa-nKa"))
				, as.character(c("CMultStdev", "tvVmax", "tvKm", "tvV", "tvKa", "stdev0", "nVmax-nVmax", "nKm-nVmax", "nKm-nKm", "nV-nVmax", "nV-nKm", "nV-nV", "nKa-nVmax", "nKa-nKm", "nKa-nV", "nKa-nKa"))
				)
			)
		, "Inverse" = matrix(
			as.numeric(c(7573.1624, -1.2892148, 0.19120187, 26.452147, 212.07227, 1353.8436, -3452173.8,         0, 58.291958,         0,         0, -507.35948,         0,         0,         0, -360.00957, -1.2892148, 0.00049622673, -8.5452379e-005, -0.0051002928, -0.023652448, -0.34691193, 861.08562,         0, -0.13338346,         0,         0, 0.22036042,         0,         0,         0, 0.12103332, 0.19120187, -8.5452379e-005, 2.213021e-005, 0.001635034, 0.01982834, 0.041177925, -100.94416,         0, 0.009280114,         0,         0, -0.030908695,         0,         0,         0, -0.020055605, 26.452147, -0.0051002928, 0.001635034,  2.268565, -2.8220288, 7.1246276, -17582.672,         0, -5.5016393,         0,         0, -5.2922103,         0,         0,         0,  -1.21218, 212.07227, -0.023652448, 0.01982834, -2.8220288, 303.44146, -17.361997, 49064.185,         0, -6.8652952,         0,         0,  15.29558,         0,         0,         0, -67.786042, 1353.8436, -0.34691193, 0.041177925, 7.1246276, -17.361997, 406.30674, -1011051.2,         0, 8.5716436,         0,         0, -192.00499,         0,         0,         0, -109.03515, -3452173.8, 861.08562, -100.94416, -17582.672, 49064.185, -1011051.2, 2.523344e+009,         0, -30517.773,         0,         0, 468392.44,         0,         0,         0, 269188.56,         0,         0,         0,         0,         0,         0,         0,         0,         0,         0,         0,         0,         0,         0,         0,         0, 58.291958, -0.13338346, 0.009280114, -5.5016393, -6.8652952, 8.5716436, -30517.773,         0, 1593.0634,         0,         0, 43.041226,         0,         0,         0, -30.985387,         0,         0,         0,         0,         0,         0,         0,         0,         0,         0,         0,         0,         0,         0,         0,         0,         0,         0,         0,         0,         0,         0,         0,         0,         0,         0,         0,         0,         0,         0,         0,         0, -507.35948, 0.22036042, -0.030908695, -5.2922103,  15.29558, -192.00499, 468392.44,         0, 43.041226,         0,         0, 202.29966,         0,         0,         0, 49.902325,         0,         0,         0,         0,         0,         0,         0,         0,         0,         0,         0,         0,         0,         0,         0,         0,         0,         0,         0,         0,         0,         0,         0,         0,         0,         0,         0,         0,         0,         0,         0,         0,         0,         0,         0,         0,         0,         0,         0,         0,         0,         0,         0,         0,         0,         0,         0,         0, -360.00957, 0.12103332, -0.020055605,  -1.21218, -67.786042, -109.03515, 269188.56,         0, -30.985387,         0,         0, 49.902325,         0,         0,         0, 201.26182))
			, nrow = 16, ncol = 16
			, dimnames = list(
				as.character(c("CMultStdev", "tvVmax", "tvKm", "tvV", "tvKa", "stdev0", "nVmax-nVmax", "nKm-nVmax", "nKm-nKm", "nV-nVmax", "nV-nKm", "nV-nV", "nKa-nVmax", "nKa-nKm", "nKa-nV", "nKa-nKa"))
				, as.character(c("CMultStdev", "tvVmax", "tvKm", "tvV", "tvKa", "stdev0", "nVmax-nVmax", "nKm-nVmax", "nKm-nKm", "nV-nVmax", "nV-nKm", "nV-nV", "nKa-nVmax", "nKa-nKm", "nKa-nV", "nKa-nKa"))
				)
			)
		, "LLTable" = data.frame(
			id = as.character(c( "1", "2", "3", "4", "5", "6", "7", "8", "9", "10", "11", "12", "13", "14", "15", "16", "17", "18", "19", "20", "21", "22", "23", "24", "25", "26", "27", "28", "29", "30", "31", "32", "33", "34", "35", "36", "37", "38", "39", "40", "41", "42", "43", "44", "45", "46", "47", "48", "49", "50", "51", "52", "53", "54", "55", "56", "57", "58", "59", "60"))
			, "LL" = c(-64.140395, -62.733585,  -61.7148, -62.730534, -63.400341, -63.87622, -62.443166, -60.47338, -62.756573, -66.342352, -63.705915, -70.246784, -63.581384, -64.688888, -63.417463, -60.821784, -62.518531, -68.450122, -70.895363, -64.058939, -62.081454, -60.322739, -65.735213, -67.385074, -62.986698, -63.662426, -59.86629, -65.09382, -68.744362, -63.181485, -63.36807, -62.305395, -61.261792, -67.183345,   -56.131, -62.386838, -64.961068, -65.899053, -61.12829, -69.371666, -64.686725, -62.625383, -60.040347, -68.330011, -64.910905, -69.513898, -66.57344, -63.588825, -59.80154, -59.44809, -60.54555, -61.121264, -64.862258, -69.494221, -62.556933, -68.237316, -63.25404, -69.211949, -65.751291, -65.413264)
			) # end of LLTable
		, "residuals" = data.frame(
			  ID1 = as.character(c(  "",   "",   "",   "",   "",   "",   "",   "",   "",   "",   "",   "",   "",   "",   "",   "",   "",   "",   "",   "",   "",   "",   "",   "",   "",   "",   "",   "",   "",   "",   "",   "",   "",   "",   "",   "",   "",   "",   "",   "",   "",   "",   "",   "",   "",   "",   "",   "",   "",   "",   "",   "",   "",   "",   "",   "",   "",   "",   "",   "",   "",   "",   "",   "",   "",   "",   "",   "",   "",   "",   "",   "",   "",   "",   "",   "",   "",   "",   "",   "",   "",   "",   "",   "",   "",   "",   "",   "",   "",   "",   "",   "",   "",   "",   "",   "",   "",   "",   "",   "",   "",   "",   "",   "",   "",   "",   "",   "",   "",   "",   "",   "",   "",   "",   "",   "",   "",   "",   "",   "",   "",   "",   "",   "",   "",   "",   "",   "",   "",   "",   "",   "",   "",   "",   "",   "",   "",   "",   "",   "",   "",   "",   "",   "",   "",   "",   "",   "",   "",   "",   "",   "",   "",   "",   "",   "",   "",   "",   "",   "",   "",   "",   "",   "",   "",   "",   "",   "",   "",   "",   "",   "",   "",   "",   "",   "",   "",   "",   "",   "",   "",   "",   "",   "",   "",   "",   "",   "",   "",   "",   "",   "",   "",   "",   "",   "",   "",   "",   "",   "",   "",   "",   "",   "",   "",   "",   "",   "",   "",   "",   "",   "",   "",   "",   "",   "",   "",   "",   "",   "",   "",   "",   "",   "",   "",   "",   "",   "",   "",   "",   "",   "",   "",   "",   "",   "",   "",   "",   "",   "",   "",   "",   "",   "",   "",   "",   "",   "",   "",   "",   "",   "",   "",   "",   "",   "",   "",   "",   "",   "",   "",   "",   "",   "",   "",   "",   "",   "",   "",   "",   "",   "",   "",   "",   "",   "",   "",   "",   "",   "",   "",   "",   "",   "",   "",   "",   "",   "",   "",   "",   "",   "",   "",   "",   "",   "",   "",   "",   "",   "",   "",   "",   "",   "",   "",   "",   "",   "",   "",   "",   "",   "",   "",   "",   "",   "",   "",   "",   "",   "",   "",   "",   "",   "",   "",   "",   "",   "",   "",   "",   "",   "",   "",   "",   "",   "",   "",   "",   "",   "",   "",   "",   "",   "",   "",   "",   "",   "",   "",   "",   "",   "",   "",   "",   "",   "",   "",   "",   "",   "",   "",   "",   "",   "",   "",   "",   "",   "",   "",   "",   "",   "",   "",   "",   "",   "",   "",   "",   "",   "",   "",   "",   "",   "",   "",   "",   "",   "",   "",   "",   "",   "",   "",   "",   "",   "",   "",   "",   "",   "",   "",   "",   "",   "",   "",   "",   "",   "",   "",   "",   "",   "",   "",   "",   "",   "",   "",   "",   "",   ""))
			, ID2 = as.character(c(  "",   "",   "",   "",   "",   "",   "",   "",   "",   "",   "",   "",   "",   "",   "",   "",   "",   "",   "",   "",   "",   "",   "",   "",   "",   "",   "",   "",   "",   "",   "",   "",   "",   "",   "",   "",   "",   "",   "",   "",   "",   "",   "",   "",   "",   "",   "",   "",   "",   "",   "",   "",   "",   "",   "",   "",   "",   "",   "",   "",   "",   "",   "",   "",   "",   "",   "",   "",   "",   "",   "",   "",   "",   "",   "",   "",   "",   "",   "",   "",   "",   "",   "",   "",   "",   "",   "",   "",   "",   "",   "",   "",   "",   "",   "",   "",   "",   "",   "",   "",   "",   "",   "",   "",   "",   "",   "",   "",   "",   "",   "",   "",   "",   "",   "",   "",   "",   "",   "",   "",   "",   "",   "",   "",   "",   "",   "",   "",   "",   "",   "",   "",   "",   "",   "",   "",   "",   "",   "",   "",   "",   "",   "",   "",   "",   "",   "",   "",   "",   "",   "",   "",   "",   "",   "",   "",   "",   "",   "",   "",   "",   "",   "",   "",   "",   "",   "",   "",   "",   "",   "",   "",   "",   "",   "",   "",   "",   "",   "",   "",   "",   "",   "",   "",   "",   "",   "",   "",   "",   "",   "",   "",   "",   "",   "",   "",   "",   "",   "",   "",   "",   "",   "",   "",   "",   "",   "",   "",   "",   "",   "",   "",   "",   "",   "",   "",   "",   "",   "",   "",   "",   "",   "",   "",   "",   "",   "",   "",   "",   "",   "",   "",   "",   "",   "",   "",   "",   "",   "",   "",   "",   "",   "",   "",   "",   "",   "",   "",   "",   "",   "",   "",   "",   "",   "",   "",   "",   "",   "",   "",   "",   "",   "",   "",   "",   "",   "",   "",   "",   "",   "",   "",   "",   "",   "",   "",   "",   "",   "",   "",   "",   "",   "",   "",   "",   "",   "",   "",   "",   "",   "",   "",   "",   "",   "",   "",   "",   "",   "",   "",   "",   "",   "",   "",   "",   "",   "",   "",   "",   "",   "",   "",   "",   "",   "",   "",   "",   "",   "",   "",   "",   "",   "",   "",   "",   "",   "",   "",   "",   "",   "",   "",   "",   "",   "",   "",   "",   "",   "",   "",   "",   "",   "",   "",   "",   "",   "",   "",   "",   "",   "",   "",   "",   "",   "",   "",   "",   "",   "",   "",   "",   "",   "",   "",   "",   "",   "",   "",   "",   "",   "",   "",   "",   "",   "",   "",   "",   "",   "",   "",   "",   "",   "",   "",   "",   "",   "",   "",   "",   "",   "",   "",   "",   "",   "",   "",   "",   "",   "",   "",   "",   "",   "",   "",   "",   "",   "",   "",   "",   "",   "",   "",   "",   "",   "",   "",   "",   "",   "",   ""))
			, ID3 = as.character(c(  "",   "",   "",   "",   "",   "",   "",   "",   "",   "",   "",   "",   "",   "",   "",   "",   "",   "",   "",   "",   "",   "",   "",   "",   "",   "",   "",   "",   "",   "",   "",   "",   "",   "",   "",   "",   "",   "",   "",   "",   "",   "",   "",   "",   "",   "",   "",   "",   "",   "",   "",   "",   "",   "",   "",   "",   "",   "",   "",   "",   "",   "",   "",   "",   "",   "",   "",   "",   "",   "",   "",   "",   "",   "",   "",   "",   "",   "",   "",   "",   "",   "",   "",   "",   "",   "",   "",   "",   "",   "",   "",   "",   "",   "",   "",   "",   "",   "",   "",   "",   "",   "",   "",   "",   "",   "",   "",   "",   "",   "",   "",   "",   "",   "",   "",   "",   "",   "",   "",   "",   "",   "",   "",   "",   "",   "",   "",   "",   "",   "",   "",   "",   "",   "",   "",   "",   "",   "",   "",   "",   "",   "",   "",   "",   "",   "",   "",   "",   "",   "",   "",   "",   "",   "",   "",   "",   "",   "",   "",   "",   "",   "",   "",   "",   "",   "",   "",   "",   "",   "",   "",   "",   "",   "",   "",   "",   "",   "",   "",   "",   "",   "",   "",   "",   "",   "",   "",   "",   "",   "",   "",   "",   "",   "",   "",   "",   "",   "",   "",   "",   "",   "",   "",   "",   "",   "",   "",   "",   "",   "",   "",   "",   "",   "",   "",   "",   "",   "",   "",   "",   "",   "",   "",   "",   "",   "",   "",   "",   "",   "",   "",   "",   "",   "",   "",   "",   "",   "",   "",   "",   "",   "",   "",   "",   "",   "",   "",   "",   "",   "",   "",   "",   "",   "",   "",   "",   "",   "",   "",   "",   "",   "",   "",   "",   "",   "",   "",   "",   "",   "",   "",   "",   "",   "",   "",   "",   "",   "",   "",   "",   "",   "",   "",   "",   "",   "",   "",   "",   "",   "",   "",   "",   "",   "",   "",   "",   "",   "",   "",   "",   "",   "",   "",   "",   "",   "",   "",   "",   "",   "",   "",   "",   "",   "",   "",   "",   "",   "",   "",   "",   "",   "",   "",   "",   "",   "",   "",   "",   "",   "",   "",   "",   "",   "",   "",   "",   "",   "",   "",   "",   "",   "",   "",   "",   "",   "",   "",   "",   "",   "",   "",   "",   "",   "",   "",   "",   "",   "",   "",   "",   "",   "",   "",   "",   "",   "",   "",   "",   "",   "",   "",   "",   "",   "",   "",   "",   "",   "",   "",   "",   "",   "",   "",   "",   "",   "",   "",   "",   "",   "",   "",   "",   "",   "",   "",   "",   "",   "",   "",   "",   "",   "",   "",   "",   "",   "",   "",   "",   "",   "",   "",   "",   "",   "",   "",   "",   "",   "",   "",   ""))
			, ID4 = as.character(c(  "",   "",   "",   "",   "",   "",   "",   "",   "",   "",   "",   "",   "",   "",   "",   "",   "",   "",   "",   "",   "",   "",   "",   "",   "",   "",   "",   "",   "",   "",   "",   "",   "",   "",   "",   "",   "",   "",   "",   "",   "",   "",   "",   "",   "",   "",   "",   "",   "",   "",   "",   "",   "",   "",   "",   "",   "",   "",   "",   "",   "",   "",   "",   "",   "",   "",   "",   "",   "",   "",   "",   "",   "",   "",   "",   "",   "",   "",   "",   "",   "",   "",   "",   "",   "",   "",   "",   "",   "",   "",   "",   "",   "",   "",   "",   "",   "",   "",   "",   "",   "",   "",   "",   "",   "",   "",   "",   "",   "",   "",   "",   "",   "",   "",   "",   "",   "",   "",   "",   "",   "",   "",   "",   "",   "",   "",   "",   "",   "",   "",   "",   "",   "",   "",   "",   "",   "",   "",   "",   "",   "",   "",   "",   "",   "",   "",   "",   "",   "",   "",   "",   "",   "",   "",   "",   "",   "",   "",   "",   "",   "",   "",   "",   "",   "",   "",   "",   "",   "",   "",   "",   "",   "",   "",   "",   "",   "",   "",   "",   "",   "",   "",   "",   "",   "",   "",   "",   "",   "",   "",   "",   "",   "",   "",   "",   "",   "",   "",   "",   "",   "",   "",   "",   "",   "",   "",   "",   "",   "",   "",   "",   "",   "",   "",   "",   "",   "",   "",   "",   "",   "",   "",   "",   "",   "",   "",   "",   "",   "",   "",   "",   "",   "",   "",   "",   "",   "",   "",   "",   "",   "",   "",   "",   "",   "",   "",   "",   "",   "",   "",   "",   "",   "",   "",   "",   "",   "",   "",   "",   "",   "",   "",   "",   "",   "",   "",   "",   "",   "",   "",   "",   "",   "",   "",   "",   "",   "",   "",   "",   "",   "",   "",   "",   "",   "",   "",   "",   "",   "",   "",   "",   "",   "",   "",   "",   "",   "",   "",   "",   "",   "",   "",   "",   "",   "",   "",   "",   "",   "",   "",   "",   "",   "",   "",   "",   "",   "",   "",   "",   "",   "",   "",   "",   "",   "",   "",   "",   "",   "",   "",   "",   "",   "",   "",   "",   "",   "",   "",   "",   "",   "",   "",   "",   "",   "",   "",   "",   "",   "",   "",   "",   "",   "",   "",   "",   "",   "",   "",   "",   "",   "",   "",   "",   "",   "",   "",   "",   "",   "",   "",   "",   "",   "",   "",   "",   "",   "",   "",   "",   "",   "",   "",   "",   "",   "",   "",   "",   "",   "",   "",   "",   "",   "",   "",   "",   "",   "",   "",   "",   "",   "",   "",   "",   "",   "",   "",   "",   "",   "",   "",   "",   "",   "",   "",   "",   "",   "",   "",   "",   ""))
			, ID5 = as.character(c( "1",  "1",  "1",  "1",  "1",  "1",  "1",  "2",  "2",  "2",  "2",  "2",  "2",  "2",  "3",  "3",  "3",  "3",  "3",  "3",  "3",  "4",  "4",  "4",  "4",  "4",  "4",  "4",  "5",  "5",  "5",  "5",  "5",  "5",  "5",  "6",  "6",  "6",  "6",  "6",  "6",  "6",  "7",  "7",  "7",  "7",  "7",  "7",  "7",  "8",  "8",  "8",  "8",  "8",  "8",  "8",  "9",  "9",  "9",  "9",  "9",  "9",  "9", "10", "10", "10", "10", "10", "10", "10", "11", "11", "11", "11", "11", "11", "11", "12", "12", "12", "12", "12", "12", "12", "13", "13", "13", "13", "13", "13", "13", "14", "14", "14", "14", "14", "14", "14", "15", "15", "15", "15", "15", "15", "15", "16", "16", "16", "16", "16", "16", "16", "17", "17", "17", "17", "17", "17", "17", "18", "18", "18", "18", "18", "18", "18", "19", "19", "19", "19", "19", "19", "19", "20", "20", "20", "20", "20", "20", "20", "21", "21", "21", "21", "21", "21", "21", "22", "22", "22", "22", "22", "22", "22", "23", "23", "23", "23", "23", "23", "23", "24", "24", "24", "24", "24", "24", "24", "25", "25", "25", "25", "25", "25", "25", "26", "26", "26", "26", "26", "26", "26", "27", "27", "27", "27", "27", "27", "27", "28", "28", "28", "28", "28", "28", "28", "29", "29", "29", "29", "29", "29", "29", "30", "30", "30", "30", "30", "30", "30", "31", "31", "31", "31", "31", "31", "31", "32", "32", "32", "32", "32", "32", "32", "33", "33", "33", "33", "33", "33", "33", "34", "34", "34", "34", "34", "34", "34", "35", "35", "35", "35", "35", "35", "35", "36", "36", "36", "36", "36", "36", "36", "37", "37", "37", "37", "37", "37", "37", "38", "38", "38", "38", "38", "38", "38", "39", "39", "39", "39", "39", "39", "39", "40", "40", "40", "40", "40", "40", "40", "41", "41", "41", "41", "41", "41", "41", "42", "42", "42", "42", "42", "42", "42", "43", "43", "43", "43", "43", "43", "43", "44", "44", "44", "44", "44", "44", "44", "45", "45", "45", "45", "45", "45", "45", "46", "46", "46", "46", "46", "46", "46", "47", "47", "47", "47", "47", "47", "47", "48", "48", "48", "48", "48", "48", "48", "49", "49", "49", "49", "49", "49", "49", "50", "50", "50", "50", "50", "50", "50", "51", "51", "51", "51", "51", "51", "51", "52", "52", "52", "52", "52", "52", "52", "53", "53", "53", "53", "53", "53", "53", "54", "54", "54", "54", "54", "54", "54", "55", "55", "55", "55", "55", "55", "55", "56", "56", "56", "56", "56", "56", "56", "57", "57", "57", "57", "57", "57", "57", "58", "58", "58", "58", "58", "58", "58", "59", "59", "59", "59", "59", "59", "59", "60", "60", "60", "60", "60", "60", "60"))
