dmp.txt <- structure(
	.Data = list(
		"coefficients" = list(
			"fixed" = c("CMultStdev" = 0.533542884199517, "tvVmax" = 5448.02285041095, "tvKm" = 1314.78231470419, "tvV" = 49.0761181848126, "tvKa" = 0.914403857931709, "CEps" = 0.581074722585174)
			, "random" = list("Subject" = matrix(
				as.numeric(c(
					 0.051750231737516,  -0.498339109968113,  -0.200641077962609
					,  -0.500918874164124,  -0.132798378251371,  -0.169279092337607
					,  -0.0981474894015374,  -0.157272514669014,  -0.305703915256579
					,  -0.369778415281444,  -0.319272353624151,  -0.0795021353723174
					,  0.0995478742261281,  0.0561098648084125,  0.347248963384831
					,  0.0543918164834843,  0.0751515496612405,  -0.583582454235282
					,  -0.0538283537475154,  -0.041064085129321,  -0.416990316705931
					,  -0.585538045158176,  0.589286366369626,  -0.00303049514630788
					,  0.00801382191717329,  -0.0823754531353453,  -0.431127687357478
					,  0.0126295275110463,  0.0294955242246565,  -0.160466955951303
					,  -0.427296176215602,  0.274378232220165,  -0.271890201765565
					,  -0.297152486217009,  -0.50184215226885,  -0.000430186185846429
					,  -0.167953925555841,  -0.0624615435024928,  0.242982809219797
					,  -0.214796808483252,  -0.0447091418428472,  -0.428353553700213
					,  -0.221549702583772,  0.15323602903835,  0.0565633429312564
					,  -0.036610306210018,  0.145170657332126,  0.447751222233843
					,  0.376205527863705,  -0.174277435723445,  0.102039569355566
					,  -0.178410369228941,  -0.496692221176465,  -0.373061930709725
					,  -0.00916319889164357,  -0.121997651107702,  0.206233028271619
					,  -0.0469705128709348,  -0.133600750302973,  -0.15240335233306
					,  -0.610633151961943,  0.0686721050970849,  -0.580903783296377
					,  -0.40643485010316,  0.118677406583488,  -0.410288285699077
					,  0.512700172810005,  0.117307600215285,  -0.0252082125941244
					,  -0.111604322467888,  -0.415808801864384,  -0.265268139486863
					,  -0.767859098460759,  -0.357797490163141,  -0.6033870062104
					,  0.0628805767392204,  -0.586991154965028,  -0.480130047150676
					,  0.138256709041118,  -0.176916146827802,  0.0305231108815642
					,  -0.498325982159071,  -0.468570481991273,  -0.0790145581598074
					,  0.0708836127796259,  0.149554150232288,  -0.277137603730192
					,  -0.0876790909758413,  -0.220599279195146,  -0.2896845626814
					,  -0.395151173726599,  0.306369197003716,  -0.750779970116271
					,  -0.542997331045405,  -0.370286774025435,  0.0476006142916351
					,  0.246735037305097,  -0.269124258682589,  0.0244035647497723
					,  0.273124217555288,  -0.504705438457437,  -0.176172598010617
					,  -0.108444420423633,  0.357955991928902,  -0.230447797637474
					,  -0.568705912019228,  -0.259529317624415,  -0.0039376262766199
					,  -0.155085047498835,  0.118055176871921,  -0.839645454852329
					,  -0.118819332236941,  -0.0186347953294313,  0.689805952421816
					,  -0.535501616426674,  0.121214228394867,  -0.097669837980869
					,  0.489667942379544,  -0.239008050814741,  -0.0288137534442834
					,  -0.38596809220242,  0.367850077385031,  0.117254161947342
					,  0.721192494909745,  0.316329387468896,  0.505259603901095
					,  0.20674910247853,  0.251365108161067,  0.304362979812
					,  0.385447129307282,  0.0895942658602312,  0.167301185341459
					,  0.00329335236068636,  -0.0301849465523585,  -0.16843023721905
					,  -0.154050840202966,  -0.104321103383453,  -0.150031699423786
					,  0.223799921711651,  -0.0858390967402982,  0.488970106642318
					,  -0.229194597084676,  -0.697270475632335,  0.223587331263867
					,  0.194170448410726,  0.250500292332098,  0.439036806300507
					,  -0.000233013591557835,  -0.0143212512729766,  0.0830004342632945
					,  0.53062038519486,  -0.11139836994044,  0.352183721620023
					,  0.380404471347201,  -0.138342112806962,  0.18416953341368
					,  0.184855688156552,  -0.037778433080367,  0.127493542379971
					,  -0.193614006149949,  -0.396721593322447,  0.201290675326979
					,  0.320707859610776,  -0.00121415691231446,  -0.029667985003796
					,  -0.390418754996539,  0.142219845690526,  -0.140806675921084
					,  -0.513998620669477,  -0.394252845408627,  -0.00543424935345651
					,  -0.087246781753694,  0.623914211995822,  0.497444680157674
					,  0.0656784743853364,  0.216512569485852,  0.0898241554698095
					,  0.19318021044065,  0.317490220860552,  -0.0615612052936196
					,  0.000562938947322194,  0.0713277050400485,  -0.179913368192457
					,  0.20302223772224,  0.175282437609588,  0.216867735992845
					,  0.211218596841055,  -0.0505731485587807,  0.189250813904222
					,  -0.172700171215385,  -0.0595350714921543,  0.0740953098728151
					,  0.0411946337901226,  0.24997103329743,  -0.14441254674638
					,  0.0941083828256733,  0.2668044015089,  -0.023047317479866
					,  -0.0529067026486353,  -0.149177040837529,  -0.137255991916975
					,  -0.323651030979126,  0.14331573404617,  -0.120040190056294
					,  0.437686054169063,  0.344950501687702,  -0.277451720682607
					,  0.133085595968188,  0.0325367550122577,  0.045846051727239
					,  0.287126079035743,  0.157608067179445,  -0.0527058825727443
					,  0.0674893370848114,  -0.183908047377694,  -0.0983793609403347
					,  -0.239357462010721,  -0.152957490861134,  0.296424027758836
					,  0.0284426012931285,  0.0870818760913734,  -0.0183285584261957
					,  0.300875658025336,  0.0233222205728267,  0.109170245652072
					,  -0.172305599544437,  0.168450622458352,  -0.00336252820391718
					,  0.0840271736644406,  -0.158857193966097,  -0.000476485241403695
					,  -0.00733265991166867,  0.154033702311251,  0.00302040161443855
					,  0.246761560396457,  0.0289582208075117,  0.193078529000112
					,  0.0881333764274247,  0.15629575594752,  0.0716060329434085
					))
				, nrow = 60, ncol = 4
				, dimnames = list(
					as.character(c( "1", "2", "3", "4", "5", "6", "7", "8", "9", "10"
					  , "11", "12", "13", "14", "15", "16", "17", "18", "19", "20"
					  , "21", "22", "23", "24", "25", "26", "27", "28", "29", "30"
					  , "31", "32", "33", "34", "35", "36", "37", "38", "39", "40"
					  , "41", "42", "43", "44", "45", "46", "47", "48", "49", "50"
					  , "51", "52", "53", "54", "55", "56", "57", "58", "59", "60"))
					, as.character(c("nVmax", "nKm", "nV", "nKa"))
					)
				))
			)
		, "logLik" = c(-3210.84)
		, "nObs" = c(480)
		, "nSubj" = c(60)
		, "nParm" = c(10)
		, "returnCode" = c(1)
		, "omega" = matrix(
			as.numeric(c(0.128885336753435, 0, 0, 0, 0, 0.178356102828868, 0, 0, 0, 0, 0.202900767216251, 0, 0, 0, 0, 0.135177140379672))
			, nrow = 4, ncol = 4
			, dimnames = list(
				as.character(c("nVmax", "nKm", "nV", "nKa"))
				, as.character(c("nVmax", "nKm", "nV", "nKa"))
				)
			)
		, "eta" = matrix(
			as.numeric(c(-0.103718247515686, -0.166488586491532, 0.0874125548579241, 0.0450732806394139, 0.0646821698564063, 0.108852912687648, 0.0805759029919636, 0.0267145735717078, 0.254326895660696, 0.329928647873518, 0.283858949113752, 0.163445934705357, 0.291580454569228, 0.218775166616996, 0.369825615304121, 0.555448074493853))
			, nrow = 4, ncol = 4
			, dimnames = list(
				as.character(c("nVmax", "nKm", "nV", "nKa"))
				, as.character(c("mean", "var", "sd", "shrinkage"))
				)
			)
		, "eta_shrinkage" = list("Subject" = matrix(
			as.numeric(c(
				 0.280120424485588,  0.484154628025982,  0.338016633262408
				,  0.472491554463071,  0.492931686674613,  0.449793274161979
				,  0.522182608297199,  0.488687670937366,  0.47655689210971
				,  0.472587868669176,  0.392320558294426,  0.407812796233527
				,  0.301581286132979,  0.385721440879897,  0.318669089105022
				,  0.410265684509856,  0.341901392608062,  0.319696573901253
				,  0.487301681065499,  0.375740337816913,  0.489663757566888
				,  0.300390657779008,  0.266527148215749,  0.456807773377412
				,  0.479638356772823,  0.488003285649658,  0.45671836524885
				,  0.405861550579379,  0.390369274743499,  0.389163568523787
				,  0.449370569042272,  0.458546798953655,  0.352100774580653
				,  0.411789142468209,  0.341758764409598,  0.483180898943769
				,  0.503971818668991,  0.397320448694025,  0.44903638404756
				,  0.442424920445494,  0.282352067799725,  0.437439657300185
				,  0.461874042963945,  0.481453261485066,  0.370697130593533
				,  0.287850396659842,  0.419397586942828,  0.424051732132304
				,  0.31784216721374,  0.38829696220075,  0.291415899913214
				,  0.396920121901128,  0.502449650418141,  0.570063725590102
				,  0.347410461929796,  0.477537311131207,  0.432174008438401
				,  0.520493718578179,  0.429319429049395,  0.417251774178507
				,  0.236192255095119,  0.23261360276945,  0.22446416967911
				,  0.223915259302241,  0.227285177795905,  0.218009060331451
				,  0.237766340218279,  0.233718355896063,  0.227347692092459
				,  0.232071682889173,  0.20968298540701,  0.219207429312869
				,  0.251322010673582,  0.255043884359724,  0.318436870900949
				,  0.248135365879621,  0.238456896649937,  0.212709298538772
				,  0.224265786668964,  0.241513166848586,  0.260407695558959
				,  0.215391052437129,  0.273182084916613,  0.226834245241688
				,  0.219107235804519,  0.233237671192653,  0.232476028761865
				,  0.228649950660758,  0.237737513563634,  0.223114277784592
				,  0.224930971546025,  0.234096136184083,  0.221619286439692
				,  0.221657224449451,  0.213724831249543,  0.218123071739659
				,  0.227290851891488,  0.231342885274747,  0.225379588451151
				,  0.218179429022207,  0.247476357159675,  0.231102893368001
				,  0.2289036007845,  0.228659514631089,  0.232949886632456
				,  0.240013879596383,  0.253007299271666,  0.249267000658772
				,  0.267370241560089,  0.22515649329459,  0.240441652132093
				,  0.216190454896071,  0.244545820639802,  0.241126012226296
				,  0.270600012082448,  0.233639239678214,  0.23438592896663
				,  0.23476209010895,  0.21811949778903,  0.22080342729176
				,  0.597203798039281,  0.574806821714101,  0.54651621650157
				,  0.565230165755956,  0.545871606918713,  0.534284564617649
				,  0.536088509303833,  0.545121490106437,  0.561842376353186
				,  0.565004076483135,  0.541522898376934,  0.544573791857477
				,  0.606309150331124,  0.636972055076543,  0.72448274310337
				,  0.581228890103495,  0.607163928239586,  0.544987977955148
				,  0.534488914851182,  0.577005176326747,  0.579667578599485
				,  0.552885418130258,  0.630577335553342,  0.535054564567181
				,  0.534145133210967,  0.546395742271787,  0.557908793005666
				,  0.549139799299782,  0.560920231645535,  0.544171888922939
				,  0.564119824223175,  0.543737312550827,  0.536921165968011
				,  0.564705218976559,  0.563697511240995,  0.534277623796364
				,  0.53822073479236,  0.556633054341865,  0.539595469171139
				,  0.543895588666696,  0.626093889484976,  0.582396516818319
				,  0.553009754276561,  0.532028281181486,  0.550671702767764
				,  0.581008427583176,  0.594870056717678,  0.561565221942625
				,  0.599412694176913,  0.570469799696853,  0.587592629852833
				,  0.53640992667711,  0.57909039798805,  0.544980257880151
				,  0.669900274610236,  0.544061772525518,  0.550419751018071
				,  0.531082847067722,  0.537680501946124,  0.540250090165041
				,  0.795323589818652,  0.80277360112258,  0.754464059371451
				,  0.814026692956605,  0.815984758837903,  0.801853899298758
				,  0.818999338157971,  0.772795836133994,  0.808578813239198
				,  0.757591312265483,  0.764686916413084,  0.768988307302374
				,  0.792068131045022,  0.814140597573255,  0.781845827998485
				,  0.789250414546924,  0.806100317279216,  0.780915895291132
				,  0.770139744733729,  0.751338146470659,  0.766581202474065
				,  0.745734791214642,  0.792540442397769,  0.760455509533389
				,  0.8336590218496,  0.834244522146707,  0.744259526876567
				,  0.782832716306016,  0.775973290317584,  0.777432730502697
				,  0.823140227759602,  0.791447085920871,  0.77088295325238
				,  0.794154363969752,  0.762287227004458,  0.764373953264762
				,  0.768132568666993,  0.755790309681252,  0.814821072519757
				,  0.777725132049508,  0.804270956542015,  0.76315919998866
				,  0.836541561089366,  0.778329848137449,  0.798929748129304
				,  0.763303036414174,  0.798693336942955,  0.785966938209071
				,  0.778640600117849,  0.746877989268456,  0.783633886692577
				,  0.794652260042625,  0.810071671436716,  0.816833332728254
				,  0.810340882797616,  0.786493228737788,  0.810838261895767
				,  0.793589620057131,  0.790295497973878,  0.785004560177837
				))
			, nrow = 60, ncol = 4
			, dimnames = list(
				as.character(c( "1", "2", "3", "4", "5", "6", "7", "8", "9", "10"
				  , "11", "12", "13", "14", "15", "16", "17", "18", "19", "20"
				  , "21", "22", "23", "24", "25", "26", "27", "28", "29", "30"
				  , "31", "32", "33", "34", "35", "36", "37", "38", "39", "40"
				  , "41", "42", "43", "44", "45", "46", "47", "48", "49", "50"
				  , "51", "52", "53", "54", "55", "56", "57", "58", "59", "60"))
				, as.character(c("nVmax_shrinkage", "nKm_shrinkage", "nV_shrinkage", "nKa_shrinkage"))
				)
			))
		, "sigma" = matrix(
			as.numeric(c(0.337647833227437))
			, nrow = 1, ncol = 1
			, dimnames = list(
				as.character(c("CEps"))
				, as.character(c("CEps"))
				)
			)
		, "method" = "FOCE-ELS"
		, "varFix" = matrix(
			as.numeric(c(0.000433758685112376, -0.00589949016044159, -0.07026258016594, -8.72134304982124e-005, -0.000816398719103081, 1.40605451772341e-005, -0.00589949016044159, 122.671158864744, -5.41686981129169, 2.05884233248114, 0.323633847707492, -0.261578979065756, -0.07026258016594, -5.41686981129169, 26.6780181824311, 0.110079817683081, 0.196677874266978, -0.224700531622874, -8.72134304982124e-005, 2.05884233248114, 0.110079817683081, 0.0793150932086665, 0.00871071622417622, -0.0165110037552925, -0.000816398719103081, 0.323633847707492, 0.196677874266978, 0.00871071622417622, 0.00397268971299157, -0.00126830379207257, 1.40605451772341e-005, -0.261578979065756, -0.224700531622874, -0.0165110037552925, -0.00126830379207257, 0.00924824845596189))
			, nrow = 6, ncol = 6
			, dimnames = list(
				as.character(c("CMultStdev", "tvVmax", "tvKm", "tvV", "tvKa", "CEps"))
				, as.character(c("CMultStdev", "tvVmax", "tvKm", "tvV", "tvKa", "CEps"))
				)
			)
		, "omegaSE" = matrix(
			as.numeric(c(0.0186768104014749, 0, 0, 0, 0, 0.0236766956093267, 0, 0, 0, 0, 0.0290668714061471, 0, 0, 0, 0, 0.0158355012304186))
			, nrow = 4, ncol = 4, byrow = TRUE
			, dimnames = list(
				as.character(c("nVmax", "nKm", "nV", "nKa"))
				, as.character(c("nVmax", "nKm", "nV", "nKa"))
				)
			)
		, "Covariance" = matrix(
			as.numeric(c(0.00043375869, -0.0058994902, -0.07026258, -8.721343e-005, -0.00081639872, 1.4060545e-005, 0.00011064634,         0, 0.00014510318,         0,         0, 0.00013241477,         0,         0,         0, 1.8022881e-005, -0.0058994902, 122.67116, -5.4168698, 2.0588423, 0.32363385, -0.26157898, 0.0007319743,         0, 0.040315809,         0,         0, 0.064695912,         0,         0,         0, 0.071632692, -0.07026258, -5.4168698, 26.678018, 0.11007982, 0.19667787, -0.22470053, -0.028351754,         0, -0.050113511,         0,         0, -0.026127307,         0,         0,         0, 0.0011843919, -8.721343e-005, 2.0588423, 0.11007982, 0.079315093, 0.0087107162, -0.016511004, 0.0008230105,         0, 0.00048546878,         0,         0, 0.0022773627,         0,         0,         0, 0.0022768851, -0.00081639872, 0.32363385, 0.19667787, 0.0087107162, 0.0039726897, -0.0012683038, -0.00021267748,         0, -0.00028232336,         0,         0, -2.855826e-005,         0,         0,         0, 0.00054901784, 1.4060545e-005, -0.26157898, -0.22470053, -0.016511004, -0.0012683038, 0.0092482485, -3.4527972e-005,         0, 2.567858e-005,         0,         0, -0.00033176212,         0,         0,         0, -0.00021783144, 0.00011064634, 0.0007319743, -0.028351754, 0.0008230105, -0.00021267748, -3.4527972e-005, 0.00034882325,         0, 4.3011492e-005,         0,         0, 0.00044182395,         0,         0,         0, 4.8992369e-005,         0,         0,         0,         0,         0,         0,         0,         0,         0,         0,         0,         0,         0,         0,         0,         0, 0.00014510318, 0.040315809, -0.050113511, 0.00048546878, -0.00028232336, 2.567858e-005, 4.3011492e-005,         0, 0.00056058591,         0,         0, 0.00012698358,         0,         0,         0, 2.0069099e-005,         0,         0,         0,         0,         0,         0,         0,         0,         0,         0,         0,         0,         0,         0,         0,         0,         0,         0,         0,         0,         0,         0,         0,         0,         0,         0,         0,         0,         0,         0,         0,         0, 0.00013241477, 0.064695912, -0.026127307, 0.0022773627, -2.855826e-005, -0.00033176212, 0.00044182395,         0, 0.00012698358,         0,         0, 0.00084488301,         0,         0,         0, 9.9416249e-005,         0,         0,         0,         0,         0,         0,         0,         0,         0,         0,         0,         0,         0,         0,         0,         0,         0,         0,         0,         0,         0,         0,         0,         0,         0,         0,         0,         0,         0,         0,         0,         0,         0,         0,         0,         0,         0,         0,         0,         0,         0,         0,         0,         0,         0,         0,         0,         0, 1.8022881e-005, 0.071632692, 0.0011843919, 0.0022768851, 0.00054901784, -0.00021783144, 4.8992369e-005,         0, 2.0069099e-005,         0,         0, 9.9416249e-005,         0,         0,         0, 0.0002507631))
			, nrow = 16, ncol = 16
			, dimnames = list(
				as.character(c("CMultStdev", "tvVmax", "tvKm", "tvV", "tvKa", "stdev0", "nVmax-nVmax", "nKm-nVmax", "nKm-nKm", "nV-nVmax", "nV-nKm", "nV-nV", "nKa-nVmax", "nKa-nKm", "nKa-nV", "nKa-nKa"))
				, as.character(c("CMultStdev", "tvVmax", "tvKm", "tvV", "tvKa", "stdev0", "nVmax-nVmax", "nKm-nVmax", "nKm-nKm", "nV-nVmax", "nV-nKm", "nV-nV", "nKa-nVmax", "nKa-nKm", "nKa-nV", "nKa-nKa"))
				)
			)
		, "Correlation" = matrix(
			as.numeric(c(0.020826874, -0.025575207, -0.65316547, -0.014868986, -0.62192197, 0.0070201812, 0.28445282,         0, 0.29426035,         0,         0, 0.21873286,         0,         0,         0, 0.054647249, -0.025575207, 11.075701, -0.094689186, 0.66004559, 0.46359675, -0.24558501, 0.0035385219,         0, 0.15373865,         0,         0, 0.20095893,         0,         0,         0, 0.40842115, -0.65316547, -0.094689186, 5.1650768, 0.075675099, 0.60413834, -0.45237393, -0.29390058,         0, -0.40978585,         0,         0, -0.17402818,         0,         0,         0, 0.014480609, -0.014868986, 0.66004559, 0.075675099, 0.28162935, 0.49071985, -0.60962927, 0.15646772,         0, 0.072805182,         0,         0, 0.27819927,         0,         0,         0, 0.51054189, -0.62192197, 0.46359675, 0.60413834, 0.49071985, 0.063029277, -0.20924314, -0.18066602,         0, -0.18918357,         0,         0, -0.015588027,         0,         0,         0, 0.55006286, 0.0070201812, -0.24558501, -0.45237393, -0.60962927, -0.20924314, 0.096167814, -0.019223772,         0, 0.011277691,         0,         0, -0.1186858,         0,         0,         0, -0.1430405, 0.28445282, 0.0035385219, -0.29390058, 0.15646772, -0.18066602, -0.019223772, 0.01867681,         0, 0.097265922,         0,         0, 0.81385729,         0,         0,         0, 0.16565094,         0,         0,         0,         0,         0,         0,         0,         0,         0,         0,         0,         0,         0,         0,         0,         0, 0.29426035, 0.15373865, -0.40978585, 0.072805182, -0.18918357, 0.011277691, 0.097265922,         0, 0.023676696,         0,         0, 0.18451351,         0,         0,         0, 0.053527255,         0,         0,         0,         0,         0,         0,         0,         0,         0,         0,         0,         0,         0,         0,         0,         0,         0,         0,         0,         0,         0,         0,         0,         0,         0,         0,         0,         0,         0,         0,         0,         0, 0.21873286, 0.20095893, -0.17402818, 0.27819927, -0.015588027, -0.1186858, 0.81385729,         0, 0.18451351,         0,         0, 0.029066871,         0,         0,         0, 0.21598683,         0,         0,         0,         0,         0,         0,         0,         0,         0,         0,         0,         0,         0,         0,         0,         0,         0,         0,         0,         0,         0,         0,         0,         0,         0,         0,         0,         0,         0,         0,         0,         0,         0,         0,         0,         0,         0,         0,         0,         0,         0,         0,         0,         0,         0,         0,         0,         0, 0.054647249, 0.40842115, 0.014480609, 0.51054189, 0.55006286, -0.1430405, 0.16565094,         0, 0.053527255,         0,         0, 0.21598683,         0,         0,         0, 0.015835501))
			, nrow = 16, ncol = 16
			, dimnames = list(
				as.character(c("CMultStdev", "tvVmax", "tvKm", "tvV", "tvKa", "stdev0", "nVmax-nVmax", "nKm-nVmax", "nKm-nKm", "nV-nVmax", "nV-nKm", "nV-nV", "nKa-nVmax", "nKa-nKm", "nKa-nV", "nKa-nKa"))
				, as.character(c("CMultStdev", "tvVmax", "tvKm", "tvV", "tvKa", "stdev0", "nVmax-nVmax", "nKm-nVmax", "nKm-nKm", "nV-nVmax", "nV-nKm", "nV-nV", "nKa-nVmax", "nKa-nKm", "nKa-nV", "nKa-nKa"))
				)
			)
		, "Inverse" = matrix(
			as.numeric(c(7229.6956, -0.67283535, 10.674589, 32.061214, 1663.4159,  401.7105, 949.56177,         0, 144.27906,         0,         0, -684.72595,         0,         0,         0, -3887.4511, -0.67283535, 0.023162624, 0.042548274, -0.12410802, -3.7987253, 0.95530203, 4.3672179,         0, 0.57956919,         0,         0, -2.5684036,         0,         0,         0,  3.623034, 10.674589, 0.042548274, 0.3618353, 2.9706587, -22.974376, 12.301805, 12.407257,         0, 12.046229,         0,         0, -8.2611419,         0,         0,         0, 19.269576, 32.061214, -0.12410802, 2.9706587, 71.191342, -236.42306,  162.4027, -23.019338,         0, 88.663926,         0,         0, -46.624626,         0,         0,         0, 47.295371, 1663.4159, -3.7987253, -22.974376, -236.42306,  2780.241, -786.14903, 150.49005,         0, -489.25577,         0,         0, 161.09812,         0,         0,         0, -3603.271,  401.7105, 0.95530203, 12.301805,  162.4027, -786.14903, 618.55862, 204.35998,         0, 374.29628,         0,         0, -190.8224,         0,         0,         0, 429.82821, 949.56177, 4.3672179, 12.407257, -23.019338, 150.49005, 204.35998, 11064.458,         0, 1137.0174,         0,         0, -5757.634,         0,         0,         0, -1287.3836,         0,         0,         0,         0,         0,         0,         0,         0,         0,         0,         0,         0,         0,         0,         0,         0, 144.27906, 0.57956919, 12.046229, 88.663926, -489.25577, 374.29628, 1137.0174,         0, 2527.9339,         0,         0, -807.45952,         0,         0,         0, 254.09742,         0,         0,         0,         0,         0,         0,         0,         0,         0,         0,         0,         0,         0,         0,         0,         0,         0,         0,         0,         0,         0,         0,         0,         0,         0,         0,         0,         0,         0,         0,         0,         0, -684.72595, -2.5684036, -8.2611419, -46.624626, 161.09812, -190.8224, -5757.634,         0, -807.45952,         0,         0, 4400.3545,         0,         0,         0, 171.76073,         0,         0,         0,         0,         0,         0,         0,         0,         0,         0,         0,         0,         0,         0,         0,         0,         0,         0,         0,         0,         0,         0,         0,         0,         0,         0,         0,         0,         0,         0,         0,         0,         0,         0,         0,         0,         0,         0,         0,         0,         0,         0,         0,         0,         0,         0,         0,         0, -3887.4511,  3.623034, 19.269576, 47.295371, -3603.271, 429.82821, -1287.3836,         0, 254.09742,         0,         0, 171.76073,         0,         0,         0, 11137.258))
			, nrow = 16, ncol = 16
			, dimnames = list(
				as.character(c("CMultStdev", "tvVmax", "tvKm", "tvV", "tvKa", "stdev0", "nVmax-nVmax", "nKm-nVmax", "nKm-nKm", "nV-nVmax", "nV-nKm", "nV-nV", "nKa-nVmax", "nKa-nKm", "nKa-nV", "nKa-nKa"))
				, as.character(c("CMultStdev", "tvVmax", "tvKm", "tvV", "tvKa", "stdev0", "nVmax-nVmax", "nKm-nVmax", "nKm-nKm", "nV-nVmax", "nV-nKm", "nV-nV", "nKa-nVmax", "nKa-nKm", "nKa-nV", "nKa-nKa"))
				)
			)
		, "LLTable" = data.frame(
			id = as.character(c( "1", "2", "3", "4", "5", "6", "7", "8", "9", "10", "11", "12", "13", "14", "15", "16", "17", "18", "19", "20", "21", "22", "23", "24", "25", "26", "27", "28", "29", "30", "31", "32", "33", "34", "35", "36", "37", "38", "39", "40", "41", "42", "43", "44", "45", "46", "47", "48", "49", "50", "51", "52", "53", "54", "55", "56", "57", "58", "59", "60"))
			, "LL" = c(-46.040751, -62.655011, -55.097903, -67.414444, -57.429265, -58.818639, -55.415605, -56.068948, -58.650748, -60.465102, -57.256984, -54.902963, -52.890735, -47.717716, -44.218794, -46.869824, -47.552247, -57.027782, -52.943327, -52.072292, -60.981318, -58.519777, -40.894901, -51.476552, -55.358349, -56.693618, -62.581411, -47.382517, -48.634903, -52.104155, -61.545496, -49.747689, -58.953653, -60.209964, -56.720403, -54.658685, -54.053195, -49.551887, -49.371863, -57.04392, -47.098015, -60.746402, -57.935619, -48.404684, -47.885591, -45.976097, -49.163183, -42.240478, -42.953107, -50.988868, -51.082653, -51.153915, -65.393332, -59.234082, -50.09631, -54.177789, -49.695764, -53.738884, -54.575046, -50.307757)
			) # end of LLTable
		, "residuals" = data.frame(
			  ID1 = as.character(c(  "",   "",   "",   "",   "",   "",   "",   "",   "",   "",   "",   "",   "",   "",   "",   "",   "",   "",   "",   "",   "",   "",   "",   "",   "",   "",   "",   "",   "",   "",   "",   "",   "",   "",   "",   "",   "",   "",   "",   "",   "",   "",   "",   "",   "",   "",   "",   "",   "",   "",   "",   "",   "",   "",   "",   "",   "",   "",   "",   "",   "",   "",   "",   "",   "",   "",   "",   "",   "",   "",   "",   "",   "",   "",   "",   "",   "",   "",   "",   "",   "",   "",   "",   "",   "",   "",   "",   "",   "",   "",   "",   "",   "",   "",   "",   "",   "",   "",   "",   "",   "",   "",   "",   "",   "",   "",   "",   "",   "",   "",   "",   "",   "",   "",   "",   "",   "",   "",   "",   "",   "",   "",   "",   "",   "",   "",   "",   "",   "",   "",   "",   "",   "",   "",   "",   "",   "",   "",   "",   "",   "",   "",   "",   "",   "",   "",   "",   "",   "",   "",   "",   "",   "",   "",   "",   "",   "",   "",   "",   "",   "",   "",   "",   "",   "",   "",   "",   "",   "",   "",   "",   "",   "",   "",   "",   "",   "",   "",   "",   "",   "",   "",   "",   "",   "",   "",   "",   "",   "",   "",   "",   "",   "",   "",   "",   "",   "",   "",   "",   "",   "",   "",   "",   "",   "",   "",   "",   "",   "",   "",   "",   "",   "",   "",   "",   "",   "",   "",   "",   "",   "",   "",   "",   "",   "",   "",   "",   "",   "",   "",   "",   "",   "",   "",   "",   "",   "",   "",   "",   "",   "",   "",   "",   "",   "",   "",   "",   "",   "",   "",   "",   "",   "",   "",   "",   "",   "",   "",   "",   "",   "",   "",   "",   "",   "",   "",   "",   "",   "",   "",   "",   "",   "",   "",   "",   "",   "",   "",   "",   "",   "",   "",   "",   "",   "",   "",   "",   "",   "",   "",   "",   "",   "",   "",   "",   "",   "",   "",   "",   "",   "",   "",   "",   "",   "",   "",   "",   "",   "",   "",   "",   "",   "",   "",   "",   "",   "",   "",   "",   "",   "",   "",   "",   "",   "",   "",   "",   "",   "",   "",   "",   "",   "",   "",   "",   "",   "",   "",   "",   "",   "",   "",   "",   "",   "",   "",   "",   "",   "",   "",   "",   "",   "",   "",   "",   "",   "",   "",   "",   "",   "",   "",   "",   "",   "",   "",   "",   "",   "",   "",   "",   "",   "",   "",   "",   "",   "",   "",   "",   "",   "",   "",   "",   "",   "",   "",   "",   "",   "",   "",   "",   "",   "",   "",   "",   "",   "",   "",   "",   "",   "",   "",   "",   "",   "",   "",   "",   "",   "",   "",   "",   "",   "",   "",   "",   "",   "",   "",   "",   "",   "",   "",   "",   "",   "",   "",   "",   "",   "",   "",   "",   "",   "",   "",   "",   "",   "",   "",   "",   "",   "",   "",   "",   "",   "",   "",   "",   "",   "",   "",   "",   "",   "",   "",   "",   "",   "",   "",   "",   "",   "",   "",   "",   "",   "",   "",   "",   "",   "",   "",   "",   "",   "",   "",   "",   "",   "",   "",   "",   ""))
			, ID2 = as.character(c(  "",   "",   "",   "",   "",   "",   "",   "",   "",   "",   "",   "",   "",   "",   "",   "",   "",   "",   "",   "",   "",   "",   "",   "",   "",   "",   "",   "",   "",   "",   "",   "",   "",   "",   "",   "",   "",   "",   "",   "",   "",   "",   "",   "",   "",   "",   "",   "",   "",   "",   "",   "",   "",   "",   "",   "",   "",   "",   "",   "",   "",   "",   "",   "",   "",   "",   "",   "",   "",   "",   "",   "",   "",   "",   "",   "",   "",   "",   "",   "",   "",   "",   "",   "",   "",   "",   "",   "",   "",   "",   "",   "",   "",   "",   "",   "",   "",   "",   "",   "",   "",   "",   "",   "",   "",   "",   "",   "",   "",   "",   "",   "",   "",   "",   "",   "",   "",   "",   "",   "",   "",   "",   "",   "",   "",   "",   "",   "",   "",   "",   "",   "",   "",   "",   "",   "",   "",   "",   "",   "",   "",   "",   "",   "",   "",   "",   "",   "",   "",   "",   "",   "",   "",   "",   "",   "",   "",   "",   "",   "",   "",   "",   "",   "",   "",   "",   "",   "",   "",   "",   "",   "",   "",   "",   "",   "",   "",   "",   "",   "",   "",   "",   "",   "",   "",   "",   "",   "",   "",   "",   "",   "",   "",   "",   "",   "",   "",   "",   "",   "",   "",   "",   "",   "",   "",   "",   "",   "",   "",   "",   "",   "",   "",   "",   "",   "",   "",   "",   "",   "",   "",   "",   "",   "",   "",   "",   "",   "",   "",   "",   "",   "",   "",   "",   "",   "",   "",   "",   "",   "",   "",   "",   "",   "",   "",   "",   "",   "",   "",   "",   "",   "",   "",   "",   "",   "",   "",   "",   "",   "",   "",   "",   "",   "",   "",   "",   "",   "",   "",   "",   "",   "",   "",   "",   "",   "",   "",   "",   "",   "",   "",   "",   "",   "",   "",   "",   "",   "",   "",   "",   "",   "",   "",   "",   "",   "",   "",   "",   "",   "",   "",   "",   "",   "",   "",   "",   "",   "",   "",   "",   "",   "",   "",   "",   "",   "",   "",   "",   "",   "",   "",   "",   "",   "",   "",   "",   "",   "",   "",   "",   "",   "",   "",   "",   "",   "",   "",   "",   "",   "",   "",   "",   "",   "",   "",   "",   "",   "",   "",   "",   "",   "",   "",   "",   "",   "",   "",   "",   "",   "",   "",   "",   "",   "",   "",   "",   "",   "",   "",   "",   "",   "",   "",   "",   "",   "",   "",   "",   "",   "",   "",   "",   "",   "",   "",   "",   "",   "",   "",   "",   "",   "",   "",   "",   "",   "",   "",   "",   "",   "",   "",   "",   "",   "",   "",   "",   "",   "",   "",   "",   "",   "",   "",   "",   "",   "",   "",   "",   "",   "",   "",   "",   "",   "",   "",   "",   "",   "",   "",   "",   "",   "",   "",   "",   "",   "",   "",   "",   "",   "",   "",   "",   "",   "",   "",   "",   "",   "",   "",   "",   "",   "",   "",   "",   "",   "",   "",   "",   "",   "",   "",   "",   "",   "",   "",   "",   "",   "",   "",   "",   "",   "",   "",   "",   "",   "",   "",   "",   "",   ""))
			, ID3 = as.character(c(  "",   "",   "",   "",   "",   "",   "",   "",   "",   "",   "",   "",   "",   "",   "",   "",   "",   "",   "",   "",   "",   "",   "",   "",   "",   "",   "",   "",   "",   "",   "",   "",   "",   "",   "",   "",   "",   "",   "",   "",   "",   "",   "",   "",   "",   "",   "",   "",   "",   "",   "",   "",   "",   "",   "",   "",   "",   "",   "",   "",   "",   "",   "",   "",   "",   "",   "",   "",   "",   "",   "",   "",   "",   "",   "",   "",   "",   "",   "",   "",   "",   "",   "",   "",   "",   "",   "",   "",   "",   "",   "",   "",   "",   "",   "",   "",   "",   "",   "",   "",   "",   "",   "",   "",   "",   "",   "",   "",   "",   "",   "",   "",   "",   "",   "",   "",   "",   "",   "",   "",   "",   "",   "",   "",   "",   "",   "",   "",   "",   "",   "",   "",   "",   "",   "",   "",   "",   "",   "",   "",   "",   "",   "",   "",   "",   "",   "",   "",   "",   "",   "",   "",   "",   "",   "",   "",   "",   "",   "",   "",   "",   "",   "",   "",   "",   "",   "",   "",   "",   "",   "",   "",   "",   "",   "",   "",   "",   "",   "",   "",   "",   "",   "",   "",   "",   "",   "",   "",   "",   "",   "",   "",   "",   "",   "",   "",   "",   "",   "",   "",   "",   "",   "",   "",   "",   "",   "",   "",   "",   "",   "",   "",   "",   "",   "",   "",   "",   "",   "",   "",   "",   "",   "",   "",   "",   "",   "",   "",   "",   "",   "",   "",   "",   "",   "",   "",   "",   "",   "",   "",   "",   "",   "",   "",   "",   "",   "",   "",   "",   "",   "",   "",   "",   "",   "",   "",   "",   "",   "",   "",   "",   "",   "",   "",   "",   "",   "",   "",   "",   "",   "",   "",   "",   "",   "",   "",   "",   "",   "",   "",   "",   "",   "",   "",   "",   "",   "",   "",   "",   "",   "",   "",   "",   "",   "",   "",   "",   "",   "",   "",   "",   "",   "",   "",   "",   "",   "",   "",   "",   "",   "",   "",   "",   "",   "",   "",   "",   "",   "",   "",   "",   "",   "",   "",   "",   "",   "",   "",   "",   "",   "",   "",   "",   "",   "",   "",   "",   "",   "",   "",   "",   "",   "",   "",   "",   "",   "",   "",   "",   "",   "",   "",   "",   "",   "",   "",   "",   "",   "",   "",   "",   "",   "",   "",   "",   "",   "",   "",   "",   "",   "",   "",   "",   "",   "",   "",   "",   "",   "",   "",   "",   "",   "",   "",   "",   "",   "",   "",   "",   "",   "",   "",   "",   "",   "",   "",   "",   "",   "",   "",   "",   "",   "",   "",   "",   "",   "",   "",   "",   "",   "",   "",   "",   "",   "",   "",   "",   "",   "",   "",   "",   "",   "",   "",   "",   "",   "",   "",   "",   "",   "",   "",   "",   "",   "",   "",   "",   "",   "",   "",   "",   "",   "",   "",   "",   "",   "",   "",   "",   "",   "",   "",   "",   "",   "",   "",   "",   "",   "",   "",   "",   "",   "",   "",   "",   "",   "",   "",   "",   "",   "",   "",   "",   "",   "",   "",   "",   "",   "",   ""))
			, ID4 = as.character(c(  "",   "",   "",   "",   "",   "",   "",   "",   "",   "",   "",   "",   "",   "",   "",   "",   "",   "",   "",   "",   "",   "",   "",   "",   "",   "",   "",   "",   "",   "",   "",   "",   "",   "",   "",   "",   "",   "",   "",   "",   "",   "",   "",   "",   "",   "",   "",   "",   "",   "",   "",   "",   "",   "",   "",   "",   "",   "",   "",   "",   "",   "",   "",   "",   "",   "",   "",   "",   "",   "",   "",   "",   "",   "",   "",   "",   "",   "",   "",   "",   "",   "",   "",   "",   "",   "",   "",   "",   "",   "",   "",   "",   "",   "",   "",   "",   "",   "",   "",   "",   "",   "",   "",   "",   "",   "",   "",   "",   "",   "",   "",   "",   "",   "",   "",   "",   "",   "",   "",   "",   "",   "",   "",   "",   "",   "",   "",   "",   "",   "",   "",   "",   "",   "",   "",   "",   "",   "",   "",   "",   "",   "",   "",   "",   "",   "",   "",   "",   "",   "",   "",   "",   "",   "",   "",   "",   "",   "",   "",   "",   "",   "",   "",   "",   "",   "",   "",   "",   "",   "",   "",   "",   "",   "",   "",   "",   "",   "",   "",   "",   "",   "",   "",   "",   "",   "",   "",   "",   "",   "",   "",   "",   "",   "",   "",   "",   "",   "",   "",   "",   "",   "",   "",   "",   "",   "",   "",   "",   "",   "",   "",   "",   "",   "",   "",   "",   "",   "",   "",   "",   "",   "",   "",   "",   "",   "",   "",   "",   "",   "",   "",   "",   "",   "",   "",   "",   "",   "",   "",   "",   "",   "",   "",   "",   "",   "",   "",   "",   "",   "",   "",   "",   "",   "",   "",   "",   "",   "",   "",   "",   "",   "",   "",   "",   "",   "",   "",   "",   "",   "",   "",   "",   "",   "",   "",   "",   "",   "",   "",   "",   "",   "",   "",   "",   "",   "",   "",   "",   "",   "",   "",   "",   "",   "",   "",   "",   "",   "",   "",   "",   "",   "",   "",   "",   "",   "",   "",   "",   "",   "",   "",   "",   "",   "",   "",   "",   "",   "",   "",   "",   "",   "",   "",   "",   "",   "",   "",   "",   "",   "",   "",   "",   "",   "",   "",   "",   "",   "",   "",   "",   "",   "",   "",   "",   "",   "",   "",   "",   "",   "",   "",   "",   "",   "",   "",   "",   "",   "",   "",   "",   "",   "",   "",   "",   "",   "",   "",   "",   "",   "",   "",   "",   "",   "",   "",   "",   "",   "",   "",   "",   "",   "",   "",   "",   "",   "",   "",   "",   "",   "",   "",   "",   "",   "",   "",   "",   "",   "",   "",   "",   "",   "",   "",   "",   "",   "",   "",   "",   "",   "",   "",   "",   "",   "",   "",   "",   "",   "",   "",   "",   "",   "",   "",   "",   "",   "",   "",   "",   "",   "",   "",   "",   "",   "",   "",   "",   "",   "",   "",   "",   "",   "",   "",   "",   "",   "",   "",   "",   "",   "",   "",   "",   "",   "",   "",   "",   "",   "",   "",   "",   "",   "",   "",   "",   "",   "",   "",   "",   "",   "",   "",   "",   "",   "",   "",   "",   "",   "",   "",   ""))
