dmp.txt <- structure(
	.Data = list(
		"coefficients" = list(
			"fixed" = c("GAMMA" = 1.82593181292887, "CMultStdev" = 0.497375078355216, "tvVmax" = 3085.09954110539, "tvKm" = 692.294027990573, "tvV" = 44.1707615335183, "tvKa" = 1.36291059355628, "dVdWT" = 0.950604174540132, "CEps" = 0.499600746049963)
			, "random" = list("Subject" = matrix(
				as.numeric(c(
					 0.110098467579704,  0.137010138664715,  -0.0460911930106468
					,  -0.129903819599569,  0.0272060608587324,  0.0994240567974536
					,  -0.0161388244489823,  0.182811424531137,  0.0484943189908185
					,  0.28571494960336,  -0.0878298166585736,  0.177874853732099
					,  -0.0863201810035968,  0.300816321361902,  -0.611798503241438
					,  0.212112526069356,  -0.69555323599351,  0.20611380000963
					,  -0.460269020066034,  0.272279698378595,  0.601963591943769
					,  0.191113489662593,  -0.0415933914563337,  0.215619795223789
					,  0.442742900870038,  0.0641998897371436,  0.188583895963164
					,  -0.292322176157999,  -0.466982253970272,  0.284835966434971
					,  -0.45934979823066,  0.33548973109101,  -0.652705771601664
					,  -0.0245876463556608,  0.142886206777066,  0.365238569972498
					,  -0.0221005501593962,  -0.81703742145437,  0.421637622348547
					,  0.70071099875748,  -0.296748386072278,  -0.607364269976721
					,  -0.252273761834687,  0.129084470413028,  0.554526117251624
					,  0.0705383296615915,  -0.0390416819199986,  0.129585929334703
					,  0.456739405245134,  0.168508617839579,  -0.533045951330898
					,  0.0380982687346246,  -0.275009186597277,  -0.718591528319014
					,  -0.186839547129034,  0.266460256409494,  0.596917908688156
					,  -0.123738842937014,  -0.749350606696872,  0.368718721528357
					))
				, nrow = 60, ncol = 1
				, dimnames = list(
					as.character(c( "1", "2", "3", "4", "5", "6", "7", "8", "9", "10"
					  , "11", "12", "13", "14", "15", "16", "17", "18", "19", "20"
					  , "21", "22", "23", "24", "25", "26", "27", "28", "29", "30"
					  , "31", "32", "33", "34", "35", "36", "37", "38", "39", "40"
					  , "41", "42", "43", "44", "45", "46", "47", "48", "49", "50"
					  , "51", "52", "53", "54", "55", "56", "57", "58", "59", "60"))
					, as.character(c("nVmax"))
					)
				))
			)
		, "logLik" = c(-3429.64)
		, "nObs" = c(480)
		, "nSubj" = c(60)
		, "nParm" = c(9)
		, "returnCode" = c(1)
		, "omega" = matrix(
			as.numeric(c(0.155041840431276))
			, nrow = 1, ncol = 1
			, dimnames = list(
				as.character(c("nVmax"))
				, as.character(c("nVmax"))
				)
			)
		, "eta" = matrix(
			as.numeric(c(0.00169283223738939, 0.13354664329665, 0.365440341638208, 0.071905859628446))
			, nrow = 1, ncol = 4
			, dimnames = list(
				as.character(c("nVmax"))
				, as.character(c("mean", "var", "sd", "shrinkage"))
				)
			)
		, "eta_shrinkage" = list("Subject" = matrix(
			as.numeric(c(
				 0.12205578280238,  0.129096884968683,  0.118486833221587
				,  0.175091834155046,  0.140257832296635,  0.127802294624138
				,  0.138079507112673,  0.147781662309863,  0.145855144496279
				,  0.12285673110881,  0.181805307047149,  0.13466802110214
				,  0.121794206492344,  0.0951705757151643,  0.174340991871111
				,  0.127048314102373,  0.144957530771646,  0.149868629414759
				,  0.164821538545799,  0.137808236562521,  0.142959945319829
				,  0.150355963163941,  0.130988344384959,  0.102914242115315
				,  0.145475051007956,  0.119987836574233,  0.139245428117903
				,  0.110393281125061,  0.124980770989787,  0.132374379937165
				,  0.174765916809808,  0.125609343726296,  0.149102517515107
				,  0.131549609589911,  0.100009139884711,  0.128456919700443
				,  0.126092105826504,  0.149992760000452,  0.14520207924199
				,  0.132635526149614,  0.128120325405637,  0.134930075901634
				,  0.1437072968088,  0.135140070812414,  0.106912233764866
				,  0.1171492741256,  0.14604864342212,  0.150174555664587
				,  0.116500660343433,  0.146490380586675,  0.15627699915764
				,  0.122842663136306,  0.152422767249207,  0.12491572992596
				,  0.178094830663249,  0.165158562878211,  0.118674145088175
				,  0.112736335732679,  0.179202856687861,  0.124808982020944
				))
			, nrow = 60, ncol = 1
			, dimnames = list(
				as.character(c( "1", "2", "3", "4", "5", "6", "7", "8", "9", "10"
				  , "11", "12", "13", "14", "15", "16", "17", "18", "19", "20"
				  , "21", "22", "23", "24", "25", "26", "27", "28", "29", "30"
				  , "31", "32", "33", "34", "35", "36", "37", "38", "39", "40"
				  , "41", "42", "43", "44", "45", "46", "47", "48", "49", "50"
				  , "51", "52", "53", "54", "55", "56", "57", "58", "59", "60"))
				, as.character(c("nVmax_shrinkage"))
				)
			))
		, "sigma" = matrix(
			as.numeric(c(0.249600905453679))
			, nrow = 1, ncol = 1
			, dimnames = list(
				as.character(c("CEps"))
				, as.character(c("CEps"))
				)
			)
		, "method" = "FOCE-ELS"
		, "varFix" = matrix(
			as.numeric(c(0.0227724632962612, 0.00113989443165971, -76.6475103096939, -24.6429202794667, 0.133444417233214, 0.00566331633425036, 0.000230224636170772, 0.02023738421809, 0.00113989443165971, 0.000481538172642544, -3.64423978541375, -1.03145368025309, -0.00988280788972183, -0.000701067377693191, -4.6918378373477e-005, 0.00088923364092654, -76.6475103096939, -3.64423978541375, 325269.634381458, 95414.1403609067, -798.083011383355, -37.3319003048679, 3.24281118094896, -59.9560774874426, -24.6429202794667, -1.03145368025309, 95414.1403609067, 30166.1329366291, -258.720355035531, -12.118966140655, 0.40876975416865, -17.8226302460394, 0.133444417233214, -0.00988280788972183, -798.083011383355, -258.720355035531, 7.14256100390771, 0.40563684473716, -0.0446744455816559, 0.0582236738981178, 0.00566331633425036, -0.000701067377693191, -37.3319003048679, -12.118966140655, 0.40563684473716, 0.0358803700928838, -0.00561464158494232, 0.000578915186471872, 0.000230224636170772, -4.6918378373477e-005, 3.24281118094896, 0.40876975416865, -0.0446744455816559, -0.00561464158494232, 0.0177936142693126, -0.0126752069117929, 0.02023738421809, 0.00088923364092654, -59.9560774874426, -17.8226302460394, 0.0582236738981178, 0.000578915186471872, -0.0126752069117929, 0.178148282420452))
			, nrow = 8, ncol = 8
			, dimnames = list(
				as.character(c("GAMMA", "CMultStdev", "tvVmax", "tvKm", "tvV", "tvKa", "dVdWT", "CEps"))
				, as.character(c("GAMMA", "CMultStdev", "tvVmax", "tvKm", "tvV", "tvKa", "dVdWT", "CEps"))
				)
			)
		, "omegaSE" = matrix(
			as.numeric(c(0.0261938909619485))
			, nrow = 1, ncol = 1, byrow = TRUE
			, dimnames = list(
				as.character(c("nVmax"))
				, as.character(c("nVmax"))
				)
			)
		, "Covariance" = matrix(
			as.numeric(c(0.022772463, 0.0011398944, -76.64751, -24.64292, 0.13344442, 0.0056633163, 0.00023022464, 0.020237384, 0.00021286801, 0.0011398944, 0.00048153817, -3.6442398, -1.0314537, -0.0098828079, -0.00070106738, -4.6918378e-005, 0.00088923364, 7.6154436e-005, -76.64751, -3.6442398, 325269.63,  95414.14, -798.08301,  -37.3319, 3.2428112, -59.956077, -1.6618981, -24.64292, -1.0314537,  95414.14, 30166.133, -258.72036, -12.118966, 0.40876975, -17.82263, -0.041028427, 0.13344442, -0.0098828079, -798.08301, -258.72036,  7.142561, 0.40563684, -0.044674446, 0.058223674, -0.006987092, 0.0056633163, -0.00070106738,  -37.3319, -12.118966, 0.40563684, 0.03588037, -0.0056146416, 0.00057891519, -0.00028876794, 0.00023022464, -4.6918378e-005, 3.2428112, 0.40876975, -0.044674446, -0.0056146416, 0.017793614, -0.012675207, 0.00010465793, 0.020237384, 0.00088923364, -59.956077, -17.82263, 0.058223674, 0.00057891519, -0.012675207, 0.17814828, -0.00089537689, 0.00021286801, 7.6154436e-005, -1.6618981, -0.041028427, -0.006987092, -0.00028876794, 0.00010465793, -0.00089537689, 0.00068611992))
			, nrow = 9, ncol = 9
			, dimnames = list(
				as.character(c("GAMMA", "CMultStdev", "tvVmax", "tvKm", "tvV", "tvKa", "dVdWT", "stdev0", "nVmax-nVmax"))
				, as.character(c("GAMMA", "CMultStdev", "tvVmax", "tvKm", "tvV", "tvKa", "dVdWT", "stdev0", "nVmax-nVmax"))
				)
			)
		, "Correlation" = matrix(
			as.numeric(c(0.15090548, 0.34422647, -0.89057661, -0.94021537, 0.33087841, 0.19812412, 0.011437068, 0.31773024, 0.053852439, 0.34422647, 0.021943978, -0.29118555, -0.27062913, -0.16851479, -0.16866149, -0.016028598, 0.096008504,  0.132489, -0.89057661, -0.29118555, 570.32415, 0.96323257, -0.52359962, -0.3455651, 0.042625336, -0.24906955, -0.11124554, -0.94021537, -0.27062913, 0.96323257,   173.684, -0.55737027, -0.3683641, 0.017643586, -0.24312026, -0.0090183073, 0.33087841, -0.16851479, -0.52359962, -0.55737027,  2.672557, 0.80127568, -0.12531415, 0.051615698, -0.099808945, 0.19812412, -0.16866149, -0.3455651, -0.3683641, 0.80127568, 0.18942114, -0.22220892, 0.007240952, -0.058199667, 0.011437068, -0.016028598, 0.042625336, 0.017643586, -0.12531415, -0.22220892, 0.13339271, -0.22512937, 0.02995298, 0.31773024, 0.096008504, -0.24906955, -0.24312026, 0.051615698, 0.007240952, -0.22512937, 0.42207616, -0.08098695, 0.053852439,  0.132489, -0.11124554, -0.0090183073, -0.099808945, -0.058199667, 0.02995298, -0.08098695, 0.026193891))
			, nrow = 9, ncol = 9
			, dimnames = list(
				as.character(c("GAMMA", "CMultStdev", "tvVmax", "tvKm", "tvV", "tvKa", "dVdWT", "stdev0", "nVmax-nVmax"))
				, as.character(c("GAMMA", "CMultStdev", "tvVmax", "tvKm", "tvV", "tvKa", "dVdWT", "stdev0", "nVmax-nVmax"))
				)
			)
		, "Inverse" = matrix(
			as.numeric(c(923.56809, -43.398958, -0.087606838,   1.13582, 16.286076, -42.343042, -12.931757, -28.229375, -312.83646, -43.398958, 2720.5552, 0.028940817, 0.051018156, 9.4598936, 4.1464929, 30.353633, 4.6668131, -115.80757, -0.087606838, 0.028940817, 5.9395134e-005, -0.0002669934, -0.0014119638, 0.0023991481, -0.0042975504, 0.0039592998, 0.14432051,   1.13582, 0.051018156, -0.0002669934, 0.00195934, 0.022757047, -0.055405548, 0.0092344217, -0.033359281, -0.72410306, 16.286076, 9.4598936, -0.0014119638, 0.022757047, 0.83928593, -5.7360513, -0.41995119, -0.39379137, -2.4790297, -42.343042, 4.1464929, 0.0023991481, -0.055405548, -5.7360513, 85.680217, 16.030419, 2.7604332, -6.0208983, -12.931757, 30.353633, -0.0042975504, 0.0092344217, -0.41995119, 16.030419, 64.963778, 5.4544074, -9.5353801, -28.229375, 4.6668131, 0.0039592998, -0.033359281, -0.39379137, 2.7604332, 5.4544074, 7.4094422, 21.824276, -312.83646, -115.80757, 0.14432051, -0.72410306, -2.4790297, -6.0208983, -9.5353801, 21.824276, 1875.8067))
			, nrow = 9, ncol = 9
			, dimnames = list(
				as.character(c("GAMMA", "CMultStdev", "tvVmax", "tvKm", "tvV", "tvKa", "dVdWT", "stdev0", "nVmax-nVmax"))
				, as.character(c("GAMMA", "CMultStdev", "tvVmax", "tvKm", "tvV", "tvKa", "dVdWT", "stdev0", "nVmax-nVmax"))
				)
			)
		, "LLTable" = data.frame(
			id = as.character(c( "1", "2", "3", "4", "5", "6", "7", "8", "9", "10", "11", "12", "13", "14", "15", "16", "17", "18", "19", "20", "21", "22", "23", "24", "25", "26", "27", "28", "29", "30", "31", "32", "33", "34", "35", "36", "37", "38", "39", "40", "41", "42", "43", "44", "45", "46", "47", "48", "49", "50", "51", "52", "53", "54", "55", "56", "57", "58", "59", "60"))
			, "LL" = c(-55.435064, -55.427007, -57.070386, -54.689684, -67.359164, -55.554975, -55.802108, -54.04937, -60.239473, -53.216115, -55.796627, -53.748392, -57.521577, -55.526724, -62.166862, -53.91183, -66.108104, -53.14075, -62.135985, -52.961334, -52.878342, -54.404405, -58.148503, -55.640741, -53.515963, -60.696806, -52.870287, -59.50371, -65.083493, -56.001918, -59.976528, -53.275562, -60.731917, -56.296517, -56.281398, -53.36439, -56.382476, -64.58752, -52.437381, -50.849893, -58.638725, -70.991263, -55.874674, -55.748999, -51.922445, -55.714714, -56.547829, -54.970459, -53.928303, -53.687879, -63.154305, -55.788727, -58.105622, -63.710135, -58.826078, -56.441695, -52.308714, -58.136797, -66.805541, -53.549294)
			) # end of LLTable
		, "residuals" = data.frame(
			  ID1 = as.character(c(  "",   "",   "",   "",   "",   "",   "",   "",   "",   "",   "",   "",   "",   "",   "",   "",   "",   "",   "",   "",   "",   "",   "",   "",   "",   "",   "",   "",   "",   "",   "",   "",   "",   "",   "",   "",   "",   "",   "",   "",   "",   "",   "",   "",   "",   "",   "",   "",   "",   "",   "",   "",   "",   "",   "",   "",   "",   "",   "",   "",   "",   "",   "",   "",   "",   "",   "",   "",   "",   "",   "",   "",   "",   "",   "",   "",   "",   "",   "",   "",   "",   "",   "",   "",   "",   "",   "",   "",   "",   "",   "",   "",   "",   "",   "",   "",   "",   "",   "",   "",   "",   "",   "",   "",   "",   "",   "",   "",   "",   "",   "",   "",   "",   "",   "",   "",   "",   "",   "",   "",   "",   "",   "",   "",   "",   "",   "",   "",   "",   "",   "",   "",   "",   "",   "",   "",   "",   "",   "",   "",   "",   "",   "",   "",   "",   "",   "",   "",   "",   "",   "",   "",   "",   "",   "",   "",   "",   "",   "",   "",   "",   "",   "",   "",   "",   "",   "",   "",   "",   "",   "",   "",   "",   "",   "",   "",   "",   "",   "",   "",   "",   "",   "",   "",   "",   "",   "",   "",   "",   "",   "",   "",   "",   "",   "",   "",   "",   "",   "",   "",   "",   "",   "",   "",   "",   "",   "",   "",   "",   "",   "",   "",   "",   "",   "",   "",   "",   "",   "",   "",   "",   "",   "",   "",   "",   "",   "",   "",   "",   "",   "",   "",   "",   "",   "",   "",   "",   "",   "",   "",   "",   "",   "",   "",   "",   "",   "",   "",   "",   "",   "",   "",   "",   "",   "",   "",   "",   "",   "",   "",   "",   "",   "",   "",   "",   "",   "",   "",   "",   "",   "",   "",   "",   "",   "",   "",   "",   "",   "",   "",   "",   "",   "",   "",   "",   "",   "",   "",   "",   "",   "",   "",   "",   "",   "",   "",   "",   "",   "",   "",   "",   "",   "",   "",   "",   "",   "",   "",   "",   "",   "",   "",   "",   "",   "",   "",   "",   "",   "",   "",   "",   "",   "",   "",   "",   "",   "",   "",   "",   "",   "",   "",   "",   "",   "",   "",   "",   "",   "",   "",   "",   "",   "",   "",   "",   "",   "",   "",   "",   "",   "",   "",   "",   "",   "",   "",   "",   "",   "",   "",   "",   "",   "",   "",   "",   "",   "",   "",   "",   "",   "",   "",   "",   "",   "",   "",   "",   "",   "",   "",   "",   "",   "",   "",   "",   "",   "",   "",   "",   "",   "",   "",   "",   "",   "",   "",   "",   "",   "",   "",   "",   "",   "",   "",   "",   "",   "",   "",   "",   "",   "",   "",   "",   "",   "",   "",   "",   "",   "",   "",   "",   "",   "",   "",   "",   "",   "",   "",   "",   "",   "",   "",   "",   "",   "",   "",   "",   "",   "",   "",   "",   "",   "",   "",   "",   "",   "",   "",   "",   "",   "",   "",   "",   "",   "",   "",   "",   "",   "",   "",   "",   "",   "",   "",   "",   "",   "",   "",   "",   "",   "",   "",   "",   "",   "",   "",   "",   "",   "",   ""))
			, ID2 = as.character(c(  "",   "",   "",   "",   "",   "",   "",   "",   "",   "",   "",   "",   "",   "",   "",   "",   "",   "",   "",   "",   "",   "",   "",   "",   "",   "",   "",   "",   "",   "",   "",   "",   "",   "",   "",   "",   "",   "",   "",   "",   "",   "",   "",   "",   "",   "",   "",   "",   "",   "",   "",   "",   "",   "",   "",   "",   "",   "",   "",   "",   "",   "",   "",   "",   "",   "",   "",   "",   "",   "",   "",   "",   "",   "",   "",   "",   "",   "",   "",   "",   "",   "",   "",   "",   "",   "",   "",   "",   "",   "",   "",   "",   "",   "",   "",   "",   "",   "",   "",   "",   "",   "",   "",   "",   "",   "",   "",   "",   "",   "",   "",   "",   "",   "",   "",   "",   "",   "",   "",   "",   "",   "",   "",   "",   "",   "",   "",   "",   "",   "",   "",   "",   "",   "",   "",   "",   "",   "",   "",   "",   "",   "",   "",   "",   "",   "",   "",   "",   "",   "",   "",   "",   "",   "",   "",   "",   "",   "",   "",   "",   "",   "",   "",   "",   "",   "",   "",   "",   "",   "",   "",   "",   "",   "",   "",   "",   "",   "",   "",   "",   "",   "",   "",   "",   "",   "",   "",   "",   "",   "",   "",   "",   "",   "",   "",   "",   "",   "",   "",   "",   "",   "",   "",   "",   "",   "",   "",   "",   "",   "",   "",   "",   "",   "",   "",   "",   "",   "",   "",   "",   "",   "",   "",   "",   "",   "",   "",   "",   "",   "",   "",   "",   "",   "",   "",   "",   "",   "",   "",   "",   "",   "",   "",   "",   "",   "",   "",   "",   "",   "",   "",   "",   "",   "",   "",   "",   "",   "",   "",   "",   "",   "",   "",   "",   "",   "",   "",   "",   "",   "",   "",   "",   "",   "",   "",   "",   "",   "",   "",   "",   "",   "",   "",   "",   "",   "",   "",   "",   "",   "",   "",   "",   "",   "",   "",   "",   "",   "",   "",   "",   "",   "",   "",   "",   "",   "",   "",   "",   "",   "",   "",   "",   "",   "",   "",   "",   "",   "",   "",   "",   "",   "",   "",   "",   "",   "",   "",   "",   "",   "",   "",   "",   "",   "",   "",   "",   "",   "",   "",   "",   "",   "",   "",   "",   "",   "",   "",   "",   "",   "",   "",   "",   "",   "",   "",   "",   "",   "",   "",   "",   "",   "",   "",   "",   "",   "",   "",   "",   "",   "",   "",   "",   "",   "",   "",   "",   "",   "",   "",   "",   "",   "",   "",   "",   "",   "",   "",   "",   "",   "",   "",   "",   "",   "",   "",   "",   "",   "",   "",   "",   "",   "",   "",   "",   "",   "",   "",   "",   "",   "",   "",   "",   "",   "",   "",   "",   "",   "",   "",   "",   "",   "",   "",   "",   "",   "",   "",   "",   "",   "",   "",   "",   "",   "",   "",   "",   "",   "",   "",   "",   "",   "",   "",   "",   "",   "",   "",   "",   "",   "",   "",   "",   "",   "",   "",   "",   "",   "",   "",   "",   "",   "",   "",   "",   "",   "",   "",   "",   "",   "",   "",   "",   "",   "",   "",   "",   "",   "",   "",   ""))
			, ID3 = as.character(c(  "",   "",   "",   "",   "",   "",   "",   "",   "",   "",   "",   "",   "",   "",   "",   "",   "",   "",   "",   "",   "",   "",   "",   "",   "",   "",   "",   "",   "",   "",   "",   "",   "",   "",   "",   "",   "",   "",   "",   "",   "",   "",   "",   "",   "",   "",   "",   "",   "",   "",   "",   "",   "",   "",   "",   "",   "",   "",   "",   "",   "",   "",   "",   "",   "",   "",   "",   "",   "",   "",   "",   "",   "",   "",   "",   "",   "",   "",   "",   "",   "",   "",   "",   "",   "",   "",   "",   "",   "",   "",   "",   "",   "",   "",   "",   "",   "",   "",   "",   "",   "",   "",   "",   "",   "",   "",   "",   "",   "",   "",   "",   "",   "",   "",   "",   "",   "",   "",   "",   "",   "",   "",   "",   "",   "",   "",   "",   "",   "",   "",   "",   "",   "",   "",   "",   "",   "",   "",   "",   "",   "",   "",   "",   "",   "",   "",   "",   "",   "",   "",   "",   "",   "",   "",   "",   "",   "",   "",   "",   "",   "",   "",   "",   "",   "",   "",   "",   "",   "",   "",   "",   "",   "",   "",   "",   "",   "",   "",   "",   "",   "",   "",   "",   "",   "",   "",   "",   "",   "",   "",   "",   "",   "",   "",   "",   "",   "",   "",   "",   "",   "",   "",   "",   "",   "",   "",   "",   "",   "",   "",   "",   "",   "",   "",   "",   "",   "",   "",   "",   "",   "",   "",   "",   "",   "",   "",   "",   "",   "",   "",   "",   "",   "",   "",   "",   "",   "",   "",   "",   "",   "",   "",   "",   "",   "",   "",   "",   "",   "",   "",   "",   "",   "",   "",   "",   "",   "",   "",   "",   "",   "",   "",   "",   "",   "",   "",   "",   "",   "",   "",   "",   "",   "",   "",   "",   "",   "",   "",   "",   "",   "",   "",   "",   "",   "",   "",   "",   "",   "",   "",   "",   "",   "",   "",   "",   "",   "",   "",   "",   "",   "",   "",   "",   "",   "",   "",   "",   "",   "",   "",   "",   "",   "",   "",   "",   "",   "",   "",   "",   "",   "",   "",   "",   "",   "",   "",   "",   "",   "",   "",   "",   "",   "",   "",   "",   "",   "",   "",   "",   "",   "",   "",   "",   "",   "",   "",   "",   "",   "",   "",   "",   "",   "",   "",   "",   "",   "",   "",   "",   "",   "",   "",   "",   "",   "",   "",   "",   "",   "",   "",   "",   "",   "",   "",   "",   "",   "",   "",   "",   "",   "",   "",   "",   "",   "",   "",   "",   "",   "",   "",   "",   "",   "",   "",   "",   "",   "",   "",   "",   "",   "",   "",   "",   "",   "",   "",   "",   "",   "",   "",   "",   "",   "",   "",   "",   "",   "",   "",   "",   "",   "",   "",   "",   "",   "",   "",   "",   "",   "",   "",   "",   "",   "",   "",   "",   "",   "",   "",   "",   "",   "",   "",   "",   "",   "",   "",   "",   "",   "",   "",   "",   "",   "",   "",   "",   "",   "",   "",   "",   "",   "",   "",   "",   "",   "",   "",   "",   "",   "",   "",   "",   "",   "",   "",   "",   "",   "",   "",   "",   ""))
			, ID4 = as.character(c(  "",   "",   "",   "",   "",   "",   "",   "",   "",   "",   "",   "",   "",   "",   "",   "",   "",   "",   "",   "",   "",   "",   "",   "",   "",   "",   "",   "",   "",   "",   "",   "",   "",   "",   "",   "",   "",   "",   "",   "",   "",   "",   "",   "",   "",   "",   "",   "",   "",   "",   "",   "",   "",   "",   "",   "",   "",   "",   "",   "",   "",   "",   "",   "",   "",   "",   "",   "",   "",   "",   "",   "",   "",   "",   "",   "",   "",   "",   "",   "",   "",   "",   "",   "",   "",   "",   "",   "",   "",   "",   "",   "",   "",   "",   "",   "",   "",   "",   "",   "",   "",   "",   "",   "",   "",   "",   "",   "",   "",   "",   "",   "",   "",   "",   "",   "",   "",   "",   "",   "",   "",   "",   "",   "",   "",   "",   "",   "",   "",   "",   "",   "",   "",   "",   "",   "",   "",   "",   "",   "",   "",   "",   "",   "",   "",   "",   "",   "",   "",   "",   "",   "",   "",   "",   "",   "",   "",   "",   "",   "",   "",   "",   "",   "",   "",   "",   "",   "",   "",   "",   "",   "",   "",   "",   "",   "",   "",   "",   "",   "",   "",   "",   "",   "",   "",   "",   "",   "",   "",   "",   "",   "",   "",   "",   "",   "",   "",   "",   "",   "",   "",   "",   "",   "",   "",   "",   "",   "",   "",   "",   "",   "",   "",   "",   "",   "",   "",   "",   "",   "",   "",   "",   "",   "",   "",   "",   "",   "",   "",   "",   "",   "",   "",   "",   "",   "",   "",   "",   "",   "",   "",   "",   "",   "",   "",   "",   "",   "",   "",   "",   "",   "",   "",   "",   "",   "",   "",   "",   "",   "",   "",   "",   "",   "",   "",   "",   "",   "",   "",   "",   "",   "",   "",   "",   "",   "",   "",   "",   "",   "",   "",   "",   "",   "",   "",   "",   "",   "",   "",   "",   "",   "",   "",   "",   "",   "",   "",   "",   "",   "",   "",   "",   "",   "",   "",   "",   "",   "",   "",   "",   "",   "",   "",   "",   "",   "",   "",   "",   "",   "",   "",   "",   "",   "",   "",   "",   "",   "",   "",   "",   "",   "",   "",   "",   "",   "",   "",   "",   "",   "",   "",   "",   "",   "",   "",   "",   "",   "",   "",   "",   "",   "",   "",   "",   "",   "",   "",   "",   "",   "",   "",   "",   "",   "",   "",   "",   "",   "",   "",   "",   "",   "",   "",   "",   "",   "",   "",   "",   "",   "",   "",   "",   "",   "",   "",   "",   "",   "",   "",   "",   "",   "",   "",   "",   "",   "",   "",   "",   "",   "",   "",   "",   "",   "",   "",   "",   "",   "",   "",   "",   "",   "",   "",   "",   "",   "",   "",   "",   "",   "",   "",   "",   "",   "",   "",   "",   "",   "",   "",   "",   "",   "",   "",   "",   "",   "",   "",   "",   "",   "",   "",   "",   "",   "",   "",   "",   "",   "",   "",   "",   "",   "",   "",   "",   "",   "",   "",   "",   "",   "",   "",   "",   "",   "",   "",   "",   "",   "",   "",   "",   "",   "",   "",   "",   "",   "",   "",   "",   "",   ""))
			, ID5 = as.character(c( "1",  "1",  "1",  "1",  "1",  "1",  "1",  "1",  "2",  "2",  "2",  "2",  "2",  "2",  "2",  "2",  "3",  "3",  "3",  "3",  "3",  "3",  "3",  "3",  "4",  "4",  "4",  "4",  "4",  "4",  "4",  "4",  "5",  "5",  "5",  "5",  "5",  "5",  "5",  "5",  "6",  "6",  "6",  "6",  "6",  "6",  "6",  "6",  "7",  "7",  "7",  "7",  "7",  "7",  "7",  "7",  "8",  "8",  "8",  "8",  "8",  "8",  "8",  "8",  "9",  "9",  "9",  "9",  "9",  "9",  "9",  "9", "10", "10", "10", "10", "10", "10", "10", "10", "11", "11", "11", "11", "11", "11", "11", "11", "12", "12", "12", "12", "12", "12", "12", "12", "13", "13", "13", "13", "13", "13", "13", "13", "14", "14", "14", "14", "14", "14", "14", "14", "15", "15", "15", "15", "15", "15", "15", "15", "16", "16", "16", "16", "16", "16", "16", "16", "17", "17", "17", "17", "17", "17", "17", "17", "18", "18", "18", "18", "18", "18", "18", "18", "19", "19", "19", "19", "19", "19", "19", "19", "20", "20", "20", "20", "20", "20", "20", "20", "21", "21", "21", "21", "21", "21", "21", "21", "22", "22", "22", "22", "22", "22", "22", "22", "23", "23", "23", "23", "23", "23", "23", "23", "24", "24", "24", "24", "24", "24", "24", "24", "25", "25", "25", "25", "25", "25", "25", "25", "26", "26", "26", "26", "26", "26", "26", "26", "27", "27", "27", "27", "27", "27", "27", "27", "28", "28", "28", "28", "28", "28", "28", "28", "29", "29", "29", "29", "29", "29", "29", "29", "30", "30", "30", "30", "30", "30", "30", "30", "31", "31", "31", "31", "31", "31", "31", "31", "32", "32", "32", "32", "32", "32", "32", "32", "33", "33", "33", "33", "33", "33", "33", "33", "34", "34", "34", "34", "34", "34", "34", "34", "35", "35", "35", "35", "35", "35", "35", "35", "36", "36", "36", "36", "36", "36", "36", "36", "37", "37", "37", "37", "37", "37", "37", "37", "38", "38", "38", "38", "38", "38", "38", "38", "39", "39", "39", "39", "39", "39", "39", "39", "40", "40", "40", "40", "40", "40", "40", "40", "41", "41", "41", "41", "41", "41", "41", "41", "42", "42", "42", "42", "42", "42", "42", "42", "43", "43", "43", "43", "43", "43", "43", "43", "44", "44", "44", "44", "44", "44", "44", "44", "45", "45", "45", "45", "45", "45", "45", "45", "46", "46", "46", "46", "46", "46", "46", "46", "47", "47", "47", "47", "47", "47", "47", "47", "48", "48", "48", "48", "48", "48", "48", "48", "49", "49", "49", "49", "49", "49", "49", "49", "50", "50", "50", "50", "50", "50", "50", "50", "51", "51", "51", "51", "51", "51", "51", "51", "52", "52", "52", "52", "52", "52", "52", "52", "53", "53", "53", "53", "53", "53", "53", "53", "54", "54", "54", "54", "54", "54", "54", "54", "55", "55", "55", "55", "55", "55", "55", "55", "56", "56", "56", "56", "56", "56", "56", "56", "57", "57", "57", "57", "57", "57", "57", "57", "58", "58", "58", "58", "58", "58", "58", "58", "59", "59", "59", "59", "59", "59", "59", "59", "60", "60", "60", "60", "60", "60", "60", "60"))
			, IVAR = c(0.64, 1.99, 6.43, 12.03, 22.28, 48.91, 80.15, 138.94, 0.51, 2.49, 6.29, 11.18, 25.51, 43.72, 84.69, 123.55, 0.48, 2, 6.04, 11.31, 22.67, 47.36, 103.04, 108, 0.53, 2.07, 6.67, 11.64, 24.9, 49.3, 90.93, 135.41, 0.56, 2.15, 7.03, 12.69, 21.12, 45.33, 84.94, 114.45, 0.47, 2.01, 5.48, 12.19, 22.48, 57.28, 103.13, 131.43, 0.52, 2.37, 5.63, 11.46, 27.7, 44.98, 94.03, 115.38, 0.48, 1.94, 6.3, 11.79, 22.82, 54.9, 93.96, 117.86, 0.5, 2.15, 5.96, 11.95, 22.42, 46.47, 96.58, 113.14, 0.53, 1.72, 6.19, 10.29, 23.29, 45.53, 89.94, 119.32, 0.41, 2.25, 5.08, 11.46, 21.47, 44.53, 118.28, 120.21, 0.44, 1.7, 6.28, 11.98, 23.25, 43.74, 82.73, 107.77, 0.55, 1.88, 5.22, 14.47, 25.04, 46.87, 106.72, 131.12, 0.47, 2.49, 5.85, 10.41, 23.66, 49.01, 120.92, 121.28, 0.52, 1.98, 5.8, 11.96, 25.97, 59.07, 106.39, 135.41, 0.44, 2.21, 6.13, 10.36, 25.28, 47.24, 111.14, 111.15, 0.48, 1.82, 5.89, 12.49, 22.31, 52.16, 85.08, 108.06, 0.58, 1.81, 6.25, 11.55, 25, 56.83, 112.51, 116.09, 0.4, 2.57, 6.41, 12.67, 23.97, 50.51, 94.43, 125.16, 0.48, 1.74, 6.62, 13.97, 23.27, 42.35, 102.37, 119.46, 0.42, 2, 5.63, 11.6, 21.38, 57.48, 92.87, 102.2, 0.51, 2.05, 5.44, 8.99, 22.51, 50.82, 95.43, 118.83, 0.53, 1.78, 6.7, 11.99, 25.76, 53.23, 98.17, 109.91, 0.56, 1.64, 5.68, 11.7, 23.6, 53.16, 97.32, 124.99, 0.5, 1.95, 6.43, 13.46, 18.87, 50.83, 99.67, 115, 0.55, 1.92, 5.83, 13.07, 28.5, 49.31, 92.03, 106.55, 0.48, 1.82, 5.85, 12.48, 22.04, 62.56, 97.51, 134.36, 0.4, 2.15, 5.26, 13.16, 24.97, 46.08, 109.59, 111.87, 0.47, 1.81, 5.61, 13.19, 25.06, 53.08, 92.33, 124.6, 0.51, 1.73, 7.17, 12.16, 25.91, 52.81, 95.52, 116.39, 0.55, 1.8, 7.31, 11.55, 28.32, 55.84, 96.8, 127, 0.45, 2.07, 6.66, 12.12, 22.93, 44.95, 95.66, 133.54, 0.48, 1.98, 5.27, 12.61, 27.35, 55.75, 99.54, 104.15, 0.52, 2.09, 5.79, 12.21, 22.01, 51.37, 92.91, 102.57, 0.48, 2.29, 5.8, 12.91, 26.38, 48.02, 92.68, 113.81, 0.54, 1.8, 6.15, 11.66, 19.14, 41.69, 105.21, 117.73, 0.54, 2.42, 6.95, 12.84, 24.93, 47.08, 112.41, 127.37, 0.44, 1.97, 4.95, 11.77, 18.52, 54.74, 90.09, 114.95, 0.49, 2.13, 6.42, 12.7, 22.66, 41.88, 92.34, 123.38, 0.46, 1.99, 5.34, 11.99, 24.31, 47.3, 94.44, 143.14, 0.54, 2.24, 5.47, 12.2, 26.94, 47.73, 77.59, 124.21, 0.41, 1.84, 6.85, 12.76, 26.77, 49.49, 94.95, 109.41, 0.59, 2.01, 5.59, 13.08, 26.72, 58.02, 90.38, 115.4, 0.48, 1.93, 5.78, 11.65, 27.72, 44.77, 92.34, 128.09, 0.56, 1.85, 5.7, 12.65, 26.57, 46.81, 83.21, 142.37, 0.58, 1.86, 5.96, 10.06, 25.41, 56.4, 81.5, 111, 0.47, 1.87, 4.9, 12.62, 20.59, 47.88, 101.86, 117.65, 0.55, 1.99, 5.62, 12.8, 22.98, 57.31, 95.82, 130.68, 0.51, 1.48, 5.23, 11.5, 24.58, 37.98, 105.69, 112.96, 0.46, 1.71, 5.19, 12.07, 25.25, 38.92, 86.83, 126.6, 0.48, 2.48, 6.8, 12.74, 24.01, 49.36, 89.46, 127.78, 0.58, 2.23, 5.53, 10.21, 23.74, 50.16, 105.18, 109.89, 0.52, 2.05, 6.76, 11.97, 23.16, 42.8, 91.16, 115.73, 0.63, 2.55, 5.9, 10.81, 19.7, 50.54, 86.08, 150.8, 0.46, 2.02, 8.78, 10.74, 24.75, 42.97, 99.4, 109.97, 0.5, 1.94, 5.33, 12.01, 26.5, 56.29, 83.69, 117.04, 0.56, 1.79, 4.66, 10.93, 21.79, 48.23, 92.2, 122.81, 0.48, 2.08, 5.78, 13.52, 22.29, 49.42, 87.87, 122.52, 0.5, 1.69, 5.91, 13.5, 25.69, 48.69, 85.21, 134.88, 0.5, 1.91, 7.07, 11.11, 24.74, 54.56, 101.96, 116.37)
			, TAD = c(0.64, 1.99, 6.43, 12.03, 22.28, 48.91, 80.15, 138.94, 0.51, 2.49, 6.29, 11.18, 25.51, 43.72, 84.69, 123.55, 0.48, 2, 6.04, 11.31, 22.67, 47.36, 103.04, 108, 0.53, 2.07, 6.67, 11.64, 24.9, 49.3, 90.93, 135.41, 0.56, 2.15, 7.03, 12.69, 21.12, 45.33, 84.94, 114.45, 0.47, 2.01, 5.48, 12.19, 22.48, 57.28, 103.13, 131.43, 0.52, 2.37, 5.63, 11.46, 27.7, 44.98, 94.03, 115.38, 0.48, 1.94, 6.3, 11.79, 22.82, 54.9, 93.96, 117.86, 0.5, 2.15, 5.96, 11.95, 22.42, 46.47, 96.58, 113.14, 0.53, 1.72, 6.19, 10.29, 23.29, 45.53, 89.94, 119.32, 0.41, 2.25, 5.08, 11.46, 21.47, 44.53, 118.28, 120.21, 0.44, 1.7, 6.28, 11.98, 23.25, 43.74, 82.73, 107.77, 0.55, 1.88, 5.22, 14.47, 25.04, 46.87, 106.72, 131.12, 0.47, 2.49, 5.85, 10.41, 23.66, 49.01, 120.92, 121.28, 0.52, 1.98, 5.8, 11.96, 25.97, 59.07, 106.39, 135.41, 0.44, 2.21, 6.13, 10.36, 25.28, 47.24, 111.14, 111.15, 0.48, 1.82, 5.89, 12.49, 22.31, 52.16, 85.08, 108.06, 0.58, 1.81, 6.25, 11.55, 25, 56.83, 112.51, 116.09, 0.4, 2.57, 6.41, 12.67, 23.97, 50.51, 94.43, 125.16, 0.48, 1.74, 6.62, 13.97, 23.27, 42.35, 102.37, 119.46, 0.42, 2, 5.63, 11.6, 21.38, 57.48, 92.87, 102.2, 0.51, 2.05, 5.44, 8.99, 22.51, 50.82, 95.43, 118.83, 0.53, 1.78, 6.7, 11.99, 25.76, 53.23, 98.17, 109.91, 0.56, 1.64, 5.68, 11.7, 23.6, 53.16, 97.32, 124.99, 0.5, 1.95, 6.43, 13.46, 18.87, 50.83, 99.67, 115, 0.55, 1.92, 5.83, 13.07, 28.5, 49.31, 92.03, 106.55, 0.48, 1.82, 5.85, 12.48, 22.04, 62.56, 97.51, 134.36, 0.4, 2.15, 5.26, 13.16, 24.97, 46.08, 109.59, 111.87, 0.47, 1.81, 5.61, 13.19, 25.06, 53.08, 92.33, 124.6, 0.51, 1.73, 7.17, 12.16, 25.91, 52.81, 95.52, 116.39, 0.55, 1.8, 7.31, 11.55, 28.32, 55.84, 96.8, 127, 0.45, 2.07, 6.66, 12.12, 22.93, 44.95, 95.66, 133.54, 0.48, 1.98, 5.27, 12.61, 27.35, 55.75, 99.54, 104.15, 0.52, 2.09, 5.79, 12.21, 22.01, 51.37, 92.91, 102.57, 0.48, 2.29, 5.8, 12.91, 26.38, 48.02, 92.68, 113.81, 0.54, 1.8, 6.15, 11.66, 19.14, 41.69, 105.21, 117.73, 0.54, 2.42, 6.95, 12.84, 24.93, 47.08, 112.41, 127.37, 0.44, 1.97, 4.95, 11.77, 18.52, 54.74, 90.09, 114.95, 0.49, 2.13, 6.42, 12.7, 22.66, 41.88, 92.34, 123.38, 0.46, 1.99, 5.34, 11.99, 24.31, 47.3, 94.44, 143.14, 0.54, 2.24, 5.47, 12.2, 26.94, 47.73, 77.59, 124.21, 0.41, 1.84, 6.85, 12.76, 26.77, 49.49, 94.95, 109.41, 0.59, 2.01, 5.59, 13.08, 26.72, 58.02, 90.38, 115.4, 0.48, 1.93, 5.78, 11.65, 27.72, 44.77, 92.34, 128.09, 0.56, 1.85, 5.7, 12.65, 26.57, 46.81, 83.21, 142.37, 0.58, 1.86, 5.96, 10.06, 25.41, 56.4, 81.5, 111, 0.47, 1.87, 4.9, 12.62, 20.59, 47.88, 101.86, 117.65, 0.55, 1.99, 5.62, 12.8, 22.98, 57.31, 95.82, 130.68, 0.51, 1.48, 5.23, 11.5, 24.58, 37.98, 105.69, 112.96, 0.46, 1.71, 5.19, 12.07, 25.25, 38.92, 86.83, 126.6, 0.48, 2.48, 6.8, 12.74, 24.01, 49.36, 89.46, 127.78, 0.58, 2.23, 5.53, 10.21, 23.74, 50.16, 105.18, 109.89, 0.52, 2.05, 6.76, 11.97, 23.16, 42.8, 91.16, 115.73, 0.63, 2.55, 5.9, 10.81, 19.7, 50.54, 86.08, 150.8, 0.46, 2.02, 8.78, 10.74, 24.75, 42.97, 99.4, 109.97, 0.5, 1.94, 5.33, 12.01, 26.5, 56.29, 83.69, 117.04, 0.56, 1.79, 4.66, 10.93, 21.79, 48.23, 92.2, 122.81, 0.48, 2.08, 5.78, 13.52, 22.29, 49.42, 87.87, 122.52, 0.5, 1.69, 5.91, 13.5, 25.69, 48.69, 85.21, 134.88, 0.5, 1.91, 7.07, 11.11, 24.74, 54.56, 101.96, 116.37)
			, PRED = c(  1456.81,   2260.63,   2116.87,   1736.24,   1106.93,   269.778,   100.901,   40.8738,   1081.44,   1987.49,   1838.22,   1562.54,   865.136,   364.173,   106.573,   57.9288,   1256.65,   2354.93,   2229.37,   1851.43,   1114.62,   282.762,   62.6541,   57.9968,   850.989,   1503.64,   1412.65,   1217.36,     772.9,    322.88,   121.837,   67.1227,   1119.11,   1910.34,   1748.63,   1444.33,   1035.81,   343.297,   108.986,   67.2153,    1234.4,   2349.13,   2262.65,   1784.74,   1123.24,   187.326,   62.7824,   42.6461,   1034.26,    1871.5,   1774.36,   1469.42,    760.97,   351.891,   94.8057,    68.513,   934.712,   1747.86,   1663.72,   1394.54,   918.394,   250.086,    99.385,   69.6467,   991.362,   1826.41,    1730.7,   1424.77,   951.658,   333.403,   92.2219,   71.8097,   1215.58,   2075.85,    2012.6,   1752.05,   1013.15,   324.264,   87.7296,    55.312,   721.472,   1541.57,   1498.67,   1241.08,   883.941,   376.551,   80.5328,   78.6224,   937.753,   1819.27,   1770.89,   1466.78,   937.649,   368.319,   115.203,   74.7483,   1323.31,   2241.01,   2199.73,   1576.86,     960.6,   295.919,   61.8355,   44.6531,   1602.71,   3105.61,    2885.6,   2440.41,   1250.25,    217.99,   35.9796,   35.8082,   917.409,   1630.13,   1574.05,   1300.32,   775.621,   229.905,   87.9087,   61.1731,   1017.62,   2054.29,   1924.14,   1671.34,   894.343,   307.597,    65.249,   65.2397,   1076.36,   1988.91,   1928.51,   1540.47,   1025.61,    253.16,    101.94,   68.6324,   1020.91,   1662.54,    1606.1,   1358.94,   821.203,    240.64,   77.8547,   74.2165,   806.675,   1767.75,   1633.04,   1334.33,   867.445,   292.698,   100.159,   64.6759,   960.348,   1760.86,   1690.58,   1322.36,   915.965,   394.315,   84.3251,   66.2942,   821.192,   1697.41,   1642.48,   1362.01,   952.808,    235.26,   104.689,   89.9523,   965.583,   1745.67,   1691.46,      1517,   924.954,   288.599,   97.8202,   69.4546,   1131.83,   1946.87,   1849.09,   1544.91,   863.636,   245.873,   81.6388,   68.0595,      1732,   2819.93,   2787.91,   2229.25,      1221,   184.119,   54.1501,   35.7916,   983.122,   1788.29,   1692.74,   1341.35,   1094.24,   284.102,   88.4189,    70.641,   1189.88,   2023.23,   1947.28,   1518.37,   763.637,   281.862,   88.4908,   69.5875,   1104.65,   2040.83,   1979.84,   1576.86,   1056.18,   173.996,   78.8864,   47.5364,   1240.96,   2672.65,    2565.6,   1916.27,   1055.95,   280.977,   49.5784,    47.935,    1157.6,    2167.3,   2117.06,   1620.67,   945.346,   230.722,   81.0137,   49.8096,   1034.62,   1816.95,    1714.4,   1451.14,   830.466,   259.415,   91.1621,   66.6291,   911.405,   1535.94,   1444.92,    1268.3,   693.081,   259.116,   106.189,   70.4186,   1045.45,   2061.52,   1912.01,   1584.39,   1006.86,   338.271,   82.2576,    48.501,   998.527,   1871.73,   1827.62,   1435.89,   779.845,   233.475,   84.7356,   78.8066,   1144.71,   2044.51,   1947.13,   1565.79,    1044.4,   259.897,   87.2139,   74.1043,   1391.94,   2645.84,   2481.93,   1908.16,   961.155,   256.948,   67.0152,    47.474,   1257.71,   2139.94,   2057.69,   1699.98,   1249.88,   386.606,   66.0257,   55.1499,   1252.23,   2208.84,   1996.63,   1619.46,   943.214,   299.807,   59.6315,   49.0215,   1020.39,   2031.15,   1999.54,   1593.12,   1220.23,   228.873,   91.7213,   61.6847,   885.662,   1654.63,   1553.84,   1274.65,   886.925,   409.006,    109.14,   69.8205,   903.009,   1746.49,   1703.85,   1379.46,   860.735,   327.267,    99.022,   52.3285,   1200.01,   2105.01,   2008.54,   1597.31,   833.462,   297.815,   116.447,   53.4425,   1006.33,   2084.99,   1954.27,   1587.69,   847.322,   274.009,   80.7708,     64.05,   1080.25,   1769.18,   1710.54,   1341.82,   781.089,   225.456,   105.128,   71.4075,   967.275,    1806.7,   1746.05,   1444.22,   756.406,     356.3,   98.8362,   59.1692,    1355.5,   2262.31,   2193.04,   1714.01,    890.37,   294.798,    93.175,   38.8455,    1390.9,   2271.37,   2181.45,   1894.96,   949.808,   196.941,   96.3918,   57.0433,   987.629,   1861.85,   1853.83,   1440.07,    1054.9,   310.419,   81.3401,   64.8342,   1019.14,    1744.5,   1688.25,   1340.21,    909.16,   232.372,   96.8528,   59.9569,   1143.74,   1933.89,   2004.27,   1624.71,    932.12,     471.3,   69.6782,   62.6565,   882.646,   1662.29,      1674,    1348.6,   817.529,   458.173,   115.969,   64.3465,   996.049,   1909.01,   1740.53,   1426.13,   906.065,   293.959,   101.154,    57.523,   1367.66,   2287.44,    2175.5,   1855.37,   1027.03,   255.726,   63.4258,   59.0685,   1064.08,   1897.08,   1761.42,   1480.31,   947.054,   382.348,   96.9588,   66.1516,   1588.12,   2542.33,    2363.9,   1986.45,   1348.51,   235.502,   80.3051,   32.3424,   795.927,   1544.94,   1366.08,   1286.21,   789.934,   396.649,   103.212,   88.4777,   760.897,   1387.01,    1368.7,   1131.24,    704.27,   270.614,   147.192,   89.2449,   1276.97,   2119.27,    2135.3,   1732.52,   1098.27,   285.636,   82.9772,   52.1233,   1306.51,   2460.33,   2334.85,   1757.78,   1166.96,   250.692,   78.8245,   45.3502,   992.551,   1758.52,   1735.29,   1350.39,   826.967,   305.994,   113.116,   54.9015,   1133.08,   2052.02,   1899.34,   1653.95,   927.041,   228.019,   73.5304,   59.5178)
