dmp.txt <- structure(
	.Data = list(
		"coefficients" = list(
			"fixed" = c("CMultStdev" = 0.536772856710051, "tvVmax" = 11057.2583526764, "tvKm" = 2689.05023428034, "tvV" = 3.85088228546297, "tvKa" = 0.194853117607617, "K12" = 4.76778456710459, "K21" = 0.357364477824706, "CEps" = 0.412489441045928)
			, "random" = list("Subject" = matrix(
				as.numeric(c(
					 -0.11349535947992,  -0.315669534440783,  -0.393208252286902
					,  -0.276377260796644,  -0.0875939501784609,  -0.0596832030947216
					,  -0.493129294618759,  -0.252084137913519,  -0.202662010825279
					,  -0.0791086196065636,  -0.232087010818864,  -0.0374008792396153
					,  -0.378070067243989,  -0.228990747473237,  -0.86077164085309
					,  -0.234091030134405,  -0.94330810924347,  -0.163275136095995
					,  -0.710035659112575,  0.0105558505738041,  0.202725072418947
					,  -0.204970506189488,  -0.347764752524777,  -0.206505149393191
					,  0.0389416366934309,  -0.191835415220561,  -0.0589149596344495
					,  -0.690687881344729,  -0.701090500301141,  -0.137851460584987
					,  -0.658694797586863,  0.0729307466262593,  -0.8501773154662
					,  -0.408388440338958,  -0.241328966723477,  -0.125907223576675
					,  -0.0278408203437674,  -1.09412911433239,  0.0642456075116102
					,  0.316089390712132,  -0.620541366251743,  -0.758903699526309
					,  -0.60225421168552,  -0.0935430906137125,  0.301913409162093
					,  -0.410993253013399,  -0.446154694805921,  -0.105773258538791
					,  -0.0262414692228635,  -0.166898429414903,  -0.736910943712177
					,  -0.466002487792009,  -0.518462601550743,  -1.04366240741145
					,  -0.494203659472306,  -0.0558239071652638,  0.292235357724804
					,  -0.547481164326307,  -1.08750043467905,  0.108876017323727
					))
				, nrow = 60, ncol = 1
				, dimnames = list(
					as.character(c( "1", "2", "3", "4", "5", "6", "7", "8", "9", "10"
					  , "11", "12", "13", "14", "15", "16", "17", "18", "19", "20"
					  , "21", "22", "23", "24", "25", "26", "27", "28", "29", "30"
					  , "31", "32", "33", "34", "35", "36", "37", "38", "39", "40"
					  , "41", "42", "43", "44", "45", "46", "47", "48", "49", "50"
					  , "51", "52", "53", "54", "55", "56", "57", "58", "59", "60"))
					, as.character(c("nVmax"))
					)
				))
			)
		, "logLik" = c(-3200.2)
		, "nObs" = c(480)
		, "nSubj" = c(60)
		, "nParm" = c(9)
		, "returnCode" = c(3)
		, "omega" = matrix(
			as.numeric(c(0.235957879035204))
			, nrow = 1, ncol = 1
			, dimnames = list(
				as.character(c("nVmax"))
				, as.character(c("nVmax"))
				)
			)
		, "eta" = matrix(
			as.numeric(c(-0.312999453290902, 0.117587180426143, 0.342909872161977, 0.294068199099255))
			, nrow = 1, ncol = 4
			, dimnames = list(
				as.character(c("nVmax"))
				, as.character(c("mean", "var", "sd", "shrinkage"))
				)
			)
		, "eta_shrinkage" = list("Subject" = matrix(
			as.numeric(c(
				 0.0219892801732251,  0.0266756026139916,  0.0297845357336986
				,  0.0216682117390275,  0.0212238211003926,  0.0172889073865311
				,  0.0351662907410404,  0.0230172267198707,  0.0226692369186047
				,  0.0196747405518566,  0.0192420403252876,  0.0214890503394801
				,  0.0233788906210854,  0.0183946368750826,  0.0487100629270792
				,  0.0214064819847792,  0.0880889003677968,  0.0179438162319828
				,  0.0455653580253191,  0.0173171212904794,  0.0161504774583419
				,  0.0215765776392284,  0.0275732202281843,  0.0201626177285384
				,  0.016895649570971,  0.0238735067801425,  0.0181167319053664
				,  0.0446799800306363,  0.0452849566003783,  0.0198007232371008
				,  0.0393659434409103,  0.024525956726939,  0.0666522014825944
				,  0.0342222917403476,  0.0241922688744369,  0.019001663422966
				,  0.0166396607070123,  0.10444648988936,  0.0202107142738022
				,  0.0289482365325292,  0.0444969408487184,  0.0573099945690477
				,  0.0411785940514521,  0.0190825957890398,  0.0294916164481718
				,  0.0337415382244721,  0.0301076905522605,  0.0179967244965346
				,  0.0176452317922694,  0.0214971418657427,  0.0484132109086032
				,  0.0319731130701917,  0.0378788200022134,  0.0690987624964143
				,  0.0358558304601668,  0.0192652964021852,  0.0267484074725005
				,  0.0372991013458756,  0.0880646444231696,  0.0167979799805502
				))
			, nrow = 60, ncol = 1
			, dimnames = list(
				as.character(c( "1", "2", "3", "4", "5", "6", "7", "8", "9", "10"
				  , "11", "12", "13", "14", "15", "16", "17", "18", "19", "20"
				  , "21", "22", "23", "24", "25", "26", "27", "28", "29", "30"
				  , "31", "32", "33", "34", "35", "36", "37", "38", "39", "40"
				  , "41", "42", "43", "44", "45", "46", "47", "48", "49", "50"
				  , "51", "52", "53", "54", "55", "56", "57", "58", "59", "60"))
				, as.character(c("nVmax_shrinkage"))
				)
			))
		, "sigma" = matrix(
			as.numeric(c(0.170147538974382))
			, nrow = 1, ncol = 1
			, dimnames = list(
				as.character(c("CEps"))
				, as.character(c("CEps"))
				)
			)
		, "method" = "FOCE-ELS"
		, "varFix" = matrix(
			as.numeric(c(0.000679987239535884, -0.15914139270821, 0.047146158562494, -0.000396625876197834, -8.77312022522456e-005, -0.000336897576077707, 4.26070298774202e-005, -1.39510526260932e-005, -0.15914139270821, 1576.60322362859, -430.38730903836, 0.576081699176106, -0.0224482099210965, 0.746183149042967, -0.0634444334338376, 0.0452093809335355, 0.047146158562494, -430.38730903836, 126.934854042856, -0.1557380353875, 0.0129499922441962, -0.208616469568835, 0.0195309316223625, -0.0425222268570012, -0.000396625876197834, 0.576081699176106, -0.1557380353875, 0.000779235557711551, 0.000209794703792606, 0.000703005276922786, -5.53283619514097e-005, -0.000213870094616301, -8.77312022522456e-005, -0.0224482099210965, 0.0129499922441962, 0.000209794703792606, 0.00014306265951147, 0.000157678009922313, -1.36383536267525e-005, -9.10840518783747e-005, -0.000336897576077707, 0.746183149042967, -0.208616469568835, 0.000703005276922786, 0.000157678009922313, 0.000869353785767198, -6.58715626467601e-005, -0.000314931232863401, 4.26070298774202e-005, -0.0634444334338376, 0.0195309316223625, -5.53283619514097e-005, -1.36383536267525e-005, -6.58715626467601e-005, 8.36917621058461e-006, -2.74088802704285e-006, -1.39510526260932e-005, 0.0452093809335355, -0.0425222268570012, -0.000213870094616301, -9.10840518783747e-005, -0.000314931232863401, -2.74088802704285e-006, 0.0143307597132643))
			, nrow = 8, ncol = 8
			, dimnames = list(
				as.character(c("CMultStdev", "tvVmax", "tvKm", "tvV", "tvKa", "K12", "K21", "CEps"))
				, as.character(c("CMultStdev", "tvVmax", "tvKm", "tvV", "tvKa", "K12", "K21", "CEps"))
				)
			)
		, "omegaSE" = matrix(
			as.numeric(c(0.0426685464400302))
			, nrow = 1, ncol = 1, byrow = TRUE
			, dimnames = list(
				as.character(c("nVmax"))
				, as.character(c("nVmax"))
				)
			)
		, "Covariance" = matrix(
			as.numeric(c(0.00067998724, -0.15914139, 0.047146159, -0.00039662588, -8.7731202e-005, -0.00033689758, 4.260703e-005, -1.3951053e-005, 0.00034137791, -0.15914139, 1576.6032, -430.38731, 0.5760817, -0.02244821, 0.74618315, -0.063444433, 0.045209381, -0.3131313, 0.047146159, -430.38731, 126.93485, -0.15573804, 0.012949992, -0.20861647, 0.019530932, -0.042522227, 0.056761492, -0.00039662588, 0.5760817, -0.15573804, 0.00077923556, 0.0002097947, 0.00070300528, -5.5328362e-005, -0.00021387009, -0.00026817997, -8.7731202e-005, -0.02244821, 0.012949992, 0.0002097947, 0.00014306266, 0.00015767801, -1.3638354e-005, -9.1084052e-005, -5.3387461e-005, -0.00033689758, 0.74618315, -0.20861647, 0.00070300528, 0.00015767801, 0.00086935379, -6.5871563e-005, -0.00031493123, -0.00027039809, 4.260703e-005, -0.063444433, 0.019530932, -5.5328362e-005, -1.3638354e-005, -6.5871563e-005, 8.3691762e-006, -2.740888e-006, 9.4640314e-006, -1.3951053e-005, 0.045209381, -0.042522227, -0.00021387009, -9.1084052e-005, -0.00031493123, -2.740888e-006, 0.01433076, 2.1218022e-005, 0.00034137791, -0.3131313, 0.056761492, -0.00026817997, -5.3387461e-005, -0.00027039809, 9.4640314e-006, 2.1218022e-005, 0.0018206049))
			, nrow = 9, ncol = 9
			, dimnames = list(
				as.character(c("CMultStdev", "tvVmax", "tvKm", "tvV", "tvKa", "K12", "K21", "stdev0", "nVmax-nVmax"))
				, as.character(c("CMultStdev", "tvVmax", "tvKm", "tvV", "tvKa", "K12", "K21", "stdev0", "nVmax-nVmax"))
				)
			)
		, "Correlation" = matrix(
			as.numeric(c(0.026076565, -0.15369919, 0.1604743, -0.54487425, -0.2812811, -0.43817665, 0.56479328, -0.0044691197, 0.30681542, -0.15369919, 39.706463, -0.96207251, 0.51974281, -0.047266926, 0.63736169, -0.55232025, 0.0095111438, -0.1848236, 0.1604743, -0.96207251, 11.266537, -0.49518772, 0.096098347, -0.62800033, 0.5992267, -0.031527603, 0.11807434, -0.54487425, 0.51974281, -0.49518772, 0.027914791, 0.62834331, 0.85413384, -0.68512857, -0.064000162, -0.2251563, -0.2812811, -0.047266926, 0.096098347, 0.62834331, 0.01196088, 0.44710519, -0.39414629, -0.063612811, -0.10460881, -0.43817665, 0.63736169, -0.62800033, 0.85413384, 0.44710519, 0.029484806, -0.77225074, -0.089224239, -0.21493023, 0.56479328, -0.55232025, 0.5992267, -0.68512857, -0.39414629, -0.77225074, 0.0028929529, -0.0079143514, 0.076670266, -0.0044691197, 0.0095111438, -0.031527603, -0.064000162, -0.063612811, -0.089224239, -0.0079143514, 0.11971115, 0.0041539611, 0.30681542, -0.1848236, 0.11807434, -0.2251563, -0.10460881, -0.21493023, 0.076670266, 0.0041539611, 0.042668546))
			, nrow = 9, ncol = 9
			, dimnames = list(
				as.character(c("CMultStdev", "tvVmax", "tvKm", "tvV", "tvKa", "K12", "K21", "stdev0", "nVmax-nVmax"))
				, as.character(c("CMultStdev", "tvVmax", "tvKm", "tvV", "tvKa", "K12", "K21", "stdev0", "nVmax-nVmax"))
				)
			)
		, "Inverse" = matrix(
			as.numeric(c(3632.0389, -0.10623836, 4.4187289, 2946.9243, -3774.7757, -1233.2205, -25342.412, 5.8584726, -565.16441, -0.10623836, 0.010206117, 0.035366187, -0.31914017, -1.6320201, -0.83467001, -16.559924, 0.035193461, 0.53951958, 4.4187289, 0.035366187, 0.15118052, 6.0419636, -23.295723, -1.6315889, -119.25783, 0.22309281, 1.1226786, 2946.9243, -0.31914017, 6.0419636, 9552.4285, -9643.3498, -4881.6231, -22192.592, -8.035649, -281.08361, -3774.7757, -1.6320201, -23.295723, -9643.3498, 23606.785, 1672.6715, 48611.212, -16.09182, 421.07551, -1233.2205, -0.83467001, -1.6315889, -4881.6231, 1672.6715, 6941.9211, 28483.821, 91.853867,  350.4066, -25342.412, -16.559924, -119.25783, -22192.592, 48611.212, 28483.821, 552284.17, 375.46154, 5133.4323, 5.8584726, 0.035193461, 0.22309281, -8.035649, -16.09182, 91.853867, 375.46154, 72.194142, 7.1926382, -565.16441, 0.53951958, 1.1226786, -281.08361, 421.07551,  350.4066, 5133.4323, 7.1926382, 709.24949))
			, nrow = 9, ncol = 9
			, dimnames = list(
				as.character(c("CMultStdev", "tvVmax", "tvKm", "tvV", "tvKa", "K12", "K21", "stdev0", "nVmax-nVmax"))
				, as.character(c("CMultStdev", "tvVmax", "tvKm", "tvV", "tvKa", "K12", "K21", "stdev0", "nVmax-nVmax"))
				)
			)
		, "LLTable" = data.frame(
			id = as.character(c( "1", "2", "3", "4", "5", "6", "7", "8", "9", "10", "11", "12", "13", "14", "15", "16", "17", "18", "19", "20", "21", "22", "23", "24", "25", "26", "27", "28", "29", "30", "31", "32", "33", "34", "35", "36", "37", "38", "39", "40", "41", "42", "43", "44", "45", "46", "47", "48", "49", "50", "51", "52", "53", "54", "55", "56", "57", "58", "59", "60"))
			, "LL" = c(-48.910519, -52.828027, -54.089215, -50.625969, -62.711142, -50.51218, -55.021425, -51.37165, -56.092825, -48.516295, -50.504691, -49.43757, -53.949191, -50.293292, -61.283344, -50.961016, -64.537547, -48.142265, -60.073702, -47.962728, -46.870384, -50.898098, -54.462766, -50.813125, -46.684793, -55.359531, -45.934349, -57.680131, -61.94521, -52.374366, -59.229438, -46.151612, -59.057204, -54.135515, -52.088173, -49.022835, -51.344852, -64.110353, -46.166062, -44.936174, -56.534999, -66.784725, -54.980651, -50.041844, -45.153664, -54.340146, -54.708395, -48.595191, -49.313361, -49.835978, -60.321632, -54.807505, -55.498538, -61.259603, -56.760432, -51.64551, -43.166911, -56.132209, -67.699149, -45.533129)
			) # end of LLTable
		, "residuals" = data.frame(
			  ID1 = as.character(c(  "",   "",   "",   "",   "",   "",   "",   "",   "",   "",   "",   "",   "",   "",   "",   "",   "",   "",   "",   "",   "",   "",   "",   "",   "",   "",   "",   "",   "",   "",   "",   "",   "",   "",   "",   "",   "",   "",   "",   "",   "",   "",   "",   "",   "",   "",   "",   "",   "",   "",   "",   "",   "",   "",   "",   "",   "",   "",   "",   "",   "",   "",   "",   "",   "",   "",   "",   "",   "",   "",   "",   "",   "",   "",   "",   "",   "",   "",   "",   "",   "",   "",   "",   "",   "",   "",   "",   "",   "",   "",   "",   "",   "",   "",   "",   "",   "",   "",   "",   "",   "",   "",   "",   "",   "",   "",   "",   "",   "",   "",   "",   "",   "",   "",   "",   "",   "",   "",   "",   "",   "",   "",   "",   "",   "",   "",   "",   "",   "",   "",   "",   "",   "",   "",   "",   "",   "",   "",   "",   "",   "",   "",   "",   "",   "",   "",   "",   "",   "",   "",   "",   "",   "",   "",   "",   "",   "",   "",   "",   "",   "",   "",   "",   "",   "",   "",   "",   "",   "",   "",   "",   "",   "",   "",   "",   "",   "",   "",   "",   "",   "",   "",   "",   "",   "",   "",   "",   "",   "",   "",   "",   "",   "",   "",   "",   "",   "",   "",   "",   "",   "",   "",   "",   "",   "",   "",   "",   "",   "",   "",   "",   "",   "",   "",   "",   "",   "",   "",   "",   "",   "",   "",   "",   "",   "",   "",   "",   "",   "",   "",   "",   "",   "",   "",   "",   "",   "",   "",   "",   "",   "",   "",   "",   "",   "",   "",   "",   "",   "",   "",   "",   "",   "",   "",   "",   "",   "",   "",   "",   "",   "",   "",   "",   "",   "",   "",   "",   "",   "",   "",   "",   "",   "",   "",   "",   "",   "",   "",   "",   "",   "",   "",   "",   "",   "",   "",   "",   "",   "",   "",   "",   "",   "",   "",   "",   "",   "",   "",   "",   "",   "",   "",   "",   "",   "",   "",   "",   "",   "",   "",   "",   "",   "",   "",   "",   "",   "",   "",   "",   "",   "",   "",   "",   "",   "",   "",   "",   "",   "",   "",   "",   "",   "",   "",   "",   "",   "",   "",   "",   "",   "",   "",   "",   "",   "",   "",   "",   "",   "",   "",   "",   "",   "",   "",   "",   "",   "",   "",   "",   "",   "",   "",   "",   "",   "",   "",   "",   "",   "",   "",   "",   "",   "",   "",   "",   "",   "",   "",   "",   "",   "",   "",   "",   "",   "",   "",   "",   "",   "",   "",   "",   "",   "",   "",   "",   "",   "",   "",   "",   "",   "",   "",   "",   "",   "",   "",   "",   "",   "",   "",   "",   "",   "",   "",   "",   "",   "",   "",   "",   "",   "",   "",   "",   "",   "",   "",   "",   "",   "",   "",   "",   "",   "",   "",   "",   "",   "",   "",   "",   "",   "",   "",   "",   "",   "",   "",   "",   "",   "",   "",   "",   "",   "",   "",   "",   "",   "",   "",   "",   "",   "",   "",   "",   "",   "",   "",   "",   "",   "",   "",   "",   "",   "",   "",   "",   "",   "",   "",   "",   ""))
			, ID2 = as.character(c(  "",   "",   "",   "",   "",   "",   "",   "",   "",   "",   "",   "",   "",   "",   "",   "",   "",   "",   "",   "",   "",   "",   "",   "",   "",   "",   "",   "",   "",   "",   "",   "",   "",   "",   "",   "",   "",   "",   "",   "",   "",   "",   "",   "",   "",   "",   "",   "",   "",   "",   "",   "",   "",   "",   "",   "",   "",   "",   "",   "",   "",   "",   "",   "",   "",   "",   "",   "",   "",   "",   "",   "",   "",   "",   "",   "",   "",   "",   "",   "",   "",   "",   "",   "",   "",   "",   "",   "",   "",   "",   "",   "",   "",   "",   "",   "",   "",   "",   "",   "",   "",   "",   "",   "",   "",   "",   "",   "",   "",   "",   "",   "",   "",   "",   "",   "",   "",   "",   "",   "",   "",   "",   "",   "",   "",   "",   "",   "",   "",   "",   "",   "",   "",   "",   "",   "",   "",   "",   "",   "",   "",   "",   "",   "",   "",   "",   "",   "",   "",   "",   "",   "",   "",   "",   "",   "",   "",   "",   "",   "",   "",   "",   "",   "",   "",   "",   "",   "",   "",   "",   "",   "",   "",   "",   "",   "",   "",   "",   "",   "",   "",   "",   "",   "",   "",   "",   "",   "",   "",   "",   "",   "",   "",   "",   "",   "",   "",   "",   "",   "",   "",   "",   "",   "",   "",   "",   "",   "",   "",   "",   "",   "",   "",   "",   "",   "",   "",   "",   "",   "",   "",   "",   "",   "",   "",   "",   "",   "",   "",   "",   "",   "",   "",   "",   "",   "",   "",   "",   "",   "",   "",   "",   "",   "",   "",   "",   "",   "",   "",   "",   "",   "",   "",   "",   "",   "",   "",   "",   "",   "",   "",   "",   "",   "",   "",   "",   "",   "",   "",   "",   "",   "",   "",   "",   "",   "",   "",   "",   "",   "",   "",   "",   "",   "",   "",   "",   "",   "",   "",   "",   "",   "",   "",   "",   "",   "",   "",   "",   "",   "",   "",   "",   "",   "",   "",   "",   "",   "",   "",   "",   "",   "",   "",   "",   "",   "",   "",   "",   "",   "",   "",   "",   "",   "",   "",   "",   "",   "",   "",   "",   "",   "",   "",   "",   "",   "",   "",   "",   "",   "",   "",   "",   "",   "",   "",   "",   "",   "",   "",   "",   "",   "",   "",   "",   "",   "",   "",   "",   "",   "",   "",   "",   "",   "",   "",   "",   "",   "",   "",   "",   "",   "",   "",   "",   "",   "",   "",   "",   "",   "",   "",   "",   "",   "",   "",   "",   "",   "",   "",   "",   "",   "",   "",   "",   "",   "",   "",   "",   "",   "",   "",   "",   "",   "",   "",   "",   "",   "",   "",   "",   "",   "",   "",   "",   "",   "",   "",   "",   "",   "",   "",   "",   "",   "",   "",   "",   "",   "",   "",   "",   "",   "",   "",   "",   "",   "",   "",   "",   "",   "",   "",   "",   "",   "",   "",   "",   "",   "",   "",   "",   "",   "",   "",   "",   "",   "",   "",   "",   "",   "",   "",   "",   "",   "",   "",   "",   "",   "",   "",   "",   "",   "",   "",   "",   "",   "",   "",   "",   "",   ""))
			, ID3 = as.character(c(  "",   "",   "",   "",   "",   "",   "",   "",   "",   "",   "",   "",   "",   "",   "",   "",   "",   "",   "",   "",   "",   "",   "",   "",   "",   "",   "",   "",   "",   "",   "",   "",   "",   "",   "",   "",   "",   "",   "",   "",   "",   "",   "",   "",   "",   "",   "",   "",   "",   "",   "",   "",   "",   "",   "",   "",   "",   "",   "",   "",   "",   "",   "",   "",   "",   "",   "",   "",   "",   "",   "",   "",   "",   "",   "",   "",   "",   "",   "",   "",   "",   "",   "",   "",   "",   "",   "",   "",   "",   "",   "",   "",   "",   "",   "",   "",   "",   "",   "",   "",   "",   "",   "",   "",   "",   "",   "",   "",   "",   "",   "",   "",   "",   "",   "",   "",   "",   "",   "",   "",   "",   "",   "",   "",   "",   "",   "",   "",   "",   "",   "",   "",   "",   "",   "",   "",   "",   "",   "",   "",   "",   "",   "",   "",   "",   "",   "",   "",   "",   "",   "",   "",   "",   "",   "",   "",   "",   "",   "",   "",   "",   "",   "",   "",   "",   "",   "",   "",   "",   "",   "",   "",   "",   "",   "",   "",   "",   "",   "",   "",   "",   "",   "",   "",   "",   "",   "",   "",   "",   "",   "",   "",   "",   "",   "",   "",   "",   "",   "",   "",   "",   "",   "",   "",   "",   "",   "",   "",   "",   "",   "",   "",   "",   "",   "",   "",   "",   "",   "",   "",   "",   "",   "",   "",   "",   "",   "",   "",   "",   "",   "",   "",   "",   "",   "",   "",   "",   "",   "",   "",   "",   "",   "",   "",   "",   "",   "",   "",   "",   "",   "",   "",   "",   "",   "",   "",   "",   "",   "",   "",   "",   "",   "",   "",   "",   "",   "",   "",   "",   "",   "",   "",   "",   "",   "",   "",   "",   "",   "",   "",   "",   "",   "",   "",   "",   "",   "",   "",   "",   "",   "",   "",   "",   "",   "",   "",   "",   "",   "",   "",   "",   "",   "",   "",   "",   "",   "",   "",   "",   "",   "",   "",   "",   "",   "",   "",   "",   "",   "",   "",   "",   "",   "",   "",   "",   "",   "",   "",   "",   "",   "",   "",   "",   "",   "",   "",   "",   "",   "",   "",   "",   "",   "",   "",   "",   "",   "",   "",   "",   "",   "",   "",   "",   "",   "",   "",   "",   "",   "",   "",   "",   "",   "",   "",   "",   "",   "",   "",   "",   "",   "",   "",   "",   "",   "",   "",   "",   "",   "",   "",   "",   "",   "",   "",   "",   "",   "",   "",   "",   "",   "",   "",   "",   "",   "",   "",   "",   "",   "",   "",   "",   "",   "",   "",   "",   "",   "",   "",   "",   "",   "",   "",   "",   "",   "",   "",   "",   "",   "",   "",   "",   "",   "",   "",   "",   "",   "",   "",   "",   "",   "",   "",   "",   "",   "",   "",   "",   "",   "",   "",   "",   "",   "",   "",   "",   "",   "",   "",   "",   "",   "",   "",   "",   "",   "",   "",   "",   "",   "",   "",   "",   "",   "",   "",   "",   "",   "",   "",   "",   "",   "",   "",   "",   "",   "",   "",   "",   "",   "",   ""))
			, ID4 = as.character(c(  "",   "",   "",   "",   "",   "",   "",   "",   "",   "",   "",   "",   "",   "",   "",   "",   "",   "",   "",   "",   "",   "",   "",   "",   "",   "",   "",   "",   "",   "",   "",   "",   "",   "",   "",   "",   "",   "",   "",   "",   "",   "",   "",   "",   "",   "",   "",   "",   "",   "",   "",   "",   "",   "",   "",   "",   "",   "",   "",   "",   "",   "",   "",   "",   "",   "",   "",   "",   "",   "",   "",   "",   "",   "",   "",   "",   "",   "",   "",   "",   "",   "",   "",   "",   "",   "",   "",   "",   "",   "",   "",   "",   "",   "",   "",   "",   "",   "",   "",   "",   "",   "",   "",   "",   "",   "",   "",   "",   "",   "",   "",   "",   "",   "",   "",   "",   "",   "",   "",   "",   "",   "",   "",   "",   "",   "",   "",   "",   "",   "",   "",   "",   "",   "",   "",   "",   "",   "",   "",   "",   "",   "",   "",   "",   "",   "",   "",   "",   "",   "",   "",   "",   "",   "",   "",   "",   "",   "",   "",   "",   "",   "",   "",   "",   "",   "",   "",   "",   "",   "",   "",   "",   "",   "",   "",   "",   "",   "",   "",   "",   "",   "",   "",   "",   "",   "",   "",   "",   "",   "",   "",   "",   "",   "",   "",   "",   "",   "",   "",   "",   "",   "",   "",   "",   "",   "",   "",   "",   "",   "",   "",   "",   "",   "",   "",   "",   "",   "",   "",   "",   "",   "",   "",   "",   "",   "",   "",   "",   "",   "",   "",   "",   "",   "",   "",   "",   "",   "",   "",   "",   "",   "",   "",   "",   "",   "",   "",   "",   "",   "",   "",   "",   "",   "",   "",   "",   "",   "",   "",   "",   "",   "",   "",   "",   "",   "",   "",   "",   "",   "",   "",   "",   "",   "",   "",   "",   "",   "",   "",   "",   "",   "",   "",   "",   "",   "",   "",   "",   "",   "",   "",   "",   "",   "",   "",   "",   "",   "",   "",   "",   "",   "",   "",   "",   "",   "",   "",   "",   "",   "",   "",   "",   "",   "",   "",   "",   "",   "",   "",   "",   "",   "",   "",   "",   "",   "",   "",   "",   "",   "",   "",   "",   "",   "",   "",   "",   "",   "",   "",   "",   "",   "",   "",   "",   "",   "",   "",   "",   "",   "",   "",   "",   "",   "",   "",   "",   "",   "",   "",   "",   "",   "",   "",   "",   "",   "",   "",   "",   "",   "",   "",   "",   "",   "",   "",   "",   "",   "",   "",   "",   "",   "",   "",   "",   "",   "",   "",   "",   "",   "",   "",   "",   "",   "",   "",   "",   "",   "",   "",   "",   "",   "",   "",   "",   "",   "",   "",   "",   "",   "",   "",   "",   "",   "",   "",   "",   "",   "",   "",   "",   "",   "",   "",   "",   "",   "",   "",   "",   "",   "",   "",   "",   "",   "",   "",   "",   "",   "",   "",   "",   "",   "",   "",   "",   "",   "",   "",   "",   "",   "",   "",   "",   "",   "",   "",   "",   "",   "",   "",   "",   "",   "",   "",   "",   "",   "",   "",   "",   "",   "",   "",   "",   "",   "",   "",   "",   "",   "",   "",   ""))
			, ID5 = as.character(c( "1",  "1",  "1",  "1",  "1",  "1",  "1",  "1",  "2",  "2",  "2",  "2",  "2",  "2",  "2",  "2",  "3",  "3",  "3",  "3",  "3",  "3",  "3",  "3",  "4",  "4",  "4",  "4",  "4",  "4",  "4",  "4",  "5",  "5",  "5",  "5",  "5",  "5",  "5",  "5",  "6",  "6",  "6",  "6",  "6",  "6",  "6",  "6",  "7",  "7",  "7",  "7",  "7",  "7",  "7",  "7",  "8",  "8",  "8",  "8",  "8",  "8",  "8",  "8",  "9",  "9",  "9",  "9",  "9",  "9",  "9",  "9", "10", "10", "10", "10", "10", "10", "10", "10", "11", "11", "11", "11", "11", "11", "11", "11", "12", "12", "12", "12", "12", "12", "12", "12", "13", "13", "13", "13", "13", "13", "13", "13", "14", "14", "14", "14", "14", "14", "14", "14", "15", "15", "15", "15", "15", "15", "15", "15", "16", "16", "16", "16", "16", "16", "16", "16", "17", "17", "17", "17", "17", "17", "17", "17", "18", "18", "18", "18", "18", "18", "18", "18", "19", "19", "19", "19", "19", "19", "19", "19", "20", "20", "20", "20", "20", "20", "20", "20", "21", "21", "21", "21", "21", "21", "21", "21", "22", "22", "22", "22", "22", "22", "22", "22", "23", "23", "23", "23", "23", "23", "23", "23", "24", "24", "24", "24", "24", "24", "24", "24", "25", "25", "25", "25", "25", "25", "25", "25", "26", "26", "26", "26", "26", "26", "26", "26", "27", "27", "27", "27", "27", "27", "27", "27", "28", "28", "28", "28", "28", "28", "28", "28", "29", "29", "29", "29", "29", "29", "29", "29", "30", "30", "30", "30", "30", "30", "30", "30", "31", "31", "31", "31", "31", "31", "31", "31", "32", "32", "32", "32", "32", "32", "32", "32", "33", "33", "33", "33", "33", "33", "33", "33", "34", "34", "34", "34", "34", "34", "34", "34", "35", "35", "35", "35", "35", "35", "35", "35", "36", "36", "36", "36", "36", "36", "36", "36", "37", "37", "37", "37", "37", "37", "37", "37", "38", "38", "38", "38", "38", "38", "38", "38", "39", "39", "39", "39", "39", "39", "39", "39", "40", "40", "40", "40", "40", "40", "40", "40", "41", "41", "41", "41", "41", "41", "41", "41", "42", "42", "42", "42", "42", "42", "42", "42", "43", "43", "43", "43", "43", "43", "43", "43", "44", "44", "44", "44", "44", "44", "44", "44", "45", "45", "45", "45", "45", "45", "45", "45", "46", "46", "46", "46", "46", "46", "46", "46", "47", "47", "47", "47", "47", "47", "47", "47", "48", "48", "48", "48", "48", "48", "48", "48", "49", "49", "49", "49", "49", "49", "49", "49", "50", "50", "50", "50", "50", "50", "50", "50", "51", "51", "51", "51", "51", "51", "51", "51", "52", "52", "52", "52", "52", "52", "52", "52", "53", "53", "53", "53", "53", "53", "53", "53", "54", "54", "54", "54", "54", "54", "54", "54", "55", "55", "55", "55", "55", "55", "55", "55", "56", "56", "56", "56", "56", "56", "56", "56", "57", "57", "57", "57", "57", "57", "57", "57", "58", "58", "58", "58", "58", "58", "58", "58", "59", "59", "59", "59", "59", "59", "59", "59", "60", "60", "60", "60", "60", "60", "60", "60"))
			, IVAR = c(0.64, 1.99, 6.43, 12.03, 22.28, 48.91, 80.15, 138.94, 0.51, 2.49, 6.29, 11.18, 25.51, 43.72, 84.69, 123.55, 0.48, 2, 6.04, 11.31, 22.67, 47.36, 103.04, 108, 0.53, 2.07, 6.67, 11.64, 24.9, 49.3, 90.93, 135.41, 0.56, 2.15, 7.03, 12.69, 21.12, 45.33, 84.94, 114.45, 0.47, 2.01, 5.48, 12.19, 22.48, 57.28, 103.13, 131.43, 0.52, 2.37, 5.63, 11.46, 27.7, 44.98, 94.03, 115.38, 0.48, 1.94, 6.3, 11.79, 22.82, 54.9, 93.96, 117.86, 0.5, 2.15, 5.96, 11.95, 22.42, 46.47, 96.58, 113.14, 0.53, 1.72, 6.19, 10.29, 23.29, 45.53, 89.94, 119.32, 0.41, 2.25, 5.08, 11.46, 21.47, 44.53, 118.28, 120.21, 0.44, 1.7, 6.28, 11.98, 23.25, 43.74, 82.73, 107.77, 0.55, 1.88, 5.22, 14.47, 25.04, 46.87, 106.72, 131.12, 0.47, 2.49, 5.85, 10.41, 23.66, 49.01, 120.92, 121.28, 0.52, 1.98, 5.8, 11.96, 25.97, 59.07, 106.39, 135.41, 0.44, 2.21, 6.13, 10.36, 25.28, 47.24, 111.14, 111.15, 0.48, 1.82, 5.89, 12.49, 22.31, 52.16, 85.08, 108.06, 0.58, 1.81, 6.25, 11.55, 25, 56.83, 112.51, 116.09, 0.4, 2.57, 6.41, 12.67, 23.97, 50.51, 94.43, 125.16, 0.48, 1.74, 6.62, 13.97, 23.27, 42.35, 102.37, 119.46, 0.42, 2, 5.63, 11.6, 21.38, 57.48, 92.87, 102.2, 0.51, 2.05, 5.44, 8.99, 22.51, 50.82, 95.43, 118.83, 0.53, 1.78, 6.7, 11.99, 25.76, 53.23, 98.17, 109.91, 0.56, 1.64, 5.68, 11.7, 23.6, 53.16, 97.32, 124.99, 0.5, 1.95, 6.43, 13.46, 18.87, 50.83, 99.67, 115, 0.55, 1.92, 5.83, 13.07, 28.5, 49.31, 92.03, 106.55, 0.48, 1.82, 5.85, 12.48, 22.04, 62.56, 97.51, 134.36, 0.4, 2.15, 5.26, 13.16, 24.97, 46.08, 109.59, 111.87, 0.47, 1.81, 5.61, 13.19, 25.06, 53.08, 92.33, 124.6, 0.51, 1.73, 7.17, 12.16, 25.91, 52.81, 95.52, 116.39, 0.55, 1.8, 7.31, 11.55, 28.32, 55.84, 96.8, 127, 0.45, 2.07, 6.66, 12.12, 22.93, 44.95, 95.66, 133.54, 0.48, 1.98, 5.27, 12.61, 27.35, 55.75, 99.54, 104.15, 0.52, 2.09, 5.79, 12.21, 22.01, 51.37, 92.91, 102.57, 0.48, 2.29, 5.8, 12.91, 26.38, 48.02, 92.68, 113.81, 0.54, 1.8, 6.15, 11.66, 19.14, 41.69, 105.21, 117.73, 0.54, 2.42, 6.95, 12.84, 24.93, 47.08, 112.41, 127.37, 0.44, 1.97, 4.95, 11.77, 18.52, 54.74, 90.09, 114.95, 0.49, 2.13, 6.42, 12.7, 22.66, 41.88, 92.34, 123.38, 0.46, 1.99, 5.34, 11.99, 24.31, 47.3, 94.44, 143.14, 0.54, 2.24, 5.47, 12.2, 26.94, 47.73, 77.59, 124.21, 0.41, 1.84, 6.85, 12.76, 26.77, 49.49, 94.95, 109.41, 0.59, 2.01, 5.59, 13.08, 26.72, 58.02, 90.38, 115.4, 0.48, 1.93, 5.78, 11.65, 27.72, 44.77, 92.34, 128.09, 0.56, 1.85, 5.7, 12.65, 26.57, 46.81, 83.21, 142.37, 0.58, 1.86, 5.96, 10.06, 25.41, 56.4, 81.5, 111, 0.47, 1.87, 4.9, 12.62, 20.59, 47.88, 101.86, 117.65, 0.55, 1.99, 5.62, 12.8, 22.98, 57.31, 95.82, 130.68, 0.51, 1.48, 5.23, 11.5, 24.58, 37.98, 105.69, 112.96, 0.46, 1.71, 5.19, 12.07, 25.25, 38.92, 86.83, 126.6, 0.48, 2.48, 6.8, 12.74, 24.01, 49.36, 89.46, 127.78, 0.58, 2.23, 5.53, 10.21, 23.74, 50.16, 105.18, 109.89, 0.52, 2.05, 6.76, 11.97, 23.16, 42.8, 91.16, 115.73, 0.63, 2.55, 5.9, 10.81, 19.7, 50.54, 86.08, 150.8, 0.46, 2.02, 8.78, 10.74, 24.75, 42.97, 99.4, 109.97, 0.5, 1.94, 5.33, 12.01, 26.5, 56.29, 83.69, 117.04, 0.56, 1.79, 4.66, 10.93, 21.79, 48.23, 92.2, 122.81, 0.48, 2.08, 5.78, 13.52, 22.29, 49.42, 87.87, 122.52, 0.5, 1.69, 5.91, 13.5, 25.69, 48.69, 85.21, 134.88, 0.5, 1.91, 7.07, 11.11, 24.74, 54.56, 101.96, 116.37)
			, TAD = c(0.64, 1.99, 6.43, 12.03, 22.28, 48.91, 80.15, 138.94, 0.51, 2.49, 6.29, 11.18, 25.51, 43.72, 84.69, 123.55, 0.48, 2, 6.04, 11.31, 22.67, 47.36, 103.04, 108, 0.53, 2.07, 6.67, 11.64, 24.9, 49.3, 90.93, 135.41, 0.56, 2.15, 7.03, 12.69, 21.12, 45.33, 84.94, 114.45, 0.47, 2.01, 5.48, 12.19, 22.48, 57.28, 103.13, 131.43, 0.52, 2.37, 5.63, 11.46, 27.7, 44.98, 94.03, 115.38, 0.48, 1.94, 6.3, 11.79, 22.82, 54.9, 93.96, 117.86, 0.5, 2.15, 5.96, 11.95, 22.42, 46.47, 96.58, 113.14, 0.53, 1.72, 6.19, 10.29, 23.29, 45.53, 89.94, 119.32, 0.41, 2.25, 5.08, 11.46, 21.47, 44.53, 118.28, 120.21, 0.44, 1.7, 6.28, 11.98, 23.25, 43.74, 82.73, 107.77, 0.55, 1.88, 5.22, 14.47, 25.04, 46.87, 106.72, 131.12, 0.47, 2.49, 5.85, 10.41, 23.66, 49.01, 120.92, 121.28, 0.52, 1.98, 5.8, 11.96, 25.97, 59.07, 106.39, 135.41, 0.44, 2.21, 6.13, 10.36, 25.28, 47.24, 111.14, 111.15, 0.48, 1.82, 5.89, 12.49, 22.31, 52.16, 85.08, 108.06, 0.58, 1.81, 6.25, 11.55, 25, 56.83, 112.51, 116.09, 0.4, 2.57, 6.41, 12.67, 23.97, 50.51, 94.43, 125.16, 0.48, 1.74, 6.62, 13.97, 23.27, 42.35, 102.37, 119.46, 0.42, 2, 5.63, 11.6, 21.38, 57.48, 92.87, 102.2, 0.51, 2.05, 5.44, 8.99, 22.51, 50.82, 95.43, 118.83, 0.53, 1.78, 6.7, 11.99, 25.76, 53.23, 98.17, 109.91, 0.56, 1.64, 5.68, 11.7, 23.6, 53.16, 97.32, 124.99, 0.5, 1.95, 6.43, 13.46, 18.87, 50.83, 99.67, 115, 0.55, 1.92, 5.83, 13.07, 28.5, 49.31, 92.03, 106.55, 0.48, 1.82, 5.85, 12.48, 22.04, 62.56, 97.51, 134.36, 0.4, 2.15, 5.26, 13.16, 24.97, 46.08, 109.59, 111.87, 0.47, 1.81, 5.61, 13.19, 25.06, 53.08, 92.33, 124.6, 0.51, 1.73, 7.17, 12.16, 25.91, 52.81, 95.52, 116.39, 0.55, 1.8, 7.31, 11.55, 28.32, 55.84, 96.8, 127, 0.45, 2.07, 6.66, 12.12, 22.93, 44.95, 95.66, 133.54, 0.48, 1.98, 5.27, 12.61, 27.35, 55.75, 99.54, 104.15, 0.52, 2.09, 5.79, 12.21, 22.01, 51.37, 92.91, 102.57, 0.48, 2.29, 5.8, 12.91, 26.38, 48.02, 92.68, 113.81, 0.54, 1.8, 6.15, 11.66, 19.14, 41.69, 105.21, 117.73, 0.54, 2.42, 6.95, 12.84, 24.93, 47.08, 112.41, 127.37, 0.44, 1.97, 4.95, 11.77, 18.52, 54.74, 90.09, 114.95, 0.49, 2.13, 6.42, 12.7, 22.66, 41.88, 92.34, 123.38, 0.46, 1.99, 5.34, 11.99, 24.31, 47.3, 94.44, 143.14, 0.54, 2.24, 5.47, 12.2, 26.94, 47.73, 77.59, 124.21, 0.41, 1.84, 6.85, 12.76, 26.77, 49.49, 94.95, 109.41, 0.59, 2.01, 5.59, 13.08, 26.72, 58.02, 90.38, 115.4, 0.48, 1.93, 5.78, 11.65, 27.72, 44.77, 92.34, 128.09, 0.56, 1.85, 5.7, 12.65, 26.57, 46.81, 83.21, 142.37, 0.58, 1.86, 5.96, 10.06, 25.41, 56.4, 81.5, 111, 0.47, 1.87, 4.9, 12.62, 20.59, 47.88, 101.86, 117.65, 0.55, 1.99, 5.62, 12.8, 22.98, 57.31, 95.82, 130.68, 0.51, 1.48, 5.23, 11.5, 24.58, 37.98, 105.69, 112.96, 0.46, 1.71, 5.19, 12.07, 25.25, 38.92, 86.83, 126.6, 0.48, 2.48, 6.8, 12.74, 24.01, 49.36, 89.46, 127.78, 0.58, 2.23, 5.53, 10.21, 23.74, 50.16, 105.18, 109.89, 0.52, 2.05, 6.76, 11.97, 23.16, 42.8, 91.16, 115.73, 0.63, 2.55, 5.9, 10.81, 19.7, 50.54, 86.08, 150.8, 0.46, 2.02, 8.78, 10.74, 24.75, 42.97, 99.4, 109.97, 0.5, 1.94, 5.33, 12.01, 26.5, 56.29, 83.69, 117.04, 0.56, 1.79, 4.66, 10.93, 21.79, 48.23, 92.2, 122.81, 0.48, 2.08, 5.78, 13.52, 22.29, 49.42, 87.87, 122.52, 0.5, 1.69, 5.91, 13.5, 25.69, 48.69, 85.21, 134.88, 0.5, 1.91, 7.07, 11.11, 24.74, 54.56, 101.96, 116.37)
			, PRED = c(  880.551,   995.265,   1071.87,   939.818,   597.334,   131.401,   19.3423,  0.500429,   845.626,   1019.22,   1073.01,   966.768,   505.085,   179.232,   14.5981,   1.30399,   834.554,   995.796,   1074.64,   962.735,   585.604,   144.226,   4.67017,   3.43075,   852.249,   999.449,   1069.55,   952.347,   521.639,   128.352,   9.91112,  0.623377,   861.206,    1003.5,   1065.25,   918.096,   633.135,   162.849,   14.3735,   2.29697,   830.524,   996.324,   1076.21,   934.608,   591.299,    79.103,   4.64411,   0.79858,   849.008,   1013.94,   1076.08,   958.039,   449.022,   166.284,   8.17544,   2.16786,   834.554,   992.579,   1072.94,   947.559,   581.135,   91.4451,   8.21107,   1.85791,   842.096,    1003.5,   1075.04,   942.409,   593.105,   152.125,   6.97765,   2.49199,   852.249,   980.085,   1073.73,   993.311,   567.284,   160.917,   10.5394,   1.69659,   802.034,   1008.36,   1075.41,   958.039,   622.193,   170.803,   1.80999,   1.60519,   817.274,   978.892,   1073.09,   941.439,   568.454,   179.019,   16.4844,   3.48017,   858.341,   989.282,   1075.88,   857.394,   517.804,   148.524,     3.715,  0.814135,   830.524,   1019.22,    1075.5,   989.851,   556.546,   130.613,   1.53583,   1.50181,   849.008,   994.732,   1075.67,   942.086,   492.872,   70.9105,   3.79202,  0.623377,   817.274,   1006.44,   1074.12,   991.298,   511.278,   145.267,   2.82211,   2.82036,   834.554,   985.903,   1075.35,   924.739,   596.426,    107.99,   14.2492,   3.41797,   866.604,   985.332,   1073.31,   955.201,   518.897,   81.3043,   2.59159,   2.07419,    796.45,   1022.59,   1072.05,   918.762,   547.663,    119.32,   7.97481,   1.17969,   834.554,   981.267,   1070.07,   874.655,   567.869,   194.394,   4.86881,   1.68187,   807.357,   995.796,   1076.08,   953.617,   624.995,   78.1435,   8.78623,   4.92054,   845.626,   998.416,    1076.2,   1027.78,   590.397,   117.107,   7.49446,    1.7491,   852.249,   983.604,   1069.23,   941.115,   498.418,   101.208,    6.3212,   3.04649,   861.206,   975.255,   1075.99,   950.437,   558.277,   101.639,   6.66407,   1.19223,   842.096,   993.121,   1071.87,   892.123,   706.128,   117.036,   5.75854,   2.21971,   858.341,   991.489,   1075.57,   905.349,   429.848,   128.274,   9.25675,   3.75448,   834.554,   985.903,    1075.5,    925.07,   604.631,   57.2624,   6.58585,  0.665472,    796.45,    1003.5,   1075.98,   902.309,   519.719,   155.715,   3.10773,   2.69684,   830.524,   985.332,   1076.11,   901.293,   517.257,   102.133,   9.08589,   1.22152,   845.626,   980.677,   1063.33,   935.588,   494.451,   103.819,   7.45267,   2.03583,   858.341,   984.758,   1061.27,   955.201,   434.102,   86.3605,   6.88292,   1.05206,   821.895,   999.449,   1069.66,   936.892,   577.872,   166.582,   7.38813,  0.700313,   834.554,   994.732,      1076,   920.759,   457.629,   86.8351,   5.80526,   4.35874,   849.008,   1000.47,   1075.71,   933.954,   605.547,   113.278,   8.76443,   4.80865,   834.554,   1010.25,   1075.67,   910.735,   482.183,   138.624,   8.89052,   2.39027,   855.358,   984.758,   1073.99,   951.711,   697.147,   202.124,   4.08072,     1.873,   855.358,   1016.17,   1066.29,   913.083,   520.815,   146.667,   2.60776,   1.02812,   817.274,   994.197,   1074.77,     948.2,   717.849,   92.3392,   10.4417,   2.22663,   838.408,    1002.5,   1071.96,   917.762,   585.903,    199.87,   9.08024,   1.31786,   826.308,   995.265,   1076.12,   941.115,   538.039,   144.746,   7.96986,   0.38532,   855.358,   1007.89,   1076.21,   934.281,   467.881,   141.059,   22.6647,   1.25152,   802.034,   987.039,   1067.52,   915.759,   472.186,   126.891,   7.72131,   3.14271,   869.149,   996.324,   1076.14,   905.011,   473.459,   75.6093,   10.2554,   2.16516,   834.554,   992.035,   1075.74,   952.029,   448.534,   168.379,   9.08024,   0.98307,   861.206,   987.603,   1075.95,   919.428,   477.292,   149.059,   16.0011,  0.404235,   866.604,   988.165,   1075.04,   999.824,    507.77,   83.4638,   17.7902,    2.8468,   830.524,   988.725,   1074.48,   920.427,   649.928,   139.795,   5.02565,   1.88234,   858.341,   995.265,    1076.1,   914.422,   576.393,   78.9583,   7.31505,  0.836735,   845.626,   965.091,   1075.91,    956.78,   530.487,   251.223,   3.96073,   2.52005,   826.308,    979.49,    1075.8,   938.519,   512.091,   237.827,   12.7833,   1.07858,   834.554,   1018.79,   1068.11,   916.428,   546.524,   127.889,   10.8582,   1.00222,   866.604,   1007.41,   1076.19,   995.594,   554.244,   121.867,   4.08834,   3.05028,   849.008,   998.416,   1068.57,   941.762,   571.092,   189.285,   9.77059,   2.12116,   878.432,   1021.76,   1075.31,   978.041,   678.701,   119.104,   13.3922,  0.239207,   826.308,    996.85,   1032.74,   980.137,   525.773,   187.388,   5.85599,   3.03514,   842.096,   992.579,    1076.1,   940.467,   479.089,   84.0252,    15.532,   1.95515,   861.206,   984.183,   1072.65,   974.419,   612.293,   136.886,   9.15953,   1.36543,   834.554,   999.962,   1075.74,   890.077,   597.032,   127.427,   11.9844,    1.3903,   842.096,   978.292,   1075.26,   890.759,   500.278,   133.152,   14.1348,  0.644281,   842.096,   990.941,   1064.72,   968.924,   526.049,   93.3552,    4.9945,   2.03837)
