dmp.txt <- structure(
	.Data = list(
		"coefficients" = list(
			"fixed" = c("CMultStdev" = 0.537513203384197, "tvVmax" = 1847.92823932685, "tvKm" = 2995.63174939968, "tvV" = 6.09162523009767, "tvKa" = 0.577964555737308, "K12" = 3.30847891421062, "K21" = 1.48250379732233, "CEps" = 0.499969730925541)
			, "random" = list("Subject" = matrix(
				as.numeric(c(
					 0.153296213172235,  0.32949422591117,  -0.575748474415251
					,  -0.0177542869410961,  -0.612056249466291,  -0.0432811791952197
					,  0.405714888526521,  0.0931039380204592,  0.00817493326106131
					,  -0.394883108112717,  -0.130597022337543,  -0.205127304100827
					,  0.168096786647574,  -0.261976543077943,  0.046723875642386
					,  -0.281955869135493,  0.62857988362474,  0.0793860471238698
					,  -0.154021980272332,  0.498157002019278,  -0.556673954284786
					,  0.00375512495607759,  -0.0757518173532791,  0.58136775456844
					,  -0.115571399855119,  -0.722071874354012,  -0.131267628048074
					,  0.167826987073082,  0.0155354285441666,  -0.00855834013083178
					,  0.0543796343941909,  0.113714900289491,  0.727777877644949
					,  -0.440920051798249,  -0.0903256316482524,  -0.00387103520919644
					,  -0.335533270838471,  0.188887312590597,  0.307615814599666
					,  0.342553174540815,  0.528635945402081,  0.138312413925719
					,  0.37319486667483,  0.0280469093136337,  -0.14280319125517
					,  0.249058854220907,  0.265379441524912,  0.113213070243309
					,  -0.337152673182264,  0.126357778326715,  -0.247907347936028
					,  -0.136031596658361,  0.449526395124027,  0.336301535390089
					,  0.397409548530825,  -0.0235145905162772,  -0.246774913103477
					,  0.185764811886714,  -0.326578531835595,  0.0703178704922618
					))
				, nrow = 60, ncol = 1
				, dimnames = list(
					as.character(c( "1", "2", "3", "4", "5", "6", "7", "8", "9", "10"
					  , "11", "12", "13", "14", "15", "16", "17", "18", "19", "20"
					  , "21", "22", "23", "24", "25", "26", "27", "28", "29", "30"
					  , "31", "32", "33", "34", "35", "36", "37", "38", "39", "40"
					  , "41", "42", "43", "44", "45", "46", "47", "48", "49", "50"
					  , "51", "52", "53", "54", "55", "56", "57", "58", "59", "60"))
					, as.character(c("nVmax"))
					)
				))
			)
		, "logLik" = c(-3712.72)
		, "nObs" = c(420)
		, "nSubj" = c(60)
		, "nParm" = c(9)
		, "returnCode" = c(3)
		, "omega" = matrix(
			as.numeric(c(0.14326738541316))
			, nrow = 1, ncol = 1
			, dimnames = list(
				as.character(c("nVmax"))
				, as.character(c("nVmax"))
				)
			)
		, "eta" = matrix(
			as.numeric(c(0.0259491896524106, 0.0979542054647481, 0.312976365664802, 0.173128781235217))
			, nrow = 1, ncol = 4
			, dimnames = list(
				as.character(c("nVmax"))
				, as.character(c("mean", "var", "sd", "shrinkage"))
				)
			)
		, "eta_shrinkage" = list("Subject" = matrix(
			as.numeric(c(
				 0.261375465507427,  0.1425124758571,  0.686467143138024
				,  0.279309147782181,  0.579135806806114,  0.288871095637903
				,  0.0887008452056106,  0.2303838546145,  0.2579031998313
				,  0.556887054861919,  0.371286129823152,  0.434198481498676
				,  0.165415651413768,  0.466243481944559,  0.257688701278112
				,  0.420058173899684,  0.0452780987432049,  0.223019852124489
				,  0.400755221248036,  0.0852559516881381,  0.582426498531449
				,  0.335881063606811,  0.407773015407609,  0.0905693893817561
				,  0.333764971345554,  0.68233029345815,  0.356611414978403
				,  0.135192128007483,  0.268229881609955,  0.321110852857219
				,  0.331993467944929,  0.222299910016943,  0.0490880345204952
				,  0.4980704873643,  0.227320256455252,  0.251337053218773
				,  0.568445245826485,  0.150734399197524,  0.141469614852605
				,  0.130661652919135,  0.0646522427299207,  0.194696630590453
				,  0.186003918690056,  0.214308416108027,  0.42426822021536
				,  0.110930908388666,  0.205645981504954,  0.243267649495071
				,  0.503605719218886,  0.214717290176156,  0.358444508857124
				,  0.453763893726637,  0.140292301143808,  0.114642763886934
				,  0.0942736147534014,  0.301661723301605,  0.502860209939492
				,  0.158631819246773,  0.50102582835108,  0.21627649195425
				))
			, nrow = 60, ncol = 1
			, dimnames = list(
				as.character(c( "1", "2", "3", "4", "5", "6", "7", "8", "9", "10"
				  , "11", "12", "13", "14", "15", "16", "17", "18", "19", "20"
				  , "21", "22", "23", "24", "25", "26", "27", "28", "29", "30"
				  , "31", "32", "33", "34", "35", "36", "37", "38", "39", "40"
				  , "41", "42", "43", "44", "45", "46", "47", "48", "49", "50"
				  , "51", "52", "53", "54", "55", "56", "57", "58", "59", "60"))
				, as.character(c("nVmax_shrinkage"))
				)
			))
		, "sigma" = matrix(
			as.numeric(c(0.249969731841758))
			, nrow = 1, ncol = 1
			, dimnames = list(
				as.character(c("CEps"))
				, as.character(c("CEps"))
				)
			)
		, "method" = "FOCE-ELS"
		, "varFix" = matrix(
			as.numeric(c(0.000977874888770899, -0.782757944073179, -4.85635492977593, 0.0377104143576602, -0.0012005071672328, -0.0608560656826307, -0.0159752288975287, 0.0155309642919057, -0.782757944073179, 175270.357114675, 474742.331512971, -21.6704356542628, -26.1230606504959, -294.586826716537, -119.656312472901, 58.4762964716165, -4.85635492977593, 474742.331512971, 1387008.32063931, -114.17477907672, -68.7413920722434, -705.794268244526, -295.348731625827, 137.821801695616, 0.0377104143576602, -21.6704356542628, -114.17477907672, 26.9407337531062, -0.42472582782422, -37.1364566224714, -7.16879988034604, 6.55888632556405, -0.0012005071672328, -26.1230606504959, -68.7413920722434, -0.42472582782422, 0.0408197830141044, 1.07831867275984, 0.325941505030087, -0.260510298040078, -0.0608560656826307, -294.586826716537, -705.794268244526, -37.1364566224714, 1.07831867275984, 58.562579847717, 13.0780401955171, -11.4405403740637, -0.0159752288975287, -119.656312472901, -295.348731625827, -7.16879988034604, 0.325941505030087, 13.0780401955171, 3.30061429371234, -2.79355033670445, 0.0155309642919057, 58.4762964716165, 137.821801695616, 6.55888632556405, -0.260510298040078, -11.4405403740637, -2.79355033670445, 2.77596724687486))
			, nrow = 8, ncol = 8
			, dimnames = list(
				as.character(c("CMultStdev", "tvVmax", "tvKm", "tvV", "tvKa", "K12", "K21", "CEps"))
				, as.character(c("CMultStdev", "tvVmax", "tvKm", "tvV", "tvKa", "K12", "K21", "CEps"))
				)
			)
		, "omegaSE" = matrix(
			as.numeric(c(0.0493506527588214))
			, nrow = 1, ncol = 1, byrow = TRUE
			, dimnames = list(
				as.character(c("nVmax"))
				, as.character(c("nVmax"))
				)
			)
		, "Covariance" = matrix(
			as.numeric(c(0.00097787489, -0.78275794, -4.8563549, 0.037710414, -0.0012005072, -0.060856066, -0.015975229, 0.015530964, 0.00013604691, -0.78275794, 175270.36, 474742.33, -21.670436, -26.123061, -294.58683, -119.65631, 58.476296,  11.51892, -4.8563549, 474742.33, 1387008.3, -114.17478, -68.741392, -705.79427, -295.34873,  137.8218, 31.497193, 0.037710414, -21.670436, -114.17478, 26.940734, -0.42472583, -37.136457, -7.1687999, 6.5588863, 0.030418782, -0.0012005072, -26.123061, -68.741392, -0.42472583, 0.040819783, 1.0783187, 0.32594151, -0.2605103, -0.00078782617, -0.060856066, -294.58683, -705.79427, -37.136457, 1.0783187,  58.56258,  13.07804, -11.44054, -0.040744185, -0.015975229, -119.65631, -295.34873, -7.1687999, 0.32594151,  13.07804, 3.3006143, -2.7935503, -0.0069204141, 0.015530964, 58.476296,  137.8218, 6.5588863, -0.2605103, -11.44054, -2.7935503, 2.7759672, -0.00085210267, 0.00013604691,  11.51892, 31.497193, 0.030418782, -0.00078782617, -0.040744185, -0.0069204141, -0.00085210267, 0.0024354869))
			, nrow = 9, ncol = 9
			, dimnames = list(
				as.character(c("CMultStdev", "tvVmax", "tvKm", "tvV", "tvKa", "K12", "K21", "stdev0", "nVmax-nVmax"))
				, as.character(c("CMultStdev", "tvVmax", "tvKm", "tvV", "tvKa", "K12", "K21", "stdev0", "nVmax-nVmax"))
				)
			)
		, "Correlation" = matrix(
			as.numeric(c(0.031270991, -0.05979042, -0.13186491, 0.23233517, -0.19001495, -0.25430338, -0.2811953, 0.29809151, 0.08815646, -0.05979042, 418.65303, 0.96286231, -0.0099726068, -0.30884066, -0.091949418, -0.15732002, 0.083833665, 0.55752538, -0.13186491, 0.96286231, 1177.7132, -0.018677809, -0.28889727, -0.078312032, -0.13803785, 0.070237852, 0.5419253, 0.23233517, -0.0099726068, -0.018677809, 5.1904464, -0.40501268, -0.93494412, -0.76022887, 0.75843475, 0.1187529, -0.19001495, -0.30884066, -0.28889727, -0.40501268, 0.20203906, 0.69743169, 0.88798766, -0.77389561, -0.079013656, -0.25430338, -0.091949418, -0.078312032, -0.93494412, 0.69743169, 7.6526191, 0.94066542, -0.89728265, -0.10788539, -0.2811953, -0.15732002, -0.13803785, -0.76022887, 0.88798766, 0.94066542, 1.8167593, -0.92289426, -0.077186579, 0.29809151, 0.083833665, 0.070237852, 0.75843475, -0.77389561, -0.89728265, -0.92289426, 1.6661234, -0.010363152, 0.08815646, 0.55752538, 0.5419253, 0.1187529, -0.079013656, -0.10788539, -0.077186579, -0.010363152, 0.049350653))
			, nrow = 9, ncol = 9
			, dimnames = list(
				as.character(c("CMultStdev", "tvVmax", "tvKm", "tvV", "tvKa", "K12", "K21", "stdev0", "nVmax-nVmax"))
				, as.character(c("CMultStdev", "tvVmax", "tvKm", "tvV", "tvKa", "K12", "K21", "stdev0", "nVmax-nVmax"))
				)
			)
		, "Inverse" = matrix(
			as.numeric(c(5222.5656, -0.12812275, 0.0089912092, -666.48399, 828.46259, -837.91222, 1785.6821, -30.821169, -164.3263, -0.12812275, 8.7309737e-005, -2.8265992e-005, 0.008410002, 0.015149575, 0.011024906, -0.026234486, 0.00085886158, -0.030175264, 0.0089912092, -2.8265992e-005, 1.0963453e-005, 0.0041143618, -0.0041082895, 0.0051662076, -0.011317496, -0.00020587159, -0.0071206544, -666.48399, 0.008410002, 0.0041143618, 116.89382, -201.46416, 144.92765, -299.67859, 3.9602016, -6.5057547, 828.46259, 0.015149575, -0.0041082895, -201.46416, 1129.3599, -226.07706, 343.08162, -9.2287509, 6.2796793, -837.91222, 0.011024906, 0.0051662076, 144.92765, -226.07706,  180.5782, -377.35878, 5.0197594, -4.9447178, 1785.6821, -0.026234486, -0.011317496, -299.67859, 343.08162, -377.35878, 810.66491, -8.0152298, 12.319147, -30.821169, 0.00085886158, -0.00020587159, 3.9602016, -9.2287509, 5.0197594, -8.0152298, 2.9267475, 10.100802, -164.3263, -0.030175264, -0.0071206544, -6.5057547, 6.2796793, -4.9447178, 12.319147, 10.100802, 693.68454))
			, nrow = 9, ncol = 9
			, dimnames = list(
				as.character(c("CMultStdev", "tvVmax", "tvKm", "tvV", "tvKa", "K12", "K21", "stdev0", "nVmax-nVmax"))
				, as.character(c("CMultStdev", "tvVmax", "tvKm", "tvV", "tvKa", "K12", "K21", "stdev0", "nVmax-nVmax"))
				)
			)
		, "LLTable" = data.frame(
			id = as.character(c( "1", "2", "3", "4", "5", "6", "7", "8", "9", "10", "11", "12", "13", "14", "15", "16", "17", "18", "19", "20", "21", "22", "23", "24", "25", "26", "27", "28", "29", "30", "31", "32", "33", "34", "35", "36", "37", "38", "39", "40", "41", "42", "43", "44", "45", "46", "47", "48", "49", "50", "51", "52", "53", "54", "55", "56", "57", "58", "59", "60"))
			, "LL" = c(-59.594875, -62.142728, -63.614208, -64.824162, -63.34708, -60.577772, -59.236806, -61.89266, -61.160937, -64.240718, -62.063216, -62.456522, -60.156927, -62.648791, -59.396423, -61.038245, -59.807957, -60.884769, -66.287722, -58.191841, -65.730821, -60.673599, -63.248608, -58.85115, -61.690033, -65.148498, -59.943772, -60.605797, -75.633088, -63.64827, -62.063753, -60.492575, -60.273872, -62.345848, -62.673564, -59.755008, -64.383057, -59.740457, -60.370772,  -60.5505, -59.535246, -59.463405, -61.087126, -68.55319, -61.070533, -59.432754, -60.57812, -60.163332, -63.791301, -65.605451, -61.084048, -63.572503, -59.757957, -60.208828, -59.153846, -59.17059, -65.695166, -60.014909, -62.713835, -60.678586)
			) # end of LLTable
		, "residuals" = data.frame(
			  ID1 = as.character(c(  "",   "",   "",   "",   "",   "",   "",   "",   "",   "",   "",   "",   "",   "",   "",   "",   "",   "",   "",   "",   "",   "",   "",   "",   "",   "",   "",   "",   "",   "",   "",   "",   "",   "",   "",   "",   "",   "",   "",   "",   "",   "",   "",   "",   "",   "",   "",   "",   "",   "",   "",   "",   "",   "",   "",   "",   "",   "",   "",   "",   "",   "",   "",   "",   "",   "",   "",   "",   "",   "",   "",   "",   "",   "",   "",   "",   "",   "",   "",   "",   "",   "",   "",   "",   "",   "",   "",   "",   "",   "",   "",   "",   "",   "",   "",   "",   "",   "",   "",   "",   "",   "",   "",   "",   "",   "",   "",   "",   "",   "",   "",   "",   "",   "",   "",   "",   "",   "",   "",   "",   "",   "",   "",   "",   "",   "",   "",   "",   "",   "",   "",   "",   "",   "",   "",   "",   "",   "",   "",   "",   "",   "",   "",   "",   "",   "",   "",   "",   "",   "",   "",   "",   "",   "",   "",   "",   "",   "",   "",   "",   "",   "",   "",   "",   "",   "",   "",   "",   "",   "",   "",   "",   "",   "",   "",   "",   "",   "",   "",   "",   "",   "",   "",   "",   "",   "",   "",   "",   "",   "",   "",   "",   "",   "",   "",   "",   "",   "",   "",   "",   "",   "",   "",   "",   "",   "",   "",   "",   "",   "",   "",   "",   "",   "",   "",   "",   "",   "",   "",   "",   "",   "",   "",   "",   "",   "",   "",   "",   "",   "",   "",   "",   "",   "",   "",   "",   "",   "",   "",   "",   "",   "",   "",   "",   "",   "",   "",   "",   "",   "",   "",   "",   "",   "",   "",   "",   "",   "",   "",   "",   "",   "",   "",   "",   "",   "",   "",   "",   "",   "",   "",   "",   "",   "",   "",   "",   "",   "",   "",   "",   "",   "",   "",   "",   "",   "",   "",   "",   "",   "",   "",   "",   "",   "",   "",   "",   "",   "",   "",   "",   "",   "",   "",   "",   "",   "",   "",   "",   "",   "",   "",   "",   "",   "",   "",   "",   "",   "",   "",   "",   "",   "",   "",   "",   "",   "",   "",   "",   "",   "",   "",   "",   "",   "",   "",   "",   "",   "",   "",   "",   "",   "",   "",   "",   "",   "",   "",   "",   "",   "",   "",   "",   "",   "",   "",   "",   "",   "",   "",   "",   "",   "",   "",   "",   "",   "",   "",   "",   "",   "",   "",   "",   "",   "",   "",   "",   "",   "",   "",   "",   "",   "",   "",   "",   "",   "",   "",   "",   "",   "",   "",   "",   "",   "",   "",   "",   "",   "",   "",   "",   "",   "",   "",   "",   "",   "",   "",   "",   "",   "",   "",   "",   "",   "",   "",   "",   "",   "",   "",   ""))
			, ID2 = as.character(c(  "",   "",   "",   "",   "",   "",   "",   "",   "",   "",   "",   "",   "",   "",   "",   "",   "",   "",   "",   "",   "",   "",   "",   "",   "",   "",   "",   "",   "",   "",   "",   "",   "",   "",   "",   "",   "",   "",   "",   "",   "",   "",   "",   "",   "",   "",   "",   "",   "",   "",   "",   "",   "",   "",   "",   "",   "",   "",   "",   "",   "",   "",   "",   "",   "",   "",   "",   "",   "",   "",   "",   "",   "",   "",   "",   "",   "",   "",   "",   "",   "",   "",   "",   "",   "",   "",   "",   "",   "",   "",   "",   "",   "",   "",   "",   "",   "",   "",   "",   "",   "",   "",   "",   "",   "",   "",   "",   "",   "",   "",   "",   "",   "",   "",   "",   "",   "",   "",   "",   "",   "",   "",   "",   "",   "",   "",   "",   "",   "",   "",   "",   "",   "",   "",   "",   "",   "",   "",   "",   "",   "",   "",   "",   "",   "",   "",   "",   "",   "",   "",   "",   "",   "",   "",   "",   "",   "",   "",   "",   "",   "",   "",   "",   "",   "",   "",   "",   "",   "",   "",   "",   "",   "",   "",   "",   "",   "",   "",   "",   "",   "",   "",   "",   "",   "",   "",   "",   "",   "",   "",   "",   "",   "",   "",   "",   "",   "",   "",   "",   "",   "",   "",   "",   "",   "",   "",   "",   "",   "",   "",   "",   "",   "",   "",   "",   "",   "",   "",   "",   "",   "",   "",   "",   "",   "",   "",   "",   "",   "",   "",   "",   "",   "",   "",   "",   "",   "",   "",   "",   "",   "",   "",   "",   "",   "",   "",   "",   "",   "",   "",   "",   "",   "",   "",   "",   "",   "",   "",   "",   "",   "",   "",   "",   "",   "",   "",   "",   "",   "",   "",   "",   "",   "",   "",   "",   "",   "",   "",   "",   "",   "",   "",   "",   "",   "",   "",   "",   "",   "",   "",   "",   "",   "",   "",   "",   "",   "",   "",   "",   "",   "",   "",   "",   "",   "",   "",   "",   "",   "",   "",   "",   "",   "",   "",   "",   "",   "",   "",   "",   "",   "",   "",   "",   "",   "",   "",   "",   "",   "",   "",   "",   "",   "",   "",   "",   "",   "",   "",   "",   "",   "",   "",   "",   "",   "",   "",   "",   "",   "",   "",   "",   "",   "",   "",   "",   "",   "",   "",   "",   "",   "",   "",   "",   "",   "",   "",   "",   "",   "",   "",   "",   "",   "",   "",   "",   "",   "",   "",   "",   "",   "",   "",   "",   "",   "",   "",   "",   "",   "",   "",   "",   "",   "",   "",   "",   "",   "",   "",   "",   "",   "",   "",   "",   "",   "",   "",   "",   "",   "",   "",   "",   "",   "",   "",   "",   "",   "",   "",   "",   ""))
			, ID3 = as.character(c(  "",   "",   "",   "",   "",   "",   "",   "",   "",   "",   "",   "",   "",   "",   "",   "",   "",   "",   "",   "",   "",   "",   "",   "",   "",   "",   "",   "",   "",   "",   "",   "",   "",   "",   "",   "",   "",   "",   "",   "",   "",   "",   "",   "",   "",   "",   "",   "",   "",   "",   "",   "",   "",   "",   "",   "",   "",   "",   "",   "",   "",   "",   "",   "",   "",   "",   "",   "",   "",   "",   "",   "",   "",   "",   "",   "",   "",   "",   "",   "",   "",   "",   "",   "",   "",   "",   "",   "",   "",   "",   "",   "",   "",   "",   "",   "",   "",   "",   "",   "",   "",   "",   "",   "",   "",   "",   "",   "",   "",   "",   "",   "",   "",   "",   "",   "",   "",   "",   "",   "",   "",   "",   "",   "",   "",   "",   "",   "",   "",   "",   "",   "",   "",   "",   "",   "",   "",   "",   "",   "",   "",   "",   "",   "",   "",   "",   "",   "",   "",   "",   "",   "",   "",   "",   "",   "",   "",   "",   "",   "",   "",   "",   "",   "",   "",   "",   "",   "",   "",   "",   "",   "",   "",   "",   "",   "",   "",   "",   "",   "",   "",   "",   "",   "",   "",   "",   "",   "",   "",   "",   "",   "",   "",   "",   "",   "",   "",   "",   "",   "",   "",   "",   "",   "",   "",   "",   "",   "",   "",   "",   "",   "",   "",   "",   "",   "",   "",   "",   "",   "",   "",   "",   "",   "",   "",   "",   "",   "",   "",   "",   "",   "",   "",   "",   "",   "",   "",   "",   "",   "",   "",   "",   "",   "",   "",   "",   "",   "",   "",   "",   "",   "",   "",   "",   "",   "",   "",   "",   "",   "",   "",   "",   "",   "",   "",   "",   "",   "",   "",   "",   "",   "",   "",   "",   "",   "",   "",   "",   "",   "",   "",   "",   "",   "",   "",   "",   "",   "",   "",   "",   "",   "",   "",   "",   "",   "",   "",   "",   "",   "",   "",   "",   "",   "",   "",   "",   "",   "",   "",   "",   "",   "",   "",   "",   "",   "",   "",   "",   "",   "",   "",   "",   "",   "",   "",   "",   "",   "",   "",   "",   "",   "",   "",   "",   "",   "",   "",   "",   "",   "",   "",   "",   "",   "",   "",   "",   "",   "",   "",   "",   "",   "",   "",   "",   "",   "",   "",   "",   "",   "",   "",   "",   "",   "",   "",   "",   "",   "",   "",   "",   "",   "",   "",   "",   "",   "",   "",   "",   "",   "",   "",   "",   "",   "",   "",   "",   "",   "",   "",   "",   "",   "",   "",   "",   "",   "",   "",   "",   "",   "",   "",   "",   "",   "",   "",   "",   "",   "",   "",   "",   "",   "",   "",   "",   "",   "",   "",   "",   "",   ""))
			, ID4 = as.character(c(  "",   "",   "",   "",   "",   "",   "",   "",   "",   "",   "",   "",   "",   "",   "",   "",   "",   "",   "",   "",   "",   "",   "",   "",   "",   "",   "",   "",   "",   "",   "",   "",   "",   "",   "",   "",   "",   "",   "",   "",   "",   "",   "",   "",   "",   "",   "",   "",   "",   "",   "",   "",   "",   "",   "",   "",   "",   "",   "",   "",   "",   "",   "",   "",   "",   "",   "",   "",   "",   "",   "",   "",   "",   "",   "",   "",   "",   "",   "",   "",   "",   "",   "",   "",   "",   "",   "",   "",   "",   "",   "",   "",   "",   "",   "",   "",   "",   "",   "",   "",   "",   "",   "",   "",   "",   "",   "",   "",   "",   "",   "",   "",   "",   "",   "",   "",   "",   "",   "",   "",   "",   "",   "",   "",   "",   "",   "",   "",   "",   "",   "",   "",   "",   "",   "",   "",   "",   "",   "",   "",   "",   "",   "",   "",   "",   "",   "",   "",   "",   "",   "",   "",   "",   "",   "",   "",   "",   "",   "",   "",   "",   "",   "",   "",   "",   "",   "",   "",   "",   "",   "",   "",   "",   "",   "",   "",   "",   "",   "",   "",   "",   "",   "",   "",   "",   "",   "",   "",   "",   "",   "",   "",   "",   "",   "",   "",   "",   "",   "",   "",   "",   "",   "",   "",   "",   "",   "",   "",   "",   "",   "",   "",   "",   "",   "",   "",   "",   "",   "",   "",   "",   "",   "",   "",   "",   "",   "",   "",   "",   "",   "",   "",   "",   "",   "",   "",   "",   "",   "",   "",   "",   "",   "",   "",   "",   "",   "",   "",   "",   "",   "",   "",   "",   "",   "",   "",   "",   "",   "",   "",   "",   "",   "",   "",   "",   "",   "",   "",   "",   "",   "",   "",   "",   "",   "",   "",   "",   "",   "",   "",   "",   "",   "",   "",   "",   "",   "",   "",   "",   "",   "",   "",   "",   "",   "",   "",   "",   "",   "",   "",   "",   "",   "",   "",   "",   "",   "",   "",   "",   "",   "",   "",   "",   "",   "",   "",   "",   "",   "",   "",   "",   "",   "",   "",   "",   "",   "",   "",   "",   "",   "",   "",   "",   "",   "",   "",   "",   "",   "",   "",   "",   "",   "",   "",   "",   "",   "",   "",   "",   "",   "",   "",   "",   "",   "",   "",   "",   "",   "",   "",   "",   "",   "",   "",   "",   "",   "",   "",   "",   "",   "",   "",   "",   "",   "",   "",   "",   "",   "",   "",   "",   "",   "",   "",   "",   "",   "",   "",   "",   "",   "",   "",   "",   "",   "",   "",   "",   "",   "",   "",   "",   "",   "",   "",   "",   "",   "",   "",   "",   "",   "",   "",   "",   "",   "",   "",   "",   "",   "",   ""))
			, ID5 = as.character(c( "1",  "1",  "1",  "1",  "1",  "1",  "1",  "2",  "2",  "2",  "2",  "2",  "2",  "2",  "3",  "3",  "3",  "3",  "3",  "3",  "3",  "4",  "4",  "4",  "4",  "4",  "4",  "4",  "5",  "5",  "5",  "5",  "5",  "5",  "5",  "6",  "6",  "6",  "6",  "6",  "6",  "6",  "7",  "7",  "7",  "7",  "7",  "7",  "7",  "8",  "8",  "8",  "8",  "8",  "8",  "8",  "9",  "9",  "9",  "9",  "9",  "9",  "9", "10", "10", "10", "10", "10", "10", "10", "11", "11", "11", "11", "11", "11", "11", "12", "12", "12", "12", "12", "12", "12", "13", "13", "13", "13", "13", "13", "13", "14", "14", "14", "14", "14", "14", "14", "15", "15", "15", "15", "15", "15", "15", "16", "16", "16", "16", "16", "16", "16", "17", "17", "17", "17", "17", "17", "17", "18", "18", "18", "18", "18", "18", "18", "19", "19", "19", "19", "19", "19", "19", "20", "20", "20", "20", "20", "20", "20", "21", "21", "21", "21", "21", "21", "21", "22", "22", "22", "22", "22", "22", "22", "23", "23", "23", "23", "23", "23", "23", "24", "24", "24", "24", "24", "24", "24", "25", "25", "25", "25", "25", "25", "25", "26", "26", "26", "26", "26", "26", "26", "27", "27", "27", "27", "27", "27", "27", "28", "28", "28", "28", "28", "28", "28", "29", "29", "29", "29", "29", "29", "29", "30", "30", "30", "30", "30", "30", "30", "31", "31", "31", "31", "31", "31", "31", "32", "32", "32", "32", "32", "32", "32", "33", "33", "33", "33", "33", "33", "33", "34", "34", "34", "34", "34", "34", "34", "35", "35", "35", "35", "35", "35", "35", "36", "36", "36", "36", "36", "36", "36", "37", "37", "37", "37", "37", "37", "37", "38", "38", "38", "38", "38", "38", "38", "39", "39", "39", "39", "39", "39", "39", "40", "40", "40", "40", "40", "40", "40", "41", "41", "41", "41", "41", "41", "41", "42", "42", "42", "42", "42", "42", "42", "43", "43", "43", "43", "43", "43", "43", "44", "44", "44", "44", "44", "44", "44", "45", "45", "45", "45", "45", "45", "45", "46", "46", "46", "46", "46", "46", "46", "47", "47", "47", "47", "47", "47", "47", "48", "48", "48", "48", "48", "48", "48", "49", "49", "49", "49", "49", "49", "49", "50", "50", "50", "50", "50", "50", "50", "51", "51", "51", "51", "51", "51", "51", "52", "52", "52", "52", "52", "52", "52", "53", "53", "53", "53", "53", "53", "53", "54", "54", "54", "54", "54", "54", "54", "55", "55", "55", "55", "55", "55", "55", "56", "56", "56", "56", "56", "56", "56", "57", "57", "57", "57", "57", "57", "57", "58", "58", "58", "58", "58", "58", "58", "59", "59", "59", "59", "59", "59", "59", "60", "60", "60", "60", "60", "60", "60"))
			, IVAR = c(0.64, 1.99, 6.43, 12.03, 22.28, 48.91, 80.15, 0.58, 2.03, 7.46, 12.58, 22.36, 51.02, 87.44, 0.44, 2.06, 5.74, 12, 24.18, 45.25, 90.69, 0.49, 2.25, 5.15, 12.73, 24.81, 53.38, 93.12, 0.52, 2.05, 5.68, 13.54, 26.95, 51.48, 112.51, 0.53, 1.76, 5.67, 10.62, 22.89, 45.11, 96.41, 0.46, 2.03, 5.62, 14.32, 25.78, 52.57, 99.76, 0.59, 1.88, 5.73, 13.85, 22.49, 47.01, 92.3, 0.48, 1.94, 6.3, 11.79, 22.82, 54.9, 93.96, 0.49, 1.98, 6.44, 11.91, 23.91, 44.84, 92.94, 0.5, 1.89, 6.33, 10.31, 24.75, 41.16, 93.15, 0.47, 1.87, 5.97, 9.91, 27, 40.64, 91.65, 0.45, 1.86, 7.39, 12.02, 21.1, 40.74, 100.42, 0.5, 1.94, 5.47, 10.34, 21.55, 53.05, 90.22, 0.44, 2.41, 6.26, 11.72, 26.68, 52.45, 90.24, 0.62, 1.95, 5.2, 11.83, 24.5, 60.46, 97.02, 0.52, 1.98, 5.8, 11.96, 25.97, 59.07, 106.39, 0.56, 1.77, 6.62, 12.27, 20.72, 50.57, 94.49, 0.58, 1.85, 5.75, 10.94, 23.58, 49.97, 89.23, 0.54, 1.77, 5.4, 13.86, 21.68, 50.02, 92.41, 0.52, 2.37, 7.03, 11.61, 19.1, 61.62, 102.62, 0.53, 2, 6.31, 11.8, 25.03, 46.12, 83.71, 0.55, 2.33, 5.82, 10.59, 25.59, 47.79, 80.72, 0.5, 1.88, 5.8, 10.69, 28.74, 46.44, 81.76, 0.51, 2.05, 5.44, 8.99, 22.51, 50.82, 95.43, 0.5, 2.12, 5.33, 13.39, 23.99, 51.52, 106.46, 0.51, 1.83, 6.74, 9.82, 22.73, 46.79, 94.42, 0.55, 2.03, 6.25, 11.92, 23.41, 51.46, 107.66, 0.39, 2.12, 6.23, 11.5, 26.39, 46.17, 93.31, 0.54, 2.38, 6.16, 11.5, 21.31, 46.44, 87.39, 0.49, 2.08, 5.51, 15.64, 24.38, 53.74, 76.36, 0.54, 1.75, 6.58, 12.49, 23.04, 54.8, 89.5, 0.47, 1.81, 5.61, 13.19, 25.06, 53.08, 92.33, 0.52, 2.05, 5.2, 14.34, 24.32, 51.82, 105.62, 0.5, 1.94, 6.56, 10.81, 29.23, 46.19, 113.27, 0.58, 2.02, 6.35, 10.83, 24.79, 53.28, 96.96, 0.48, 1.87, 5.98, 13.35, 22.87, 47.42, 84.35, 0.53, 2.28, 6.97, 13.02, 19.91, 50.37, 100.48, 0.48, 2.03, 5.5, 12.84, 23.23, 41.03, 92.54, 0.57, 1.93, 6.46, 13.19, 24.01, 46.34, 91.05, 0.54, 1.8, 6.15, 11.66, 19.14, 41.69, 105.21, 0.49, 2.17, 7.25, 13.91, 25.68, 49.86, 94.17, 0.59, 2.12, 5.34, 11.81, 19.81, 47.07, 74.08, 0.57, 1.88, 5.75, 11.8, 25.52, 51.37, 101.61, 0.47, 1.75, 5.77, 12.34, 22.1, 47.67, 85.42, 0.5, 2.03, 5.91, 11.8, 28.63, 51.8, 107.29, 0.46, 2.03, 6.73, 11.93, 19.4, 49.68, 79.35, 0.46, 2.28, 6.38, 13.38, 24.75, 47.47, 87.52, 0.59, 2.01, 5.59, 13.08, 26.72, 58.02, 90.38, 0.48, 1.92, 5.78, 11.57, 23.3, 55.44, 89.53, 0.48, 2.13, 6.71, 11.11, 22.81, 50.58, 106.28, 0.49, 1.73, 7.12, 13.85, 22.35, 47.69, 80.51, 0.53, 2.35, 5.09, 11.1, 22.51, 44.84, 78.34, 0.53, 1.72, 5.99, 12.73, 23.53, 52.48, 95.75, 0.47, 2.13, 5.75, 14.33, 23.96, 52.27, 97.99, 0.37, 1.74, 5.75, 12.29, 18.99, 52.85, 90.37, 0.46, 1.71, 5.19, 12.07, 25.25, 38.92, 86.83, 0.53, 1.91, 7.45, 13.59, 25.47, 48.02, 98.72, 0.47, 2.13, 6.96, 13.37, 22.13, 40.83, 94.95, 0.52, 2.29, 5.26, 12.45, 24.57, 54.09, 95.73)
			, TAD = c(0.64, 1.99, 6.43, 12.03, 22.28, 48.91, 80.15, 0.58, 2.03, 7.46, 12.58, 22.36, 51.02, 87.44, 0.44, 2.06, 5.74, 12, 24.18, 45.25, 90.69, 0.49, 2.25, 5.15, 12.73, 24.81, 53.38, 93.12, 0.52, 2.05, 5.68, 13.54, 26.95, 51.48, 112.51, 0.53, 1.76, 5.67, 10.62, 22.89, 45.11, 96.41, 0.46, 2.03, 5.62, 14.32, 25.78, 52.57, 99.76, 0.59, 1.88, 5.73, 13.85, 22.49, 47.01, 92.3, 0.48, 1.94, 6.3, 11.79, 22.82, 54.9, 93.96, 0.49, 1.98, 6.44, 11.91, 23.91, 44.84, 92.94, 0.5, 1.89, 6.33, 10.31, 24.75, 41.16, 93.15, 0.47, 1.87, 5.97, 9.91, 27, 40.64, 91.65, 0.45, 1.86, 7.39, 12.02, 21.1, 40.74, 100.42, 0.5, 1.94, 5.47, 10.34, 21.55, 53.05, 90.22, 0.44, 2.41, 6.26, 11.72, 26.68, 52.45, 90.24, 0.62, 1.95, 5.2, 11.83, 24.5, 60.46, 97.02, 0.52, 1.98, 5.8, 11.96, 25.97, 59.07, 106.39, 0.56, 1.77, 6.62, 12.27, 20.72, 50.57, 94.49, 0.58, 1.85, 5.75, 10.94, 23.58, 49.97, 89.23, 0.54, 1.77, 5.4, 13.86, 21.68, 50.02, 92.41, 0.52, 2.37, 7.03, 11.61, 19.1, 61.62, 102.62, 0.53, 2, 6.31, 11.8, 25.03, 46.12, 83.71, 0.55, 2.33, 5.82, 10.59, 25.59, 47.79, 80.72, 0.5, 1.88, 5.8, 10.69, 28.74, 46.44, 81.76, 0.51, 2.05, 5.44, 8.99, 22.51, 50.82, 95.43, 0.5, 2.12, 5.33, 13.39, 23.99, 51.52, 106.46, 0.51, 1.83, 6.74, 9.82, 22.73, 46.79, 94.42, 0.55, 2.03, 6.25, 11.92, 23.41, 51.46, 107.66, 0.39, 2.12, 6.23, 11.5, 26.39, 46.17, 93.31, 0.54, 2.38, 6.16, 11.5, 21.31, 46.44, 87.39, 0.49, 2.08, 5.51, 15.64, 24.38, 53.74, 76.36, 0.54, 1.75, 6.58, 12.49, 23.04, 54.8, 89.5, 0.47, 1.81, 5.61, 13.19, 25.06, 53.08, 92.33, 0.52, 2.05, 5.2, 14.34, 24.32, 51.82, 105.62, 0.5, 1.94, 6.56, 10.81, 29.23, 46.19, 113.27, 0.58, 2.02, 6.35, 10.83, 24.79, 53.28, 96.96, 0.48, 1.87, 5.98, 13.35, 22.87, 47.42, 84.35, 0.53, 2.28, 6.97, 13.02, 19.91, 50.37, 100.48, 0.48, 2.03, 5.5, 12.84, 23.23, 41.03, 92.54, 0.57, 1.93, 6.46, 13.19, 24.01, 46.34, 91.05, 0.54, 1.8, 6.15, 11.66, 19.14, 41.69, 105.21, 0.49, 2.17, 7.25, 13.91, 25.68, 49.86, 94.17, 0.59, 2.12, 5.34, 11.81, 19.81, 47.07, 74.08, 0.57, 1.88, 5.75, 11.8, 25.52, 51.37, 101.61, 0.47, 1.75, 5.77, 12.34, 22.1, 47.67, 85.42, 0.5, 2.03, 5.91, 11.8, 28.63, 51.8, 107.29, 0.46, 2.03, 6.73, 11.93, 19.4, 49.68, 79.35, 0.46, 2.28, 6.38, 13.38, 24.75, 47.47, 87.52, 0.59, 2.01, 5.59, 13.08, 26.72, 58.02, 90.38, 0.48, 1.92, 5.78, 11.57, 23.3, 55.44, 89.53, 0.48, 2.13, 6.71, 11.11, 22.81, 50.58, 106.28, 0.49, 1.73, 7.12, 13.85, 22.35, 47.69, 80.51, 0.53, 2.35, 5.09, 11.1, 22.51, 44.84, 78.34, 0.53, 1.72, 5.99, 12.73, 23.53, 52.48, 95.75, 0.47, 2.13, 5.75, 14.33, 23.96, 52.27, 97.99, 0.37, 1.74, 5.75, 12.29, 18.99, 52.85, 90.37, 0.46, 1.71, 5.19, 12.07, 25.25, 38.92, 86.83, 0.53, 1.91, 7.45, 13.59, 25.47, 48.02, 98.72, 0.47, 2.13, 6.96, 13.37, 22.13, 40.83, 94.95, 0.52, 2.29, 5.26, 12.45, 24.57, 54.09, 95.73)
			, PRED = c(  2535.32,   3853.16,   4632.21,   4398.57,   3846.41,   2566.88,   1421.19,   2428.77,   3876.48,   4612.02,   4368.89,    3842.2,   2476.75,   1213.91,   2132.54,   3893.59,   4629.55,   4400.18,   3747.01,   2727.37,   1128.82,   2247.53,   3994.61,    4611.3,   4360.76,    3714.3,   2378.04,   1068.11,   2311.24,   3887.92,   4628.46,   4316.73,   3604.18,   2457.33,   668.366,    2331.7,   3706.85,   4628.27,   4473.16,   3814.37,   2733.61,   989.813,   2179.96,   3876.48,   4627.22,   4274.21,    3664.2,   2411.66,   914.628,   2447.23,   3785.86,   4629.38,   4299.84,   3835.37,   2649.55,   1088.32,   2225.46,   3823.15,   4632.93,   4411.45,   3818.04,   2315.65,   1047.69,   2247.53,   3847.23,   4632.13,   4405.02,   3761.06,   2745.67,   1072.52,   2269.17,   3792.17,   4632.81,   4489.07,   3717.41,   2912.78,   1067.37,   2202.94,    3779.5,   4632.33,    4509.2,   3601.62,   2936.81,   1104.54,    2156.5,    3773.1,   4614.05,   4399.11,   3908.72,   2932.18,   900.347,   2269.17,   3823.15,   4623.38,   4487.54,    3884.9,    2391.7,   1140.85,   2132.54,   4070.57,   4633.05,   4415.19,   3617.99,   2416.67,   1140.34,   2500.88,   3829.23,   4613.57,   4409.31,   3730.38,    2095.5,   975.785,   2311.24,   3847.23,   4630.48,   4402.33,   3654.42,   2149.34,   778.914,   2390.94,   3713.67,   4630.29,   4385.65,   3928.87,   2495.82,   1034.96,   2428.77,   3766.67,   4629.71,   4456.51,   3778.27,   2521.38,   1166.49,    2351.8,   3713.67,   4621.21,   4299.29,   3878.04,   2519.25,   1085.59,   2311.24,   4052.32,   4623.15,   4421.07,   4015.29,   2051.19,   853.987,    2331.7,   3859.04,   4632.89,   4410.91,   3702.91,   2688.75,   1317.11,   2371.54,   4033.58,   4630.76,   4474.71,   3673.99,   2615.44,   1404.15,   2269.17,   3785.86,   4630.48,   4469.53,   3513.23,   2674.62,   1373.44,   2290.41,   3887.92,   4622.48,   4553.04,   3834.32,   2485.22,   1012.67,   2269.17,   3926.83,   4618.78,    4324.9,   3756.89,   2455.65,   777.571,   2290.41,   3753.67,    4628.6,   4513.65,   3822.76,   2659.21,   1036.64,   2371.54,   3876.48,   4633.07,   4404.48,   3787.15,   2458.17,    754.84,   2004.46,   3926.83,    4633.1,   4426.93,   3632.85,   2686.54,   1063.47,    2351.8,   4056.92,   4633.12,   4426.93,    3897.6,   2674.62,   1215.26,   2247.53,   3904.81,   4624.51,   4202.27,   3736.61,   2363.17,      1538,    2351.8,   3699.99,   4630.78,   4373.76,   3806.51,   2319.72,   1159.46,   2202.94,   3740.51,      4627,   4335.78,   3701.36,   2390.46,   1087.58,   2311.24,   3887.92,   4613.57,   4273.12,   3739.73,   2443.04,   793.805,   2269.17,   3823.15,      4631,    4463.3,   3488.52,   2685.65,    655.58,   2428.77,   3870.71,   4632.71,   4462.25,   3715.34,   2382.17,   977.158,   2225.46,    3779.5,    4632.4,   4327.08,   3815.42,   2631.59,   1298.98,    2331.7,   4009.46,   4624.43,   4345.02,   3971.99,   2504.33,   899.057,   2225.46,   3876.48,   4624.24,    4354.8,   3796.56,   2918.78,   1082.38,   2410.01,   3817.03,   4631.97,   4335.78,   3755.85,   2679.03,   1119.67,    2351.8,   3733.86,   4633.11,    4418.4,   4013.15,    2888.4,   801.826,   2247.53,   3953.57,   4617.87,   4296.57,   3669.35,   2526.08,   1042.64,   2447.23,   3926.83,   4619.15,   4410.38,   3977.32,   2646.91,   1611.27,   2410.01,   3785.86,   4629.71,   4410.91,    3677.6,   2461.97,   875.034,   2202.94,   3699.99,   4630.03,   4381.87,   3855.89,   2620.67,   1269.06,   2269.17,   3876.48,    4631.8,   4410.91,   3518.78,   2443.88,   761.791,   2179.96,   3876.48,   4628.76,   4403.94,   3999.23,   2533.79,   1445.33,   2179.96,   4009.46,   4632.54,   4325.44,   3717.41,    2629.4,   1211.76,   2447.23,   3864.89,   4626.54,   4341.76,   3615.94,   2190.54,   1136.75,   2225.46,   3810.88,   4630.19,    4423.2,    3792.9,   2293.71,   1158.68,   2225.46,   3932.25,   4629.06,   4447.58,   3818.57,    2495.4,   781.027,   2247.53,   3686.14,    4621.1,   4299.84,   3842.73,    2619.8,   1410.41,    2331.7,   4043.01,   4608.39,   4448.11,   3834.32,   2745.67,    1476.2,    2331.7,   3679.15,   4632.47,   4360.76,   3780.88,   2415.42,   1005.16,   2202.94,   3932.25,   4629.71,   4273.67,   3758.46,   2424.19,   953.788,   1948.91,   3693.09,   4629.71,   4384.57,   4021.19,   2400.01,      1137,   2179.96,   3672.11,   4613.13,   4396.42,   3691.54,   3016.99,   1230.38,    2331.7,   3804.68,   4612.32,   4314.01,   3680.18,   2605.43,   937.485,   2202.94,   3932.25,   4624.63,   4325.99,   3854.31,   2928.02,   1024.01,   2311.24,   4014.35,   4616.09,   4375.92,   3726.75,   2348.78,   1005.63)
			, IPRED = c(  2529.21,   3835.04,   4573.58,   4290.49,   3656.87,   2233.21,   1063.16,   2415.75,   3833.07,   4452.76,   4105.45,   3401.75,   1722.66,   533.696,   2143.51,    3943.4,   4769.32,    4690.9,   4308.93,   3675.13,    2470.9,   2248.02,   3996.79,    4616.3,   4372.96,   3736.69,   2416.77,   1108.51,   2324.96,   3939.78,   4773.15,   4658.69,   4252.56,   3548.27,   2067.14,   2332.99,   3710.97,   4641.54,   4497.84,   3864.73,   2818.87,   1087.01,   2166.88,   3820.89,   4473.36,   3895.06,   3036.33,   1468.07,   247.778,   2443.91,   3775.76,   4598.57,   4226.93,   3722.27,   2453.99,   882.898,   2225.23,   3822.27,   4630.07,   4406.17,   3808.34,   2297.46,   1029.33,    2256.7,    3882.9,   4748.86,   4619.34,   4172.41,   3434.37,   2008.17,   2272.69,   3804.93,    4675.7,   4558.55,   3874.14,   3147.88,   1371.88,   2207.93,   3798.64,   4693.66,   4610.64,   3858.83,   3293.25,   1589.62,   2151.82,   3754.38,    4539.7,   4279.86,   3709.17,   2600.69,   570.855,   2275.79,   3847.82,   4693.24,   4619.11,   4147.94,   2924.71,   1764.01,   2131.35,   4064.25,   4616.53,   4384.64,   3553.65,   2314.03,   1034.12,   2509.68,   3855.67,   4684.35,   4569.24,   4045.08,   2707.66,   1636.71,   2285.24,   3752.73,   4354.76,   3848.94,   2590.92,   711.079,   58.4475,   2388.27,   3705.61,   4600.14,   4330.56,   3839.64,   2323.19,     861.9,   2433.55,   3781.24,   4675.14,   4542.37,   3953.72,   2833.74,   1531.48,   2331.81,   3651.01,   4430.91,   3827.41,    3181.4,   1367.81,   232.623,   2324.03,   4108.14,   4790.26,   4695.53,   4456.55,   3182.02,    2152.5,   2331.59,   3858.63,   4631.58,   4408.49,    3698.1,   2681.14,   1308.23,   2373.85,   4042.92,   4654.23,   4517.14,   3769.72,   2768.55,   1585.69,   2246.67,   3704.83,   4381.61,   4019.06,   2473.87,   1348.79,   275.859,    2293.6,   3900.24,   4655.31,   4607.19,   3962.78,   2724.59,   1278.59,   2283.96,   3987.09,   4771.35,   4705.73,   4415.89,   3695.63,   2439.38,   2294.01,   3766.09,   4674.49,   4580.22,   3968.94,   2916.66,   1341.08,   2365.76,   3856.11,   4570.23,   4286.38,   3569.36,   2083.05,   455.602,   2004.12,   3925.01,   4627.72,    4417.1,   3611.92,   2654.94,    1028.5,   2352.06,   4058.04,   4636.02,   4432.29,   3907.09,   2691.96,   1235.27,   2245.96,   3898.42,   4607.53,   4155.42,   3666.97,   2242.17,   1407.82,   2348.06,   3688.38,   4587.13,   4292.21,   3664.23,   2061.55,   905.199,   2174.38,   3634.78,   4301.79,   3601.25,   2458.41,   729.134,   75.6936,   2321.92,   3928.27,   4716.47,   4553.47,   4197.17,   3278.91,   1813.22,   2271.65,   3832.38,   4662.34,   4514.56,   3615.38,   2863.64,   834.966,    2428.9,   3871.14,   4634.06,   4464.55,   3720.24,   2390.64,   985.705,    2233.3,   3808.95,      4727,   4535.81,   4159.82,   3252.63,   2096.77,   2325.37,   3983.48,   4544.78,   4199.08,   3756.92,   2084.28,   534.108,   2215.59,   3836.41,   4515.58,   4106.68,   3375.94,   2284.79,   475.931,   2396.62,   3773.79,   4487.42,   4047.74,   3267.54,   1922.22,    447.18,   2330.24,   3665.18,   4399.68,   3985.28,    3338.1,   1734.66,   108.114,   2243.37,   3935.91,    4558.7,   4185.51,   3477.76,   2223.25,   748.035,   2431.88,   3874.35,   4486.86,   4123.26,   3518.66,   1812.43,   762.632,   2409.08,   3782.91,   4620.69,   4392.61,   3640.67,   2401.26,   816.279,   2206.52,   3712.86,   4672.52,   4471.75,   4010.24,   2903.03,   1609.99,   2261.08,   3844.99,      4540,   4230.49,   3125.26,   1877.49,   344.961,   2172.01,   3842.65,   4516.52,   4208.18,   3693.75,   1938.44,   841.145,   2176.82,   3994.46,   4590.41,   4238.82,   3566.91,   2389.09,    955.14,   2456.98,   3896.64,   4715.29,   4547.28,   4012.68,   2896.58,   1938.47,   2221.76,   3796.66,   4587.31,   4338.45,   3632.42,   2004.91,   877.492,   2231.49,   3958.02,   4710.75,   4581.96,   4082.05,   2987.61,   1335.51,    2251.1,    3698.3,   4671.21,   4395.72,   3991.67,    2889.4,   1736.63,   2314.46,    3970.2,   4450.49,   4109.68,   3199.01,   1747.56,   518.836,   2319.55,   3641.33,   4501.24,      4088,   3310.56,   1638.25,   382.255,   2189.88,    3875.4,   4476.17,   3903.48,    3180.1,   1501.71,   276.343,   1949.39,   3695.32,   4637.09,   4400.14,   4044.56,   2450.99,   1191.39,   2185.71,   3692.81,   4675.98,   4541.43,   3978.55,   3426.09,   1819.64,   2325.49,   3783.25,   4528.78,    4164.8,   3419.56,    2201.7,   570.081,   2210.43,   3964.97,   4732.29,   4530.25,      4181,   3473.04,   1795.67,   2309.07,   4005.19,   4594.97,   4326.66,    3635.5,   2191.33,   853.335)
