TABLE NO.     1: First Order Conditional Estimation with Interaction: Problem=1 Subproblem=0 Superproblem1=0 Iteration1=0 Superproblem2=0 Iteration2=0
 NAME         THETA1       THETA2       THETA3       THETA4       THETA5       THETA6       THETA7       THETA8       SIGMA(1,1)   SIGMA(2,1)   SIGMA(2,2)   OMEGA(1,1)
 THETA1        2.93207E+05  9.97280E-01  6.80527E-01  6.97756E-01 -6.70084E-01 -4.35759E-01 -2.84357E-01  2.62646E-01 -7.59557E-01  0.00000E+00 -7.38254E-02 -2.38429E-01
 THETA2        9.97280E-01  1.02731E+05  6.75732E-01  6.94803E-01 -6.57421E-01 -4.16419E-01 -3.05109E-01  2.19921E-01 -7.50477E-01  0.00000E+00 -5.21437E-02 -2.04268E-01
 THETA3        6.80527E-01  6.75732E-01  8.70461E+00  8.68862E-01 -7.47222E-01 -2.65291E-01 -3.72753E-01  2.20789E-01 -7.10634E-01  0.00000E+00  2.08501E-01 -3.86467E-01
 THETA4        6.97756E-01  6.94803E-01  8.68862E-01  3.98215E-01 -5.66855E-01 -1.37179E-01 -2.89101E-01  2.31298E-01 -7.85137E-01  0.00000E+00  1.49845E-01 -3.43791E-01
 THETA5       -6.70084E-01 -6.57421E-01 -7.47222E-01 -5.66855E-01  4.16354E-02  7.36296E-01  2.05271E-01 -4.03858E-01  5.33386E-01  0.00000E+00 -2.61487E-01  4.17377E-01
 THETA6       -4.35759E-01 -4.16419E-01 -2.65291E-01 -1.37179E-01  7.36296E-01  1.20546E-01  3.05222E-01 -3.85236E-01  1.00235E-01  0.00000E+00 -1.63497E-01  3.02700E-01
 THETA7       -2.84357E-01 -3.05109E-01 -3.72753E-01 -2.89101E-01  2.05271E-01  3.05222E-01  3.92717E-03  4.09379E-01 -3.54737E-02  0.00000E+00 -2.93673E-01  1.46974E-01
 THETA8        2.62646E-01  2.19921E-01  2.20789E-01  2.31298E-01 -4.03858E-01 -3.85236E-01  4.09379E-01  5.23312E-03 -4.28117E-01  0.00000E+00 -2.50753E-01 -2.55014E-01
 SIGMA(1,1)   -7.59557E-01 -7.50477E-01 -7.10634E-01 -7.85137E-01  5.33386E-01  1.00235E-01 -3.54737E-02 -4.28117E-01  5.42788E-03  0.00000E+00  3.57921E-01  1.11270E-01
 SIGMA(2,1)    0.00000E+00  0.00000E+00  0.00000E+00  0.00000E+00  0.00000E+00  0.00000E+00  0.00000E+00  0.00000E+00  0.00000E+00  0.00000E+00  0.00000E+00  0.00000E+00
 SIGMA(2,2)   -7.38254E-02 -5.21437E-02  2.08501E-01  1.49845E-01 -2.61487E-01 -1.63497E-01 -2.93673E-01 -2.50753E-01  3.57921E-01  0.00000E+00  2.11328E-02 -4.07655E-02
 OMEGA(1,1)   -2.38429E-01 -2.04268E-01 -3.86467E-01 -3.43791E-01  4.17377E-01  3.02700E-01  1.46974E-01 -2.55014E-01  1.11270E-01  0.00000E+00 -4.07655E-02  3.88303E-02
