TABLE NO.     1: First Order Conditional Estimation with Interaction: Problem=1 Subproblem=0 Superproblem1=0 Iteration1=0 Superproblem2=0 Iteration2=0
 NAME         THETA1       THETA2       THETA3       THETA4       THETA5       THETA6       THETA7       THETA8       SIGMA(1,1)   SIGMA(2,1)   SIGMA(2,2)   OMEGA(1,1)
 THETA1        1.22023E-07 -1.75138E-07 -2.65840E-03  2.04563E-01 -2.14459E+00  4.24850E-01 -3.03999E-01  2.33129E+00  2.35023E+01  0.00000E+00 -2.94755E+00  8.30175E-01
 THETA2       -1.75138E-07  2.61901E-07  3.66756E-03 -2.81207E-01  2.95084E+00 -5.84821E-01  4.36318E-01 -3.19613E+00 -3.22973E+01  0.00000E+00  4.04970E+00 -1.14264E+00
 THETA3       -2.65840E-03  3.66756E-03  6.02952E+01 -4.64041E+03  4.86274E+04 -9.62859E+03  6.79491E+03 -5.30160E+04 -5.33012E+05  0.00000E+00  6.68734E+04 -1.88041E+04
 THETA4        2.04563E-01 -2.81207E-01 -4.64041E+03  3.58181E+05 -3.75145E+06  7.42701E+05 -5.11630E+05  4.09001E+06  4.11520E+07  0.00000E+00 -5.16294E+06  1.45164E+06
 THETA5       -2.14459E+00  2.95084E+00  4.86274E+04 -3.75145E+06  3.93024E+07 -7.78157E+06  5.39624E+06 -4.28508E+07 -4.31035E+08  0.00000E+00  5.40782E+07 -1.52053E+07
 THETA6        4.24850E-01 -5.84821E-01 -9.62859E+03  7.42701E+05 -7.78157E+06  1.54089E+06 -1.07225E+06  8.48647E+06  8.53386E+07  0.00000E+00 -1.07064E+07  3.01040E+06
 THETA7       -3.03999E-01  4.36318E-01  6.79491E+03 -5.11630E+05  5.39624E+06 -1.07225E+06  1.04339E+06 -5.94562E+06 -5.87424E+07  0.00000E+00  7.37274E+06 -2.07666E+06
 THETA8        2.33129E+00 -3.19613E+00 -5.30160E+04  4.09001E+06 -4.28508E+07  8.48647E+06 -5.94562E+06  4.68307E+07  4.70000E+08  0.00000E+00 -5.89610E+07  1.65785E+07
 SIGMA(1,1)    2.35023E+01 -3.22973E+01 -5.33012E+05  4.11520E+07 -4.31035E+08  8.53386E+07 -5.87424E+07  4.70000E+08  4.72855E+09  0.00000E+00 -5.93231E+08  1.66795E+08
 SIGMA(2,1)    0.00000E+00  0.00000E+00  0.00000E+00  0.00000E+00  0.00000E+00  0.00000E+00  0.00000E+00  0.00000E+00  0.00000E+00  0.00000E+00  0.00000E+00  0.00000E+00
 SIGMA(2,2)   -2.94755E+00  4.04970E+00  6.68734E+04 -5.16294E+06  5.40782E+07 -1.07064E+07  7.37274E+06 -5.89610E+07 -5.93231E+08  0.00000E+00  7.44293E+07 -2.09257E+07
 OMEGA(1,1)    8.30175E-01 -1.14264E+00 -1.88041E+04  1.45164E+06 -1.52053E+07  3.01040E+06 -2.07666E+06  1.65785E+07  1.66795E+08  0.00000E+00 -2.09257E+07  5.88468E+06
