TABLE NO.     1: First Order Conditional Estimation with Interaction: Problem=1 Subproblem=0 Superproblem1=0 Iteration1=0 Superproblem2=0 Iteration2=0
 NAME         THETA1       THETA2       THETA3       THETA4       THETA5       THETA6       THETA7       THETA8       SIGMA(1,1)   SIGMA(2,1)   SIGMA(2,2)   OMEGA(1,1)
 THETA1        4.55018E+41 -1.15489E+93  4.53399E+55 -5.79637E+45  4.72327E+44 -1.39274E+44 -4.71459E+44 -2.38297E+46 -1.01603E+39  0.00000E+00 -8.82072E+44 -2.08919E+43
 THETA2       -1.15489E+93  2.9312E+144 -1.1507E+107  1.47118E+97 -1.19882E+96  3.53492E+95  1.19661E+96  6.04823E+97  2.57881E+90  0.00000E+00  2.23879E+96  5.30259E+94
 THETA3        4.53399E+55 -1.1507E+107  4.51785E+69 -5.77573E+59  4.70646E+58 -1.38778E+58 -4.69780E+58 -2.37448E+60 -1.01242E+53  0.00000E+00 -8.78932E+58 -2.08175E+57
 THETA4       -5.79637E+45  1.47118E+97 -5.77573E+59  7.38385E+49 -6.01686E+48  1.77417E+48  6.00579E+48  3.03560E+50  1.29430E+43  0.00000E+00  1.12365E+49  2.66136E+47
 THETA5        4.72327E+44 -1.19882E+96  4.70646E+58 -6.01686E+48  4.90294E+47 -1.44572E+47 -4.89393E+47 -2.47361E+49 -1.05468E+42  0.00000E+00 -9.15626E+47 -2.16866E+46
 THETA6       -1.39274E+44  3.53492E+95 -1.38778E+58  1.77417E+48 -1.44572E+47  4.26295E+46  1.44306E+47  7.29387E+48  3.10992E+41  0.00000E+00  2.69988E+47  6.39466E+45
 THETA7       -4.71459E+44  1.19661E+96 -4.69780E+58  6.00579E+48 -4.89393E+47  1.44306E+47  4.88493E+47  2.46906E+49  1.05274E+42  0.00000E+00  9.13942E+47  2.16467E+46
 THETA8       -2.38297E+46  6.04823E+97 -2.37448E+60  3.03560E+50 -2.47361E+49  7.29387E+48  2.46906E+49  1.24798E+51  5.32105E+43  0.00000E+00  4.61948E+49  1.09412E+48
 SIGMA(1,1)   -1.01603E+39  2.57881E+90 -1.01242E+53  1.29430E+43 -1.05468E+42  3.10992E+41  1.05274E+42  5.32105E+43  2.26875E+36  0.00000E+00  1.96962E+42  4.66505E+40
 SIGMA(2,1)    0.00000E+00  0.00000E+00  0.00000E+00  0.00000E+00  0.00000E+00  0.00000E+00  0.00000E+00  0.00000E+00  0.00000E+00  0.00000E+00  0.00000E+00  0.00000E+00
 SIGMA(2,2)   -8.82072E+44  2.23879E+96 -8.78932E+58  1.12365E+49 -9.15626E+47  2.69988E+47  9.13942E+47  4.61948E+49  1.96962E+42  0.00000E+00  1.70993E+48  4.04997E+46
 OMEGA(1,1)   -2.08919E+43  5.30259E+94 -2.08175E+57  2.66136E+47 -2.16866E+46  6.39466E+45  2.16467E+46  1.09412E+48  4.66505E+40  0.00000E+00  4.04997E+46  9.59237E+44
