dmp.txt <- structure(
	.Data = list(
		"coefficients" = list(
			"fixed" = c("GAMMA" = 1.6, "CMultStdev" = 1, "tvVmax" = 4000, "tvKm" = 4000, "tvV" = 50, "tvKa" = 1.2, "K12" = 2, "K21" = 3, "K13" = 0.1, "K31" = 0.05, "dVdWT" = 1.1, "CEps" = 0.5)
			, "random" = list("Subject" = matrix(
				as.numeric(c(
					 -1.49426349439662,  -1.40437079012342,  -2.75221410323682
					,  -2.49358360757648,  -2.20206123181896,  -2.37096988503208
					,  -2.19774224042791,  -2.09982363975658,  -1.45050513706651
					,  -3.00885481578382,  -2.67750549540954,  -2.17862392851782
					,  -1.92380823972123,  -1.62955264192672,  -2.34519409066173
					,  -2.52059349756453,  -1.37326211453287,  -3.14512367673617
					,  -2.09198843687107,  -1.58261684845586,  -1.52631426622176
					,  -2.06626318954169,  -2.20899282698475,  -3.20480203825026
					,  -1.68026124487182,  -2.20065731106463,  -1.64420590754592
					,  -3.18976224606217,  -2.39700530003036,  -2.08073137081568
					,  -2.37941350560348,  -3.02002873728419,  -1.73214309861742
					,  -1.88188458313644,  -1.12779644224665,  -2.49009768744033
					,  -2.37754598547051,  -1.7364866843835,  -1.65017758310919
					,  -1.81146783409711,  -2.58540752581968,  -1.33579903098869
					,  -1.63787762470212,  -1.42092486497387,  -2.05961415482638
					,  -2.14047683211966,  -2.02826415986083,  -2.07452931088452
					,  -1.57246423903746,  -1.53917103923288,  -2.50217141151189
					,  -2.45613891606793,  -1.25363069315706,  -0.554298407869061
					,  -1.56758136875819,  -1.34977857743426,  -2.00024280102981
					,  -2.87457121639755,  -2.50896727331072,  -2.26715065612299
					,  -7.01886533872427,  -6.87413341272403,  -7.57827419452487
					,  -8.29298697084816,  -7.52493569084291,  -7.49732387885352
					,  -7.40981184350203,  -7.41819508558817,  -6.67549684037254
					,  -8.07339475175838,  -8.13415003384608,  -7.28880457455703
					,  -6.93132219893986,  -6.48460027800959,  -8.00953713075756
					,  -7.60075390199781,  -6.26636407920912,  -8.36173413543553
					,  -7.579903886849,  -7.03271526121022,  -6.59783172192871
					,  -7.39021853240598,  -7.37013720859906,  -7.9368666669428
					,  -6.93217489731514,  -7.2147833159664,  -6.9770795307629
					,  -7.82799933463598,  -7.16957816307166,  -7.47962166939086
					,  -8.06275623287086,  -8.34463820713568,  -6.77137859293839
					,  -6.84576244376416,  -6.06676445651393,  -7.49519576686281
					,  -7.58596875664904,  -6.84404783982659,  -7.25679653920221
					,  -7.50920230096053,  -7.80363310235995,  -6.24092120775944
					,  -6.94812689737219,  -6.58834397407618,  -7.51941768315705
					,  -7.05101706921775,  -7.28310215149034,  -7.62796127417429
					,  -6.66987225421077,  -7.01569124636669,  -7.96327135973826
					,  -7.38908007525136,  -6.31246973430713,  -9.71891226963109
					,  -6.86650802575477,  -6.83449415914015,  -7.11146002534681
					,  -7.8700857188922,  -8.0536544468725,  -7.37410988517275
					))
				, nrow = 60, ncol = 2
				, dimnames = list(
					as.character(c( "1", "2", "3", "4", "5", "6", "7", "8", "9", "10"
					  , "11", "12", "13", "14", "15", "16", "17", "18", "19", "20"
					  , "21", "22", "23", "24", "25", "26", "27", "28", "29", "30"
					  , "31", "32", "33", "34", "35", "36", "37", "38", "39", "40"
					  , "41", "42", "43", "44", "45", "46", "47", "48", "49", "50"
					  , "51", "52", "53", "54", "55", "56", "57", "58", "59", "60"))
					, as.character(c("nVmax", "nV"))
					)
				))
			)
		, "logLik" = c(-11309.8)
		, "nObs" = c(480)
		, "nSubj" = c(60)
		, "nParm" = c(14)
		, "returnCode" = c(7)
		, "omega" = matrix(
			as.numeric(c(0.31, 0, 0, 0.31))
			, nrow = 2, ncol = 2
			, dimnames = list(
				as.character(c("nVmax", "nV"))
				, as.character(c("nVmax", "nV"))
				)
			)
		, "eta" = matrix(
			as.numeric(c(-2.05129593104167, -7.3329039704431, 0.307025188894733, 0.394211661973761, 0.554098537170721, 0.627862773202681, 0.00480964878858514, -0.12767483012436))
			, nrow = 2, ncol = 4
			, dimnames = list(
				as.character(c("nVmax", "nV"))
				, as.character(c("mean", "var", "sd", "shrinkage"))
				)
			)
		, "eta_shrinkage" = list("Subject" = matrix(
			as.numeric(c(
				 0.427701735027107,  0.503285363149971,  0.788886530317495
				,  0.695747788291928,  0.627762430486349,  0.776228045564325
				,  0.81221671027757,  0.746456254933921,  0.648193637784948
				,  0.72931382347356,  0.775055073335539,  0.775760729162783
				,  0.829410728590673,  0.686313149371795,  0.758781454691741
				,  0.784477311294778,  0.699755696269718,  0.774496568179483
				,  0.702381320176386,  0.557943885510429,  0.787071770189422
				,  0.793520401571488,  0.710260084841277,  0.726048768751181
				,  0.628109614640085,  0.82067974758847,  0.690356654217785
				,  0.776989327161158,  0.84773668396423,  0.581851520553448
				,  0.611040574934074,  0.683892192390316,  0.851838936652381
				,  0.808322772632352,  0.561186787722101,  0.781082991023011
				,  0.682634853081746,  0.835175193049134,  0.542790106669029
				,  0.762762242241185,  0.758417905040924,  0.736273661410279
				,  0.778652326275462,  0.692033469668872,  0.73058278423016
				,  0.797160538082687,  0.818885860910209,  0.775283389554551
				,  0.812239916942228,  0.79061982548576,  0.700680231300234
				,  0.800136904311397,  0.728381396310255,  1
				,  0.821757087909932,  0.777907690234595,  0.815505364550149
				,  0.734853555180998,  0.735744785487153,  0.671238206914318
				,  0.532442189506549,  0.516174909950879,  0.44586106658038
				,  0.484133031847879,  0.508358161122504,  0.452652953594943
				,  0.449558254509749,  0.469661493852159,  0.476394081438982
				,  0.451553275745569,  0.439881244844043,  0.465495955487553
				,  0.43756633870743,  0.474816763163715,  0.460537177345949
				,  0.450361928608322,  0.457636306318817,  0.436121357740993
				,  0.484448051021152,  0.504495401992645,  0.440960881668863
				,  0.448538287278077,  0.481261883281301,  0.444173590016631
				,  0.484339512525782,  0.449464956388511,  0.476411478956582
				,  0.433336230676004,  0.429307441858082,  0.513667961950948
				,  0.50871437892292,  0.465199466381627,  0.430920552990031
				,  0.449228635205206,  0.488584957507716,  0.451780630377405
				,  0.484523750952466,  0.439632313855396,  0.510399277085069
				,  0.465416262775212,  0.461377024083889,  0.466121669148338
				,  0.457549389567965,  0.462819758314222,  0.477926184558478
				,  0.456941311877227,  0.442166858964907,  0.461832820458776
				,  0.444469871600876,  0.457648215359934,  0.486729899523612
				,  0.443922338160333,  0.469199366350336,  1
				,  0.472183285550481,  0.448666661189185,  0.443051755508131
				,  0.459149888568517,  0.469737431623342,  0.48739903643685
				))
			, nrow = 60, ncol = 2
			, dimnames = list(
				as.character(c( "1", "2", "3", "4", "5", "6", "7", "8", "9", "10"
				  , "11", "12", "13", "14", "15", "16", "17", "18", "19", "20"
				  , "21", "22", "23", "24", "25", "26", "27", "28", "29", "30"
				  , "31", "32", "33", "34", "35", "36", "37", "38", "39", "40"
				  , "41", "42", "43", "44", "45", "46", "47", "48", "49", "50"
				  , "51", "52", "53", "54", "55", "56", "57", "58", "59", "60"))
				, as.character(c("nVmax_shrinkage", "nV_shrinkage"))
				)
			))
		, "sigma" = matrix(
			as.numeric(c(0.25))
			, nrow = 1, ncol = 1
			, dimnames = list(
				as.character(c("CEps"))
				, as.character(c("CEps"))
				)
			)
		, "method" = "FOCE-ELS"
		, "varFix" = matrix(
			as.numeric(c(0.527008764026957, -0.0295701414694249, -3913.97536518484, -4052.21596890455, -7.10538582155377, 2.04607699677224e-067, 3.90795091969972, 11.2621786624753, 0.0700831495781584, 0.000978013694519672, -0.313679401464242, 5.0023487310129, -0.0295701414694249, 0.028846627628321, 346.972201319651, 243.185528182701, 0.00969716302225909, -5.1401049855125e-069, -0.311240827959973, -0.883028455230283, -0.00581257934379093, -4.77682034746189e-005, 0.0144426246051501, 0.0457981192926672, -3913.97536518484, 346.972201319651, 336992129.592306, 102196870.638765, 1953380.58070066, -2.68079874555923e-063, -88719.8514015063, -219387.867610314, -415.06650564123, 58.8999165987998, 6239.41382619214, -50111.0030644784, -4052.21596890455, 243.185528182701, 102196870.638765, 62451044.106093, 326880.617263383, -2.22270422231768e-063, -63253.2542434666, -171182.861081268, -808.427516146335, -3.51463935078994, 2324.92668825585, -40427.7455573441, -7.10538582155377, 0.00969716302225909, 1953380.58070066, 326880.617263383, 16419.2662406621, -2.58387967536577e-066, -36.8870258034502, 100.528570511082, 6.06000627097079, 0.599831047914731, 42.6479227238817, -176.752285989966, 2.04607699677224e-067, -5.1401049855125e-069, -2.68079874555923e-063, -2.22270422231768e-063, -2.58387967536577e-066, 1.37655610199026e-133, 3.65117699851229e-066, 1.03502605304151e-065, 4.42640937485122e-068, 5.95213285739857e-070, -1.09125172920037e-067, 2.62190718324667e-066, 3.90795091969972, -0.311240827959973, -88719.8514015063, -63253.2542434666, -36.8870258034502, 3.65117699851229e-066, 152.348657895141, 429.648261712634, 1.60099144842166, 0.0139059084735115, -1.92762219073054, 27.4197374979965, 11.2621786624753, -0.883028455230283, -219387.867610314, -171182.861081268, 100.528570511082, 1.03502605304151e-065, 429.648261712634, 1216.12775260655, 4.57954616442277, 0.0461352675911116, -5.25856078714652, 78.1126150247237, 0.0700831495781584, -0.00581257934379093, -415.06650564123, -808.427516146335, 6.06000627097079, 4.42640937485122e-068, 1.60099144842166, 4.57954616442277, 0.0232901519669743, 0.000451219323587691, -0.0216239427524915, 0.469520815491844, 0.000978013694519672, -4.77682034746189e-005, 58.8999165987998, -3.51463935078994, 0.599831047914731, 5.95213285739857e-070, 0.0139059084735115, 0.0461352675911116, 0.000451219323587691, 2.77741998669917e-005, 0.0011755855545566, 0.00870425487235008, -0.313679401464242, 0.0144426246051501, 6239.41382619214, 2324.92668825585, 42.6479227238817, -1.09125172920037e-067, -1.92762219073054, -5.25856078714652, -0.0216239427524915, 0.0011755855545566, 0.31974334698166, -3.03941713226769, 5.0023487310129, 0.0457981192926672, -50111.0030644784, -40427.7455573441, -176.752285989966, 2.62190718324667e-066, 27.4197374979965, 78.1126150247237, 0.469520815491844, 0.00870425487235008, -3.03941713226769, 82.60678109027))
			, nrow = 12, ncol = 12
			, dimnames = list(
				as.character(c("GAMMA", "CMultStdev", "tvVmax", "tvKm", "tvV", "tvKa", "K12", "K21", "K13", "K31", "dVdWT", "CEps"))
				, as.character(c("GAMMA", "CMultStdev", "tvVmax", "tvKm", "tvV", "tvKa", "K12", "K21", "K13", "K31", "dVdWT", "CEps"))
				)
			)
		, "omegaSE" = matrix(
			as.numeric(c(0.220058467794784, 0, 0, 0.239739115505487))
			, nrow = 2, ncol = 2, byrow = TRUE
			, dimnames = list(
				as.character(c("nVmax", "nV"))
				, as.character(c("nVmax", "nV"))
				)
			)
		, "Covariance" = matrix(
			as.numeric(c(0.52700876, -0.029570141, -3913.9754, -4052.216, -7.1053858, 2.046077e-067, 3.9079509, 11.262179, 0.07008315, 0.00097801369, -0.3136794, 5.0023487, 0.13719615,         0, -0.12427665, -0.029570141, 0.028846628,  346.9722, 243.18553, 0.009697163, -5.140105e-069, -0.31124083, -0.88302846, -0.0058125793, -4.7768203e-005, 0.014442625, 0.045798119, -0.0057699731,         0, 0.0046639799, -3913.9754,  346.9722, 3.3699213e+008, 1.0219687e+008, 1953380.6, -2.6807987e-063, -88719.851, -219387.87, -415.06651, 58.899917, 6239.4138, -50111.003, -504.13025,         0, 2498.3008, -4052.216, 243.18553, 1.0219687e+008,  62451044, 326880.62, -2.2227042e-063, -63253.254, -171182.86, -808.42752, -3.5146394, 2324.9267, -40427.746, -870.59503,         0, 832.14048, -7.1053858, 0.009697163, 1953380.6, 326880.62, 16419.266, -2.5838797e-066, -36.887026, 100.52857, 6.0600063, 0.59983105, 42.647923, -176.75229, -4.3463496,         0, 18.844155, 2.046077e-067, -5.140105e-069, -2.6807987e-063, -2.2227042e-063, -2.5838797e-066, 1.3765561e-133, 3.651177e-066, 1.0350261e-065, 4.4264094e-068, 5.9521329e-070, -1.0912517e-067, 2.6219072e-066, 4.2323474e-068,         0, -3.9868542e-068, 3.9079509, -0.31124083, -88719.851, -63253.254, -36.887026, 3.651177e-066, 152.34866, 429.64826, 1.6009914, 0.013905908, -1.9276222, 27.419737, 0.50137779,         0, -0.63131447, 11.262179, -0.88302846, -219387.87, -171182.86, 100.52857, 1.0350261e-065, 429.64826, 1216.1278, 4.5795462, 0.046135268, -5.2585608, 78.112615, 1.4877236,         0, -1.7149945, 0.07008315, -0.0058125793, -415.06651, -808.42752, 6.0600063, 4.4264094e-068, 1.6009914, 4.5795462, 0.023290152, 0.00045121932, -0.021623943, 0.46952082, 0.012273223,         0, -0.0060781709, 0.00097801369, -4.7768203e-005, 58.899917, -3.5146394, 0.59983105, 5.9521329e-070, 0.013905908, 0.046135268, 0.00045121932, 2.77742e-005, 0.0011755856, 0.0087042549, 0.00016095478,         0, 0.00057222806, -0.3136794, 0.014442625, 6239.4138, 2324.9267, 42.647923, -1.0912517e-067, -1.9276222, -5.2585608, -0.021623943, 0.0011755856, 0.31974335, -3.0394171, -0.087569023,         0, 0.13445664, 5.0023487, 0.045798119, -50111.003, -40427.746, -176.75229, 2.6219072e-066, 27.419737, 78.112615, 0.46952082, 0.0087042549, -3.0394171, 82.606781, 1.2660605,         0, -1.1847128, 0.13719615, -0.0057699731, -504.13025, -870.59503, -4.3463496, 4.2323474e-068, 0.50137779, 1.4877236, 0.012273223, 0.00016095478, -0.087569023, 1.2660605, 0.048425729,         0, -0.036391437,         0,         0,         0,         0,         0,         0,         0,         0,         0,         0,         0,         0,         0,         0,         0, -0.12427665, 0.0046639799, 2498.3008, 832.14048, 18.844155, -3.9868542e-068, -0.63131447, -1.7149945, -0.0060781709, 0.00057222806, 0.13445664, -1.1847128, -0.036391437,         0, 0.057474844))
			, nrow = 15, ncol = 15
			, dimnames = list(
				as.character(c("GAMMA", "CMultStdev", "tvVmax", "tvKm", "tvV", "tvKa", "K12", "K21", "K13", "K31", "dVdWT", "stdev0", "nVmax-nVmax", "nV-nVmax", "nV-nV"))
				, as.character(c("GAMMA", "CMultStdev", "tvVmax", "tvKm", "tvV", "tvKa", "K12", "K21", "K13", "K31", "dVdWT", "stdev0", "nVmax-nVmax", "nV-nVmax", "nV-nV"))
				)
			)
		, "Correlation" = matrix(
			as.numeric(c(0.72595369, -0.23982638, -0.29369685, -0.70634002, -0.076383908, 0.75965447, 0.43613492, 0.44486055, 0.63258448, 0.25563201, -0.76414596, 0.75815359, 0.85880568,         0, -0.71407153, -0.23982638, 0.16984295, 0.11128517, 0.18118421, 0.00044557447, -0.081569445, -0.14846693, -0.14908624, -0.22425142, -0.053366732, 0.15038269, 0.029668273, -0.15437899,         0, 0.11454345, -0.29369685, 0.11128517, 18357.345, 0.70446248, 0.83042442, -0.39360207, -0.39155395, -0.34269923, -0.14815682, 0.60881315, 0.60108121, -0.30034152, -0.12479431,         0,   0.56767, -0.70634002, 0.18118421, 0.70446248, 7902.5973, 0.32280663, -0.7580797, -0.6484757, -0.62115621, -0.67032447, -0.084389835, 0.52028182, -0.56286186, -0.50062006,         0, 0.43922585, -0.076383908, 0.00044557447, 0.83042442, 0.32280663, 128.13768, -0.054349863, -0.023322626, 0.022496918, 0.30989177, 0.88824197, 0.58859999, -0.15176804, -0.15413799,         0, 0.61342418, 0.75965447, -0.081569445, -0.39360207, -0.7580797, -0.054349863, 3.7101969e-067, 0.79729054, 0.79995347, 0.78175102, 0.30440717, -0.52014835, 0.77752168, 0.51837765,         0, -0.44822337, 0.43613492, -0.14846693, -0.39155395, -0.6484757, -0.023322626, 0.79729054,  12.34296, 0.99816915, 0.84993074, 0.21377616, -0.27618612, 0.24441965, 0.18458979,         0, -0.21334749, 0.44486055, -0.14908624, -0.34269923, -0.62115621, 0.022496918, 0.79995347, 0.99816915, 34.873023, 0.86049169, 0.25102829, -0.26667146, 0.24644711, 0.19386284,         0, -0.20513238, 0.63258448, -0.22425142, -0.14815682, -0.67032447, 0.30989177, 0.78175102, 0.84993074, 0.86049169, 0.15261111, 0.56102311, -0.2505809, 0.33850169, 0.36545539,         0, -0.16612992, 0.25563201, -0.053366732, 0.60881315, -0.084389835, 0.88824197, 0.30440717, 0.21377616, 0.25102829, 0.56102311, 0.0052701233, 0.39448701, 0.1817201, 0.13878579,         0, 0.45290746, -0.76414596, 0.15038269, 0.60108121, 0.52028182, 0.58859999, -0.52014835, -0.27618612, -0.26667146, -0.2505809, 0.39448701, 0.56545853, -0.59140052, -0.70373907,         0, 0.99184224, 0.75815359, 0.029668273, -0.30034152, -0.56286186, -0.15176804, 0.77752168, 0.24441965, 0.24644711, 0.33850169, 0.1817201, -0.59140052, 9.0888273, 0.63300702,         0, -0.54370878, 0.85880568, -0.15437899, -0.12479431, -0.50062006, -0.15413799, 0.51837765, 0.18458979, 0.19386284, 0.36545539, 0.13878579, -0.70373907, 0.63300702, 0.22005847,         0, -0.68979846,         0,         0,         0,         0,         0,         0,         0,         0,         0,         0,         0,         0,         0,         0,         0, -0.71407153, 0.11454345,   0.56767, 0.43922585, 0.61342418, -0.44822337, -0.21334749, -0.20513238, -0.16612992, 0.45290746, 0.99184224, -0.54370878, -0.68979846,         0, 0.23973912))
			, nrow = 15, ncol = 15
			, dimnames = list(
				as.character(c("GAMMA", "CMultStdev", "tvVmax", "tvKm", "tvV", "tvKa", "K12", "K21", "K13", "K31", "dVdWT", "stdev0", "nVmax-nVmax", "nV-nVmax", "nV-nV"))
				, as.character(c("GAMMA", "CMultStdev", "tvVmax", "tvKm", "tvV", "tvKa", "K12", "K21", "K13", "K31", "dVdWT", "stdev0", "nVmax-nVmax", "nV-nVmax", "nV-nV"))
				)
			)
		, "Inverse" = matrix(
			as.numeric(c(674896.78, 227913.51, -33.513691, 47.470745, -1081.4009, -6.5862512e+075,  41488087,  27835663, 8.344398e+008, 1.6566918e+009,  75758285, 1.6665967e+008, 1.3448178e+008,         0, 1.351672e+008, 227912.72, 108555.87, -11.728868, 16.810437, -965.91662, -1.8247726e+075,  11400273, 7743600.6, 2.3179395e+008, 4.5436682e+008,  20988524,  46174414,  37294646,         0,  37845468, -33.513681, -11.728904, 0.0016713776, -0.002370153, 0.061326817, 3.2193471e+071, -2026.7187, -1361.0066, -40795.009, -80921.379, -3703.0522, -8146.2932, -6573.9641,         0, -6612.0294, 47.470726, 16.810486, -0.0023701527, 0.0033638371, -0.090399822, -4.5326914e+071, 2852.9423, 1916.4292, 57441.258, 113903.39, 5213.7296, 11469.603, 9256.1209,         0, 9311.9822, -1081.3859, -965.91279, 0.061326084, -0.090398792, 13.238153, 2.9816512e+072, -16981.235, -13202.991, -389325.54, -661760.8, -34277.741, -75449.132, -61538.469,         0, -68737.445, -6.5862612e+075, -1.8247837e+075, 3.2193531e+071, -4.5327003e+071, 2.9818147e+072, 6.9385957e+145, -4.3826826e+077, -2.9284949e+077, -8.7831337e+078, -1.751228e+079, -7.9812075e+077, -1.755754e+078, -1.416305e+078,         0, -1.4189538e+078,  41488153,  11400344, -2026.7226, 2852.9481, -16982.269, -4.3826828e+077, 2.7685321e+009, 1.8496621e+009, 5.5475954e+010, 1.1062713e+011, 5.0412389e+009, 1.1090015e+010, 8.9458278e+009,         0, 8.9615567e+009,  27835705, 7743647.2, -1361.0091, 1916.4329, -13203.681, -2.9284948e+077, 1.8496619e+009, 1.2360261e+009, 3.7070544e+010, 7.3907813e+010, 3.3685374e+009, 7.4103129e+009, 5.977671e+009,         0, 5.9891851e+009, 8.3444105e+008, 2.3179535e+008, -40795.084,  57441.37, -389346.23, -8.7831335e+078, 5.5475951e+010, 3.7070544e+010, 1.1118127e+012, 2.2166872e+012, 1.0102909e+011, 2.222499e+011, 1.7928179e+011,         0, 1.7962352e+011, 1.6566944e+009, 4.5436965e+008, -80921.534, 113903.62, -661802.12, -1.7512282e+079, 1.1062713e+011, 7.3907819e+010, 2.2166874e+012, 4.4205537e+012, 2.0143736e+011, 4.4313372e+011, 3.574556e+011,         0, 3.5807479e+011,  75758400,  20988652, -3703.059, 5213.7399, -34279.622, -7.9812075e+077, 5.0412387e+009, 3.3685375e+009, 1.0102909e+011, 2.0143735e+011, 9.1804859e+009, 2.0195782e+010, 1.6291227e+010,         0, 1.6321683e+010, 1.6665992e+008,  46174695, -8146.3083, 11469.626, -75453.27, -1.755754e+078, 1.1090014e+010, 7.4103131e+009, 2.222499e+011, 4.431337e+011, 2.0195782e+010, 4.4427896e+010, 3.583842e+010,         0, 3.5905446e+010, 1.3448198e+008,  37294872, -6573.9762,  9256.139, -61541.807, -1.416305e+078, 8.9458273e+009, 5.9776711e+009, 1.792818e+011, 3.5745557e+011, 1.6291227e+010, 3.583842e+010, 2.8909634e+010,         0, 2.8964071e+010,         0,         0,         0,         0,         0,         0,         0,         0,         0,         0,         0,         0,         0,         0,         0, 1.351674e+008,  37845693, -6612.0411, 9311.9998, -68740.785, -1.4189537e+078, 8.9615556e+009, 5.9891849e+009, 1.7962351e+011, 3.5807475e+011, 1.6321682e+010, 3.5905444e+010, 2.8964069e+010,         0, 2.9022447e+010))
			, nrow = 15, ncol = 15
			, dimnames = list(
				as.character(c("GAMMA", "CMultStdev", "tvVmax", "tvKm", "tvV", "tvKa", "K12", "K21", "K13", "K31", "dVdWT", "stdev0", "nVmax-nVmax", "nV-nVmax", "nV-nV"))
				, as.character(c("GAMMA", "CMultStdev", "tvVmax", "tvKm", "tvV", "tvKa", "K12", "K21", "K13", "K31", "dVdWT", "stdev0", "nVmax-nVmax", "nV-nVmax", "nV-nV"))
				)
			)
		, "LLTable" = data.frame(
			id = as.character(c( "1", "2", "3", "4", "5", "6", "7", "8", "9", "10", "11", "12", "13", "14", "15", "16", "17", "18", "19", "20", "21", "22", "23", "24", "25", "26", "27", "28", "29", "30", "31", "32", "33", "34", "35", "36", "37", "38", "39", "40", "41", "42", "43", "44", "45", "46", "47", "48", "49", "50", "51", "52", "53", "54", "55", "56", "57", "58", "59", "60"))
			, "LL" = c(-170.3351, -165.04703, -204.59321, -220.67427, -194.63029, -195.4259, -190.01041, -188.20327, -159.64308, -224.23608, -217.40648, -186.72106, -173.01144, -157.41781, -208.82948, -199.7613, -147.96906, -232.35314, -192.50588, -169.98684, -158.6182, -187.71124, -189.15312, -223.87851, -168.45866, -185.03295, -169.60648, -218.24788, -185.85254, -189.75124,  -211.394, -232.06481, -165.44644, -169.88935, -142.07381, -197.16499, -196.08609, -169.86756, -177.68805, -187.97199, -209.22456, -145.63789, -169.89372, -155.8877, -193.29663, -180.47853, -185.56213, -194.87047, -162.91461, -171.79324, -211.28298, -193.6996, -146.36408, -339.02881, -162.84904, -162.14765, -180.81305, -216.47025, -214.50169, -188.3688)
			) # end of LLTable
		, "residuals" = data.frame(
			  ID1 = as.character(c(  "",   "",   "",   "",   "",   "",   "",   "",   "",   "",   "",   "",   "",   "",   "",   "",   "",   "",   "",   "",   "",   "",   "",   "",   "",   "",   "",   "",   "",   "",   "",   "",   "",   "",   "",   "",   "",   "",   "",   "",   "",   "",   "",   "",   "",   "",   "",   "",   "",   "",   "",   "",   "",   "",   "",   "",   "",   "",   "",   "",   "",   "",   "",   "",   "",   "",   "",   "",   "",   "",   "",   "",   "",   "",   "",   "",   "",   "",   "",   "",   "",   "",   "",   "",   "",   "",   "",   "",   "",   "",   "",   "",   "",   "",   "",   "",   "",   "",   "",   "",   "",   "",   "",   "",   "",   "",   "",   "",   "",   "",   "",   "",   "",   "",   "",   "",   "",   "",   "",   "",   "",   "",   "",   "",   "",   "",   "",   "",   "",   "",   "",   "",   "",   "",   "",   "",   "",   "",   "",   "",   "",   "",   "",   "",   "",   "",   "",   "",   "",   "",   "",   "",   "",   "",   "",   "",   "",   "",   "",   "",   "",   "",   "",   "",   "",   "",   "",   "",   "",   "",   "",   "",   "",   "",   "",   "",   "",   "",   "",   "",   "",   "",   "",   "",   "",   "",   "",   "",   "",   "",   "",   "",   "",   "",   "",   "",   "",   "",   "",   "",   "",   "",   "",   "",   "",   "",   "",   "",   "",   "",   "",   "",   "",   "",   "",   "",   "",   "",   "",   "",   "",   "",   "",   "",   "",   "",   "",   "",   "",   "",   "",   "",   "",   "",   "",   "",   "",   "",   "",   "",   "",   "",   "",   "",   "",   "",   "",   "",   "",   "",   "",   "",   "",   "",   "",   "",   "",   "",   "",   "",   "",   "",   "",   "",   "",   "",   "",   "",   "",   "",   "",   "",   "",   "",   "",   "",   "",   "",   "",   "",   "",   "",   "",   "",   "",   "",   "",   "",   "",   "",   "",   "",   "",   "",   "",   "",   "",   "",   "",   "",   "",   "",   "",   "",   "",   "",   "",   "",   "",   "",   "",   "",   "",   "",   "",   "",   "",   "",   "",   "",   "",   "",   "",   "",   "",   "",   "",   "",   "",   "",   "",   "",   "",   "",   "",   "",   "",   "",   "",   "",   "",   "",   "",   "",   "",   "",   "",   "",   "",   "",   "",   "",   "",   "",   "",   "",   "",   "",   "",   "",   "",   "",   "",   "",   "",   "",   "",   "",   "",   "",   "",   "",   "",   "",   "",   "",   "",   "",   "",   "",   "",   "",   "",   "",   "",   "",   "",   "",   "",   "",   "",   "",   "",   "",   "",   "",   "",   "",   "",   "",   "",   "",   "",   "",   "",   "",   "",   "",   "",   "",   "",   "",   "",   "",   "",   "",   "",   "",   "",   "",   "",   "",   "",   "",   "",   "",   "",   "",   "",   "",   "",   "",   "",   "",   "",   "",   "",   "",   "",   "",   "",   "",   "",   "",   "",   "",   "",   "",   "",   "",   "",   "",   "",   "",   "",   "",   "",   "",   "",   "",   "",   "",   "",   "",   "",   "",   "",   "",   "",   "",   "",   "",   "",   "",   "",   "",   "",   "",   "",   ""))
			, ID2 = as.character(c(  "",   "",   "",   "",   "",   "",   "",   "",   "",   "",   "",   "",   "",   "",   "",   "",   "",   "",   "",   "",   "",   "",   "",   "",   "",   "",   "",   "",   "",   "",   "",   "",   "",   "",   "",   "",   "",   "",   "",   "",   "",   "",   "",   "",   "",   "",   "",   "",   "",   "",   "",   "",   "",   "",   "",   "",   "",   "",   "",   "",   "",   "",   "",   "",   "",   "",   "",   "",   "",   "",   "",   "",   "",   "",   "",   "",   "",   "",   "",   "",   "",   "",   "",   "",   "",   "",   "",   "",   "",   "",   "",   "",   "",   "",   "",   "",   "",   "",   "",   "",   "",   "",   "",   "",   "",   "",   "",   "",   "",   "",   "",   "",   "",   "",   "",   "",   "",   "",   "",   "",   "",   "",   "",   "",   "",   "",   "",   "",   "",   "",   "",   "",   "",   "",   "",   "",   "",   "",   "",   "",   "",   "",   "",   "",   "",   "",   "",   "",   "",   "",   "",   "",   "",   "",   "",   "",   "",   "",   "",   "",   "",   "",   "",   "",   "",   "",   "",   "",   "",   "",   "",   "",   "",   "",   "",   "",   "",   "",   "",   "",   "",   "",   "",   "",   "",   "",   "",   "",   "",   "",   "",   "",   "",   "",   "",   "",   "",   "",   "",   "",   "",   "",   "",   "",   "",   "",   "",   "",   "",   "",   "",   "",   "",   "",   "",   "",   "",   "",   "",   "",   "",   "",   "",   "",   "",   "",   "",   "",   "",   "",   "",   "",   "",   "",   "",   "",   "",   "",   "",   "",   "",   "",   "",   "",   "",   "",   "",   "",   "",   "",   "",   "",   "",   "",   "",   "",   "",   "",   "",   "",   "",   "",   "",   "",   "",   "",   "",   "",   "",   "",   "",   "",   "",   "",   "",   "",   "",   "",   "",   "",   "",   "",   "",   "",   "",   "",   "",   "",   "",   "",   "",   "",   "",   "",   "",   "",   "",   "",   "",   "",   "",   "",   "",   "",   "",   "",   "",   "",   "",   "",   "",   "",   "",   "",   "",   "",   "",   "",   "",   "",   "",   "",   "",   "",   "",   "",   "",   "",   "",   "",   "",   "",   "",   "",   "",   "",   "",   "",   "",   "",   "",   "",   "",   "",   "",   "",   "",   "",   "",   "",   "",   "",   "",   "",   "",   "",   "",   "",   "",   "",   "",   "",   "",   "",   "",   "",   "",   "",   "",   "",   "",   "",   "",   "",   "",   "",   "",   "",   "",   "",   "",   "",   "",   "",   "",   "",   "",   "",   "",   "",   "",   "",   "",   "",   "",   "",   "",   "",   "",   "",   "",   "",   "",   "",   "",   "",   "",   "",   "",   "",   "",   "",   "",   "",   "",   "",   "",   "",   "",   "",   "",   "",   "",   "",   "",   "",   "",   "",   "",   "",   "",   "",   "",   "",   "",   "",   "",   "",   "",   "",   "",   "",   "",   "",   "",   "",   "",   "",   "",   "",   "",   "",   "",   "",   "",   "",   "",   "",   "",   "",   "",   "",   "",   "",   "",   "",   "",   "",   "",   "",   "",   "",   "",   "",   "",   "",   "",   "",   "",   ""))
			, ID3 = as.character(c(  "",   "",   "",   "",   "",   "",   "",   "",   "",   "",   "",   "",   "",   "",   "",   "",   "",   "",   "",   "",   "",   "",   "",   "",   "",   "",   "",   "",   "",   "",   "",   "",   "",   "",   "",   "",   "",   "",   "",   "",   "",   "",   "",   "",   "",   "",   "",   "",   "",   "",   "",   "",   "",   "",   "",   "",   "",   "",   "",   "",   "",   "",   "",   "",   "",   "",   "",   "",   "",   "",   "",   "",   "",   "",   "",   "",   "",   "",   "",   "",   "",   "",   "",   "",   "",   "",   "",   "",   "",   "",   "",   "",   "",   "",   "",   "",   "",   "",   "",   "",   "",   "",   "",   "",   "",   "",   "",   "",   "",   "",   "",   "",   "",   "",   "",   "",   "",   "",   "",   "",   "",   "",   "",   "",   "",   "",   "",   "",   "",   "",   "",   "",   "",   "",   "",   "",   "",   "",   "",   "",   "",   "",   "",   "",   "",   "",   "",   "",   "",   "",   "",   "",   "",   "",   "",   "",   "",   "",   "",   "",   "",   "",   "",   "",   "",   "",   "",   "",   "",   "",   "",   "",   "",   "",   "",   "",   "",   "",   "",   "",   "",   "",   "",   "",   "",   "",   "",   "",   "",   "",   "",   "",   "",   "",   "",   "",   "",   "",   "",   "",   "",   "",   "",   "",   "",   "",   "",   "",   "",   "",   "",   "",   "",   "",   "",   "",   "",   "",   "",   "",   "",   "",   "",   "",   "",   "",   "",   "",   "",   "",   "",   "",   "",   "",   "",   "",   "",   "",   "",   "",   "",   "",   "",   "",   "",   "",   "",   "",   "",   "",   "",   "",   "",   "",   "",   "",   "",   "",   "",   "",   "",   "",   "",   "",   "",   "",   "",   "",   "",   "",   "",   "",   "",   "",   "",   "",   "",   "",   "",   "",   "",   "",   "",   "",   "",   "",   "",   "",   "",   "",   "",   "",   "",   "",   "",   "",   "",   "",   "",   "",   "",   "",   "",   "",   "",   "",   "",   "",   "",   "",   "",   "",   "",   "",   "",   "",   "",   "",   "",   "",   "",   "",   "",   "",   "",   "",   "",   "",   "",   "",   "",   "",   "",   "",   "",   "",   "",   "",   "",   "",   "",   "",   "",   "",   "",   "",   "",   "",   "",   "",   "",   "",   "",   "",   "",   "",   "",   "",   "",   "",   "",   "",   "",   "",   "",   "",   "",   "",   "",   "",   "",   "",   "",   "",   "",   "",   "",   "",   "",   "",   "",   "",   "",   "",   "",   "",   "",   "",   "",   "",   "",   "",   "",   "",   "",   "",   "",   "",   "",   "",   "",   "",   "",   "",   "",   "",   "",   "",   "",   "",   "",   "",   "",   "",   "",   "",   "",   "",   "",   "",   "",   "",   "",   "",   "",   "",   "",   "",   "",   "",   "",   "",   "",   "",   "",   "",   "",   "",   "",   "",   "",   "",   "",   "",   "",   "",   "",   "",   "",   "",   "",   "",   "",   "",   "",   "",   "",   "",   "",   "",   "",   "",   "",   "",   "",   "",   "",   "",   "",   "",   "",   "",   "",   "",   "",   "",   "",   "",   "",   ""))
			, ID4 = as.character(c(  "",   "",   "",   "",   "",   "",   "",   "",   "",   "",   "",   "",   "",   "",   "",   "",   "",   "",   "",   "",   "",   "",   "",   "",   "",   "",   "",   "",   "",   "",   "",   "",   "",   "",   "",   "",   "",   "",   "",   "",   "",   "",   "",   "",   "",   "",   "",   "",   "",   "",   "",   "",   "",   "",   "",   "",   "",   "",   "",   "",   "",   "",   "",   "",   "",   "",   "",   "",   "",   "",   "",   "",   "",   "",   "",   "",   "",   "",   "",   "",   "",   "",   "",   "",   "",   "",   "",   "",   "",   "",   "",   "",   "",   "",   "",   "",   "",   "",   "",   "",   "",   "",   "",   "",   "",   "",   "",   "",   "",   "",   "",   "",   "",   "",   "",   "",   "",   "",   "",   "",   "",   "",   "",   "",   "",   "",   "",   "",   "",   "",   "",   "",   "",   "",   "",   "",   "",   "",   "",   "",   "",   "",   "",   "",   "",   "",   "",   "",   "",   "",   "",   "",   "",   "",   "",   "",   "",   "",   "",   "",   "",   "",   "",   "",   "",   "",   "",   "",   "",   "",   "",   "",   "",   "",   "",   "",   "",   "",   "",   "",   "",   "",   "",   "",   "",   "",   "",   "",   "",   "",   "",   "",   "",   "",   "",   "",   "",   "",   "",   "",   "",   "",   "",   "",   "",   "",   "",   "",   "",   "",   "",   "",   "",   "",   "",   "",   "",   "",   "",   "",   "",   "",   "",   "",   "",   "",   "",   "",   "",   "",   "",   "",   "",   "",   "",   "",   "",   "",   "",   "",   "",   "",   "",   "",   "",   "",   "",   "",   "",   "",   "",   "",   "",   "",   "",   "",   "",   "",   "",   "",   "",   "",   "",   "",   "",   "",   "",   "",   "",   "",   "",   "",   "",   "",   "",   "",   "",   "",   "",   "",   "",   "",   "",   "",   "",   "",   "",   "",   "",   "",   "",   "",   "",   "",   "",   "",   "",   "",   "",   "",   "",   "",   "",   "",   "",   "",   "",   "",   "",   "",   "",   "",   "",   "",   "",   "",   "",   "",   "",   "",   "",   "",   "",   "",   "",   "",   "",   "",   "",   "",   "",   "",   "",   "",   "",   "",   "",   "",   "",   "",   "",   "",   "",   "",   "",   "",   "",   "",   "",   "",   "",   "",   "",   "",   "",   "",   "",   "",   "",   "",   "",   "",   "",   "",   "",   "",   "",   "",   "",   "",   "",   "",   "",   "",   "",   "",   "",   "",   "",   "",   "",   "",   "",   "",   "",   "",   "",   "",   "",   "",   "",   "",   "",   "",   "",   "",   "",   "",   "",   "",   "",   "",   "",   "",   "",   "",   "",   "",   "",   "",   "",   "",   "",   "",   "",   "",   "",   "",   "",   "",   "",   "",   "",   "",   "",   "",   "",   "",   "",   "",   "",   "",   "",   "",   "",   "",   "",   "",   "",   "",   "",   "",   "",   "",   "",   "",   "",   "",   "",   "",   "",   "",   "",   "",   "",   "",   "",   "",   "",   "",   "",   "",   "",   "",   "",   "",   "",   "",   "",   "",   "",   "",   "",   "",   "",   "",   "",   "",   "",   ""))
			, ID5 = as.character(c( "1",  "1",  "1",  "1",  "1",  "1",  "1",  "1",  "2",  "2",  "2",  "2",  "2",  "2",  "2",  "2",  "3",  "3",  "3",  "3",  "3",  "3",  "3",  "3",  "4",  "4",  "4",  "4",  "4",  "4",  "4",  "4",  "5",  "5",  "5",  "5",  "5",  "5",  "5",  "5",  "6",  "6",  "6",  "6",  "6",  "6",  "6",  "6",  "7",  "7",  "7",  "7",  "7",  "7",  "7",  "7",  "8",  "8",  "8",  "8",  "8",  "8",  "8",  "8",  "9",  "9",  "9",  "9",  "9",  "9",  "9",  "9", "10", "10", "10", "10", "10", "10", "10", "10", "11", "11", "11", "11", "11", "11", "11", "11", "12", "12", "12", "12", "12", "12", "12", "12", "13", "13", "13", "13", "13", "13", "13", "13", "14", "14", "14", "14", "14", "14", "14", "14", "15", "15", "15", "15", "15", "15", "15", "15", "16", "16", "16", "16", "16", "16", "16", "16", "17", "17", "17", "17", "17", "17", "17", "17", "18", "18", "18", "18", "18", "18", "18", "18", "19", "19", "19", "19", "19", "19", "19", "19", "20", "20", "20", "20", "20", "20", "20", "20", "21", "21", "21", "21", "21", "21", "21", "21", "22", "22", "22", "22", "22", "22", "22", "22", "23", "23", "23", "23", "23", "23", "23", "23", "24", "24", "24", "24", "24", "24", "24", "24", "25", "25", "25", "25", "25", "25", "25", "25", "26", "26", "26", "26", "26", "26", "26", "26", "27", "27", "27", "27", "27", "27", "27", "27", "28", "28", "28", "28", "28", "28", "28", "28", "29", "29", "29", "29", "29", "29", "29", "29", "30", "30", "30", "30", "30", "30", "30", "30", "31", "31", "31", "31", "31", "31", "31", "31", "32", "32", "32", "32", "32", "32", "32", "32", "33", "33", "33", "33", "33", "33", "33", "33", "34", "34", "34", "34", "34", "34", "34", "34", "35", "35", "35", "35", "35", "35", "35", "35", "36", "36", "36", "36", "36", "36", "36", "36", "37", "37", "37", "37", "37", "37", "37", "37", "38", "38", "38", "38", "38", "38", "38", "38", "39", "39", "39", "39", "39", "39", "39", "39", "40", "40", "40", "40", "40", "40", "40", "40", "41", "41", "41", "41", "41", "41", "41", "41", "42", "42", "42", "42", "42", "42", "42", "42", "43", "43", "43", "43", "43", "43", "43", "43", "44", "44", "44", "44", "44", "44", "44", "44", "45", "45", "45", "45", "45", "45", "45", "45", "46", "46", "46", "46", "46", "46", "46", "46", "47", "47", "47", "47", "47", "47", "47", "47", "48", "48", "48", "48", "48", "48", "48", "48", "49", "49", "49", "49", "49", "49", "49", "49", "50", "50", "50", "50", "50", "50", "50", "50", "51", "51", "51", "51", "51", "51", "51", "51", "52", "52", "52", "52", "52", "52", "52", "52", "53", "53", "53", "53", "53", "53", "53", "53", "54", "54", "54", "54", "54", "54", "54", "54", "55", "55", "55", "55", "55", "55", "55", "55", "56", "56", "56", "56", "56", "56", "56", "56", "57", "57", "57", "57", "57", "57", "57", "57", "58", "58", "58", "58", "58", "58", "58", "58", "59", "59", "59", "59", "59", "59", "59", "59", "60", "60", "60", "60", "60", "60", "60", "60"))
			, IVAR = c(0.64, 1.99, 6.43, 12.03, 22.28, 48.91, 80.15, 138.94, 0.51, 2.49, 6.29, 11.18, 25.51, 43.72, 84.69, 123.55, 0.48, 2, 6.04, 11.31, 22.67, 47.36, 103.04, 108, 0.53, 2.07, 6.67, 11.64, 24.9, 49.3, 90.93, 135.41, 0.56, 2.15, 7.03, 12.69, 21.12, 45.33, 84.94, 114.45, 0.47, 2.01, 5.48, 12.19, 22.48, 57.28, 103.13, 131.43, 0.52, 2.37, 5.63, 11.46, 27.7, 44.98, 94.03, 115.38, 0.48, 1.94, 6.3, 11.79, 22.82, 54.9, 93.96, 117.86, 0.5, 2.15, 5.96, 11.95, 22.42, 46.47, 96.58, 113.14, 0.53, 1.72, 6.19, 10.29, 23.29, 45.53, 89.94, 119.32, 0.41, 2.25, 5.08, 11.46, 21.47, 44.53, 118.28, 120.21, 0.44, 1.7, 6.28, 11.98, 23.25, 43.74, 82.73, 107.77, 0.55, 1.88, 5.22, 14.47, 25.04, 46.87, 106.72, 131.12, 0.47, 2.49, 5.85, 10.41, 23.66, 49.01, 120.92, 121.28, 0.52, 1.98, 5.8, 11.96, 25.97, 59.07, 106.39, 135.41, 0.44, 2.21, 6.13, 10.36, 25.28, 47.24, 111.14, 111.15, 0.48, 1.82, 5.89, 12.49, 22.31, 52.16, 85.08, 108.06, 0.58, 1.81, 6.25, 11.55, 25, 56.83, 112.51, 116.09, 0.4, 2.57, 6.41, 12.67, 23.97, 50.51, 94.43, 125.16, 0.48, 1.74, 6.62, 13.97, 23.27, 42.35, 102.37, 119.46, 0.42, 2, 5.63, 11.6, 21.38, 57.48, 92.87, 102.2, 0.51, 2.05, 5.44, 8.99, 22.51, 50.82, 95.43, 118.83, 0.53, 1.78, 6.7, 11.99, 25.76, 53.23, 98.17, 109.91, 0.56, 1.64, 5.68, 11.7, 23.6, 53.16, 97.32, 124.99, 0.5, 1.95, 6.43, 13.46, 18.87, 50.83, 99.67, 115, 0.55, 1.92, 5.83, 13.07, 28.5, 49.31, 92.03, 106.55, 0.48, 1.82, 5.85, 12.48, 22.04, 62.56, 97.51, 134.36, 0.4, 2.15, 5.26, 13.16, 24.97, 46.08, 109.59, 111.87, 0.47, 1.81, 5.61, 13.19, 25.06, 53.08, 92.33, 124.6, 0.51, 1.73, 7.17, 12.16, 25.91, 52.81, 95.52, 116.39, 0.55, 1.8, 7.31, 11.55, 28.32, 55.84, 96.8, 127, 0.45, 2.07, 6.66, 12.12, 22.93, 44.95, 95.66, 133.54, 0.48, 1.98, 5.27, 12.61, 27.35, 55.75, 99.54, 104.15, 0.52, 2.09, 5.79, 12.21, 22.01, 51.37, 92.91, 102.57, 0.48, 2.29, 5.8, 12.91, 26.38, 48.02, 92.68, 113.81, 0.54, 1.8, 6.15, 11.66, 19.14, 41.69, 105.21, 117.73, 0.54, 2.42, 6.95, 12.84, 24.93, 47.08, 112.41, 127.37, 0.44, 1.97, 4.95, 11.77, 18.52, 54.74, 90.09, 114.95, 0.49, 2.13, 6.42, 12.7, 22.66, 41.88, 92.34, 123.38, 0.46, 1.99, 5.34, 11.99, 24.31, 47.3, 94.44, 143.14, 0.54, 2.24, 5.47, 12.2, 26.94, 47.73, 77.59, 124.21, 0.41, 1.84, 6.85, 12.76, 26.77, 49.49, 94.95, 109.41, 0.59, 2.01, 5.59, 13.08, 26.72, 58.02, 90.38, 115.4, 0.48, 1.93, 5.78, 11.65, 27.72, 44.77, 92.34, 128.09, 0.56, 1.85, 5.7, 12.65, 26.57, 46.81, 83.21, 142.37, 0.58, 1.86, 5.96, 10.06, 25.41, 56.4, 81.5, 111, 0.47, 1.87, 4.9, 12.62, 20.59, 47.88, 101.86, 117.65, 0.55, 1.99, 5.62, 12.8, 22.98, 57.31, 95.82, 130.68, 0.51, 1.48, 5.23, 11.5, 24.58, 37.98, 105.69, 112.96, 0.46, 1.71, 5.19, 12.07, 25.25, 38.92, 86.83, 126.6, 0.48, 2.48, 6.8, 12.74, 24.01, 49.36, 89.46, 127.78, 0.58, 2.23, 5.53, 10.21, 23.74, 50.16, 105.18, 109.89, 0.52, 2.05, 6.76, 11.97, 23.16, 42.8, 91.16, 115.73, 0.63, 2.55, 5.9, 10.81, 19.7, 50.54, 86.08, 150.8, 0.46, 2.02, 8.78, 10.74, 24.75, 42.97, 99.4, 109.97, 0.5, 1.94, 5.33, 12.01, 26.5, 56.29, 83.69, 117.04, 0.56, 1.79, 4.66, 10.93, 21.79, 48.23, 92.2, 122.81, 0.48, 2.08, 5.78, 13.52, 22.29, 49.42, 87.87, 122.52, 0.5, 1.69, 5.91, 13.5, 25.69, 48.69, 85.21, 134.88, 0.5, 1.91, 7.07, 11.11, 24.74, 54.56, 101.96, 116.37)
