TABLE NO.     1: First Order Conditional Estimation with Interaction: Problem=1 Subproblem=0 Superproblem1=0 Iteration1=0 Superproblem2=0 Iteration2=0
 NAME         THETA1       THETA2       THETA3       THETA4       THETA5       THETA6       SIGMA(1,1)   SIGMA(2,1)   SIGMA(2,2)   OMEGA(1,1)
 THETA1        1.16145E-05 -2.93684E-05 -1.57048E-03 -8.51214E-02 -5.79537E-03  9.86295E-02 -8.85260E-04  0.00000E+00  4.69119E-02  2.91151E-02
 THETA2       -2.93684E-05  7.75289E-05  1.53253E-02  6.10223E-02  3.69247E-02 -5.23478E-01  3.52513E-03  0.00000E+00 -9.84994E-02 -8.79646E-02
 THETA3       -1.57048E-03  1.53253E-02  6.94564E+01 -1.55215E+03  1.21886E+02 -1.10950E+03  3.34171E+00  0.00000E+00  8.16863E+01 -2.07861E+01
 THETA4       -8.51214E-02  6.10223E-02 -1.55215E+03  4.70462E+04 -2.44079E+03  1.54432E+04 -3.08074E+01  0.00000E+00 -1.37523E+03  6.32171E+02
 THETA5       -5.79537E-03  3.69247E-02  1.21886E+02 -2.44079E+03  2.28044E+02 -2.15680E+03  3.23071E+00  0.00000E+00  1.45289E+02 -9.01054E+00
 THETA6        9.86295E-02 -5.23478E-01 -1.10950E+03  1.54432E+04 -2.15680E+03  2.67351E+04 -1.33993E+02  0.00000E+00 -1.84527E+03  1.10984E+03
 SIGMA(1,1)   -8.85260E-04  3.52513E-03  3.34171E+00 -3.08074E+01  3.23071E+00 -1.33993E+02  6.32400E+01  0.00000E+00 -9.33766E+00 -4.15209E+01
 SIGMA(2,1)    0.00000E+00  0.00000E+00  0.00000E+00  0.00000E+00  0.00000E+00  0.00000E+00  0.00000E+00  0.00000E+00  0.00000E+00  0.00000E+00
 SIGMA(2,2)    4.69119E-02 -9.84994E-02  8.16863E+01 -1.37523E+03  1.45289E+02 -1.84527E+03 -9.33766E+00  0.00000E+00  2.72940E+03  4.14254E+01
 OMEGA(1,1)    2.91151E-02 -8.79646E-02 -2.07861E+01  6.32171E+02 -9.01054E+00  1.10984E+03 -4.15209E+01  0.00000E+00  4.14254E+01  2.07799E+03
