TABLE NO.     1: First Order Conditional Estimation with Interaction: Problem=1 Subproblem=0 Superproblem1=0 Iteration1=0 Superproblem2=0 Iteration2=0
 NAME         THETA1       THETA2       THETA3       THETA4       THETA5       THETA6       SIGMA(1,1)   SIGMA(2,1)   SIGMA(2,2)   OMEGA(1,1)
 THETA1        9.11926E+05  9.99811E-01  8.46670E-01  9.22118E-01  9.45268E-01  9.56742E-01  6.07761E-01  0.00000E+00  5.35317E-01 -5.11290E-01
 THETA2        9.99811E-01  4.15987E+05  8.46187E-01  9.22335E-01  9.46924E-01  9.57663E-01  6.08007E-01  0.00000E+00  5.35213E-01 -5.10618E-01
 THETA3        8.46670E-01  8.46187E-01  1.07895E+01  9.77234E-01  7.54129E-01  9.38301E-01  5.91282E-01  0.00000E+00  4.58466E-01 -5.20882E-01
 THETA4        9.22118E-01  9.22335E-01  9.77234E-01  3.10894E-01  8.72250E-01  9.87366E-01  6.42997E-01  0.00000E+00  4.56876E-01 -5.08720E-01
 THETA5        9.45268E-01  9.46924E-01  7.54129E-01  8.72250E-01  1.55824E+00  9.32959E-01  6.55208E-01  0.00000E+00  4.23047E-01 -4.20832E-01
 THETA6        9.56742E-01  9.57663E-01  9.38301E-01  9.87366E-01  9.32959E-01  9.85419E-01  6.55896E-01  0.00000E+00  4.77684E-01 -5.19420E-01
 SIGMA(1,1)    6.07761E-01  6.08007E-01  5.91282E-01  6.42997E-01  6.55208E-01  6.55896E-01  7.02244E+00  0.00000E+00  1.57422E-01 -3.16637E-01
 SIGMA(2,1)    0.00000E+00  0.00000E+00  0.00000E+00  0.00000E+00  0.00000E+00  0.00000E+00  0.00000E+00  0.00000E+00  0.00000E+00  0.00000E+00
 SIGMA(2,2)    5.35317E-01  5.35213E-01  4.58466E-01  4.56876E-01  4.23047E-01  4.77684E-01  1.57422E-01  0.00000E+00  2.40654E-02 -3.52970E-01
 OMEGA(1,1)   -5.11290E-01 -5.10618E-01 -5.20882E-01 -5.08720E-01 -4.20832E-01 -5.19420E-01 -3.16637E-01  0.00000E+00 -3.52970E-01  3.47399E-02
