TABLE NO.     1: First Order Conditional Estimation with Interaction: Problem=1 Subproblem=0 Superproblem1=0 Iteration1=0 Superproblem2=0 Iteration2=0
 NAME         THETA1       THETA2       THETA3       THETA4       THETA5       THETA6       SIGMA(1,1)   SIGMA(2,1)   SIGMA(2,2)   OMEGA(1,1)
 THETA1        4.44320E-09 -9.92410E-09 -5.64742E-05  3.47848E-04 -3.10517E-04  1.01102E-03  1.00823E-06  0.00000E+00  2.02124E-04  5.51188E-04
 THETA2       -9.92410E-09  2.22848E-08  1.26535E-04 -8.19060E-04  6.78048E-04 -2.27189E-03 -1.94985E-06  0.00000E+00 -6.68987E-04 -1.16051E-03
 THETA3       -5.64742E-05  1.26535E-04  4.86267E+00 -1.08856E+02  2.31303E+01 -5.07985E+01 -1.22544E-01  0.00000E+00 -2.62613E+01 -1.93147E+01
 THETA4        3.47848E-04 -8.19060E-04 -1.08856E+02  4.78698E+03 -3.31782E+02  1.11389E+02  1.36996E+00  0.00000E+00  1.29951E+03 -3.72353E+02
 THETA5       -3.10517E-04  6.78048E-04  2.31303E+01 -3.31782E+02  1.30248E+02 -3.24669E+02 -7.90104E-01  0.00000E+00 -4.08492E+01 -1.75899E+02
 THETA6        1.01102E-03 -2.27189E-03 -5.07985E+01  1.11389E+02 -3.24669E+02  9.93525E+02  1.69185E+00  0.00000E+00 -2.90677E+01  5.78467E+02
 SIGMA(1,1)    1.00823E-06 -1.94985E-06 -1.22544E-01  1.36996E+00 -7.90104E-01  1.69185E+00  4.33924E-02  0.00000E+00  1.89724E+00  1.27657E+00
 SIGMA(2,1)    0.00000E+00  0.00000E+00  0.00000E+00  0.00000E+00  0.00000E+00  0.00000E+00  0.00000E+00  0.00000E+00  0.00000E+00  0.00000E+00
 SIGMA(2,2)    2.02124E-04 -6.68987E-04 -2.62613E+01  1.29951E+03 -4.08492E+01 -2.90677E+01  1.89724E+00  0.00000E+00  3.13298E+03 -2.16707E+01
 OMEGA(1,1)    5.51188E-04 -1.16051E-03 -1.93147E+01 -3.72353E+02 -1.75899E+02  5.78467E+02  1.27657E+00  0.00000E+00 -2.16707E+01  1.58980E+03
