TABLE NO.     1: First Order Conditional Estimation with Interaction: Problem=1 Subproblem=0 Superproblem1=0 Iteration1=0 Superproblem2=0 Iteration2=0
 NAME         THETA1       THETA2       THETA3       THETA4       THETA5       THETA6       SIGMA(1,1)   SIGMA(2,1)   SIGMA(2,2)   OMEGA(1,1)
 THETA1        5.44610E+03  9.97976E-01 -1.88831E-01 -3.34887E-01 -1.37909E-01  4.74368E-01  2.81494E-02  0.00000E+00  9.35719E-02  4.57738E-01
 THETA2        9.97976E-01  2.27107E+03 -2.01510E-01 -3.55039E-01 -1.42030E-01  4.62337E-01  2.74321E-02  0.00000E+00  1.13052E-01  4.74968E-01
 THETA3       -1.88831E-01 -2.01510E-01  1.24505E+00  8.74737E-01 -6.08330E-01  4.44154E-01 -1.90747E-02  0.00000E+00 -9.40300E-02 -2.78726E-01
 THETA4       -3.34887E-01 -3.55039E-01  8.74737E-01  2.54121E-02 -1.85548E-01  5.22465E-01  1.65545E-02  0.00000E+00 -1.01182E-01 -4.93737E-01
 THETA5       -1.37909E-01 -1.42030E-01 -6.08330E-01 -1.85548E-01  4.15904E-01  6.44543E-02  8.93794E-02  0.00000E+00  4.52964E-02 -2.56736E-01
 THETA6        4.74368E-01  4.62337E-01  4.44154E-01  5.22465E-01  6.44543E-02  3.01171E-02  1.01597E-01  0.00000E+00  8.91536E-02 -1.69000E-01
 SIGMA(1,1)    2.81494E-02  2.74321E-02 -1.90747E-02  1.65545E-02  8.93794E-02  1.01597E-01  1.29314E-01  0.00000E+00  4.33073E-02  4.46246E-02
 SIGMA(2,1)    0.00000E+00  0.00000E+00  0.00000E+00  0.00000E+00  0.00000E+00  0.00000E+00  0.00000E+00  0.00000E+00  0.00000E+00  0.00000E+00
 SIGMA(2,2)    9.35719E-02  1.13052E-01 -9.40300E-02 -1.01182E-01  4.52964E-02  8.91536E-02  4.33073E-02  0.00000E+00  2.09915E-02  5.87091E-02
 OMEGA(1,1)    4.57738E-01  4.74968E-01 -2.78726E-01 -4.93737E-01 -2.56736E-01 -1.69000E-01  4.46246E-02  0.00000E+00  5.87091E-02  3.00830E-02
