TABLE NO.     1: First Order Conditional Estimation with Interaction: Problem=1 Subproblem=0 Superproblem1=0 Iteration1=0 Superproblem2=0 Iteration2=0
 NAME         THETA1       THETA2       THETA3       THETA4       THETA5       THETA6       SIGMA(1,1)   SIGMA(2,1)   SIGMA(2,2)   OMEGA(1,1)
 THETA1        2.96600E+07  1.23435E+07 -1.28040E+03 -4.63473E+01 -3.12372E+02  7.78060E+01  1.98244E+01  0.00000E+00  1.06973E+01  7.49935E+01
 THETA2        1.23435E+07  5.15778E+06 -5.69789E+02 -2.04903E+01 -1.34155E+02  3.16230E+01  8.05631E+00  0.00000E+00  5.38955E+00  3.24502E+01
 THETA3       -1.28040E+03 -5.69789E+02  1.55014E+00  2.76760E-02 -3.15006E-01  1.66545E-02 -3.07106E-03  0.00000E+00 -2.45751E-03 -1.04396E-02
 THETA4       -4.63473E+01 -2.04903E+01  2.76760E-02  6.45775E-04 -1.96105E-03  3.99863E-04  5.44005E-05  0.00000E+00 -5.39742E-05 -3.77448E-04
 THETA5       -3.12372E+02 -1.34155E+02 -3.15006E-01 -1.96105E-03  1.72976E-01  8.07341E-04  4.80703E-03  0.00000E+00  3.95458E-04 -3.21219E-03
 THETA6        7.78060E+01  3.16230E+01  1.66545E-02  3.99863E-04  8.07341E-04  9.07038E-04  3.95675E-04  0.00000E+00  5.63632E-05 -1.53116E-04
 SIGMA(1,1)    1.98244E+01  8.05631E+00 -3.07106E-03  5.44005E-05  4.80703E-03  3.95675E-04  1.67221E-02  0.00000E+00  1.17558E-04  1.73597E-04
 SIGMA(2,1)    0.00000E+00  0.00000E+00  0.00000E+00  0.00000E+00  0.00000E+00  0.00000E+00  0.00000E+00  0.00000E+00  0.00000E+00  0.00000E+00
 SIGMA(2,2)    1.06973E+01  5.38955E+00 -2.45751E-03 -5.39742E-05  3.95458E-04  5.63632E-05  1.17558E-04  0.00000E+00  4.40644E-04  3.70741E-05
 OMEGA(1,1)    7.49935E+01  3.24502E+01 -1.04396E-02 -3.77448E-04 -3.21219E-03 -1.53116E-04  1.73597E-04  0.00000E+00  3.70741E-05  9.04987E-04
