TABLE NO.     1: First Order Conditional Estimation with Interaction: Problem=1 Subproblem=0 Superproblem1=0 Iteration1=0 Superproblem2=0 Iteration2=0
 NAME         THETA1       THETA2       THETA3       THETA4       THETA5       THETA6       THETA7       THETA8       SIGMA(1,1)   SIGMA(2,1)   SIGMA(2,2)   OMEGA(1,1)   OMEGA(2,1)   OMEGA(2,2)
 THETA1        5.93369E+05  1.57515E+05  5.50652E+03  6.03910E+01 -1.16169E+02 -5.42685E+01 -3.42708E+00  8.21064E+01 -1.67963E+01  0.00000E+00 -2.71018E+00 -6.08649E+00  0.00000E+00 -4.00900E+00
 THETA2        1.57515E+05  4.57945E+04  1.80993E+03  1.82085E+01 -4.16958E+01 -1.59997E+01 -7.06854E+00  2.28731E+01 -5.41051E+00  0.00000E+00 -8.97481E-01 -2.07151E+00  0.00000E+00 -1.74038E+00
 THETA3        5.50652E+03  1.80993E+03  1.10544E+03  3.33472E+00 -3.81348E+00  6.67128E-01 -7.20512E+00  3.05544E+00  3.39103E+00  0.00000E+00 -3.50271E-01  1.91123E-01  0.00000E+00 -7.45666E-01
 THETA4        6.03910E+01  1.82085E+01  3.33472E+00  2.09738E-02 -2.34468E-02 -1.32145E-02 -2.89792E-02  2.13947E-02  2.10621E-03  0.00000E+00 -4.85214E-04 -8.78110E-04  0.00000E+00 -5.02004E-03
 THETA5       -1.16169E+02 -4.16958E+01 -3.81348E+00 -2.34468E-02  6.35553E-02  1.45455E-02  3.41251E-02 -2.23925E-02  1.65766E-03  0.00000E+00  9.40344E-04  3.15096E-03  0.00000E+00  5.05027E-03
 THETA6       -5.42685E+01 -1.59997E+01  6.67128E-01 -1.32145E-02  1.45455E-02  2.36545E-02  1.97549E-02 -1.39208E-02  1.36099E-02  0.00000E+00 -1.12657E-03  2.10694E-03  0.00000E+00  3.19128E-03
 THETA7       -3.42708E+00 -7.06854E+00 -7.20512E+00 -2.89792E-02  3.41251E-02  1.97549E-02  1.79569E-01 -1.38941E-02 -1.51124E-02  0.00000E+00  5.10239E-04 -5.76304E-04  0.00000E+00  5.71909E-03
 THETA8        8.21064E+01  2.28731E+01  3.05544E+00  2.13947E-02 -2.23925E-02 -1.39208E-02 -1.38941E-02  2.46253E-02  8.95655E-04  0.00000E+00 -4.99286E-04 -9.07830E-04  0.00000E+00 -4.77285E-03
 SIGMA(1,1)   -1.67963E+01 -5.41051E+00  3.39103E+00  2.10621E-03  1.65766E-03  1.36099E-02 -1.51124E-02  8.95655E-04  1.72901E-02  0.00000E+00 -1.43408E-03  2.24103E-03  0.00000E+00 -4.41700E-05
 SIGMA(2,1)    0.00000E+00  0.00000E+00  0.00000E+00  0.00000E+00  0.00000E+00  0.00000E+00  0.00000E+00  0.00000E+00  0.00000E+00  0.00000E+00  0.00000E+00  0.00000E+00  0.00000E+00  0.00000E+00
 SIGMA(2,2)   -2.71018E+00 -8.97481E-01 -3.50271E-01 -4.85214E-04  9.40344E-04 -1.12657E-03  5.10239E-04 -4.99286E-04 -1.43408E-03  0.00000E+00  2.67725E-04 -9.35900E-05  0.00000E+00 -1.47119E-05
 OMEGA(1,1)   -6.08649E+00 -2.07151E+00  1.91123E-01 -8.78110E-04  3.15096E-03  2.10694E-03 -5.76304E-04 -9.07830E-04  2.24103E-03  0.00000E+00 -9.35900E-05  8.01291E-04  0.00000E+00  3.92022E-04
 OMEGA(2,1)    0.00000E+00  0.00000E+00  0.00000E+00  0.00000E+00  0.00000E+00  0.00000E+00  0.00000E+00  0.00000E+00  0.00000E+00  0.00000E+00  0.00000E+00  0.00000E+00  0.00000E+00  0.00000E+00
 OMEGA(2,2)   -4.00900E+00 -1.74038E+00 -7.45666E-01 -5.02004E-03  5.05027E-03  3.19128E-03  5.71909E-03 -4.77285E-03 -4.41700E-05  0.00000E+00 -1.47119E-05  3.92022E-04  0.00000E+00  3.75360E-03
