TABLE NO.     1: First Order Conditional Estimation with Interaction: Problem=1 Subproblem=0 Superproblem1=0 Iteration1=0 Superproblem2=0 Iteration2=0
 NAME         THETA1       THETA2       THETA3       THETA4       THETA5       THETA6       THETA7       THETA8       SIGMA(1,1)   SIGMA(2,1)   SIGMA(2,2)   OMEGA(1,1)   OMEGA(2,1)   OMEGA(2,2)
 THETA1        9.95953E-01 -7.46346E+00 -6.30116E+01  2.98132E+02 -3.85620E+03  1.05985E+03 -9.22001E+02  6.97204E+03  7.18248E+03  0.00000E+00 -2.55419E+04  1.64327E+02  0.00000E+00  8.94299E+00
 THETA2       -7.46346E+00  5.59385E+01  4.72768E+02 -2.28855E+03  2.89129E+04 -7.91460E+03  6.90722E+03 -5.22408E+04 -5.39549E+04  0.00000E+00  1.91488E+05 -1.15805E+03  0.00000E+00 -6.40435E+01
 THETA3       -6.30116E+01  4.72768E+02  4.02545E+03 -2.26386E+04  2.44999E+05 -6.51492E+04  5.81822E+04 -4.40589E+05 -4.63352E+05  0.00000E+00  1.62146E+06 -5.36734E+03  0.00000E+00 -3.56937E+02
 THETA4        2.98132E+02 -2.28855E+03 -2.26386E+04  4.61837E+05 -1.25327E+06  1.31648E+05 -2.60826E+05  2.03178E+06  3.01973E+06  0.00000E+00 -8.17310E+06 -4.41047E+05  0.00000E+00 -1.75242E+04
 THETA5       -3.85620E+03  2.89129E+04  2.44999E+05 -1.25327E+06  1.49580E+07 -4.05314E+06  3.56592E+06 -2.69818E+07 -2.80455E+07  0.00000E+00  9.90406E+07 -5.03722E+05  0.00000E+00 -2.91485E+04
 THETA6        1.05985E+03 -7.91460E+03 -6.51492E+04  1.31648E+05 -4.05314E+06  1.22675E+06 -9.89454E+05  7.44843E+06  7.19924E+06  0.00000E+00 -2.69131E+07  4.25213E+05  0.00000E+00  1.99064E+04
 THETA7       -9.22001E+02  6.90722E+03  5.81822E+04 -2.60826E+05  3.56592E+06 -9.89454E+05  8.54322E+05 -6.45738E+06 -6.61344E+06  0.00000E+00  2.36248E+07 -1.72330E+05  0.00000E+00 -9.10505E+03
 THETA8        6.97204E+03 -5.22408E+04 -4.40589E+05  2.03178E+06 -2.69818E+07  7.44843E+06 -6.45738E+06  4.88207E+07  5.01564E+07  0.00000E+00 -1.78736E+08  1.22075E+06  0.00000E+00  6.55269E+04
 SIGMA(1,1)    7.18248E+03 -5.39549E+04 -4.63352E+05  3.01973E+06 -2.80455E+07  7.19924E+06 -6.61344E+06  5.01564E+07  5.38587E+07  0.00000E+00 -1.85456E+08  2.37603E+04  0.00000E+00  1.62767E+04
 SIGMA(2,1)    0.00000E+00  0.00000E+00  0.00000E+00  0.00000E+00  0.00000E+00  0.00000E+00  0.00000E+00  0.00000E+00  0.00000E+00  0.00000E+00  0.00000E+00  0.00000E+00  0.00000E+00  0.00000E+00
 SIGMA(2,2)   -2.55419E+04  1.91488E+05  1.62146E+06 -8.17310E+06  9.90406E+07 -2.69131E+07  2.36248E+07 -1.78736E+08 -1.85456E+08  0.00000E+00  6.55831E+08 -3.50858E+06  0.00000E+00 -1.99945E+05
 OMEGA(1,1)    1.64327E+02 -1.15805E+03 -5.36734E+03 -4.41047E+05 -5.03722E+05  4.25213E+05 -1.72330E+05  1.22075E+06  2.37603E+04  0.00000E+00 -3.50858E+06  6.84171E+05  0.00000E+00  2.85635E+04
 OMEGA(2,1)    0.00000E+00  0.00000E+00  0.00000E+00  0.00000E+00  0.00000E+00  0.00000E+00  0.00000E+00  0.00000E+00  0.00000E+00  0.00000E+00  0.00000E+00  0.00000E+00  0.00000E+00  0.00000E+00
 OMEGA(2,2)    8.94299E+00 -6.40435E+01 -3.56937E+02 -1.75242E+04 -2.91485E+04  1.99064E+04 -9.10505E+03  6.55269E+04  1.62767E+04  0.00000E+00 -1.99945E+05  2.85635E+04  0.00000E+00  1.69082E+03
