TABLE NO.     1: First Order Conditional Estimation with Interaction: Problem=1 Subproblem=0 Superproblem1=0 Iteration1=0 Superproblem2=0 Iteration2=0
 NAME         THETA1       THETA2       THETA3       THETA4       THETA5       THETA6       THETA7       THETA8       SIGMA(1,1)   SIGMA(2,1)   SIGMA(2,2)   OMEGA(1,1)   OMEGA(2,1)   OMEGA(2,2)
 THETA1        7.70305E+02  9.55550E-01  2.15004E-01  5.41341E-01 -5.98210E-01 -4.58066E-01 -1.04989E-02  6.79241E-01 -1.65825E-01  0.00000E+00 -2.15026E-01 -2.79132E-01  0.00000E+00 -8.49473E-02
 THETA2        9.55550E-01  2.13997E+02  2.54383E-01  5.87530E-01 -7.72875E-01 -4.86125E-01 -7.79483E-02  6.81127E-01 -1.92279E-01  0.00000E+00 -2.56315E-01 -3.41967E-01  0.00000E+00 -1.32744E-01
 THETA3        2.15004E-01  2.54383E-01  3.32482E+01  6.92553E-01 -4.54965E-01  1.30462E-01 -5.11395E-01  5.85619E-01  7.75647E-01  0.00000E+00 -6.43861E-01  2.03072E-01  0.00000E+00 -3.66060E-01
 THETA4        5.41341E-01  5.87530E-01  6.92553E-01  1.44823E-01 -6.42198E-01 -5.93272E-01 -4.72206E-01  9.41406E-01  1.10602E-01  0.00000E+00 -2.04762E-01 -2.14198E-01  0.00000E+00 -5.65777E-01
 THETA5       -5.98210E-01 -7.72875E-01 -4.54965E-01 -6.42198E-01  2.52102E-01  3.75143E-01  3.19435E-01 -5.66025E-01  5.00058E-02  0.00000E+00  2.27964E-01  4.41542E-01  0.00000E+00  3.26976E-01
 THETA6       -4.58066E-01 -4.86125E-01  1.30462E-01 -5.93272E-01  3.75143E-01  1.53800E-01  3.03111E-01 -5.76788E-01  6.72977E-01  0.00000E+00 -4.47671E-01  4.83950E-01  0.00000E+00  3.38676E-01
 THETA7       -1.04989E-02 -7.79483E-02 -5.11395E-01 -4.72206E-01  3.19435E-01  3.03111E-01  4.23756E-01 -2.08940E-01 -2.71217E-01  0.00000E+00  7.35890E-02 -4.80441E-02  0.00000E+00  2.20286E-01
 THETA8        6.79241E-01  6.81127E-01  5.85619E-01  9.41406E-01 -5.66025E-01 -5.76788E-01 -2.08940E-01  1.56924E-01  4.34061E-02  0.00000E+00 -1.94453E-01 -2.04371E-01  0.00000E+00 -4.96436E-01
 SIGMA(1,1)   -1.65825E-01 -1.92279E-01  7.75647E-01  1.10602E-01  5.00058E-02  6.72977E-01 -2.71217E-01  4.34061E-02  1.31492E-01  0.00000E+00 -6.66546E-01  6.02079E-01  0.00000E+00 -5.48283E-03
 SIGMA(2,1)    0.00000E+00  0.00000E+00  0.00000E+00  0.00000E+00  0.00000E+00  0.00000E+00  0.00000E+00  0.00000E+00  0.00000E+00  0.00000E+00  0.00000E+00  0.00000E+00  0.00000E+00  0.00000E+00
 SIGMA(2,2)   -2.15026E-01 -2.56315E-01 -6.43861E-01 -2.04762E-01  2.27964E-01 -4.47671E-01  7.35890E-02 -1.94453E-01 -6.66546E-01  0.00000E+00  1.63623E-02 -2.02065E-01  0.00000E+00 -1.46758E-02
 OMEGA(1,1)   -2.79132E-01 -3.41967E-01  2.03072E-01 -2.14198E-01  4.41542E-01  4.83950E-01 -4.80441E-02 -2.04371E-01  6.02079E-01  0.00000E+00 -2.02065E-01  2.83071E-02  0.00000E+00  2.26043E-01
 OMEGA(2,1)    0.00000E+00  0.00000E+00  0.00000E+00  0.00000E+00  0.00000E+00  0.00000E+00  0.00000E+00  0.00000E+00  0.00000E+00  0.00000E+00  0.00000E+00  0.00000E+00  0.00000E+00  0.00000E+00
 OMEGA(2,2)   -8.49473E-02 -1.32744E-01 -3.66060E-01 -5.65777E-01  3.26976E-01  3.38676E-01  2.20286E-01 -4.96436E-01 -5.48283E-03  0.00000E+00 -1.46758E-02  2.26043E-01  0.00000E+00  6.12666E-02
