TABLE NO.     1: First Order Conditional Estimation with Interaction: Problem=1 Subproblem=0 Superproblem1=0 Iteration1=0 Superproblem2=0 Iteration2=0
 NAME         THETA1       THETA2       THETA3       THETA4       THETA5       THETA6       THETA7       THETA8       SIGMA(1,1)   SIGMA(2,1)   SIGMA(2,2)   OMEGA(1,1)   OMEGA(2,1)   OMEGA(2,2)
 THETA1        7.66799E+02  9.58616E-01 -6.80314E-02  5.34421E-01 -6.64229E-01 -1.18299E-01 -1.34666E-02  6.37343E-01 -1.13021E-01  0.00000E+00 -2.40214E-01 -3.18921E-01  0.00000E+00 -1.13298E-01
 THETA2        9.58616E-01  2.19355E+02 -3.95791E-02  5.55530E-01 -8.16891E-01 -9.40597E-02 -6.26783E-02  6.22541E-01 -8.81566E-02  0.00000E+00 -2.77495E-01 -3.73124E-01  0.00000E+00 -1.32129E-01
 THETA3       -6.80314E-02 -3.95791E-02  1.14531E+02 -4.65951E-01  8.02564E-02  9.95136E-01  4.92840E-02 -4.96657E-01  9.93678E-01  0.00000E+00 -1.79651E-01  1.55529E-01  0.00000E+00  9.56070E-01
 THETA4        5.34421E-01  5.55530E-01 -4.65951E-01  1.57047E-01 -5.94052E-01 -5.48713E-01 -4.42280E-01  9.53930E-01 -5.56763E-01  0.00000E+00 -1.65076E-01 -2.22478E-01  0.00000E+00 -6.45264E-01
 THETA5       -6.64229E-01 -8.16891E-01  8.02564E-02 -5.94052E-01  2.62616E-01  1.39306E-01  2.60789E-01 -5.33174E-01  1.30352E-01  0.00000E+00  2.35038E-01  4.56130E-01  0.00000E+00  2.64827E-01
 THETA6       -1.18299E-01 -9.40597E-02  9.95136E-01 -5.48713E-01  1.39306E-01  2.14097E+00  1.11429E-01 -5.69078E-01  9.98766E-01  0.00000E+00 -1.52372E-01  1.67645E-01  0.00000E+00  9.73163E-01
 THETA7       -1.34666E-02 -6.26783E-02  4.92840E-02 -4.42280E-01  2.60789E-01  1.11429E-01  4.24722E-01 -2.06526E-01  8.66213E-02  0.00000E+00  6.42543E-02 -7.06351E-02  0.00000E+00  1.71998E-01
 THETA8        6.37343E-01  6.22541E-01 -4.96657E-01  9.53930E-01 -5.33174E-01 -5.69078E-01 -2.06526E-01  1.72951E-01 -5.81199E-01  0.00000E+00 -1.51650E-01 -2.20651E-01  0.00000E+00 -6.24964E-01
 SIGMA(1,1)   -1.13021E-01 -8.81566E-02  9.93678E-01 -5.56763E-01  1.30352E-01  9.98766E-01  8.66213E-02 -5.81199E-01  7.10287E-05  0.00000E+00 -1.34727E-01  1.63410E-01  0.00000E+00  9.76607E-01
 SIGMA(2,1)    0.00000E+00  0.00000E+00  0.00000E+00  0.00000E+00  0.00000E+00  0.00000E+00  0.00000E+00  0.00000E+00  0.00000E+00  0.00000E+00  0.00000E+00  0.00000E+00  0.00000E+00  0.00000E+00
 SIGMA(2,2)   -2.40214E-01 -2.77495E-01 -1.79651E-01 -1.65076E-01  2.35038E-01 -1.52372E-01  6.42543E-02 -1.51650E-01 -1.34727E-01  0.00000E+00  1.63070E-02 -1.86925E-01  0.00000E+00 -5.54435E-02
 OMEGA(1,1)   -3.18921E-01 -3.73124E-01  1.55529E-01 -2.22478E-01  4.56130E-01  1.67645E-01 -7.06351E-02 -2.20651E-01  1.63410E-01  0.00000E+00 -1.86925E-01  2.84027E-02  0.00000E+00  2.05696E-01
 OMEGA(2,1)    0.00000E+00  0.00000E+00  0.00000E+00  0.00000E+00  0.00000E+00  0.00000E+00  0.00000E+00  0.00000E+00  0.00000E+00  0.00000E+00  0.00000E+00  0.00000E+00  0.00000E+00  0.00000E+00
 OMEGA(2,2)   -1.13298E-01 -1.32129E-01  9.56070E-01 -6.45264E-01  2.64827E-01  9.73163E-01  1.71998E-01 -6.24964E-01  9.76607E-01  0.00000E+00 -5.54435E-02  2.05696E-01  0.00000E+00  8.98289E-02
