TABLE NO.     1: First Order Conditional Estimation with Interaction: Problem=1 Subproblem=0 Superproblem1=0 Iteration1=0 Superproblem2=0 Iteration2=0
 NAME         THETA1       THETA2       THETA3       THETA4       THETA5       THETA6       THETA7       THETA8       SIGMA(1,1)   SIGMA(2,1)   SIGMA(2,2)   OMEGA(1,1)   OMEGA(2,1)   OMEGA(2,2)   OMEGA(3,1)   OMEGA(3,2)   OMEGA(3,3)   OMEGA(4,1)   OMEGA(4,2)   OMEGA(4,3)   OMEGA(4,4)
 THETA1        5.07117E+04  1.75568E+04  2.64873E+02  4.80613E+00 -1.40112E+01  2.54213E+00 -3.16480E-01  4.22409E-01  6.78825E-04  0.00000E+00  1.45222E-01 -1.28525E+01  0.00000E+00  2.28077E+01  0.00000E+00  0.00000E+00 -3.02051E-02  0.00000E+00  0.00000E+00  0.00000E+00 -6.36590E+00
 THETA2        1.75568E+04  2.68279E+04  1.08294E+02  8.36804E-01 -1.34057E+01 -8.06017E-01 -3.06149E+00 -5.74758E-01  4.01162E-04  0.00000E+00  1.83138E-01 -8.62169E+00  0.00000E+00  1.74497E+01  0.00000E+00  0.00000E+00 -1.21954E+00  0.00000E+00  0.00000E+00  0.00000E+00 -1.77793E+00
 THETA3        2.64873E+02  1.08294E+02  4.74961E+00  7.53701E-02 -1.98365E-01  5.79262E-02 -3.15976E-02  5.97183E-03 -6.28583E-06  0.00000E+00 -3.32991E-03  2.82192E-02  0.00000E+00 -5.20845E-02  0.00000E+00  0.00000E+00  2.04808E-02  0.00000E+00  0.00000E+00  0.00000E+00  2.66019E-02
 THETA4        4.80613E+00  8.36804E-01  7.53701E-02  1.70706E-03  1.00521E-03  1.52396E-03  1.02766E-04  1.73024E-04 -6.22472E-08  0.00000E+00 -8.90671E-05  6.71718E-04  0.00000E+00 -1.04693E-03  0.00000E+00  0.00000E+00  3.65659E-04  0.00000E+00  0.00000E+00  0.00000E+00 -7.76544E-05
 THETA5       -1.40112E+01 -1.34057E+01 -1.98365E-01  1.00521E-03  5.94902E-02  3.93953E-03  5.76634E-03  4.21068E-04  4.63593E-07  0.00000E+00  2.94347E-05  3.27083E-03  0.00000E+00 -6.38187E-03  0.00000E+00  0.00000E+00 -6.09672E-04  0.00000E+00  0.00000E+00  0.00000E+00 -3.98203E-03
 THETA6        2.54213E+00 -8.06017E-01  5.79262E-02  1.52396E-03  3.93953E-03  1.85117E-03  7.18266E-04  2.34396E-04 -8.72358E-08  0.00000E+00 -1.14505E-04  1.54526E-03  0.00000E+00 -2.82207E-03  0.00000E+00  0.00000E+00  3.91751E-04  0.00000E+00  0.00000E+00  0.00000E+00  1.12641E-04
 THETA7       -3.16480E-01 -3.06149E+00 -3.15976E-02  1.02766E-04  5.76634E-03  7.18266E-04  2.33224E-03  2.19290E-04  7.96682E-08  0.00000E+00 -1.75562E-05  1.75248E-04  0.00000E+00  4.23313E-05  0.00000E+00  0.00000E+00  1.41972E-04  0.00000E+00  0.00000E+00  0.00000E+00 -9.83809E-04
 THETA8        4.22409E-01 -5.74758E-01  5.97183E-03  1.73024E-04  4.21068E-04  2.34396E-04  2.19290E-04  6.06600E-05 -1.49863E-08  0.00000E+00 -1.15675E-05  3.39732E-04  0.00000E+00 -6.69530E-04  0.00000E+00  0.00000E+00  8.15768E-05  0.00000E+00  0.00000E+00  0.00000E+00 -5.71555E-05
 SIGMA(1,1)    6.78825E-04  4.01162E-04 -6.28583E-06 -6.22472E-08  4.63593E-07 -8.72358E-08  7.96682E-08 -1.49863E-08  6.55172E-11  0.00000E+00  4.07412E-08 -8.27052E-07  0.00000E+00  1.50537E-06  0.00000E+00  0.00000E+00 -1.86268E-07  0.00000E+00  0.00000E+00  0.00000E+00 -4.37588E-07
 SIGMA(2,1)    0.00000E+00  0.00000E+00  0.00000E+00  0.00000E+00  0.00000E+00  0.00000E+00  0.00000E+00  0.00000E+00  0.00000E+00  0.00000E+00  0.00000E+00  0.00000E+00  0.00000E+00  0.00000E+00  0.00000E+00  0.00000E+00  0.00000E+00  0.00000E+00  0.00000E+00  0.00000E+00  0.00000E+00
 SIGMA(2,2)    1.45222E-01  1.83138E-01 -3.32991E-03 -8.90671E-05  2.94347E-05 -1.14505E-04 -1.75562E-05 -1.15675E-05  4.07412E-08  0.00000E+00  2.85052E-04 -3.99871E-04  0.00000E+00  8.09057E-04  0.00000E+00  0.00000E+00 -2.09419E-04  0.00000E+00  0.00000E+00  0.00000E+00 -3.98035E-04
 OMEGA(1,1)   -1.28525E+01 -8.62169E+00  2.82192E-02  6.71718E-04  3.27083E-03  1.54526E-03  1.75248E-04  3.39732E-04 -8.27052E-07  0.00000E+00 -3.99871E-04  1.93524E-02  0.00000E+00 -3.28011E-02  0.00000E+00  0.00000E+00  1.49502E-03  0.00000E+00  0.00000E+00  0.00000E+00  2.57574E-03
 OMEGA(2,1)    0.00000E+00  0.00000E+00  0.00000E+00  0.00000E+00  0.00000E+00  0.00000E+00  0.00000E+00  0.00000E+00  0.00000E+00  0.00000E+00  0.00000E+00  0.00000E+00  0.00000E+00  0.00000E+00  0.00000E+00  0.00000E+00  0.00000E+00  0.00000E+00  0.00000E+00  0.00000E+00  0.00000E+00
 OMEGA(2,2)    2.28077E+01  1.74497E+01 -5.20845E-02 -1.04693E-03 -6.38187E-03 -2.82207E-03  4.23313E-05 -6.69530E-04  1.50537E-06  0.00000E+00  8.09057E-04 -3.28011E-02  0.00000E+00  6.37547E-02  0.00000E+00  0.00000E+00 -3.04244E-03  0.00000E+00  0.00000E+00  0.00000E+00 -5.66037E-03
 OMEGA(3,1)    0.00000E+00  0.00000E+00  0.00000E+00  0.00000E+00  0.00000E+00  0.00000E+00  0.00000E+00  0.00000E+00  0.00000E+00  0.00000E+00  0.00000E+00  0.00000E+00  0.00000E+00  0.00000E+00  0.00000E+00  0.00000E+00  0.00000E+00  0.00000E+00  0.00000E+00  0.00000E+00  0.00000E+00
 OMEGA(3,2)    0.00000E+00  0.00000E+00  0.00000E+00  0.00000E+00  0.00000E+00  0.00000E+00  0.00000E+00  0.00000E+00  0.00000E+00  0.00000E+00  0.00000E+00  0.00000E+00  0.00000E+00  0.00000E+00  0.00000E+00  0.00000E+00  0.00000E+00  0.00000E+00  0.00000E+00  0.00000E+00  0.00000E+00
 OMEGA(3,3)   -3.02051E-02 -1.21954E+00  2.04808E-02  3.65659E-04 -6.09672E-04  3.91751E-04  1.41972E-04  8.15768E-05 -1.86268E-07  0.00000E+00 -2.09419E-04  1.49502E-03  0.00000E+00 -3.04244E-03  0.00000E+00  0.00000E+00  1.44120E-03  0.00000E+00  0.00000E+00  0.00000E+00  1.13839E-03
 OMEGA(4,1)    0.00000E+00  0.00000E+00  0.00000E+00  0.00000E+00  0.00000E+00  0.00000E+00  0.00000E+00  0.00000E+00  0.00000E+00  0.00000E+00  0.00000E+00  0.00000E+00  0.00000E+00  0.00000E+00  0.00000E+00  0.00000E+00  0.00000E+00  0.00000E+00  0.00000E+00  0.00000E+00  0.00000E+00
 OMEGA(4,2)    0.00000E+00  0.00000E+00  0.00000E+00  0.00000E+00  0.00000E+00  0.00000E+00  0.00000E+00  0.00000E+00  0.00000E+00  0.00000E+00  0.00000E+00  0.00000E+00  0.00000E+00  0.00000E+00  0.00000E+00  0.00000E+00  0.00000E+00  0.00000E+00  0.00000E+00  0.00000E+00  0.00000E+00
 OMEGA(4,3)    0.00000E+00  0.00000E+00  0.00000E+00  0.00000E+00  0.00000E+00  0.00000E+00  0.00000E+00  0.00000E+00  0.00000E+00  0.00000E+00  0.00000E+00  0.00000E+00  0.00000E+00  0.00000E+00  0.00000E+00  0.00000E+00  0.00000E+00  0.00000E+00  0.00000E+00  0.00000E+00  0.00000E+00
 OMEGA(4,4)   -6.36590E+00 -1.77793E+00  2.66019E-02 -7.76544E-05 -3.98203E-03  1.12641E-04 -9.83809E-04 -5.71555E-05 -4.37588E-07  0.00000E+00 -3.98035E-04  2.57574E-03  0.00000E+00 -5.66037E-03  0.00000E+00  0.00000E+00  1.13839E-03  0.00000E+00  0.00000E+00  0.00000E+00  4.70425E-03
