TABLE NO.     1: First Order Conditional Estimation with Interaction: Problem=1 Subproblem=0 Superproblem1=0 Iteration1=0 Superproblem2=0 Iteration2=0
 NAME         THETA1       THETA2       THETA3       THETA4       THETA5       THETA6       THETA7       THETA8       SIGMA(1,1)   SIGMA(2,1)   SIGMA(2,2)   OMEGA(1,1)   OMEGA(2,1)   OMEGA(2,2)   OMEGA(3,1)   OMEGA(3,2)   OMEGA(3,3)   OMEGA(4,1)   OMEGA(4,2)   OMEGA(4,3)   OMEGA(4,4)
 THETA1        2.25193E+02  4.75991E-01  5.39703E-01  5.16556E-01 -2.55092E-01  2.62374E-01 -2.91008E-02  2.40840E-01  3.72414E-01  0.00000E+00  3.81958E-02 -4.10265E-01  0.00000E+00  4.01117E-01  0.00000E+00  0.00000E+00 -3.53317E-03  0.00000E+00  0.00000E+00  0.00000E+00 -4.12155E-01
 THETA2        4.75991E-01  1.63792E+02  3.03377E-01  1.23653E-01 -3.35561E-01 -1.14374E-01 -3.87037E-01 -4.50548E-01  3.02586E-01  0.00000E+00  6.62253E-02 -3.78383E-01  0.00000E+00  4.21929E-01  0.00000E+00  0.00000E+00 -1.96128E-01  0.00000E+00  0.00000E+00  0.00000E+00 -1.58262E-01
 THETA3        5.39703E-01  3.03377E-01  2.17936E+00  8.37040E-01 -3.73176E-01  6.17765E-01 -3.00219E-01  3.51826E-01 -3.56333E-01  0.00000E+00 -9.04986E-02  9.30783E-02  0.00000E+00 -9.46507E-02  0.00000E+00  0.00000E+00  2.47546E-01  0.00000E+00  0.00000E+00  0.00000E+00  1.77967E-01
 THETA4        5.16556E-01  1.23653E-01  8.37040E-01  4.13166E-02  9.97492E-02  8.57289E-01  5.15036E-02  5.37690E-01 -1.86131E-01  0.00000E+00 -1.27682E-01  1.16868E-01  0.00000E+00 -1.00354E-01  0.00000E+00  0.00000E+00  2.33126E-01  0.00000E+00  0.00000E+00  0.00000E+00 -2.74029E-02
 THETA5       -2.55092E-01 -3.35561E-01 -3.73176E-01  9.97492E-02  2.43906E-01  3.75404E-01  4.89543E-01  2.21655E-01  2.34821E-01  0.00000E+00  7.14783E-03  9.63979E-02  0.00000E+00 -1.03626E-01  0.00000E+00  0.00000E+00 -6.58432E-02  0.00000E+00  0.00000E+00  0.00000E+00 -2.38033E-01
 THETA6        2.62374E-01 -1.14374E-01  6.17765E-01  8.57289E-01  3.75404E-01  4.30252E-02  3.45681E-01  6.99482E-01 -2.50492E-01  0.00000E+00 -1.57630E-01  2.58173E-01  0.00000E+00 -2.59770E-01  0.00000E+00  0.00000E+00  2.39842E-01  0.00000E+00  0.00000E+00  0.00000E+00  3.81705E-02
 THETA7       -2.91008E-02 -3.87037E-01 -3.00219E-01  5.15036E-02  4.89543E-01  3.45681E-01  4.82933E-02  5.83016E-01  2.03807E-01  0.00000E+00 -2.15319E-02  2.60855E-02  0.00000E+00  3.47151E-03  0.00000E+00  0.00000E+00  7.74378E-02  0.00000E+00  0.00000E+00  0.00000E+00 -2.97015E-01
 THETA8        2.40840E-01 -4.50548E-01  3.51826E-01  5.37690E-01  2.21655E-01  6.99482E-01  5.83016E-01  7.78845E-03 -2.37719E-01  0.00000E+00 -8.79685E-02  3.13558E-01  0.00000E+00 -3.40457E-01  0.00000E+00  0.00000E+00  2.75901E-01  0.00000E+00  0.00000E+00  0.00000E+00 -1.06994E-01
 SIGMA(1,1)    3.72414E-01  3.02586E-01 -3.56333E-01 -1.86131E-01  2.34821E-01 -2.50492E-01  2.03807E-01 -2.37719E-01  8.09427E-06  0.00000E+00  2.98122E-01 -7.34492E-01  0.00000E+00  7.36563E-01  0.00000E+00  0.00000E+00 -6.06174E-01  0.00000E+00  0.00000E+00  0.00000E+00 -7.88211E-01
 SIGMA(2,1)    0.00000E+00  0.00000E+00  0.00000E+00  0.00000E+00  0.00000E+00  0.00000E+00  0.00000E+00  0.00000E+00  0.00000E+00  0.00000E+00  0.00000E+00  0.00000E+00  0.00000E+00  0.00000E+00  0.00000E+00  0.00000E+00  0.00000E+00  0.00000E+00  0.00000E+00  0.00000E+00  0.00000E+00
 SIGMA(2,2)    3.81958E-02  6.62253E-02 -9.04986E-02 -1.27682E-01  7.14783E-03 -1.57630E-01 -2.15319E-02 -8.79685E-02  2.98122E-01  0.00000E+00  1.68835E-02 -1.70251E-01  0.00000E+00  1.89785E-01  0.00000E+00  0.00000E+00 -3.26732E-01  0.00000E+00  0.00000E+00  0.00000E+00 -3.43727E-01
 OMEGA(1,1)   -4.10265E-01 -3.78383E-01  9.30783E-02  1.16868E-01  9.63979E-02  2.58173E-01  2.60855E-02  3.13558E-01 -7.34492E-01  0.00000E+00 -1.70251E-01  1.39113E-01  0.00000E+00 -9.33824E-01  0.00000E+00  0.00000E+00  2.83085E-01  0.00000E+00  0.00000E+00  0.00000E+00  2.69954E-01
 OMEGA(2,1)    0.00000E+00  0.00000E+00  0.00000E+00  0.00000E+00  0.00000E+00  0.00000E+00  0.00000E+00  0.00000E+00  0.00000E+00  0.00000E+00  0.00000E+00  0.00000E+00  0.00000E+00  0.00000E+00  0.00000E+00  0.00000E+00  0.00000E+00  0.00000E+00  0.00000E+00  0.00000E+00  0.00000E+00
 OMEGA(2,2)    4.01117E-01  4.21929E-01 -9.46507E-02 -1.00354E-01 -1.03626E-01 -2.59770E-01  3.47151E-03 -3.40457E-01  7.36563E-01  0.00000E+00  1.89785E-01 -9.33824E-01  0.00000E+00  2.52497E-01  0.00000E+00  0.00000E+00 -3.17397E-01  0.00000E+00  0.00000E+00  0.00000E+00 -3.26846E-01
 OMEGA(3,1)    0.00000E+00  0.00000E+00  0.00000E+00  0.00000E+00  0.00000E+00  0.00000E+00  0.00000E+00  0.00000E+00  0.00000E+00  0.00000E+00  0.00000E+00  0.00000E+00  0.00000E+00  0.00000E+00  0.00000E+00  0.00000E+00  0.00000E+00  0.00000E+00  0.00000E+00  0.00000E+00  0.00000E+00
 OMEGA(3,2)    0.00000E+00  0.00000E+00  0.00000E+00  0.00000E+00  0.00000E+00  0.00000E+00  0.00000E+00  0.00000E+00  0.00000E+00  0.00000E+00  0.00000E+00  0.00000E+00  0.00000E+00  0.00000E+00  0.00000E+00  0.00000E+00  0.00000E+00  0.00000E+00  0.00000E+00  0.00000E+00  0.00000E+00
 OMEGA(3,3)   -3.53317E-03 -1.96128E-01  2.47546E-01  2.33126E-01 -6.58432E-02  2.39842E-01  7.74378E-02  2.75901E-01 -6.06174E-01  0.00000E+00 -3.26732E-01  2.83085E-01  0.00000E+00 -3.17397E-01  0.00000E+00  0.00000E+00  3.79632E-02  0.00000E+00  0.00000E+00  0.00000E+00  4.37202E-01
 OMEGA(4,1)    0.00000E+00  0.00000E+00  0.00000E+00  0.00000E+00  0.00000E+00  0.00000E+00  0.00000E+00  0.00000E+00  0.00000E+00  0.00000E+00  0.00000E+00  0.00000E+00  0.00000E+00  0.00000E+00  0.00000E+00  0.00000E+00  0.00000E+00  0.00000E+00  0.00000E+00  0.00000E+00  0.00000E+00
 OMEGA(4,2)    0.00000E+00  0.00000E+00  0.00000E+00  0.00000E+00  0.00000E+00  0.00000E+00  0.00000E+00  0.00000E+00  0.00000E+00  0.00000E+00  0.00000E+00  0.00000E+00  0.00000E+00  0.00000E+00  0.00000E+00  0.00000E+00  0.00000E+00  0.00000E+00  0.00000E+00  0.00000E+00  0.00000E+00
 OMEGA(4,3)    0.00000E+00  0.00000E+00  0.00000E+00  0.00000E+00  0.00000E+00  0.00000E+00  0.00000E+00  0.00000E+00  0.00000E+00  0.00000E+00  0.00000E+00  0.00000E+00  0.00000E+00  0.00000E+00  0.00000E+00  0.00000E+00  0.00000E+00  0.00000E+00  0.00000E+00  0.00000E+00  0.00000E+00
 OMEGA(4,4)   -4.12155E-01 -1.58262E-01  1.77967E-01 -2.74029E-02 -2.38033E-01  3.81705E-02 -2.97015E-01 -1.06994E-01 -7.88211E-01  0.00000E+00 -3.43727E-01  2.69954E-01  0.00000E+00 -3.26846E-01  0.00000E+00  0.00000E+00  4.37202E-01  0.00000E+00  0.00000E+00  0.00000E+00  6.85875E-02
