TABLE NO.     1: First Order Conditional Estimation with Interaction: Problem=1 Subproblem=0 Superproblem1=0 Iteration1=0 Superproblem2=0 Iteration2=0
 NAME         THETA1       THETA2       THETA3       THETA4       THETA5       THETA6       THETA7       THETA8       SIGMA(1,1)   SIGMA(2,1)   SIGMA(2,2)   OMEGA(1,1)   OMEGA(2,1)   OMEGA(2,2)   OMEGA(3,1)   OMEGA(3,2)   OMEGA(3,3)   OMEGA(4,1)   OMEGA(4,2)   OMEGA(4,3)   OMEGA(4,4)
 THETA1        7.58621E-01 -1.03938E+05 -9.92998E+02 -3.21017E+03  3.17819E+02 -2.59683E+02 -5.98835E+03  5.82918E+04  3.32613E+08  0.00000E+00  6.70636E+14  4.34167E+11  0.00000E+00 -5.24959E+22  0.00000E+00  0.00000E+00  7.84901E+12  0.00000E+00  0.00000E+00  0.00000E+00 -1.40875E+12
 THETA2       -1.03938E+05  4.35334E+11  4.69510E+08  2.64072E+09 -1.23163E+09  4.25985E+08  5.17333E+09  1.52892E+10 -3.52918E+13  0.00000E+00 -7.11576E+19 -4.60671E+16  0.00000E+00  5.57006E+27  0.00000E+00  0.00000E+00 -8.32816E+17  0.00000E+00  0.00000E+00  0.00000E+00  1.49475E+17
 THETA3       -9.92998E+02  4.69510E+08  1.56400E+06  5.94504E+06 -1.35684E+06  6.49088E+05  1.12862E+07 -5.78784E+07 -4.27281E+11  0.00000E+00 -8.61511E+17 -5.57738E+14  0.00000E+00  6.74372E+25  0.00000E+00  0.00000E+00 -1.00830E+16  0.00000E+00  0.00000E+00  0.00000E+00  1.80971E+15
 THETA4       -3.21017E+03  2.64072E+09  5.94504E+06  2.50915E+07 -7.55462E+06  3.13949E+06  4.80930E+07 -1.25042E+08 -1.35387E+12  0.00000E+00 -2.72977E+18 -1.76724E+15  0.00000E+00  2.13680E+26  0.00000E+00  0.00000E+00 -3.19487E+16  0.00000E+00  0.00000E+00  0.00000E+00  5.73421E+15
 THETA5        3.17819E+02 -1.23163E+09 -1.35684E+06 -7.55462E+06  3.48528E+06 -1.21031E+06 -1.47901E+07 -4.12499E+07  1.10345E+11  0.00000E+00  2.22485E+17  1.44036E+14  0.00000E+00 -1.74156E+25  0.00000E+00  0.00000E+00  2.60393E+15  0.00000E+00  0.00000E+00  0.00000E+00 -4.67357E+14
 THETA6       -2.59683E+02  4.25985E+08  6.49088E+05  3.13949E+06 -1.21031E+06  4.50873E+05  6.08563E+06  1.62407E+06 -1.04336E+11  0.00000E+00 -2.10369E+17 -1.36192E+14  0.00000E+00  1.64672E+25  0.00000E+00  0.00000E+00 -2.46212E+15  0.00000E+00  0.00000E+00  0.00000E+00  4.41905E+14
 THETA7       -5.98835E+03  5.17333E+09  1.12862E+07  4.80930E+07 -1.47901E+07  6.08563E+06  9.22703E+07 -2.19587E+08 -2.51955E+12  0.00000E+00 -5.08008E+18 -3.28882E+15  0.00000E+00  3.97658E+26  0.00000E+00  0.00000E+00 -5.94564E+16  0.00000E+00  0.00000E+00  0.00000E+00  1.06713E+16
 THETA8        5.82918E+04  1.52892E+10 -5.78784E+07 -1.25042E+08 -4.12499E+07  1.62407E+06 -2.19587E+08  5.76629E+09  2.61292E+13  0.00000E+00  5.26833E+19  3.41069E+16  0.00000E+00 -4.12394E+27  0.00000E+00  0.00000E+00  6.16597E+17  0.00000E+00  0.00000E+00  0.00000E+00 -1.10668E+17
 SIGMA(1,1)    3.32613E+08 -3.52918E+13 -4.27281E+11 -1.35387E+12  1.10345E+11 -1.04336E+11 -2.51955E+12  2.61292E+13  1.46101E+17  0.00000E+00  2.94578E+23  1.90708E+20  0.00000E+00 -2.30589E+31  0.00000E+00  0.00000E+00  3.44769E+21  0.00000E+00  0.00000E+00  0.00000E+00 -6.18797E+20
 SIGMA(2,1)    0.00000E+00  0.00000E+00  0.00000E+00  0.00000E+00  0.00000E+00  0.00000E+00  0.00000E+00  0.00000E+00  0.00000E+00  0.00000E+00  0.00000E+00  0.00000E+00  0.00000E+00  0.00000E+00  0.00000E+00  0.00000E+00  0.00000E+00  0.00000E+00  0.00000E+00  0.00000E+00  0.00000E+00
 SIGMA(2,2)    6.70636E+14 -7.11576E+19 -8.61511E+17 -2.72977E+18  2.22485E+17 -2.10369E+17 -5.08008E+18  5.26833E+19  2.94578E+23  0.00000E+00  5.93947E+29  3.84519E+26  0.00000E+00 -4.64929E+37  0.00000E+00  0.00000E+00  6.95146E+27  0.00000E+00  0.00000E+00  0.00000E+00 -1.24766E+27
 OMEGA(1,1)    4.34167E+11 -4.60671E+16 -5.57738E+14 -1.76724E+15  1.44036E+14 -1.36192E+14 -3.28882E+15  3.41069E+16  1.90708E+20  0.00000E+00  3.84519E+26  2.48936E+23  0.00000E+00 -3.00993E+34  0.00000E+00  0.00000E+00  4.50034E+24  0.00000E+00  0.00000E+00  0.00000E+00 -8.07728E+23
 OMEGA(2,1)    0.00000E+00  0.00000E+00  0.00000E+00  0.00000E+00  0.00000E+00  0.00000E+00  0.00000E+00  0.00000E+00  0.00000E+00  0.00000E+00  0.00000E+00  0.00000E+00  0.00000E+00  0.00000E+00  0.00000E+00  0.00000E+00  0.00000E+00  0.00000E+00  0.00000E+00  0.00000E+00  0.00000E+00
 OMEGA(2,2)   -5.24959E+22  5.57006E+27  6.74372E+25  2.13680E+26 -1.74156E+25  1.64672E+25  3.97658E+26 -4.12394E+27 -2.30589E+31  0.00000E+00 -4.64929E+37 -3.00993E+34  0.00000E+00  3.63936E+45  0.00000E+00  0.00000E+00 -5.44145E+35  0.00000E+00  0.00000E+00  0.00000E+00  9.76640E+34
 OMEGA(3,1)    0.00000E+00  0.00000E+00  0.00000E+00  0.00000E+00  0.00000E+00  0.00000E+00  0.00000E+00  0.00000E+00  0.00000E+00  0.00000E+00  0.00000E+00  0.00000E+00  0.00000E+00  0.00000E+00  0.00000E+00  0.00000E+00  0.00000E+00  0.00000E+00  0.00000E+00  0.00000E+00  0.00000E+00
 OMEGA(3,2)    0.00000E+00  0.00000E+00  0.00000E+00  0.00000E+00  0.00000E+00  0.00000E+00  0.00000E+00  0.00000E+00  0.00000E+00  0.00000E+00  0.00000E+00  0.00000E+00  0.00000E+00  0.00000E+00  0.00000E+00  0.00000E+00  0.00000E+00  0.00000E+00  0.00000E+00  0.00000E+00  0.00000E+00
 OMEGA(3,3)    7.84901E+12 -8.32816E+17 -1.00830E+16 -3.19487E+16  2.60393E+15 -2.46212E+15 -5.94564E+16  6.16597E+17  3.44769E+21  0.00000E+00  6.95146E+27  4.50034E+24  0.00000E+00 -5.44145E+35  0.00000E+00  0.00000E+00  8.13586E+25  0.00000E+00  0.00000E+00  0.00000E+00 -1.46024E+25
 OMEGA(4,1)    0.00000E+00  0.00000E+00  0.00000E+00  0.00000E+00  0.00000E+00  0.00000E+00  0.00000E+00  0.00000E+00  0.00000E+00  0.00000E+00  0.00000E+00  0.00000E+00  0.00000E+00  0.00000E+00  0.00000E+00  0.00000E+00  0.00000E+00  0.00000E+00  0.00000E+00  0.00000E+00  0.00000E+00
 OMEGA(4,2)    0.00000E+00  0.00000E+00  0.00000E+00  0.00000E+00  0.00000E+00  0.00000E+00  0.00000E+00  0.00000E+00  0.00000E+00  0.00000E+00  0.00000E+00  0.00000E+00  0.00000E+00  0.00000E+00  0.00000E+00  0.00000E+00  0.00000E+00  0.00000E+00  0.00000E+00  0.00000E+00  0.00000E+00
 OMEGA(4,3)    0.00000E+00  0.00000E+00  0.00000E+00  0.00000E+00  0.00000E+00  0.00000E+00  0.00000E+00  0.00000E+00  0.00000E+00  0.00000E+00  0.00000E+00  0.00000E+00  0.00000E+00  0.00000E+00  0.00000E+00  0.00000E+00  0.00000E+00  0.00000E+00  0.00000E+00  0.00000E+00  0.00000E+00
 OMEGA(4,4)   -1.40875E+12  1.49475E+17  1.80971E+15  5.73421E+15 -4.67357E+14  4.41905E+14  1.06713E+16 -1.10668E+17 -6.18797E+20  0.00000E+00 -1.24766E+27 -8.07728E+23  0.00000E+00  9.76640E+34  0.00000E+00  0.00000E+00 -1.46024E+25  0.00000E+00  0.00000E+00  0.00000E+00  2.62086E+24
