TABLE NO.     1: First Order Conditional Estimation with Interaction: Problem=1 Subproblem=0 Superproblem1=0 Iteration1=0 Superproblem2=0 Iteration2=0
 NAME         THETA1       THETA2       THETA3       THETA4       THETA5       THETA6       THETA7       THETA8       SIGMA(1,1)   SIGMA(2,1)   SIGMA(2,2)   OMEGA(1,1)   OMEGA(2,1)   OMEGA(2,2)   OMEGA(3,1)   OMEGA(3,2)   OMEGA(3,3)   OMEGA(4,1)   OMEGA(4,2)   OMEGA(4,3)   OMEGA(4,4)
 THETA1        4.78412E+00 -4.63952E-01 -3.51064E+02 -2.98069E+03  4.23573E+03  1.45455E+03  1.58434E+04 -1.81753E+05 -9.39651E+08  0.00000E+00 -1.72700E+04 -2.72563E+04  0.00000E+00 -1.66281E+03  0.00000E+00  0.00000E+00 -4.17981E+04  0.00000E+00  0.00000E+00  0.00000E+00 -5.29391E+04
 THETA2       -4.63952E-01  4.51010E-02  3.40354E+01  2.89275E+02 -4.10752E+02 -1.41118E+02 -1.53646E+03  1.76269E+04  9.11189E+07  0.00000E+00  1.67475E+03  2.64306E+03  0.00000E+00  1.61238E+02  0.00000E+00  0.00000E+00  4.05323E+03  0.00000E+00  0.00000E+00  0.00000E+00  5.13361E+03
 THETA3       -3.51064E+02  3.40354E+01  2.57678E+04  2.18563E+05 -3.10808E+05 -1.06833E+05 -1.16255E+06  1.33372E+07  6.89541E+10  0.00000E+00  1.26729E+06  2.00015E+06  0.00000E+00  1.22022E+05  0.00000E+00  0.00000E+00  3.06725E+06  0.00000E+00  0.00000E+00  0.00000E+00  3.88482E+06
 THETA4       -2.98069E+03  2.89275E+02  2.18563E+05  1.86630E+06 -2.63934E+06 -9.08234E+05 -9.87124E+06  1.13240E+08  5.85409E+11  0.00000E+00  1.07605E+07  1.69805E+07  0.00000E+00  1.03576E+06  0.00000E+00  0.00000E+00  2.60402E+07  0.00000E+00  0.00000E+00  0.00000E+00  3.29820E+07
 THETA5        4.23573E+03 -4.10752E+02 -3.10808E+05 -2.63934E+06  3.75036E+06  1.28716E+06  1.40277E+07 -1.60921E+08 -8.31954E+11  0.00000E+00 -1.52908E+07 -2.41324E+07  0.00000E+00 -1.47223E+06  0.00000E+00  0.00000E+00 -3.70075E+07  0.00000E+00  0.00000E+00  0.00000E+00 -4.68716E+07
 THETA6        1.45455E+03 -1.41118E+02 -1.06833E+05 -9.08234E+05  1.28716E+06  4.50269E+05  4.81467E+06 -5.52628E+07 -2.85680E+11  0.00000E+00 -5.25006E+06 -8.28670E+06  0.00000E+00 -5.05454E+05  0.00000E+00  0.00000E+00 -1.27071E+07  0.00000E+00  0.00000E+00  0.00000E+00 -1.60956E+07
 THETA7        1.58434E+04 -1.53646E+03 -1.16255E+06 -9.87124E+06  1.40277E+07  4.81467E+06  5.24707E+07 -6.01917E+08 -3.11185E+12  0.00000E+00 -5.71937E+07 -9.02651E+07  0.00000E+00 -5.50692E+06  0.00000E+00  0.00000E+00 -1.38423E+08  0.00000E+00  0.00000E+00  0.00000E+00 -1.75319E+08
 THETA8       -1.81753E+05  1.76269E+04  1.33372E+07  1.13240E+08 -1.60921E+08 -5.52628E+07 -6.01917E+08  6.90511E+09  3.56986E+13  0.00000E+00  6.56115E+08  1.03551E+09  0.00000E+00  6.31737E+07  0.00000E+00  0.00000E+00  1.58797E+09  0.00000E+00  0.00000E+00  0.00000E+00  2.01124E+09
 SIGMA(1,1)   -9.39651E+08  9.11189E+07  6.89541E+10  5.85409E+11 -8.31954E+11 -2.85680E+11 -3.11185E+12  3.56986E+13  1.84561E+17  0.00000E+00  3.39209E+12  5.35354E+12  0.00000E+00  3.26601E+11  0.00000E+00  0.00000E+00  8.20973E+12  0.00000E+00  0.00000E+00  0.00000E+00  1.03980E+13
 SIGMA(2,1)    0.00000E+00  0.00000E+00  0.00000E+00  0.00000E+00  0.00000E+00  0.00000E+00  0.00000E+00  0.00000E+00  0.00000E+00  0.00000E+00  0.00000E+00  0.00000E+00  0.00000E+00  0.00000E+00  0.00000E+00  0.00000E+00  0.00000E+00  0.00000E+00  0.00000E+00  0.00000E+00  0.00000E+00
 SIGMA(2,2)   -1.72700E+04  1.67475E+03  1.26729E+06  1.07605E+07 -1.52908E+07 -5.25006E+06 -5.71937E+07  6.56115E+08  3.39209E+12  0.00000E+00  6.23489E+07  9.83942E+07  0.00000E+00  6.00267E+06  0.00000E+00  0.00000E+00  1.50889E+08  0.00000E+00  0.00000E+00  0.00000E+00  1.91109E+08
 OMEGA(1,1)   -2.72563E+04  2.64306E+03  2.00015E+06  1.69805E+07 -2.41324E+07 -8.28670E+06 -9.02651E+07  1.03551E+09  5.35354E+12  0.00000E+00  9.83942E+07  1.55290E+08  0.00000E+00  9.47393E+06  0.00000E+00  0.00000E+00  2.38139E+08  0.00000E+00  0.00000E+00  0.00000E+00  3.01614E+08
 OMEGA(2,1)    0.00000E+00  0.00000E+00  0.00000E+00  0.00000E+00  0.00000E+00  0.00000E+00  0.00000E+00  0.00000E+00  0.00000E+00  0.00000E+00  0.00000E+00  0.00000E+00  0.00000E+00  0.00000E+00  0.00000E+00  0.00000E+00  0.00000E+00  0.00000E+00  0.00000E+00  0.00000E+00  0.00000E+00
 OMEGA(2,2)   -1.66281E+03  1.61238E+02  1.22022E+05  1.03576E+06 -1.47223E+06 -5.05454E+05 -5.50692E+06  6.31737E+07  3.26601E+11  0.00000E+00  6.00267E+06  9.47393E+06  0.00000E+00  5.78113E+05  0.00000E+00  0.00000E+00  1.45281E+07  0.00000E+00  0.00000E+00  0.00000E+00  1.84005E+07
 OMEGA(3,1)    0.00000E+00  0.00000E+00  0.00000E+00  0.00000E+00  0.00000E+00  0.00000E+00  0.00000E+00  0.00000E+00  0.00000E+00  0.00000E+00  0.00000E+00  0.00000E+00  0.00000E+00  0.00000E+00  0.00000E+00  0.00000E+00  0.00000E+00  0.00000E+00  0.00000E+00  0.00000E+00  0.00000E+00
 OMEGA(3,2)    0.00000E+00  0.00000E+00  0.00000E+00  0.00000E+00  0.00000E+00  0.00000E+00  0.00000E+00  0.00000E+00  0.00000E+00  0.00000E+00  0.00000E+00  0.00000E+00  0.00000E+00  0.00000E+00  0.00000E+00  0.00000E+00  0.00000E+00  0.00000E+00  0.00000E+00  0.00000E+00  0.00000E+00
 OMEGA(3,3)   -4.17981E+04  4.05323E+03  3.06725E+06  2.60402E+07 -3.70075E+07 -1.27071E+07 -1.38423E+08  1.58797E+09  8.20973E+12  0.00000E+00  1.50889E+08  2.38139E+08  0.00000E+00  1.45281E+07  0.00000E+00  0.00000E+00  3.65191E+08  0.00000E+00  0.00000E+00  0.00000E+00  4.62530E+08
 OMEGA(4,1)    0.00000E+00  0.00000E+00  0.00000E+00  0.00000E+00  0.00000E+00  0.00000E+00  0.00000E+00  0.00000E+00  0.00000E+00  0.00000E+00  0.00000E+00  0.00000E+00  0.00000E+00  0.00000E+00  0.00000E+00  0.00000E+00  0.00000E+00  0.00000E+00  0.00000E+00  0.00000E+00  0.00000E+00
 OMEGA(4,2)    0.00000E+00  0.00000E+00  0.00000E+00  0.00000E+00  0.00000E+00  0.00000E+00  0.00000E+00  0.00000E+00  0.00000E+00  0.00000E+00  0.00000E+00  0.00000E+00  0.00000E+00  0.00000E+00  0.00000E+00  0.00000E+00  0.00000E+00  0.00000E+00  0.00000E+00  0.00000E+00  0.00000E+00
 OMEGA(4,3)    0.00000E+00  0.00000E+00  0.00000E+00  0.00000E+00  0.00000E+00  0.00000E+00  0.00000E+00  0.00000E+00  0.00000E+00  0.00000E+00  0.00000E+00  0.00000E+00  0.00000E+00  0.00000E+00  0.00000E+00  0.00000E+00  0.00000E+00  0.00000E+00  0.00000E+00  0.00000E+00  0.00000E+00
 OMEGA(4,4)   -5.29391E+04  5.13361E+03  3.88482E+06  3.29820E+07 -4.68716E+07 -1.60956E+07 -1.75319E+08  2.01124E+09  1.03980E+13  0.00000E+00  1.91109E+08  3.01614E+08  0.00000E+00  1.84005E+07  0.00000E+00  0.00000E+00  4.62530E+08  0.00000E+00  0.00000E+00  0.00000E+00  5.85817E+08
