TABLE NO.     1: First Order Conditional Estimation with Interaction: Problem=1 Subproblem=0 Superproblem1=0 Iteration1=0 Superproblem2=0 Iteration2=0
 NAME         THETA1       THETA2       THETA3       THETA4       THETA5       THETA6       THETA7       THETA8       SIGMA(1,1)   SIGMA(2,1)   SIGMA(2,2)   OMEGA(1,1)   OMEGA(2,1)   OMEGA(2,2)   OMEGA(3,1)   OMEGA(3,2)   OMEGA(3,3)   OMEGA(4,1)   OMEGA(4,2)   OMEGA(4,3)   OMEGA(4,4)
 THETA1        5.15453E-04 -1.78220E-03  1.46173E-01 -4.29628E+01 -1.14392E-01  3.40417E+01 -8.19251E+00  6.29414E+00 -1.37514E+02  0.00000E+00 -3.74988E+03 -1.87355E+02  0.00000E+00 -1.10144E+02  0.00000E+00  0.00000E+00 -2.69450E+02  0.00000E+00  0.00000E+00  0.00000E+00  2.37852E+01
 THETA2       -1.78220E-03  6.60774E-03 -4.66356E-01  1.60011E+02  1.37656E-01 -1.28384E+02  3.46592E+01 -3.28403E+01  1.18611E+03  0.00000E+00  1.08817E+05  5.93555E+02  0.00000E+00  3.46567E+02  0.00000E+00  0.00000E+00  8.69830E+02  0.00000E+00  0.00000E+00  0.00000E+00 -1.43634E+01
 THETA3        1.46173E-01 -4.66356E-01  5.31964E+01 -1.15070E+04 -9.89061E+01  9.01618E+03 -1.32110E+03 -2.07979E+03  5.37055E+04  0.00000E+00  7.37935E+06 -2.76769E+04  0.00000E+00 -1.61900E+04  0.00000E+00  0.00000E+00 -4.05430E+04  0.00000E+00  0.00000E+00  0.00000E+00  4.88312E+03
 THETA4       -4.29628E+01  1.60011E+02 -1.15070E+04  3.95364E+06  2.54591E+03 -3.16472E+06  8.61506E+05 -9.07355E+05  2.94607E+07  0.00000E+00  2.83225E+09  1.50610E+07  0.00000E+00  8.78354E+06  0.00000E+00  0.00000E+00  2.17930E+07  0.00000E+00  0.00000E+00  0.00000E+00 -2.62779E+05
 THETA5       -1.14392E-01  1.37656E-01 -9.89061E+01  2.54591E+03  1.47359E+03 -6.56290E+03 -1.03068E+04  6.22986E+04 -1.02195E+06  0.00000E+00 -5.99316E+07 -3.94940E+05  0.00000E+00 -2.20522E+05  0.00000E+00  0.00000E+00 -4.78103E+05  0.00000E+00  0.00000E+00  0.00000E+00  8.08145E+04
 THETA6        3.40417E+01 -1.28384E+02  9.01618E+03 -3.16472E+06 -6.56290E+03  2.56596E+06 -6.72581E+05  5.32979E+05 -2.34475E+07  0.00000E+00 -2.61347E+09 -1.01420E+07  0.00000E+00 -5.95591E+06  0.00000E+00  0.00000E+00 -1.52044E+07  0.00000E+00  0.00000E+00  0.00000E+00 -4.27740E+05
 THETA7       -8.19251E+00  3.46592E+01 -1.32110E+03  8.61506E+05 -1.03068E+04 -6.72581E+05  2.87283E+05 -7.03361E+05  1.65868E+07  0.00000E+00  1.41795E+09  6.01742E+06  0.00000E+00  3.45169E+06  0.00000E+00  0.00000E+00  8.16887E+06  0.00000E+00  0.00000E+00  0.00000E+00 -2.54905E+05
 THETA8        6.29414E+00 -3.28403E+01 -2.07979E+03 -9.07355E+05  6.22986E+04  5.32979E+05 -7.03361E+05  3.34757E+06 -4.71135E+07  0.00000E+00 -1.75325E+09 -2.55469E+07  0.00000E+00 -1.45298E+07  0.00000E+00  0.00000E+00 -3.22322E+07  0.00000E+00  0.00000E+00  0.00000E+00  3.67016E+06
 SIGMA(1,1)   -1.37514E+02  1.18611E+03  5.37055E+04  2.94607E+07 -1.02195E+06 -2.34475E+07  1.65868E+07 -4.71135E+07  1.58418E+09  0.00000E+00  1.98130E+11  2.07620E+08  0.00000E+00  1.11890E+08  0.00000E+00  0.00000E+00  2.66597E+08  0.00000E+00  0.00000E+00  0.00000E+00  2.22120E+07
 SIGMA(2,1)    0.00000E+00  0.00000E+00  0.00000E+00  0.00000E+00  0.00000E+00  0.00000E+00  0.00000E+00  0.00000E+00  0.00000E+00  0.00000E+00  0.00000E+00  0.00000E+00  0.00000E+00  0.00000E+00  0.00000E+00  0.00000E+00  0.00000E+00  0.00000E+00  0.00000E+00  0.00000E+00  0.00000E+00
 SIGMA(2,2)   -3.74988E+03  1.08817E+05  7.37935E+06  2.83225E+09 -5.99316E+07 -2.61347E+09  1.41795E+09 -1.75325E+09  1.98130E+11  0.00000E+00  4.53540E+13 -1.51427E+09  0.00000E+00 -1.37607E+09  0.00000E+00  0.00000E+00 -2.82546E+09  0.00000E+00  0.00000E+00  0.00000E+00  1.97426E+09
 OMEGA(1,1)   -1.87355E+02  5.93555E+02 -2.76769E+04  1.50610E+07 -3.94940E+05 -1.01420E+07  6.01742E+06 -2.55469E+07  2.07620E+08  0.00000E+00 -1.51427E+09  4.61706E+08  0.00000E+00  2.81009E+08  0.00000E+00  0.00000E+00  6.59548E+08  0.00000E+00  0.00000E+00  0.00000E+00 -1.25087E+08
 OMEGA(2,1)    0.00000E+00  0.00000E+00  0.00000E+00  0.00000E+00  0.00000E+00  0.00000E+00  0.00000E+00  0.00000E+00  0.00000E+00  0.00000E+00  0.00000E+00  0.00000E+00  0.00000E+00  0.00000E+00  0.00000E+00  0.00000E+00  0.00000E+00  0.00000E+00  0.00000E+00  0.00000E+00  0.00000E+00
 OMEGA(2,2)   -1.10144E+02  3.46567E+02 -1.61900E+04  8.78354E+06 -2.20522E+05 -5.95591E+06  3.45169E+06 -1.45298E+07  1.11890E+08  0.00000E+00 -1.37607E+09  2.81009E+08  0.00000E+00  1.72962E+08  0.00000E+00  0.00000E+00  4.07612E+08  0.00000E+00  0.00000E+00  0.00000E+00 -7.97618E+07
 OMEGA(3,1)    0.00000E+00  0.00000E+00  0.00000E+00  0.00000E+00  0.00000E+00  0.00000E+00  0.00000E+00  0.00000E+00  0.00000E+00  0.00000E+00  0.00000E+00  0.00000E+00  0.00000E+00  0.00000E+00  0.00000E+00  0.00000E+00  0.00000E+00  0.00000E+00  0.00000E+00  0.00000E+00  0.00000E+00
 OMEGA(3,2)    0.00000E+00  0.00000E+00  0.00000E+00  0.00000E+00  0.00000E+00  0.00000E+00  0.00000E+00  0.00000E+00  0.00000E+00  0.00000E+00  0.00000E+00  0.00000E+00  0.00000E+00  0.00000E+00  0.00000E+00  0.00000E+00  0.00000E+00  0.00000E+00  0.00000E+00  0.00000E+00  0.00000E+00
 OMEGA(3,3)   -2.69450E+02  8.69830E+02 -4.05430E+04  2.17930E+07 -4.78103E+05 -1.52044E+07  8.16887E+06 -3.22322E+07  2.66597E+08  0.00000E+00 -2.82546E+09  6.59548E+08  0.00000E+00  4.07612E+08  0.00000E+00  0.00000E+00  9.75271E+08  0.00000E+00  0.00000E+00  0.00000E+00 -1.78894E+08
 OMEGA(4,1)    0.00000E+00  0.00000E+00  0.00000E+00  0.00000E+00  0.00000E+00  0.00000E+00  0.00000E+00  0.00000E+00  0.00000E+00  0.00000E+00  0.00000E+00  0.00000E+00  0.00000E+00  0.00000E+00  0.00000E+00  0.00000E+00  0.00000E+00  0.00000E+00  0.00000E+00  0.00000E+00  0.00000E+00
 OMEGA(4,2)    0.00000E+00  0.00000E+00  0.00000E+00  0.00000E+00  0.00000E+00  0.00000E+00  0.00000E+00  0.00000E+00  0.00000E+00  0.00000E+00  0.00000E+00  0.00000E+00  0.00000E+00  0.00000E+00  0.00000E+00  0.00000E+00  0.00000E+00  0.00000E+00  0.00000E+00  0.00000E+00  0.00000E+00
 OMEGA(4,3)    0.00000E+00  0.00000E+00  0.00000E+00  0.00000E+00  0.00000E+00  0.00000E+00  0.00000E+00  0.00000E+00  0.00000E+00  0.00000E+00  0.00000E+00  0.00000E+00  0.00000E+00  0.00000E+00  0.00000E+00  0.00000E+00  0.00000E+00  0.00000E+00  0.00000E+00  0.00000E+00  0.00000E+00
 OMEGA(4,4)    2.37852E+01 -1.43634E+01  4.88312E+03 -2.62779E+05  8.08145E+04 -4.27740E+05 -2.54905E+05  3.67016E+06  2.22120E+07  0.00000E+00  1.97426E+09 -1.25087E+08  0.00000E+00 -7.97618E+07  0.00000E+00  0.00000E+00 -1.78894E+08  0.00000E+00  0.00000E+00  0.00000E+00  1.50448E+08
