dmp.txt <- structure(
	.Data = list(
		"coefficients" = list(
			"fixed" = c("CMultStdev" = 0.503182165248736, "tvVmax" = 5773.72561664114, "tvKm" = 2644.1565477946, "tvV" = 75.8108932309377, "tvKa" = 1.41242609631628, "K12" = 0.232117573237892, "K21" = 1.09927542932064, "K13" = 0.0365959216599347, "K31" = 0.0479265808499454, "dVdWT" = 1.31197423209287, "CEps" = 0.499972843023583)
			, "random" = list("Subject" = matrix(
				as.numeric(c(
					 0.220924322555565,  0.553990867824092,  -0.416158404535525
					,  0.050445404190429,  -0.275695815108529,  0.103849257718875
					,  -0.442785313062448,  0.108243770203679,  0.623711846805043
					,  -0.604574171633286,  -0.383515863179704,  -0.486678943334445
					,  0.475213360828359,  0.329158221087755,  0.176457181814352
					,  -0.233368968122473,  -0.236815575166409,  -1.0381249830591
					,  0.124685553896243,  0.410045135263954,  0.151519208402927
					,  0.124029682913649,  -0.558002100365847,  -0.358678814571982
					,  0.15828986494027,  -0.122774983282093,  0.25094295990006
					,  -1.13506285109728,  -0.463641408578437,  -0.44458774881235
					,  0.166941607738895,  -0.283185438994133,  -0.0482178077874259
					,  -0.397404109964258,  0.837951724343627,  0.206260369653326
					,  0.0423865228321879,  0.267625045225225,  0.0195115123601945
					,  0.506529180273923,  -0.187920656371176,  0.503305402998584
					,  0.627768802668204,  -0.161436071301617,  0.445601134541731
					,  -0.277971252863354,  0.272471325216054,  0.157057298800961
					,  0.675151735191379,  0.72563530304223,  0.164889548821458
					,  -0.291422086346788,  0.0710257214816442,  -0.298758388824362
					,  -0.103528922485656,  0.679810926326932,  0.223074700324084
					,  -0.157507267350809,  -0.181934933410492,  -0.294897332032257
					,  -0.875257536249837,  -0.241938660476471,  0.957195776002931
					,  0.243867083408813,  0.390262756667541,  -0.00158986006559468
					,  0.535789626647098,  0.340866884443516,  -0.0427777181466895
					,  0.0204791752094482,  -0.110743416355355,  0.125778529961022
					,  0.294983141880844,  0.120730799491763,  -0.175536899639276
					,  -0.00558257218427909,  -0.167892836865444,  -0.0347905681691411
					,  0.212424727806284,  -0.535796791876729,  0.285596150264731
					,  -0.346533688649069,  0.252839423490314,  0.543281339620641
					,  0.0205424419144141,  0.0316106381822822,  -0.204474386193569
					,  -0.793212493129357,  0.10879899764382,  -0.638720286928002
					,  0.583791290244632,  -0.301006913475251,  -0.163631827843921
					,  -0.499116323057223,  0.192589384578298,  0.0297324974675499
					,  -0.588585608139444,  0.524890966892534,  -0.403223154443114
					,  -0.39106132866525,  -0.251976426112909,  -0.225998441800801
					,  0.529127305023571,  -0.519019278379509,  0.132545631307393
					,  0.26403221679713,  -0.109225886086998,  -0.178474129252007
					,  0.663951026073013,  0.222622680237855,  -0.120904178970067
					,  -0.189786935660139,  -0.0334373729143507,  -0.536677237433083
					,  0.179789938391371,  0.00365355104151292,  0.705458942351532
					,  0.187873267453242,  -0.59457692635549,  -0.650183471546358
					))
				, nrow = 60, ncol = 2
				, dimnames = list(
					as.character(c( "1", "2", "3", "4", "5", "6", "7", "8", "9", "10"
					  , "11", "12", "13", "14", "15", "16", "17", "18", "19", "20"
					  , "21", "22", "23", "24", "25", "26", "27", "28", "29", "30"
					  , "31", "32", "33", "34", "35", "36", "37", "38", "39", "40"
					  , "41", "42", "43", "44", "45", "46", "47", "48", "49", "50"
					  , "51", "52", "53", "54", "55", "56", "57", "58", "59", "60"))
					, as.character(c("nVmax", "nV"))
					)
				))
			)
		, "logLik" = c(-3204.05)
		, "nObs" = c(480)
		, "nSubj" = c(60)
		, "nParm" = c(14)
		, "returnCode" = c(3)
		, "omega" = matrix(
			as.numeric(c(0.350731333295612, 0.0900060815625175, 0.0900060815625175, 0.287742463858198))
			, nrow = 2, ncol = 2
			, dimnames = list(
				as.character(c("nVmax", "nV"))
				, as.character(c("nVmax", "nV"))
				)
			)
		, "eta" = matrix(
			as.numeric(c(0.00949757147572768, -0.0204437827428272, 0.171032786374846, 0.152626467946484, 0.413561103556471, 0.390674375850892, 0.301683341364627, 0.271695576099212))
			, nrow = 2, ncol = 4
			, dimnames = list(
				as.character(c("nVmax", "nV"))
				, as.character(c("mean", "var", "sd", "shrinkage"))
				)
			)
		, "eta_shrinkage" = list("Subject" = matrix(
			as.numeric(c(
				 0.0522313035065406,  0.0685427331431514,  0.578275319749225
				,  0.300938830476284,  0.421356267500896,  0.0859770238317346
				,  0.56113466537833,  0.251320028393212,  0.0801226590785535
				,  0.329436227388672,  0.327777744739285,  0.430921239441371
				,  0.084611610587188,  0.0637243890751257,  0.109904602027055
				,  0.18852265796191,  0.176087405227629,  0.604191076026921
				,  0.204506603963126,  0.0651335099918752,  0.254440400280505
				,  0.100099648121752,  0.445635906552369,  0.235154523080743
				,  0.143548517131787,  0.186419662029318,  0.0742646431397954
				,  0.159307515877158,  0.267342410491984,  0.131251260963074
				,  0.366211089727664,  0.127134036435312,  0.141808911205763
				,  0.139522713866535,  0.0634525023310265,  0.0973718046100581
				,  0.0627842891650188,  0.200104804088097,  0.118820401128244
				,  0.0678445806745536,  0.129270006925509,  0.0658708110892824
				,  0.150837492745998,  0.104740462092226,  0.0768345984276623
				,  0.260874218574826,  0.0962427096219968,  0.107265295621739
				,  0.129292605914578,  0.099584870597014,  0.106969339082925
				,  0.133477058283933,  0.144597685840752,  0.0716159639791333
				,  0.361648277034832,  0.112786789655421,  0.235514384518771
				,  0.159723083497911,  0.0972055539668995,  0.0853876606500335
				,  0.168334053727368,  0.179665358870607,  0.138375409030996
				,  0.160972808598995,  0.152903276777531,  0.169957441908017
				,  0.140595392910544,  0.16787301340824,  0.180211237337354
				,  0.154582266125613,  0.153856909886131,  0.151360674386659
				,  0.175657467152551,  0.169278939274458,  0.172759783806303
				,  0.166493536463109,  0.170833392521349,  0.134152642655031
				,  0.170418411467897,  0.176613148647456,  0.169789673228129
				,  0.169956827102396,  0.151244162102306,  0.162901299259829
				,  0.172421403449032,  0.175044767035855,  0.171821998895933
				,  0.155019056370328,  0.162107203469368,  0.169332462160214
				,  0.160555714741787,  0.16377465860409,  0.177022123465105
				,  0.169456165055295,  0.191642249809768,  0.168209745511836
				,  0.167399783334087,  0.169205204690506,  0.169717166484331
				,  0.171527981340334,  0.170015257841385,  0.185529899799493
				,  0.182329106998062,  0.168184092809829,  0.17333420441465
				,  0.166167418704934,  0.171965402305046,  0.17272064091123
				,  0.174377079486221,  0.176543351483233,  0.1742871142249
				,  0.167455044915584,  0.172185981282407,  0.154022911603032
				,  0.159327316519783,  0.183293303993094,  0.164896243393677
				,  0.16906964023522,  0.167228619316835,  0.16835928921114
				))
			, nrow = 60, ncol = 2
			, dimnames = list(
				as.character(c( "1", "2", "3", "4", "5", "6", "7", "8", "9", "10"
				  , "11", "12", "13", "14", "15", "16", "17", "18", "19", "20"
				  , "21", "22", "23", "24", "25", "26", "27", "28", "29", "30"
				  , "31", "32", "33", "34", "35", "36", "37", "38", "39", "40"
				  , "41", "42", "43", "44", "45", "46", "47", "48", "49", "50"
				  , "51", "52", "53", "54", "55", "56", "57", "58", "59", "60"))
				, as.character(c("nVmax_shrinkage", "nV_shrinkage"))
				)
			))
		, "sigma" = matrix(
			as.numeric(c(0.249972843761085))
			, nrow = 1, ncol = 1
			, dimnames = list(
				as.character(c("CEps"))
				, as.character(c("CEps"))
				)
			)
		, "method" = "FOCE-ELS"
		, "varFix" = matrix(
			as.numeric(c(0.00082204374380878, 12.6403676379473, 8.41489475519669, 0.0925237146857759, 0.00104840698262909, 0.00141782012668657, 0.0118942040066547, 4.4348023608107e-005, 4.93883885624938e-005, 0.00133903544142915, -0.0137803901210852, 12.6403676379473, 66680950.4346552, 35032294.6192098, -9979.75352891265, -341.092691679239, -567.820503476979, -4082.18957661521, -60.6337241661891, 9.5563515946876, 1026.61354650212, -17454.7685783218, 8.41489475519669, 35032294.6192098, 19183904.9407322, -6967.55363179853, -186.260592282889, -286.019120590901, -2105.00437993848, -33.432074292397, 5.80466555690755, 656.227074054855, -9240.98385585538, 0.0925237146857759, -9979.75352891265, -6967.55363179853, 122.145650690645, 1.68689054735612, 1.20761045244018, 11.8415160796899, -0.00547122252534859, -0.00147388952350708, 0.877369903347402, -7.04347932659113, 0.00104840698262909, -341.092691679239, -186.260592282889, 1.68689054735612, 0.0738154376226421, 0.0511772701675871, 0.476558252165294, 0.000626988231738592, 0.000776691588635918, 0.0323057529800931, -0.229044908002777, 0.00141782012668657, -567.820503476979, -286.019120590901, 1.20761045244018, 0.0511772701675871, 0.0594583026855717, 0.523555674916379, 0.00187786467847249, 0.00136731701212899, 0.0202884849866305, -0.215351410036339, 0.0118942040066547, -4082.18957661521, -2105.00437993848, 11.8415160796899, 0.476558252165294, 0.523555674916379, 4.67558062621954, 0.0143039336941853, 0.0110117809959093, 0.195040800940344, -2.20552050610887, 4.4348023608107e-005, -60.6337241661891, -33.432074292397, -0.00547122252534859, 0.000626988231738592, 0.00187786467847249, 0.0143039336941853, 0.000167523275487397, 8.02399506409034e-005, -0.001032053811222, 0.00626178859152366, 4.93883885624938e-005, 9.5563515946876, 5.80466555690755, -0.00147388952350708, 0.000776691588635918, 0.00136731701212899, 0.0110117809959093, 8.02399506409034e-005, 0.000104637234307195, 0.000316338471204868, -0.0145697667207521, 0.00133903544142915, 1026.61354650212, 656.227074054855, 0.877369903347402, 0.0323057529800931, 0.0202884849866305, 0.195040800940344, -0.001032053811222, 0.000316338471204868, 0.425344779867335, -1.10513138653456, -0.0137803901210852, -17454.7685783218, -9240.98385585538, -7.04347932659113, -0.229044908002777, -0.215351410036339, -2.20552050610887, 0.00626178859152366, -0.0145697667207521, -1.10513138653456, 34.0141178218818))
			, nrow = 11, ncol = 11
			, dimnames = list(
				as.character(c("CMultStdev", "tvVmax", "tvKm", "tvV", "tvKa", "K12", "K21", "K13", "K31", "dVdWT", "CEps"))
				, as.character(c("CMultStdev", "tvVmax", "tvKm", "tvV", "tvKa", "K12", "K21", "K13", "K31", "dVdWT", "CEps"))
				)
			)
		, "omegaSE" = matrix(
			as.numeric(c(0.224522761621397, 0.113747043017706, 0.113747043017706, 0.117655937274839))
			, nrow = 2, ncol = 2, byrow = TRUE
			, dimnames = list(
				as.character(c("nVmax", "nV"))
				, as.character(c("nVmax", "nV"))
				)
			)
		, "Covariance" = matrix(
			as.numeric(c(0.00082204374, 12.640368, 8.4148948, 0.092523715, 0.001048407, 0.0014178201, 0.011894204, 4.4348024e-005, 4.9388389e-005, 0.0013390354, -0.01378039, 0.00092232557, -0.00015948353, 7.1475946e-005, 12.640368,  66680950,  35032295, -9979.7535, -341.09269, -567.8205, -4082.1896, -60.633724, 9.5563516, 1026.6135, -17454.769, 309.21371, 311.20848,  399.4409, 8.4148948,  35032295,  19183905, -6967.5536, -186.26059, -286.01912, -2105.0044, -33.432074, 5.8046656, 656.22707, -9240.9839, 298.17501, 111.28403, 194.68358, 0.092523715, -9979.7535, -6967.5536, 122.14565, 1.6868905, 1.2076105, 11.841516, -0.0054712225, -0.0014738895, 0.8773699, -7.0434793, -0.26748609, 0.0029745009, -0.12059692, 0.001048407, -341.09269, -186.26059, 1.6868905, 0.073815438, 0.05117727, 0.47655825, 0.00062698823, 0.00077669159, 0.032305753, -0.22904491, 0.00098940818, -0.0058064606, -0.0057897539, 0.0014178201, -567.8205, -286.01912, 1.2076105, 0.05117727, 0.059458303, 0.52355567, 0.0018778647, 0.001367317, 0.020288485, -0.21535141, -0.0010441892, -0.0061215457, -0.0058247607, 0.011894204, -4082.1896, -2105.0044, 11.841516, 0.47655825, 0.52355567, 4.6755806, 0.014303934, 0.011011781, 0.1950408, -2.2055205, -0.022287594, -0.045986146, -0.045958886, 4.4348024e-005, -60.633724, -33.432074, -0.0054712225, 0.00062698823, 0.0018778647, 0.014303934, 0.00016752328, 8.0239951e-005, -0.0010320538, 0.0062617886, -0.00059369631, -0.00014665074, -0.00031800242, 4.9388389e-005, 9.5563516, 5.8046656, -0.0014738895, 0.00077669159, 0.001367317, 0.011011781, 8.0239951e-005, 0.00010463723, 0.00031633847, -0.014569767, 0.00023055775, -3.2097304e-005, -4.5299218e-005, 0.0013390354, 1026.6135, 656.22707, 0.8773699, 0.032305753, 0.020288485, 0.1950408, -0.0010320538, 0.00031633847, 0.42534478, -1.1051314, 0.021525318, -0.023809233, 0.0018345051, -0.01378039, -17454.769, -9240.9839, -7.0434793, -0.22904491, -0.21535141, -2.2055205, 0.0062617886, -0.014569767, -1.1051314, 34.014118, 0.033159272, -0.11934561, -0.12820594, 0.00092232557, 309.21371, 298.17501, -0.26748609, 0.00098940818, -0.0010441892, -0.022287594, -0.00059369631, 0.00023055775, 0.021525318, 0.033159272, 0.05041047, -0.0085257908, -0.0033343872, -0.00015948353, 311.20848, 111.28403, 0.0029745009, -0.0058064606, -0.0061215457, -0.045986146, -0.00014665074, -3.2097304e-005, -0.023809233, -0.11934561, -0.0085257908, 0.01293839, 0.0075343543, 7.1475946e-005,  399.4409, 194.68358, -0.12059692, -0.0057897539, -0.0058247607, -0.045958886, -0.00031800242, -4.5299218e-005, 0.0018345051, -0.12820594, -0.0033343872, 0.0075343543, 0.01384292))
			, nrow = 14, ncol = 14
			, dimnames = list(
				as.character(c("CMultStdev", "tvVmax", "tvKm", "tvV", "tvKa", "K12", "K21", "K13", "K31", "dVdWT", "stdev0", "nVmax-nVmax", "nV-nVmax", "nV-nV"))
				, as.character(c("CMultStdev", "tvVmax", "tvKm", "tvV", "tvKa", "K12", "K21", "K13", "K31", "dVdWT", "stdev0", "nVmax-nVmax", "nV-nVmax", "nV-nV"))
				)
			)
		, "Correlation" = matrix(
			as.numeric(c(0.028671305, 0.053989754, 0.067008935, 0.29198907, 0.13458878, 0.20279975, 0.19185368, 0.11950587, 0.16839697, 0.071610063, -0.082410859, 0.14327698, -0.048902186, 0.021188421, 0.053989754, 8165.8405, 0.97948815, -0.11058085, -0.15374391, -0.28517006, -0.23119291, -0.57368801, 0.11440582, 0.19276827, -0.36650812, 0.16865432, 0.33505061, 0.4157553, 0.067008935, 0.97948815, 4379.9435, -0.14393712, -0.15652326, -0.267806, -0.22226277, -0.58973545, 0.1295584, 0.22972861, -0.36175963, 0.30320919, 0.22336968, 0.37778696, 0.29198907, -0.11058085, -0.14393712, 11.051952, 0.56179038, 0.44810687, 0.49550784, -0.038247918, -0.013037154, 0.12172315, -0.10927445, -0.1077958, 0.0023661103, -0.092743474, 0.13458878, -0.15374391, -0.15652326, 0.56179038, 0.27168997, 0.77249782, 0.81119379, 0.17829871, 0.27946786, 0.18232059, -0.14454978, 0.016219652, -0.18788745, -0.18112261, 0.20279975, -0.28517006, -0.267806, 0.44810687, 0.77249782, 0.24384073, 0.99297621, 0.59500479, 0.54817577, 0.12757712, -0.15142998, -0.019072717, -0.2207063, -0.20302896, 0.19185368, -0.23119291, -0.22226277, 0.49550784, 0.81119379, 0.99297621, 2.1623091, 0.51109324, 0.49784788, 0.13830476, -0.17488949, -0.045907648, -0.18696879, -0.18064996, 0.11950587, -0.57368801, -0.58973545, -0.038247918, 0.17829871, 0.59500479, 0.51109324, 0.012943078, 0.60605208, -0.12226276, 0.082952832, -0.20429907, -0.099610833, -0.20882332, 0.16839697, 0.11440582, 0.1295584, -0.013037154, 0.27946786, 0.54817577, 0.49784788, 0.60605208, 0.010229234, 0.047417465, -0.24421923, 0.10038671, -0.027585783, -0.037638623, 0.071610063, 0.19276827, 0.22972861, 0.12172315, 0.18232059, 0.12757712, 0.13830476, -0.12226276, 0.047417465, 0.65218462, -0.29054523, 0.14700045, -0.32094804, 0.02390752, -0.082410859, -0.36650812, -0.36175963, -0.10927445, -0.14454978, -0.15142998, -0.17488949, 0.082952832, -0.24421923, -0.29054523, 5.8321624, 0.025322991, -0.1799023, -0.18683778, 0.14327698, 0.16865432, 0.30320919, -0.1077958, 0.016219652, -0.019072717, -0.045907648, -0.20429907, 0.10038671, 0.14700045, 0.025322991, 0.22452276, -0.33383678, -0.12622396, -0.048902186, 0.33505061, 0.22336968, 0.0023661103, -0.18788745, -0.2207063, -0.18696879, -0.099610833, -0.027585783, -0.32094804, -0.1799023, -0.33383678, 0.11374704, 0.56297884, 0.021188421, 0.4157553, 0.37778696, -0.092743474, -0.18112261, -0.20302896, -0.18064996, -0.20882332, -0.037638623, 0.02390752, -0.18683778, -0.12622396, 0.56297884, 0.11765594))
			, nrow = 14, ncol = 14
			, dimnames = list(
				as.character(c("CMultStdev", "tvVmax", "tvKm", "tvV", "tvKa", "K12", "K21", "K13", "K31", "dVdWT", "stdev0", "nVmax-nVmax", "nV-nVmax", "nV-nV"))
				, as.character(c("CMultStdev", "tvVmax", "tvKm", "tvV", "tvKa", "K12", "K21", "K13", "K31", "dVdWT", "stdev0", "nVmax-nVmax", "nV-nVmax", "nV-nV"))
				)
			)
		, "Inverse" = matrix(
			as.numeric(c(1585.6956, -0.0016760234, -0.0028350529, -2.0831736, -22.986947, -601.73789, 69.284181, -1501.9298, 1483.7405, 5.3490378, 0.25441993, -16.526265, 37.458654, -23.255831, -0.0016760234, 3.0340771e-006, -5.8867788e-006, -0.00010598607, 0.00036139457, 0.40658053, -0.041983874, -1.0689875, -0.015755482, -9.4376821e-005, -7.9337357e-006, -0.0060525801, 0.0066601917, -0.0035832591, -0.0028350529, -5.8867788e-006, 1.1776247e-005, 0.0002361004, 0.0014758428, -0.77840093, 0.08006026, 2.1822925, -0.071753033, -0.00011327392, 2.3651288e-005, 0.01100964, -0.014432915, 0.0058439215, -2.0831736, -0.00010598607, 0.0002361004, 0.022720619, -0.013782551, -15.404002, 1.5277253, 55.658954, -5.0233182, -0.038810501, -0.0005376021, 0.35268118, -0.7781392, 0.30199702, -22.986947, 0.00036139457, 0.0014758428, -0.013782551, 75.435647, 576.68209, -68.768027, -178.70431, -765.05967, -2.1714813, -0.027497789, -25.210717, 21.418809, -9.5988494, -601.73789, 0.40658053, -0.77840093, -15.404002, 576.68209, 81339.702, -8477.9204, -201031.37, -9645.9561, -9.8797689,  2.188411, -1998.6416, 2537.2678, -1086.3276, 69.284181, -0.041983874, 0.08006026, 1.5277253, -68.768027, -8477.9204, 885.27375,  20743.12, 1078.1509,  1.272709, -0.20224483, 209.88224, -263.25751, 113.37022, -1501.9298, -1.0689875, 2.1822925, 55.658954, -178.70431, -201031.37,  20743.12, 567872.41, -24913.597, -64.148847, -9.5969793, 4858.6298, -6660.6905, 2530.1739, 1483.7405, -0.015755482, -0.071753033, -5.0233182, -765.05967, -9645.9561, 1078.1509, -24913.597, 51827.865, 77.661223, 5.7901381, 199.76137, -89.530598, 350.50911, 5.3490378, -9.4376821e-005, -0.00011327392, -0.038810501, -2.1714813, -9.8797689,  1.272709, -64.148847, 77.661223,  3.596759, 0.10849909, 0.36443202, 11.798584, -3.9145397, 0.25441993, -7.9337357e-006, 2.3651288e-005, -0.0005376021, -0.027497789,  2.188411, -0.20224483, -9.5969793, 5.7901381, 0.10849909, 0.042272547, -0.2449993, 0.71164772, -0.14255747, -16.526265, -0.0060525801, 0.01100964, 0.35268118, -25.210717, -1998.6416, 209.88224, 4858.6298, 199.76137, 0.36443202, -0.2449993, 93.452421, -66.200819, 36.752305, 37.458654, 0.0066601917, -0.014432915, -0.7781392, 21.418809, 2537.2678, -263.25751, -6660.6905, -89.530598, 11.798584, 0.71164772, -66.200819, 293.74544, -117.71754, -23.255831, -0.0035832591, 0.0058439215, 0.30199702, -9.5988494, -1086.3276, 113.37022, 2530.1739, 350.50911, -3.9145397, -0.14255747, 36.752305, -117.71754, 142.86856))
			, nrow = 14, ncol = 14
			, dimnames = list(
				as.character(c("CMultStdev", "tvVmax", "tvKm", "tvV", "tvKa", "K12", "K21", "K13", "K31", "dVdWT", "stdev0", "nVmax-nVmax", "nV-nVmax", "nV-nV"))
				, as.character(c("CMultStdev", "tvVmax", "tvKm", "tvV", "tvKa", "K12", "K21", "K13", "K31", "dVdWT", "stdev0", "nVmax-nVmax", "nV-nVmax", "nV-nV"))
				)
			)
		, "LLTable" = data.frame(
			id = as.character(c( "1", "2", "3", "4", "5", "6", "7", "8", "9", "10", "11", "12", "13", "14", "15", "16", "17", "18", "19", "20", "21", "22", "23", "24", "25", "26", "27", "28", "29", "30", "31", "32", "33", "34", "35", "36", "37", "38", "39", "40", "41", "42", "43", "44", "45", "46", "47", "48", "49", "50", "51", "52", "53", "54", "55", "56", "57", "58", "59", "60"))
			, "LL" = c(-56.751521, -50.028359, -52.312512, -48.417811, -52.51104, -54.587152, -50.957587, -49.061441, -52.113467, -55.948493, -52.903601, -54.883107, -52.219444, -53.20349, -49.955175, -54.875461, -54.910963, -56.574604, -48.983542, -53.391264, -50.551021, -54.788646, -52.779192, -53.070546, -53.702808, -54.008957, -52.886541, -66.880137, -56.313746, -58.838908, -46.587733, -55.930911, -53.397609, -56.556397, -48.041303, -52.158384, -57.965966, -49.218706, -53.548993, -55.019881, -55.14727, -52.579094, -46.956845, -59.446397, -50.34692, -54.626132, -54.614012, -51.330466, -48.640946, -47.623054, -53.989196, -56.743581, -54.649862, -61.628895, -51.320168, -49.137528, -49.879654, -54.137365, -57.050063, -57.366459)
			) # end of LLTable
		, "residuals" = data.frame(
			  ID1 = as.character(c(  "",   "",   "",   "",   "",   "",   "",   "",   "",   "",   "",   "",   "",   "",   "",   "",   "",   "",   "",   "",   "",   "",   "",   "",   "",   "",   "",   "",   "",   "",   "",   "",   "",   "",   "",   "",   "",   "",   "",   "",   "",   "",   "",   "",   "",   "",   "",   "",   "",   "",   "",   "",   "",   "",   "",   "",   "",   "",   "",   "",   "",   "",   "",   "",   "",   "",   "",   "",   "",   "",   "",   "",   "",   "",   "",   "",   "",   "",   "",   "",   "",   "",   "",   "",   "",   "",   "",   "",   "",   "",   "",   "",   "",   "",   "",   "",   "",   "",   "",   "",   "",   "",   "",   "",   "",   "",   "",   "",   "",   "",   "",   "",   "",   "",   "",   "",   "",   "",   "",   "",   "",   "",   "",   "",   "",   "",   "",   "",   "",   "",   "",   "",   "",   "",   "",   "",   "",   "",   "",   "",   "",   "",   "",   "",   "",   "",   "",   "",   "",   "",   "",   "",   "",   "",   "",   "",   "",   "",   "",   "",   "",   "",   "",   "",   "",   "",   "",   "",   "",   "",   "",   "",   "",   "",   "",   "",   "",   "",   "",   "",   "",   "",   "",   "",   "",   "",   "",   "",   "",   "",   "",   "",   "",   "",   "",   "",   "",   "",   "",   "",   "",   "",   "",   "",   "",   "",   "",   "",   "",   "",   "",   "",   "",   "",   "",   "",   "",   "",   "",   "",   "",   "",   "",   "",   "",   "",   "",   "",   "",   "",   "",   "",   "",   "",   "",   "",   "",   "",   "",   "",   "",   "",   "",   "",   "",   "",   "",   "",   "",   "",   "",   "",   "",   "",   "",   "",   "",   "",   "",   "",   "",   "",   "",   "",   "",   "",   "",   "",   "",   "",   "",   "",   "",   "",   "",   "",   "",   "",   "",   "",   "",   "",   "",   "",   "",   "",   "",   "",   "",   "",   "",   "",   "",   "",   "",   "",   "",   "",   "",   "",   "",   "",   "",   "",   "",   "",   "",   "",   "",   "",   "",   "",   "",   "",   "",   "",   "",   "",   "",   "",   "",   "",   "",   "",   "",   "",   "",   "",   "",   "",   "",   "",   "",   "",   "",   "",   "",   "",   "",   "",   "",   "",   "",   "",   "",   "",   "",   "",   "",   "",   "",   "",   "",   "",   "",   "",   "",   "",   "",   "",   "",   "",   "",   "",   "",   "",   "",   "",   "",   "",   "",   "",   "",   "",   "",   "",   "",   "",   "",   "",   "",   "",   "",   "",   "",   "",   "",   "",   "",   "",   "",   "",   "",   "",   "",   "",   "",   "",   "",   "",   "",   "",   "",   "",   "",   "",   "",   "",   "",   "",   "",   "",   "",   "",   "",   "",   "",   "",   "",   "",   "",   "",   "",   "",   "",   "",   "",   "",   "",   "",   "",   "",   "",   "",   "",   "",   "",   "",   "",   "",   "",   "",   "",   "",   "",   "",   "",   "",   "",   "",   "",   "",   "",   "",   "",   "",   "",   "",   "",   "",   "",   "",   "",   "",   "",   "",   "",   "",   "",   "",   "",   "",   "",   "",   "",   "",   "",   "",   "",   ""))
			, ID2 = as.character(c(  "",   "",   "",   "",   "",   "",   "",   "",   "",   "",   "",   "",   "",   "",   "",   "",   "",   "",   "",   "",   "",   "",   "",   "",   "",   "",   "",   "",   "",   "",   "",   "",   "",   "",   "",   "",   "",   "",   "",   "",   "",   "",   "",   "",   "",   "",   "",   "",   "",   "",   "",   "",   "",   "",   "",   "",   "",   "",   "",   "",   "",   "",   "",   "",   "",   "",   "",   "",   "",   "",   "",   "",   "",   "",   "",   "",   "",   "",   "",   "",   "",   "",   "",   "",   "",   "",   "",   "",   "",   "",   "",   "",   "",   "",   "",   "",   "",   "",   "",   "",   "",   "",   "",   "",   "",   "",   "",   "",   "",   "",   "",   "",   "",   "",   "",   "",   "",   "",   "",   "",   "",   "",   "",   "",   "",   "",   "",   "",   "",   "",   "",   "",   "",   "",   "",   "",   "",   "",   "",   "",   "",   "",   "",   "",   "",   "",   "",   "",   "",   "",   "",   "",   "",   "",   "",   "",   "",   "",   "",   "",   "",   "",   "",   "",   "",   "",   "",   "",   "",   "",   "",   "",   "",   "",   "",   "",   "",   "",   "",   "",   "",   "",   "",   "",   "",   "",   "",   "",   "",   "",   "",   "",   "",   "",   "",   "",   "",   "",   "",   "",   "",   "",   "",   "",   "",   "",   "",   "",   "",   "",   "",   "",   "",   "",   "",   "",   "",   "",   "",   "",   "",   "",   "",   "",   "",   "",   "",   "",   "",   "",   "",   "",   "",   "",   "",   "",   "",   "",   "",   "",   "",   "",   "",   "",   "",   "",   "",   "",   "",   "",   "",   "",   "",   "",   "",   "",   "",   "",   "",   "",   "",   "",   "",   "",   "",   "",   "",   "",   "",   "",   "",   "",   "",   "",   "",   "",   "",   "",   "",   "",   "",   "",   "",   "",   "",   "",   "",   "",   "",   "",   "",   "",   "",   "",   "",   "",   "",   "",   "",   "",   "",   "",   "",   "",   "",   "",   "",   "",   "",   "",   "",   "",   "",   "",   "",   "",   "",   "",   "",   "",   "",   "",   "",   "",   "",   "",   "",   "",   "",   "",   "",   "",   "",   "",   "",   "",   "",   "",   "",   "",   "",   "",   "",   "",   "",   "",   "",   "",   "",   "",   "",   "",   "",   "",   "",   "",   "",   "",   "",   "",   "",   "",   "",   "",   "",   "",   "",   "",   "",   "",   "",   "",   "",   "",   "",   "",   "",   "",   "",   "",   "",   "",   "",   "",   "",   "",   "",   "",   "",   "",   "",   "",   "",   "",   "",   "",   "",   "",   "",   "",   "",   "",   "",   "",   "",   "",   "",   "",   "",   "",   "",   "",   "",   "",   "",   "",   "",   "",   "",   "",   "",   "",   "",   "",   "",   "",   "",   "",   "",   "",   "",   "",   "",   "",   "",   "",   "",   "",   "",   "",   "",   "",   "",   "",   "",   "",   "",   "",   "",   "",   "",   "",   "",   "",   "",   "",   "",   "",   "",   "",   "",   "",   "",   "",   "",   "",   "",   "",   "",   "",   "",   "",   "",   "",   "",   "",   "",   "",   "",   ""))
			, ID3 = as.character(c(  "",   "",   "",   "",   "",   "",   "",   "",   "",   "",   "",   "",   "",   "",   "",   "",   "",   "",   "",   "",   "",   "",   "",   "",   "",   "",   "",   "",   "",   "",   "",   "",   "",   "",   "",   "",   "",   "",   "",   "",   "",   "",   "",   "",   "",   "",   "",   "",   "",   "",   "",   "",   "",   "",   "",   "",   "",   "",   "",   "",   "",   "",   "",   "",   "",   "",   "",   "",   "",   "",   "",   "",   "",   "",   "",   "",   "",   "",   "",   "",   "",   "",   "",   "",   "",   "",   "",   "",   "",   "",   "",   "",   "",   "",   "",   "",   "",   "",   "",   "",   "",   "",   "",   "",   "",   "",   "",   "",   "",   "",   "",   "",   "",   "",   "",   "",   "",   "",   "",   "",   "",   "",   "",   "",   "",   "",   "",   "",   "",   "",   "",   "",   "",   "",   "",   "",   "",   "",   "",   "",   "",   "",   "",   "",   "",   "",   "",   "",   "",   "",   "",   "",   "",   "",   "",   "",   "",   "",   "",   "",   "",   "",   "",   "",   "",   "",   "",   "",   "",   "",   "",   "",   "",   "",   "",   "",   "",   "",   "",   "",   "",   "",   "",   "",   "",   "",   "",   "",   "",   "",   "",   "",   "",   "",   "",   "",   "",   "",   "",   "",   "",   "",   "",   "",   "",   "",   "",   "",   "",   "",   "",   "",   "",   "",   "",   "",   "",   "",   "",   "",   "",   "",   "",   "",   "",   "",   "",   "",   "",   "",   "",   "",   "",   "",   "",   "",   "",   "",   "",   "",   "",   "",   "",   "",   "",   "",   "",   "",   "",   "",   "",   "",   "",   "",   "",   "",   "",   "",   "",   "",   "",   "",   "",   "",   "",   "",   "",   "",   "",   "",   "",   "",   "",   "",   "",   "",   "",   "",   "",   "",   "",   "",   "",   "",   "",   "",   "",   "",   "",   "",   "",   "",   "",   "",   "",   "",   "",   "",   "",   "",   "",   "",   "",   "",   "",   "",   "",   "",   "",   "",   "",   "",   "",   "",   "",   "",   "",   "",   "",   "",   "",   "",   "",   "",   "",   "",   "",   "",   "",   "",   "",   "",   "",   "",   "",   "",   "",   "",   "",   "",   "",   "",   "",   "",   "",   "",   "",   "",   "",   "",   "",   "",   "",   "",   "",   "",   "",   "",   "",   "",   "",   "",   "",   "",   "",   "",   "",   "",   "",   "",   "",   "",   "",   "",   "",   "",   "",   "",   "",   "",   "",   "",   "",   "",   "",   "",   "",   "",   "",   "",   "",   "",   "",   "",   "",   "",   "",   "",   "",   "",   "",   "",   "",   "",   "",   "",   "",   "",   "",   "",   "",   "",   "",   "",   "",   "",   "",   "",   "",   "",   "",   "",   "",   "",   "",   "",   "",   "",   "",   "",   "",   "",   "",   "",   "",   "",   "",   "",   "",   "",   "",   "",   "",   "",   "",   "",   "",   "",   "",   "",   "",   "",   "",   "",   "",   "",   "",   "",   "",   "",   "",   "",   "",   "",   "",   "",   "",   "",   "",   "",   "",   "",   "",   "",   "",   "",   "",   "",   "",   ""))
			, ID4 = as.character(c(  "",   "",   "",   "",   "",   "",   "",   "",   "",   "",   "",   "",   "",   "",   "",   "",   "",   "",   "",   "",   "",   "",   "",   "",   "",   "",   "",   "",   "",   "",   "",   "",   "",   "",   "",   "",   "",   "",   "",   "",   "",   "",   "",   "",   "",   "",   "",   "",   "",   "",   "",   "",   "",   "",   "",   "",   "",   "",   "",   "",   "",   "",   "",   "",   "",   "",   "",   "",   "",   "",   "",   "",   "",   "",   "",   "",   "",   "",   "",   "",   "",   "",   "",   "",   "",   "",   "",   "",   "",   "",   "",   "",   "",   "",   "",   "",   "",   "",   "",   "",   "",   "",   "",   "",   "",   "",   "",   "",   "",   "",   "",   "",   "",   "",   "",   "",   "",   "",   "",   "",   "",   "",   "",   "",   "",   "",   "",   "",   "",   "",   "",   "",   "",   "",   "",   "",   "",   "",   "",   "",   "",   "",   "",   "",   "",   "",   "",   "",   "",   "",   "",   "",   "",   "",   "",   "",   "",   "",   "",   "",   "",   "",   "",   "",   "",   "",   "",   "",   "",   "",   "",   "",   "",   "",   "",   "",   "",   "",   "",   "",   "",   "",   "",   "",   "",   "",   "",   "",   "",   "",   "",   "",   "",   "",   "",   "",   "",   "",   "",   "",   "",   "",   "",   "",   "",   "",   "",   "",   "",   "",   "",   "",   "",   "",   "",   "",   "",   "",   "",   "",   "",   "",   "",   "",   "",   "",   "",   "",   "",   "",   "",   "",   "",   "",   "",   "",   "",   "",   "",   "",   "",   "",   "",   "",   "",   "",   "",   "",   "",   "",   "",   "",   "",   "",   "",   "",   "",   "",   "",   "",   "",   "",   "",   "",   "",   "",   "",   "",   "",   "",   "",   "",   "",   "",   "",   "",   "",   "",   "",   "",   "",   "",   "",   "",   "",   "",   "",   "",   "",   "",   "",   "",   "",   "",   "",   "",   "",   "",   "",   "",   "",   "",   "",   "",   "",   "",   "",   "",   "",   "",   "",   "",   "",   "",   "",   "",   "",   "",   "",   "",   "",   "",   "",   "",   "",   "",   "",   "",   "",   "",   "",   "",   "",   "",   "",   "",   "",   "",   "",   "",   "",   "",   "",   "",   "",   "",   "",   "",   "",   "",   "",   "",   "",   "",   "",   "",   "",   "",   "",   "",   "",   "",   "",   "",   "",   "",   "",   "",   "",   "",   "",   "",   "",   "",   "",   "",   "",   "",   "",   "",   "",   "",   "",   "",   "",   "",   "",   "",   "",   "",   "",   "",   "",   "",   "",   "",   "",   "",   "",   "",   "",   "",   "",   "",   "",   "",   "",   "",   "",   "",   "",   "",   "",   "",   "",   "",   "",   "",   "",   "",   "",   "",   "",   "",   "",   "",   "",   "",   "",   "",   "",   "",   "",   "",   "",   "",   "",   "",   "",   "",   "",   "",   "",   "",   "",   "",   "",   "",   "",   "",   "",   "",   "",   "",   "",   "",   "",   "",   "",   "",   "",   "",   "",   "",   "",   "",   "",   "",   "",   "",   "",   "",   "",   "",   "",   "",   "",   "",   "",   ""))
			, ID5 = as.character(c( "1",  "1",  "1",  "1",  "1",  "1",  "1",  "1",  "2",  "2",  "2",  "2",  "2",  "2",  "2",  "2",  "3",  "3",  "3",  "3",  "3",  "3",  "3",  "3",  "4",  "4",  "4",  "4",  "4",  "4",  "4",  "4",  "5",  "5",  "5",  "5",  "5",  "5",  "5",  "5",  "6",  "6",  "6",  "6",  "6",  "6",  "6",  "6",  "7",  "7",  "7",  "7",  "7",  "7",  "7",  "7",  "8",  "8",  "8",  "8",  "8",  "8",  "8",  "8",  "9",  "9",  "9",  "9",  "9",  "9",  "9",  "9", "10", "10", "10", "10", "10", "10", "10", "10", "11", "11", "11", "11", "11", "11", "11", "11", "12", "12", "12", "12", "12", "12", "12", "12", "13", "13", "13", "13", "13", "13", "13", "13", "14", "14", "14", "14", "14", "14", "14", "14", "15", "15", "15", "15", "15", "15", "15", "15", "16", "16", "16", "16", "16", "16", "16", "16", "17", "17", "17", "17", "17", "17", "17", "17", "18", "18", "18", "18", "18", "18", "18", "18", "19", "19", "19", "19", "19", "19", "19", "19", "20", "20", "20", "20", "20", "20", "20", "20", "21", "21", "21", "21", "21", "21", "21", "21", "22", "22", "22", "22", "22", "22", "22", "22", "23", "23", "23", "23", "23", "23", "23", "23", "24", "24", "24", "24", "24", "24", "24", "24", "25", "25", "25", "25", "25", "25", "25", "25", "26", "26", "26", "26", "26", "26", "26", "26", "27", "27", "27", "27", "27", "27", "27", "27", "28", "28", "28", "28", "28", "28", "28", "28", "29", "29", "29", "29", "29", "29", "29", "29", "30", "30", "30", "30", "30", "30", "30", "30", "31", "31", "31", "31", "31", "31", "31", "31", "32", "32", "32", "32", "32", "32", "32", "32", "33", "33", "33", "33", "33", "33", "33", "33", "34", "34", "34", "34", "34", "34", "34", "34", "35", "35", "35", "35", "35", "35", "35", "35", "36", "36", "36", "36", "36", "36", "36", "36", "37", "37", "37", "37", "37", "37", "37", "37", "38", "38", "38", "38", "38", "38", "38", "38", "39", "39", "39", "39", "39", "39", "39", "39", "40", "40", "40", "40", "40", "40", "40", "40", "41", "41", "41", "41", "41", "41", "41", "41", "42", "42", "42", "42", "42", "42", "42", "42", "43", "43", "43", "43", "43", "43", "43", "43", "44", "44", "44", "44", "44", "44", "44", "44", "45", "45", "45", "45", "45", "45", "45", "45", "46", "46", "46", "46", "46", "46", "46", "46", "47", "47", "47", "47", "47", "47", "47", "47", "48", "48", "48", "48", "48", "48", "48", "48", "49", "49", "49", "49", "49", "49", "49", "49", "50", "50", "50", "50", "50", "50", "50", "50", "51", "51", "51", "51", "51", "51", "51", "51", "52", "52", "52", "52", "52", "52", "52", "52", "53", "53", "53", "53", "53", "53", "53", "53", "54", "54", "54", "54", "54", "54", "54", "54", "55", "55", "55", "55", "55", "55", "55", "55", "56", "56", "56", "56", "56", "56", "56", "56", "57", "57", "57", "57", "57", "57", "57", "57", "58", "58", "58", "58", "58", "58", "58", "58", "59", "59", "59", "59", "59", "59", "59", "59", "60", "60", "60", "60", "60", "60", "60", "60"))
			, IVAR = c(0.64, 1.99, 6.43, 12.03, 22.28, 48.91, 80.15, 138.94, 0.51, 2.49, 6.29, 11.18, 25.51, 43.72, 84.69, 123.55, 0.48, 2, 6.04, 11.31, 22.67, 47.36, 103.04, 108, 0.53, 2.07, 6.67, 11.64, 24.9, 49.3, 90.93, 135.41, 0.56, 2.15, 7.03, 12.69, 21.12, 45.33, 84.94, 114.45, 0.47, 2.01, 5.48, 12.19, 22.48, 57.28, 103.13, 131.43, 0.52, 2.37, 5.63, 11.46, 27.7, 44.98, 94.03, 115.38, 0.48, 1.94, 6.3, 11.79, 22.82, 54.9, 93.96, 117.86, 0.5, 2.15, 5.96, 11.95, 22.42, 46.47, 96.58, 113.14, 0.53, 1.72, 6.19, 10.29, 23.29, 45.53, 89.94, 119.32, 0.41, 2.25, 5.08, 11.46, 21.47, 44.53, 118.28, 120.21, 0.44, 1.7, 6.28, 11.98, 23.25, 43.74, 82.73, 107.77, 0.55, 1.88, 5.22, 14.47, 25.04, 46.87, 106.72, 131.12, 0.47, 2.49, 5.85, 10.41, 23.66, 49.01, 120.92, 121.28, 0.52, 1.98, 5.8, 11.96, 25.97, 59.07, 106.39, 135.41, 0.44, 2.21, 6.13, 10.36, 25.28, 47.24, 111.14, 111.15, 0.48, 1.82, 5.89, 12.49, 22.31, 52.16, 85.08, 108.06, 0.58, 1.81, 6.25, 11.55, 25, 56.83, 112.51, 116.09, 0.4, 2.57, 6.41, 12.67, 23.97, 50.51, 94.43, 125.16, 0.48, 1.74, 6.62, 13.97, 23.27, 42.35, 102.37, 119.46, 0.42, 2, 5.63, 11.6, 21.38, 57.48, 92.87, 102.2, 0.51, 2.05, 5.44, 8.99, 22.51, 50.82, 95.43, 118.83, 0.53, 1.78, 6.7, 11.99, 25.76, 53.23, 98.17, 109.91, 0.56, 1.64, 5.68, 11.7, 23.6, 53.16, 97.32, 124.99, 0.5, 1.95, 6.43, 13.46, 18.87, 50.83, 99.67, 115, 0.55, 1.92, 5.83, 13.07, 28.5, 49.31, 92.03, 106.55, 0.48, 1.82, 5.85, 12.48, 22.04, 62.56, 97.51, 134.36, 0.4, 2.15, 5.26, 13.16, 24.97, 46.08, 109.59, 111.87, 0.47, 1.81, 5.61, 13.19, 25.06, 53.08, 92.33, 124.6, 0.51, 1.73, 7.17, 12.16, 25.91, 52.81, 95.52, 116.39, 0.55, 1.8, 7.31, 11.55, 28.32, 55.84, 96.8, 127, 0.45, 2.07, 6.66, 12.12, 22.93, 44.95, 95.66, 133.54, 0.48, 1.98, 5.27, 12.61, 27.35, 55.75, 99.54, 104.15, 0.52, 2.09, 5.79, 12.21, 22.01, 51.37, 92.91, 102.57, 0.48, 2.29, 5.8, 12.91, 26.38, 48.02, 92.68, 113.81, 0.54, 1.8, 6.15, 11.66, 19.14, 41.69, 105.21, 117.73, 0.54, 2.42, 6.95, 12.84, 24.93, 47.08, 112.41, 127.37, 0.44, 1.97, 4.95, 11.77, 18.52, 54.74, 90.09, 114.95, 0.49, 2.13, 6.42, 12.7, 22.66, 41.88, 92.34, 123.38, 0.46, 1.99, 5.34, 11.99, 24.31, 47.3, 94.44, 143.14, 0.54, 2.24, 5.47, 12.2, 26.94, 47.73, 77.59, 124.21, 0.41, 1.84, 6.85, 12.76, 26.77, 49.49, 94.95, 109.41, 0.59, 2.01, 5.59, 13.08, 26.72, 58.02, 90.38, 115.4, 0.48, 1.93, 5.78, 11.65, 27.72, 44.77, 92.34, 128.09, 0.56, 1.85, 5.7, 12.65, 26.57, 46.81, 83.21, 142.37, 0.58, 1.86, 5.96, 10.06, 25.41, 56.4, 81.5, 111, 0.47, 1.87, 4.9, 12.62, 20.59, 47.88, 101.86, 117.65, 0.55, 1.99, 5.62, 12.8, 22.98, 57.31, 95.82, 130.68, 0.51, 1.48, 5.23, 11.5, 24.58, 37.98, 105.69, 112.96, 0.46, 1.71, 5.19, 12.07, 25.25, 38.92, 86.83, 126.6, 0.48, 2.48, 6.8, 12.74, 24.01, 49.36, 89.46, 127.78, 0.58, 2.23, 5.53, 10.21, 23.74, 50.16, 105.18, 109.89, 0.52, 2.05, 6.76, 11.97, 23.16, 42.8, 91.16, 115.73, 0.63, 2.55, 5.9, 10.81, 19.7, 50.54, 86.08, 150.8, 0.46, 2.02, 8.78, 10.74, 24.75, 42.97, 99.4, 109.97, 0.5, 1.94, 5.33, 12.01, 26.5, 56.29, 83.69, 117.04, 0.56, 1.79, 4.66, 10.93, 21.79, 48.23, 92.2, 122.81, 0.48, 2.08, 5.78, 13.52, 22.29, 49.42, 87.87, 122.52, 0.5, 1.69, 5.91, 13.5, 25.69, 48.69, 85.21, 134.88, 0.5, 1.91, 7.07, 11.11, 24.74, 54.56, 101.96, 116.37)
