dmp.txt <- structure(
	.Data = list(
		"coefficients" = list(
			"fixed" = c("CMultStdev" = 0.476238665504954, "tvVmax" = 2099.47259103637, "tvKm" = 2939.97173826956, "tvV" = 10.6226015894356, "tvKa" = 0.896547147998602, "K12" = 1.61756646866521, "K21" = 1.2578980328452, "K13" = 0.0742869742984541, "K31" = 0.0248389916040976, "CEps" = 0.496067861869023)
			, "random" = list("Subject" = matrix(
				as.numeric(c(
					 0.226526411935142,  -0.527712859650634,  0.0925915894361069
					,  0.106466889067397,  0.568078685836775,  -0.123459550297718
					,  0.0224342226437,  0.347857975197401,  6.87642040768353e-005
					,  0.20368754966674,  -0.124950907659792,  0.211736976628259
					,  -0.00896310402410956,  0.25895159186993,  -1.33198794202731
					,  0.590531018487915,  -0.803524813849843,  -0.0297204459107772
					,  -0.430391044853068,  0.664423991147698,  0.680234643401008
					,  0.386492243179911,  0.264131606964649,  0.198148789822518
					,  1.18057110208053,  0.140126885127775,  -0.117441322900508
					,  -0.449381164510261,  -0.606543042019422,  0.427883908985045
					,  -0.81815219428272,  0.625279223709241,  -1.34612056882226
					,  0.173981218911803,  -0.196957405828483,  1.23094015665116
					,  -0.652992820693942,  -0.83335795981627,  0.696103637687253
					,  1.20097568358607,  -0.182346695115316,  -0.230160469535312
					,  -0.252358579519788,  0.509224134415617,  0.78713810736077
					,  0.209321303254718,  -0.04233853389882,  0.806195703615638
					,  1.00030043337192,  0.0219214210594316,  -0.786102299733171
					,  -0.303655363443472,  -0.352167997799799,  -1.34560191012693
					,  -0.0529669065071575,  0.240045957955463,  0.803517113028902
					,  -0.583931395083503,  -1.0091075326553,  0.410346102869365
					,  0.00424788308380182,  -0.154925619766553,  0.113409045378315
					,  0.516498033553853,  -0.514890917189676,  0.056037956548766
					,  0.119677016220094,  0.517597059168997,  -0.471980568086576
					,  0.144654127166378,  0.177921560628039,  -0.222880828403905
					,  0.0240070433425095,  0.104368787131992,  -0.859993615291282
					,  -0.0458879418824423,  -0.523005791845445,  -0.0207380141194199
					,  -0.292403589378543,  -0.0149255523817096,  -0.236739319539823
					,  0.368501735773632,  0.116518731997985,  0.468573194525584
					,  0.391739576118483,  0.584975588525555,  0.0442690320586512
					,  0.213134195652155,  -0.720853790226213,  0.386001280401088
					,  -0.703631000214326,  0.522582251523454,  -0.466669086476513
					,  0.355474725678153,  0.167842482468411,  0.402153670433148
					,  -0.249827096126691,  -0.554124374855052,  0.554085933065337
					,  -0.010322377370961,  0.106037746198801,  -0.497495070212375
					,  -0.110871492452009,  0.212202732372644,  0.517236855519414
					,  -0.12532547179782,  0.221411941578465,  0.163431311661345
					,  0.0895247838689172,  0.128226184689124,  -0.804610537811984
					,  -0.258463290872023,  0.187081668032597,  -0.631318357584307
					,  -0.348709951517141,  0.0289038291210123,  0.313003348633097
					,  -0.280319068140566,  -0.667638310470941,  0.290598166808651
					,  0.107138061679673,  -0.343325494909757,  0.115970329259971
					,  0.382895705811862,  -0.0709990264607662,  -0.0206758020525079
					,  0.0876901931016226,  0.494848813999256,  -0.305026481201488
					,  0.187362685195316,  0.0574147163194686,  -0.0464790395558339
					,  0.0113860643327865,  0.186792700536742,  -1.16967907961932
					,  0.242481515327759,  -0.708334425360579,  -0.0271000972074951
					,  -0.387332672039744,  0.296546495253471,  0.160466444714468
					,  0.416287319400267,  0.197032796794743,  0.39417085515477
					,  0.797250329565649,  0.442667118733542,  -0.0255090192431238
					,  -0.0693366323251743,  -0.745433540007665,  0.446672856077146
					,  -0.831819905549043,  0.625917816073112,  -0.921972082321832
					,  0.309933809973082,  0.017716772898922,  0.82719343856344
					,  -0.462397855094258,  -0.742195823342249,  0.678918541414345
					,  0.546786353253462,  -0.0154966967704623,  -0.427616392087622
					,  -0.187957321797678,  0.371825380253053,  0.697054010693057
					,  0.0154613289352931,  0.123595288164926,  0.477159119278021
					,  0.518841965891752,  0.0929795248100682,  -0.882316747919979
					,  -0.306990854236511,  -0.0413755780497101,  -1.02815185903888
					,  -0.249793185639693,  0.129304499605274,  0.572598561277555
					,  -0.450279610795747,  -0.896556474655512,  0.376928210542761
					))
				, nrow = 60, ncol = 3
				, dimnames = list(
					as.character(c( "1", "2", "3", "4", "5", "6", "7", "8", "9", "10"
					  , "11", "12", "13", "14", "15", "16", "17", "18", "19", "20"
					  , "21", "22", "23", "24", "25", "26", "27", "28", "29", "30"
					  , "31", "32", "33", "34", "35", "36", "37", "38", "39", "40"
					  , "41", "42", "43", "44", "45", "46", "47", "48", "49", "50"
					  , "51", "52", "53", "54", "55", "56", "57", "58", "59", "60"))
					, as.character(c("nVmax", "nKm", "nV"))
					)
				))
			)
		, "logLik" = c(-3514.95)
		, "nObs" = c(420)
		, "nSubj" = c(60)
		, "nParm" = c(16)
		, "returnCode" = c(3)
		, "omega" = matrix(
			as.numeric(c(0.515823240231783, 0.159781581614656, 0.340984919818018, 0.159781581614656, 0.17790341425926, 0.188619249562583, 0.340984919818018, 0.188619249562583, 0.279051219563111))
			, nrow = 3, ncol = 3
			, dimnames = list(
				as.character(c("nVmax", "nKm", "nV"))
				, as.character(c("nVmax", "nKm", "nV"))
				)
			)
		, "eta" = matrix(
			as.numeric(c(0.0290640035432375, -0.0196103592514307, 0.000718965426733305, 0.372222986292776, 0.142680482373083, 0.23264249627946, 0.61010080010829, 0.377730700861187, 0.482330277174739, 0.150523944160975, 0.104449371588295, 0.0869331779831245))
			, nrow = 3, ncol = 4
			, dimnames = list(
				as.character(c("nVmax", "nKm", "nV"))
				, as.character(c("mean", "var", "sd", "shrinkage"))
				)
			)
		, "eta_shrinkage" = list("Subject" = matrix(
			as.numeric(c(
				 0.267464314286671,  0.329351245189782,  0.332748853268727
				,  0.516710317923289,  0.110644808497234,  0.338985074472424
				,  0.32342864790974,  0.488755560785941,  0.122327365665387
				,  0.326975085507095,  0.409985150482713,  0.180548203458954
				,  0.303705048647002,  0.296605333839518,  0.326725328538093
				,  0.201155019971497,  0.193464044192498,  0.280603746175048
				,  0.241174423206418,  0.21146389735285,  0.164363537144171
				,  0.418265299108755,  0.312227813755173,  0.498613985516853
				,  0.315974235236354,  0.529075660996318,  0.332625920172736
				,  0.456282118965192,  0.126198204901159,  0.420357658336486
				,  0.212445017336762,  0.441235188294367,  0.434399250252464
				,  0.412619527371552,  0.376201368886076,  0.30842581824564
				,  0.330715370896663,  0.21467081791862,  0.458876741297249
				,  0.205196606082251,  0.370450844613538,  0.131196850151415
				,  0.319956328272844,  0.297895614003929,  0.428349338585351
				,  0.19282510725159,  0.429744260309393,  0.259571948294201
				,  0.225040134107569,  0.342103582884469,  0.115066846223842
				,  0.245858471152388,  0.481533505565921,  0.376974179593373
				,  0.152964445583812,  0.266845638203826,  0.332773011640853
				,  0.265083661908465,  0.255122079677104,  0.351177393591678
				,  0.225658461979073,  0.197284902324841,  0.218178049501842
				,  0.208207278106056,  0.204587136126537,  0.207817070044944
				,  0.220006132881429,  0.216324556159716,  0.204332573731264
				,  0.222020258319513,  0.205656402349059,  0.21598866381256
				,  0.210257706042587,  0.222865372223539,  0.168005712281833
				,  0.230005136341718,  0.19055983005528,  0.213665578571978
				,  0.200302243138131,  0.232957681540251,  0.212367335245673
				,  0.225503525388106,  0.22739779887,  0.212566103764528
				,  0.244863862094514,  0.206934039952523,  0.208900411403183
				,  0.196083853852495,  0.189009583889981,  0.223546148954022
				,  0.188990396713216,  0.230249079306403,  0.167305721623032
				,  0.219040604887717,  0.207985682396239,  0.252579703643055
				,  0.191140253244179,  0.1850338495402,  0.226889062184932
				,  0.246927465545113,  0.202040171860581,  0.202730452963426
				,  0.204001803483335,  0.233348243688649,  0.23385326238697
				,  0.22062389096446,  0.208288844378286,  0.2473981255385
				,  0.248580363312854,  0.217309866502353,  0.182795237919679
				,  0.206359536289302,  0.194488184634412,  0.167482648671258
				,  0.208846230247388,  0.221289773200242,  0.240976931702016
				,  0.196393335661779,  0.176411469307291,  0.230369756909173
				,  0.185429270049441,  0.174819762756613,  0.20280916909517
				,  0.271199866469598,  0.154458291200517,  0.198484695409768
				,  0.200850435887393,  0.26520908779758,  0.133529378056593
				,  0.206207573961724,  0.222498995046803,  0.159238735061057
				,  0.190810859441124,  0.201475149426922,  0.143692032718204
				,  0.197369445386216,  0.119770258570523,  0.182563124609909
				,  0.147476403773772,  0.198558757159309,  0.186029052626379
				,  0.240267919536925,  0.201566892270542,  0.263407125852901
				,  0.25002316644919,  0.278828361725985,  0.195974636845525
				,  0.235952301974323,  0.0990552274802963,  0.243389860522971
				,  0.110225245056322,  0.257677811795863,  0.195756923757339
				,  0.237827801237618,  0.213816512190567,  0.252956458735315
				,  0.168680236189185,  0.123457378271279,  0.263540688953304
				,  0.229970461461003,  0.210240850402128,  0.121255313895075
				,  0.177837674805286,  0.216635121851592,  0.256884262015877
				,  0.172782981208105,  0.229877463029261,  0.217729551719002
				,  0.228210937035923,  0.20521414389912,  0.0931126909172775
				,  0.1499266562677,  0.24117196003336,  0.169564862843096
				,  0.141058686923812,  0.191237155182258,  0.231581646365935
				,  0.151291340221927,  0.128558356304546,  0.225705969460168
				))
			, nrow = 60, ncol = 3
			, dimnames = list(
				as.character(c( "1", "2", "3", "4", "5", "6", "7", "8", "9", "10"
				  , "11", "12", "13", "14", "15", "16", "17", "18", "19", "20"
				  , "21", "22", "23", "24", "25", "26", "27", "28", "29", "30"
				  , "31", "32", "33", "34", "35", "36", "37", "38", "39", "40"
				  , "41", "42", "43", "44", "45", "46", "47", "48", "49", "50"
				  , "51", "52", "53", "54", "55", "56", "57", "58", "59", "60"))
				, as.character(c("nVmax_shrinkage", "nKm_shrinkage", "nV_shrinkage"))
				)
			))
		, "sigma" = matrix(
			as.numeric(c(0.246083323579304))
			, nrow = 1, ncol = 1
			, dimnames = list(
				as.character(c("CEps"))
				, as.character(c("CEps"))
				)
			)
		, "method" = "FOCE-ELS"
		, "varFix" = matrix(
			as.numeric(c(0.000899131522629641, -10.1487938826751, -23.6029064507005, -0.143870522655183, -0.0159088753031933, -0.00978174578082968, -0.0370007572050043, 0.00125647577352996, 3.4843395030755e-005, -0.040962129781397, -10.1487938826751, 3495317.6205837, 7326402.06854471, 8420.52175069005, 869.295676607231, 429.452851047933, 1895.02281899229, -82.3080937259169, -4.50895779463067, 1287.48301309676, -23.6029064507005, 7326402.06854471, 16512750.376449, 25028.3055555496, 2374.93469662774, 92.5358956995917, 4682.52930408191, -235.024929668831, -21.6139780492921, 2243.22791827039, -0.143870522655183, 8420.52175069005, 25028.3055555496, 761.308339928368, 80.1946887179644, 53.8357110309756, 188.121923402919, -5.65697307786878, -0.125526805616112, 14.8385300635582, -0.0159088753031933, 869.295676607231, 2374.93469662774, 80.1946887179644, 8.63878416058292, 6.68098915882319, 20.6316633878301, -0.594373372266313, -0.01092184931454, 2.48674597745494, -0.00978174578082968, 429.452851047933, 92.5358956995917, 53.8357110309756, 6.68098915882319, 9.48373746050294, 17.8318722417802, -0.385411537179836, 0.00526322919405245, 6.61659917379041, -0.0370007572050043, 1895.02281899229, 4682.52930408191, 188.121923402919, 20.6316633878301, 17.8318722417802, 50.1512471272696, -1.38567375436028, -0.0185553234887049, 7.73478332350621, 0.00125647577352996, -82.3080937259169, -235.024929668831, -5.65697307786878, -0.594373372266313, -0.385411537179836, -1.38567375436028, 0.0423979128781009, 0.00107772233318455, -0.115315387998794, 3.4843395030755e-005, -4.50895779463067, -21.6139780492921, -0.125526805616112, -0.01092184931454, 0.00526322919405245, -0.0185553234887049, 0.00107772233318455, 0.000165125031894409, -0.0122591980270077, -0.040962129781397, 1287.48301309676, 2243.22791827039, 14.8385300635582, 2.48674597745494, 6.61659917379041, 7.73478332350621, -0.115315387998794, -0.0122591980270077, 891.601030346121))
			, nrow = 10, ncol = 10
			, dimnames = list(
				as.character(c("CMultStdev", "tvVmax", "tvKm", "tvV", "tvKa", "K12", "K21", "K13", "K31", "CEps"))
				, as.character(c("CMultStdev", "tvVmax", "tvKm", "tvV", "tvKa", "K12", "K21", "K13", "K31", "CEps"))
				)
			)
		, "omegaSE" = matrix(
			as.numeric(c(0.326494681181189, 0.122891922673063, 0.107572162904629, 0.122891922673063, 0.0618354799136189, 0.066118683067817, 0.107572162904629, 0.066118683067817, 0.00376096200448037))
			, nrow = 3, ncol = 3, byrow = TRUE
			, dimnames = list(
				as.character(c("nVmax", "nKm", "nV"))
				, as.character(c("nVmax", "nKm", "nV"))
				)
			)
		, "Covariance" = matrix(
			as.numeric(c(0.00089913152, -10.148794, -23.602906, -0.14387052, -0.015908875, -0.0097817458, -0.037000757, 0.0012564758, 3.4843395e-005, -0.04096213, -0.00074569003, -0.00081438225, -0.00043342188, -0.00025860616, -0.00046416535, -1.3798256e-005, -10.148794, 3495317.6, 7326402.1, 8420.5218, 869.29568, 429.45285, 1895.0228, -82.308094, -4.5089578,  1287.483, 441.62572, 178.38879, 71.628158, 145.62816, 73.525313, -0.71471411, -23.602906, 7326402.1,  16512750, 25028.306, 2374.9347, 92.535896, 4682.5293, -235.02493, -21.613978, 2243.2279, 1128.2846, 397.76171, 146.04722,  372.1416,  149.5355, -1.286337, -0.14387052, 8420.5218, 25028.306, 761.30834, 80.194689, 53.835711, 188.12192, -5.6569731, -0.12552681,  14.83853, 1.5904485,  1.094788, 0.56833213, 0.53539317, 0.58189392, 0.018286346, -0.015908875, 869.29568, 2374.9347, 80.194689, 8.6387842, 6.6809892, 20.631663, -0.59437337, -0.010921849,  2.486746, 0.12728435, 0.099807858, 0.05394979, 0.043053352, 0.055212081, 0.0020260205, -0.0097817458, 429.45285, 92.535896, 53.835711, 6.6809892, 9.4837375, 17.831872, -0.38541154, 0.0052632292, 6.6165992, -0.12994581, 0.0031839552, 0.015687089, -0.042097348, 0.01677724, 0.0020342377, -0.037000757, 1895.0228, 4682.5293, 188.12192, 20.631663, 17.831872, 50.151247, -1.3856738, -0.018555323, 7.7347833, 0.18294181, 0.2059959, 0.11945434, 0.062864447, 0.12254908, 0.0048875561, 0.0012564758, -82.308094, -235.02493, -5.6569731, -0.59437337, -0.38541154, -1.3856738, 0.042397913, 0.0010777223, -0.11531539, -0.015695201, -0.0089523588, -0.004386682, -0.0052528004, -0.0044753255, -0.00012768206, 3.4843395e-005, -4.5089578, -21.613978, -0.12552681, -0.010921849, 0.0052632292, -0.018555323, 0.0010777223, 0.00016512503, -0.012259198, -0.0027155452, -0.0004614192, -3.8854221e-005, -0.00089846878, -3.4359071e-005, -4.6992858e-006, -0.04096213,  1287.483, 2243.2279,  14.83853,  2.486746, 6.6165992, 7.7347833, -0.11531539, -0.012259198, 891.60103, 0.68459252, -0.076166333, -0.10966884, 0.20273734, -0.12868545, -0.033690919, -0.00074569003, 441.62572, 1128.2846, 1.5904485, 0.12728435, -0.12994581, 0.18294181, -0.015695201, -0.0027155452, 0.68459252, 0.10659878, 0.025005584, 0.0059008824, 0.035113857, 0.005788603, -0.00015358753, -0.00081438225, 178.38879, 397.76171,  1.094788, 0.099807858, 0.0031839552, 0.2059959, -0.0089523588, -0.0004614192, -0.076166333, 0.025005584, 0.015102425, 0.0070500674, 0.008317336, 0.0074762134, 7.7765213e-005, -0.00043342188, 71.628158, 146.04722, 0.56833213, 0.05394979, 0.015687089, 0.11945434, -0.004386682, -3.8854221e-005, -0.10966884, 0.0059008824, 0.0070500674, 0.0038236266, 0.001991721, 0.0040795984, 5.8962226e-005, -0.00025860616, 145.62816,  372.1416, 0.53539317, 0.043053352, -0.042097348, 0.062864447, -0.0052528004, -0.00089846878, 0.20273734, 0.035113857, 0.008317336, 0.001991721, 0.01157177, 0.0019612575, -4.3338095e-005, -0.00046416535, 73.525313,  149.5355, 0.58189392, 0.055212081, 0.01677724, 0.12254908, -0.0044753255, -3.4359071e-005, -0.12868545, 0.005788603, 0.0074762134, 0.0040795984, 0.0019612575, 0.0043716803, 7.1501652e-005, -1.3798256e-005, -0.71471411, -1.286337, 0.018286346, 0.0020260205, 0.0020342377, 0.0048875561, -0.00012768206, -4.6992858e-006, -0.033690919, -0.00015358753, 7.7765213e-005, 5.8962226e-005, -4.3338095e-005, 7.1501652e-005, 1.4144835e-005))
			, nrow = 16, ncol = 16
			, dimnames = list(
				as.character(c("CMultStdev", "tvVmax", "tvKm", "tvV", "tvKa", "K12", "K21", "K13", "K31", "stdev0", "nVmax-nVmax", "nKm-nVmax", "nKm-nKm", "nV-nVmax", "nV-nKm", "nV-nV"))
				, as.character(c("CMultStdev", "tvVmax", "tvKm", "tvV", "tvKa", "K12", "K21", "K13", "K31", "stdev0", "nVmax-nVmax", "nKm-nVmax", "nKm-nKm", "nV-nVmax", "nV-nKm", "nV-nV"))
				)
			)
		, "Correlation" = matrix(
			as.numeric(c(0.029985522, -0.18103373, -0.19370649, -0.17389213, -0.18051012, -0.10592903, -0.17424412, 0.20350274, 0.09042789, -0.045749425, -0.07616766, -0.22100055, -0.23375531, -0.080172856, -0.23411913, -0.12235273, -0.18103373, 1869.5769, 0.96435673, 0.16323579, 0.15819687, 0.074590309, 0.14312986, -0.21380949, -0.18768363, 0.023062846, 0.72349398, 0.77642748, 0.61958761, 0.72410598, 0.59479782, -0.10164595, -0.19370649, 0.96435673, 4063.5884, 0.22322429, 0.19884545, 0.0073945332, 0.16271588, -0.28088722, -0.41392203, 0.01848751, 0.85041879, 0.7965076, 0.58122709, 0.85133132, 0.55655798, -0.084167827, -0.17389213, 0.16323579, 0.22322429, 27.591817, 0.98886954, 0.63357845, 0.96276047, -0.99570704, -0.35403788, 0.018010481, 0.17654816, 0.32286903, 0.33310732, 0.18038176, 0.31896228, 0.17621695, -0.18051012, 0.15819687, 0.19884545, 0.98886954, 2.9391809, 0.73811613, 0.99121317, -0.9821115, -0.28917678, 0.028334779, 0.13263941, 0.27632176, 0.29684225, 0.13616979, 0.2841081, 0.18328148, -0.10592903, 0.074590309, 0.0073945332, 0.63357845, 0.73811613, 3.0795677, 0.81764788, -0.60780282, 0.13300135, 0.071954802, -0.12923984, 0.0084130573, 0.082378686, -0.12707645, 0.08239608, 0.17563578, -0.17424412, 0.14312986, 0.16271588, 0.96276047, 0.99121317, 0.81764788, 7.0817545, -0.95027189, -0.20390187, 0.036578172, 0.079121768, 0.23669788, 0.27278677, 0.082520971, 0.26172488, 0.18350671, 0.20350274, -0.21380949, -0.28088722, -0.99570704, -0.9821115, -0.60780282, -0.95027189, 0.20590753, 0.40731292, -0.018755547, -0.23346326, -0.35378703, -0.34452931, -0.23714761, -0.32872157, -0.16487648, 0.09042789, -0.18768363, -0.41392203, -0.35403788, -0.28917678, 0.13300135, -0.20390187, 0.40731292, 0.012850099, -0.03194996, -0.6472536, -0.29219035, -0.048898329, -0.64997497, -0.040439964, -0.097235858, -0.045749425, 0.023062846, 0.01848751, 0.018010481, 0.028334779, 0.071954802, 0.036578172, -0.018755547, -0.03194996, 29.859689, 0.070221606, -0.020756515, -0.059396416, 0.063117321, -0.065180842, -0.30000509, -0.07616766, 0.72349398, 0.85041879, 0.17654816, 0.13263941, -0.12923984, 0.079121768, -0.23346326, -0.6472536, 0.070221606, 0.32649468, 0.62321451, 0.2922827, 0.99977559, 0.26814732, -0.12507799, -0.22100055, 0.77642748, 0.7965076, 0.32286903, 0.27632176, 0.0084130573, 0.23669788, -0.35378703, -0.29219035, -0.020756515, 0.62321451, 0.12289192, 0.92775262, 0.62915986, 0.92009815, 0.1682531, -0.23375531, 0.61958761, 0.58122709, 0.33310732, 0.29684225, 0.082378686, 0.27278677, -0.34452931, -0.048898329, -0.059396416, 0.2922827, 0.92775262, 0.06183548, 0.29942693, 0.99782752, 0.25353457, -0.080172856, 0.72410598, 0.85133132, 0.18038176, 0.13616979, -0.12707645, 0.082520971, -0.23714761, -0.64997497, 0.063117321, 0.99977559, 0.62915986, 0.29942693, 0.10757216, 0.27574682, -0.1071201, -0.23411913, 0.59479782, 0.55655798, 0.31896228, 0.2841081, 0.08239608, 0.26172488, -0.32872157, -0.040439964, -0.065180842, 0.26814732, 0.92009815, 0.99782752, 0.27574682, 0.066118683, 0.28753647, -0.12235273, -0.10164595, -0.084167827, 0.17621695, 0.18328148, 0.17563578, 0.18350671, -0.16487648, -0.097235858, -0.30000509, -0.12507799, 0.1682531, 0.25353457, -0.1071201, 0.28753647, 0.003760962))
			, nrow = 16, ncol = 16
			, dimnames = list(
				as.character(c("CMultStdev", "tvVmax", "tvKm", "tvV", "tvKa", "K12", "K21", "K13", "K31", "stdev0", "nVmax-nVmax", "nKm-nVmax", "nKm-nKm", "nV-nVmax", "nV-nKm", "nV-nV"))
				, as.character(c("CMultStdev", "tvVmax", "tvKm", "tvV", "tvKa", "K12", "K21", "K13", "K31", "stdev0", "nVmax-nVmax", "nKm-nVmax", "nKm-nKm", "nV-nVmax", "nV-nKm", "nV-nV"))
				)
			)
		, "Inverse" = matrix(
			as.numeric(c(2064.0788, -0.073965223, 0.03557357, -34.529254, -35.013715, -65.29746, 97.337497, -2584.2067, 2549.6801, 0.41779992, -7457540.8, -20905238, -14661930,  32358501,  45365294, -35097313, -0.073965221, 4.1139001e-005, -1.9604233e-005, -4.8868293e-006, 0.0079731908, -0.014434071, 0.014778315, 0.47736978, -1.6783915, -4.5190278e-005, 2225.8633, 6242.8311, 4377.1483, -9659.5977, -13546.003, 10479.597, 0.035573569, -1.9604233e-005, 1.0074536e-005, 0.00016452474, -0.0042205087, 0.0059789897, -0.0059815942, -0.18397394, 0.74520705, 2.5398742e-005, -343.04526, -961.86922, -674.24861, 1488.5585, 2086.9515, -1614.623, -34.529254, -4.886687e-006, 0.00016452469, 2.1429791, -7.3331276, 5.9739123, -6.1347545, 36.772105, 41.722159, -0.01107071, 815547.47, 2287025.4, 1603939.7, -3539107.9, -4962872.4, 3839434.8, -35.013718, 0.0079731933, -0.0042205093, -7.3331272, 301.80494, -11.308329,  -55.3668, 1356.0792, -214.62962, 0.011956679, 8189275.7,  22978132,  16113066, -35543759, -49860736,  38566998, -65.297461, -0.01443407, 0.0059789896, 5.9739125, -11.308328, 29.791649, -34.811257, -242.03795, 981.58375, -0.024230511, 847031.52, 2374765.4, 1666060.8, -3675467.5,  -5153803, 3986962.8, 97.337499, 0.014778314, -0.0059815939, -6.1347548, -55.366801, -34.811257, 57.076118, -31.010088, -1180.303, 0.026580895, -3058069.2, -8577985.1,  -6016121,  13271673,  18614452, -14399024, -2584.2067, 0.4773698, -0.18397395, 36.772102, 1356.0791, -242.03798, -31.010036, 21328.436, -28640.368, -0.67285569, 1.3308045e+008, 3.7329937e+008, 2.6177426e+008, -5.7755736e+008, -8.1003604e+008, 6.2662709e+008,   2549.68, -1.6783915, 0.74520705, 41.722168, -214.62948, 981.58377, -1180.3031, -28640.367,  104085.4, 1.8712111, -1.0006956e+008, -2.8067074e+008, -1.968027e+008, 4.3427942e+008, 6.0902247e+008, -4.711421e+008, 0.41779992, -4.5190278e-005, 2.5398742e-005, -0.01107071, 0.011956675, -0.024230512, 0.026580897, -0.6728557, 1.8712111, 0.0014690822, 5127.3707, 14391.276, 10092.234, -22256.546, -31228.605, 24158.335, -7458508.5, 2225.4568, -342.88308, 815596.34, 8191272.8, 847626.07, -3059276.8, 1.3308054e+008, -1.0004046e+008, 5127.0518, -3.0913867e+015, -8.6714357e+015, -6.0809113e+015, 1.3416294e+016, 1.881656e+016, -1.4556328e+016, -20907955,  6241.684, -961.41105, 2287164.5,  22983693,   2376435, -8581364.7, 3.7329957e+008, -2.8058906e+008, 14390.379, -8.6714357e+015, -2.4323646e+016, -1.7057145e+016, 3.7633121e+016, 5.2781035e+016, -4.0830952e+016, -14663856, 4376.3484, -673.92974, 1604036.8,  16116965, 1667226.4, -6018484.5, 2.6177453e+008, -1.9674576e+008, 10091.602, -6.0809113e+015, -1.7057145e+016, -1.1961455e+016, 2.6390517e+016, 3.7013109e+016, -2.863302e+016,  32362661, -9657.8341, 1487.8577, -3539321.8, -35552389, -3678075.1,  13276940, -5.775568e+008, 4.3415236e+008, -22255.162, 1.3416294e+016, 3.7633121e+016, 2.6390517e+016, -5.8225308e+016, -8.1661897e+016, 6.3172936e+016,  45371112, -13543.565, 2085.9834, -4963164.3, -49872950,  -5157425,  18621822, -8.1003604e+008, 6.0884613e+008, -31226.66, 1.881656e+016, 5.2781035e+016, 3.7013109e+016, -8.1661897e+016, -1.1453208e+017, 8.8601022e+016, -35101812, 10477.692, -1613.866, 3839661.2,  38576451, 3989770.3, -14404733, 6.2662702e+008, -4.7100482e+008, 24156.834, -1.4556328e+016, -4.0830952e+016, -2.863302e+016, 6.3172936e+016, 8.8601022e+016, -6.8540983e+016))
			, nrow = 16, ncol = 16
			, dimnames = list(
				as.character(c("CMultStdev", "tvVmax", "tvKm", "tvV", "tvKa", "K12", "K21", "K13", "K31", "stdev0", "nVmax-nVmax", "nKm-nVmax", "nKm-nKm", "nV-nVmax", "nV-nKm", "nV-nV"))
				, as.character(c("CMultStdev", "tvVmax", "tvKm", "tvV", "tvKa", "K12", "K21", "K13", "K31", "stdev0", "nVmax-nVmax", "nKm-nVmax", "nKm-nKm", "nV-nVmax", "nV-nKm", "nV-nV"))
				)
			)
		, "LLTable" = data.frame(
			id = as.character(c( "1", "2", "3", "4", "5", "6", "7", "8", "9", "10", "11", "12", "13", "14", "15", "16", "17", "18", "19", "20", "21", "22", "23", "24", "25", "26", "27", "28", "29", "30", "31", "32", "33", "34", "35", "36", "37", "38", "39", "40", "41", "42", "43", "44", "45", "46", "47", "48", "49", "50", "51", "52", "53", "54", "55", "56", "57", "58", "59", "60"))
			, "LL" = c(-57.749282, -57.911178, -56.886774, -54.406313, -60.897547, -58.202944, -56.007249, -54.902284, -61.137717, -55.369634, -57.622582, -57.287223, -58.562613, -57.679256, -68.957976, -56.665546, -66.369103, -57.839804, -62.726462, -55.730412, -59.009263, -55.800756, -56.209629, -55.514321, -54.819421, -58.402435, -56.456898, -58.672905, -66.158878, -56.232081, -65.845084,  -54.2378, -64.017518, -55.112973, -57.507048, -53.225184, -61.437689, -65.960412, -53.014078, -55.874272, -57.890778, -65.349151, -57.537464, -56.124915, -53.579242, -58.141979, -57.527492, -55.413928, -55.435891, -56.097702, -65.294719, -60.62821, -57.13921, -65.844126, -59.600175, -59.870492, -54.284322, -61.187958, -66.005136, -55.579138)
			) # end of LLTable
		, "residuals" = data.frame(
			  ID1 = as.character(c(  "",   "",   "",   "",   "",   "",   "",   "",   "",   "",   "",   "",   "",   "",   "",   "",   "",   "",   "",   "",   "",   "",   "",   "",   "",   "",   "",   "",   "",   "",   "",   "",   "",   "",   "",   "",   "",   "",   "",   "",   "",   "",   "",   "",   "",   "",   "",   "",   "",   "",   "",   "",   "",   "",   "",   "",   "",   "",   "",   "",   "",   "",   "",   "",   "",   "",   "",   "",   "",   "",   "",   "",   "",   "",   "",   "",   "",   "",   "",   "",   "",   "",   "",   "",   "",   "",   "",   "",   "",   "",   "",   "",   "",   "",   "",   "",   "",   "",   "",   "",   "",   "",   "",   "",   "",   "",   "",   "",   "",   "",   "",   "",   "",   "",   "",   "",   "",   "",   "",   "",   "",   "",   "",   "",   "",   "",   "",   "",   "",   "",   "",   "",   "",   "",   "",   "",   "",   "",   "",   "",   "",   "",   "",   "",   "",   "",   "",   "",   "",   "",   "",   "",   "",   "",   "",   "",   "",   "",   "",   "",   "",   "",   "",   "",   "",   "",   "",   "",   "",   "",   "",   "",   "",   "",   "",   "",   "",   "",   "",   "",   "",   "",   "",   "",   "",   "",   "",   "",   "",   "",   "",   "",   "",   "",   "",   "",   "",   "",   "",   "",   "",   "",   "",   "",   "",   "",   "",   "",   "",   "",   "",   "",   "",   "",   "",   "",   "",   "",   "",   "",   "",   "",   "",   "",   "",   "",   "",   "",   "",   "",   "",   "",   "",   "",   "",   "",   "",   "",   "",   "",   "",   "",   "",   "",   "",   "",   "",   "",   "",   "",   "",   "",   "",   "",   "",   "",   "",   "",   "",   "",   "",   "",   "",   "",   "",   "",   "",   "",   "",   "",   "",   "",   "",   "",   "",   "",   "",   "",   "",   "",   "",   "",   "",   "",   "",   "",   "",   "",   "",   "",   "",   "",   "",   "",   "",   "",   "",   "",   "",   "",   "",   "",   "",   "",   "",   "",   "",   "",   "",   "",   "",   "",   "",   "",   "",   "",   "",   "",   "",   "",   "",   "",   "",   "",   "",   "",   "",   "",   "",   "",   "",   "",   "",   "",   "",   "",   "",   "",   "",   "",   "",   "",   "",   "",   "",   "",   "",   "",   "",   "",   "",   "",   "",   "",   "",   "",   "",   "",   "",   "",   "",   "",   "",   "",   "",   "",   "",   "",   "",   "",   "",   "",   "",   "",   "",   "",   "",   "",   "",   "",   "",   "",   "",   "",   "",   "",   "",   "",   "",   "",   "",   "",   "",   "",   "",   "",   "",   "",   "",   "",   "",   "",   "",   "",   "",   "",   "",   "",   "",   "",   "",   "",   "",   "",   "",   "",   "",   "",   "",   ""))
			, ID2 = as.character(c(  "",   "",   "",   "",   "",   "",   "",   "",   "",   "",   "",   "",   "",   "",   "",   "",   "",   "",   "",   "",   "",   "",   "",   "",   "",   "",   "",   "",   "",   "",   "",   "",   "",   "",   "",   "",   "",   "",   "",   "",   "",   "",   "",   "",   "",   "",   "",   "",   "",   "",   "",   "",   "",   "",   "",   "",   "",   "",   "",   "",   "",   "",   "",   "",   "",   "",   "",   "",   "",   "",   "",   "",   "",   "",   "",   "",   "",   "",   "",   "",   "",   "",   "",   "",   "",   "",   "",   "",   "",   "",   "",   "",   "",   "",   "",   "",   "",   "",   "",   "",   "",   "",   "",   "",   "",   "",   "",   "",   "",   "",   "",   "",   "",   "",   "",   "",   "",   "",   "",   "",   "",   "",   "",   "",   "",   "",   "",   "",   "",   "",   "",   "",   "",   "",   "",   "",   "",   "",   "",   "",   "",   "",   "",   "",   "",   "",   "",   "",   "",   "",   "",   "",   "",   "",   "",   "",   "",   "",   "",   "",   "",   "",   "",   "",   "",   "",   "",   "",   "",   "",   "",   "",   "",   "",   "",   "",   "",   "",   "",   "",   "",   "",   "",   "",   "",   "",   "",   "",   "",   "",   "",   "",   "",   "",   "",   "",   "",   "",   "",   "",   "",   "",   "",   "",   "",   "",   "",   "",   "",   "",   "",   "",   "",   "",   "",   "",   "",   "",   "",   "",   "",   "",   "",   "",   "",   "",   "",   "",   "",   "",   "",   "",   "",   "",   "",   "",   "",   "",   "",   "",   "",   "",   "",   "",   "",   "",   "",   "",   "",   "",   "",   "",   "",   "",   "",   "",   "",   "",   "",   "",   "",   "",   "",   "",   "",   "",   "",   "",   "",   "",   "",   "",   "",   "",   "",   "",   "",   "",   "",   "",   "",   "",   "",   "",   "",   "",   "",   "",   "",   "",   "",   "",   "",   "",   "",   "",   "",   "",   "",   "",   "",   "",   "",   "",   "",   "",   "",   "",   "",   "",   "",   "",   "",   "",   "",   "",   "",   "",   "",   "",   "",   "",   "",   "",   "",   "",   "",   "",   "",   "",   "",   "",   "",   "",   "",   "",   "",   "",   "",   "",   "",   "",   "",   "",   "",   "",   "",   "",   "",   "",   "",   "",   "",   "",   "",   "",   "",   "",   "",   "",   "",   "",   "",   "",   "",   "",   "",   "",   "",   "",   "",   "",   "",   "",   "",   "",   "",   "",   "",   "",   "",   "",   "",   "",   "",   "",   "",   "",   "",   "",   "",   "",   "",   "",   "",   "",   "",   "",   "",   "",   "",   "",   "",   "",   "",   "",   "",   "",   "",   "",   "",   "",   "",   "",   "",   "",   "",   "",   "",   ""))
			, ID3 = as.character(c(  "",   "",   "",   "",   "",   "",   "",   "",   "",   "",   "",   "",   "",   "",   "",   "",   "",   "",   "",   "",   "",   "",   "",   "",   "",   "",   "",   "",   "",   "",   "",   "",   "",   "",   "",   "",   "",   "",   "",   "",   "",   "",   "",   "",   "",   "",   "",   "",   "",   "",   "",   "",   "",   "",   "",   "",   "",   "",   "",   "",   "",   "",   "",   "",   "",   "",   "",   "",   "",   "",   "",   "",   "",   "",   "",   "",   "",   "",   "",   "",   "",   "",   "",   "",   "",   "",   "",   "",   "",   "",   "",   "",   "",   "",   "",   "",   "",   "",   "",   "",   "",   "",   "",   "",   "",   "",   "",   "",   "",   "",   "",   "",   "",   "",   "",   "",   "",   "",   "",   "",   "",   "",   "",   "",   "",   "",   "",   "",   "",   "",   "",   "",   "",   "",   "",   "",   "",   "",   "",   "",   "",   "",   "",   "",   "",   "",   "",   "",   "",   "",   "",   "",   "",   "",   "",   "",   "",   "",   "",   "",   "",   "",   "",   "",   "",   "",   "",   "",   "",   "",   "",   "",   "",   "",   "",   "",   "",   "",   "",   "",   "",   "",   "",   "",   "",   "",   "",   "",   "",   "",   "",   "",   "",   "",   "",   "",   "",   "",   "",   "",   "",   "",   "",   "",   "",   "",   "",   "",   "",   "",   "",   "",   "",   "",   "",   "",   "",   "",   "",   "",   "",   "",   "",   "",   "",   "",   "",   "",   "",   "",   "",   "",   "",   "",   "",   "",   "",   "",   "",   "",   "",   "",   "",   "",   "",   "",   "",   "",   "",   "",   "",   "",   "",   "",   "",   "",   "",   "",   "",   "",   "",   "",   "",   "",   "",   "",   "",   "",   "",   "",   "",   "",   "",   "",   "",   "",   "",   "",   "",   "",   "",   "",   "",   "",   "",   "",   "",   "",   "",   "",   "",   "",   "",   "",   "",   "",   "",   "",   "",   "",   "",   "",   "",   "",   "",   "",   "",   "",   "",   "",   "",   "",   "",   "",   "",   "",   "",   "",   "",   "",   "",   "",   "",   "",   "",   "",   "",   "",   "",   "",   "",   "",   "",   "",   "",   "",   "",   "",   "",   "",   "",   "",   "",   "",   "",   "",   "",   "",   "",   "",   "",   "",   "",   "",   "",   "",   "",   "",   "",   "",   "",   "",   "",   "",   "",   "",   "",   "",   "",   "",   "",   "",   "",   "",   "",   "",   "",   "",   "",   "",   "",   "",   "",   "",   "",   "",   "",   "",   "",   "",   "",   "",   "",   "",   "",   "",   "",   "",   "",   "",   "",   "",   "",   "",   "",   "",   "",   "",   "",   "",   "",   "",   "",   "",   "",   "",   "",   "",   "",   ""))
			, ID4 = as.character(c(  "",   "",   "",   "",   "",   "",   "",   "",   "",   "",   "",   "",   "",   "",   "",   "",   "",   "",   "",   "",   "",   "",   "",   "",   "",   "",   "",   "",   "",   "",   "",   "",   "",   "",   "",   "",   "",   "",   "",   "",   "",   "",   "",   "",   "",   "",   "",   "",   "",   "",   "",   "",   "",   "",   "",   "",   "",   "",   "",   "",   "",   "",   "",   "",   "",   "",   "",   "",   "",   "",   "",   "",   "",   "",   "",   "",   "",   "",   "",   "",   "",   "",   "",   "",   "",   "",   "",   "",   "",   "",   "",   "",   "",   "",   "",   "",   "",   "",   "",   "",   "",   "",   "",   "",   "",   "",   "",   "",   "",   "",   "",   "",   "",   "",   "",   "",   "",   "",   "",   "",   "",   "",   "",   "",   "",   "",   "",   "",   "",   "",   "",   "",   "",   "",   "",   "",   "",   "",   "",   "",   "",   "",   "",   "",   "",   "",   "",   "",   "",   "",   "",   "",   "",   "",   "",   "",   "",   "",   "",   "",   "",   "",   "",   "",   "",   "",   "",   "",   "",   "",   "",   "",   "",   "",   "",   "",   "",   "",   "",   "",   "",   "",   "",   "",   "",   "",   "",   "",   "",   "",   "",   "",   "",   "",   "",   "",   "",   "",   "",   "",   "",   "",   "",   "",   "",   "",   "",   "",   "",   "",   "",   "",   "",   "",   "",   "",   "",   "",   "",   "",   "",   "",   "",   "",   "",   "",   "",   "",   "",   "",   "",   "",   "",   "",   "",   "",   "",   "",   "",   "",   "",   "",   "",   "",   "",   "",   "",   "",   "",   "",   "",   "",   "",   "",   "",   "",   "",   "",   "",   "",   "",   "",   "",   "",   "",   "",   "",   "",   "",   "",   "",   "",   "",   "",   "",   "",   "",   "",   "",   "",   "",   "",   "",   "",   "",   "",   "",   "",   "",   "",   "",   "",   "",   "",   "",   "",   "",   "",   "",   "",   "",   "",   "",   "",   "",   "",   "",   "",   "",   "",   "",   "",   "",   "",   "",   "",   "",   "",   "",   "",   "",   "",   "",   "",   "",   "",   "",   "",   "",   "",   "",   "",   "",   "",   "",   "",   "",   "",   "",   "",   "",   "",   "",   "",   "",   "",   "",   "",   "",   "",   "",   "",   "",   "",   "",   "",   "",   "",   "",   "",   "",   "",   "",   "",   "",   "",   "",   "",   "",   "",   "",   "",   "",   "",   "",   "",   "",   "",   "",   "",   "",   "",   "",   "",   "",   "",   "",   "",   "",   "",   "",   "",   "",   "",   "",   "",   "",   "",   "",   "",   "",   "",   "",   "",   "",   "",   "",   "",   "",   "",   "",   "",   "",   "",   "",   "",   "",   "",   "",   ""))
			, ID5 = as.character(c( "1",  "1",  "1",  "1",  "1",  "1",  "1",  "2",  "2",  "2",  "2",  "2",  "2",  "2",  "3",  "3",  "3",  "3",  "3",  "3",  "3",  "4",  "4",  "4",  "4",  "4",  "4",  "4",  "5",  "5",  "5",  "5",  "5",  "5",  "5",  "6",  "6",  "6",  "6",  "6",  "6",  "6",  "7",  "7",  "7",  "7",  "7",  "7",  "7",  "8",  "8",  "8",  "8",  "8",  "8",  "8",  "9",  "9",  "9",  "9",  "9",  "9",  "9", "10", "10", "10", "10", "10", "10", "10", "11", "11", "11", "11", "11", "11", "11", "12", "12", "12", "12", "12", "12", "12", "13", "13", "13", "13", "13", "13", "13", "14", "14", "14", "14", "14", "14", "14", "15", "15", "15", "15", "15", "15", "15", "16", "16", "16", "16", "16", "16", "16", "17", "17", "17", "17", "17", "17", "17", "18", "18", "18", "18", "18", "18", "18", "19", "19", "19", "19", "19", "19", "19", "20", "20", "20", "20", "20", "20", "20", "21", "21", "21", "21", "21", "21", "21", "22", "22", "22", "22", "22", "22", "22", "23", "23", "23", "23", "23", "23", "23", "24", "24", "24", "24", "24", "24", "24", "25", "25", "25", "25", "25", "25", "25", "26", "26", "26", "26", "26", "26", "26", "27", "27", "27", "27", "27", "27", "27", "28", "28", "28", "28", "28", "28", "28", "29", "29", "29", "29", "29", "29", "29", "30", "30", "30", "30", "30", "30", "30", "31", "31", "31", "31", "31", "31", "31", "32", "32", "32", "32", "32", "32", "32", "33", "33", "33", "33", "33", "33", "33", "34", "34", "34", "34", "34", "34", "34", "35", "35", "35", "35", "35", "35", "35", "36", "36", "36", "36", "36", "36", "36", "37", "37", "37", "37", "37", "37", "37", "38", "38", "38", "38", "38", "38", "38", "39", "39", "39", "39", "39", "39", "39", "40", "40", "40", "40", "40", "40", "40", "41", "41", "41", "41", "41", "41", "41", "42", "42", "42", "42", "42", "42", "42", "43", "43", "43", "43", "43", "43", "43", "44", "44", "44", "44", "44", "44", "44", "45", "45", "45", "45", "45", "45", "45", "46", "46", "46", "46", "46", "46", "46", "47", "47", "47", "47", "47", "47", "47", "48", "48", "48", "48", "48", "48", "48", "49", "49", "49", "49", "49", "49", "49", "50", "50", "50", "50", "50", "50", "50", "51", "51", "51", "51", "51", "51", "51", "52", "52", "52", "52", "52", "52", "52", "53", "53", "53", "53", "53", "53", "53", "54", "54", "54", "54", "54", "54", "54", "55", "55", "55", "55", "55", "55", "55", "56", "56", "56", "56", "56", "56", "56", "57", "57", "57", "57", "57", "57", "57", "58", "58", "58", "58", "58", "58", "58", "59", "59", "59", "59", "59", "59", "59", "60", "60", "60", "60", "60", "60", "60"))
