dmp.txt <- structure(
	.Data = list(
		"coefficients" = list(
			"fixed" = c("CMultStdev" = 0.535496717912652, "tvVmax" = 4850.43942930545, "tvKm" = 3361.32824152142, "tvV" = 59.2723959141532, "tvKa" = 1.18162845168973, "K12" = 0.305177508703849, "K21" = 1.08277477351493, "K13" = 0.0650193293867248, "K31" = 0.0647458187654104, "CEps" = 0.499984448239979)
			, "random" = list("Subject" = matrix(
				as.numeric(c(
					 0.614118031970545,  -0.454406064822367,  0.0580082048437919
					,  -0.142559713321349,  0.540919404305442,  -0.115074268691024
					,  0.130618965498465,  0.0358129892412813,  0.421463916879702
					,  -0.10105334854865,  0.391540372814238,  -0.0403849682298621
					,  0.00467076826888919,  -0.282811790452998,  0.299687668140703
					,  -0.468296539687178,  -0.0854451412448004,  0.148204177330155
					,  0.132396725228779,  0.369894537684053,  0.175055952445263
					,  0.533099270840294,  0.245228242595425,  -1.03493782310954
					,  -0.252371257513021,  0.210198183671456,  0.237367440503716
					,  -0.0733932372502712,  0.135715914665236,  0.215366053531376
					,  0.0903209561582035,  -0.367063342953033,  0.208683607859557
					,  0.0845663354655122,  0.366621749433479,  0.425407629295271
					,  0.386917239568699,  -0.441917428433116,  0.25772060450734
					,  0.101342949236304,  0.36128653947541,  -0.184645098927776
					,  0.107544941924458,  0.22499378841251,  -0.071488117640876
					,  0.421787836256415,  0.150252176737621,  0.088159891109175
					,  -0.107479432784653,  0.13904074913938,  -0.418345152644814
					,  0.756545467615895,  0.116689711077721,  0.305987892510747
					,  0.246731301007186,  0.212287388984033,  -0.477002069523439
					,  0.12218171222588,  -0.562458592450687,  -0.154738892129426
					,  -0.0340101343795413,  0.15009977065893,  -0.096942352168783
					,  -0.118839687513785,  0.581353854843397,  -0.298974482881757
					,  -0.407210770123363,  -0.138416966148031,  0.724376065570121
					,  -0.588416688919728,  0.373746396903304,  -0.192888092662156
					,  -0.268761038931017,  0.55441005853505,  0.0395952006498677
					,  0.0140620178609818,  0.427153164523254,  0.365776450828439
					,  0.294212149787285,  0.505515093545688,  0.75238215095811
					,  -0.182149189275325,  0.0341587965307661,  -0.469413447181722
					,  0.209598306088153,  -0.228964759290981,  -0.303032513920589
					,  -0.162287442365022,  0.209577907005295,  0.0540226938129191
					,  0.441036974250797,  -0.271590042415988,  -0.466249612960282
					,  0.429328885401515,  0.0805780627063073,  0.34158576039885
					,  0.508989039051021,  -1.03523351074186,  -0.126975915917361
					,  -0.0647993173443044,  0.665446993534886,  -0.403965951242202
					,  0.506602660479831,  0.422484701535583,  0.0266682691046634
					,  0.148303365970465,  0.266569293505456,  0.57835272563434
					,  -0.51874678982505,  -0.168673252044164,  -1.36437406797073
					,  0.860740399015607,  -0.250015740983418,  0.078471140693438
					,  0.0316238122718437,  -0.383418796526866,  -0.160427768301051
					,  -0.236351993745396,  -0.292465960260371,  -0.016838137233933
					,  -0.643899127432722,  0.510517746780305,  -0.066713700526494
					,  0.0515675958831296,  -0.129691958137594,  -0.175254404338621
					,  -0.467085557092765,  -0.111880289591748,  0.0676489811709739
					,  -0.18488880696979,  -0.122541901433013,  -0.0622478775805084
					,  -0.100209031969598,  0.619082904589628,  -0.221493949964551
					,  0.431600658660346,  0.345326382776833,  0.0976370231331266
					,  0.0827193372632605,  0.000458654895448363,  0.311685706668874
					,  -0.53835133364226,  -0.134426127636494,  0.620992926417634
					,  0.364413101821586,  -0.248661264416144,  -0.327948289190399
					,  -0.0948788588816439,  -0.000263768550342746,  -0.152462034213439
					,  0.204210427707187,  0.0977801211714667,  -0.343538417962211
					,  0.189380193273553,  -0.196427646424579,  -0.126421719580045
					,  -0.0170315699246828,  -0.673086743788433,  -0.324323336115562
					,  -0.126471964169597,  0.0928613291706121,  -0.206724977565283
					,  0.217376735460609,  0.0455655853881771,  0.057477273987611
					,  -0.240665231113748,  0.0232933677558229,  0.283226187774798
					,  -0.431756600672971,  -0.274232258380836,  -1.16851996099599
					,  -0.138568124101257,  -0.304470049691652,  -0.162133988962738
					,  -0.158424163239819,  -0.449002647017469,  0.319724385719389
					,  -0.285266425768209,  0.280307674308181,  0.14478477669154
					))
				, nrow = 60, ncol = 3
				, dimnames = list(
					as.character(c( "1", "2", "3", "4", "5", "6", "7", "8", "9", "10"
					  , "11", "12", "13", "14", "15", "16", "17", "18", "19", "20"
					  , "21", "22", "23", "24", "25", "26", "27", "28", "29", "30"
					  , "31", "32", "33", "34", "35", "36", "37", "38", "39", "40"
					  , "41", "42", "43", "44", "45", "46", "47", "48", "49", "50"
					  , "51", "52", "53", "54", "55", "56", "57", "58", "59", "60"))
					, as.character(c("nVmax", "nKm", "nV"))
					)
				))
			)
		, "logLik" = c(-3256.39)
		, "nObs" = c(480)
		, "nSubj" = c(60)
		, "nParm" = c(16)
		, "returnCode" = c(3)
		, "omega" = matrix(
			as.numeric(c(0.318488638679763, 0.102511735645753, 0.0981571784253825, 0.102511735645753, 0.31136617252182, 0.1002622510297, 0.0981571784253825, 0.1002622510297, 0.3162486862369))
			, nrow = 3, ncol = 3
			, dimnames = list(
				as.character(c("nVmax", "nKm", "nV"))
				, as.character(c("nVmax", "nKm", "nV"))
				)
			)
		, "eta" = matrix(
			as.numeric(c(0.0706427501350122, 0.023773128973023, -0.0658387504762187, 0.102885106203469, 0.178217417845674, 0.099991403331897, 0.320757082857837, 0.422158048419871, 0.316214173198952, 0.431632439267865, 0.243446997065273, 0.437701445913737))
			, nrow = 3, ncol = 4
			, dimnames = list(
				as.character(c("nVmax", "nKm", "nV"))
				, as.character(c("mean", "var", "sd", "shrinkage"))
				)
			)
		, "eta_shrinkage" = list("Subject" = matrix(
			as.numeric(c(
				 0.505519224266606,  0.782271465505332,  0.564254596134087
				,  0.589967471401446,  0.595883990119767,  0.539257842373324
				,  0.494403805515222,  0.55505168155556,  0.653199111730972
				,  0.509634514585823,  0.581313774899265,  0.565349765332609
				,  0.543928524393449,  0.812618242116104,  0.550908660599259
				,  0.741983965225445,  0.747518467338149,  0.629342975334768
				,  0.623034390012103,  0.612955017353852,  0.750168092220573
				,  0.508174745021729,  0.558424081450078,  0.787117030928394
				,  0.729904244894283,  0.527159865771777,  0.519142418149047
				,  0.56102011317931,  0.598929203447809,  0.559613316697019
				,  0.67017908795212,  0.603091591678294,  0.500974378731991
				,  0.687490431374723,  0.552844563257069,  0.578529101822682
				,  0.603221039362971,  0.414125540027985,  0.529591963810649
				,  0.556752276909881,  0.657920926976972,  0.527869324322157
				,  0.691772273024184,  0.624667907779914,  0.603056872791599
				,  0.553912218708247,  0.610225919379447,  0.708800429710058
				,  0.492437179210287,  0.533853149671174,  0.281226780983154
				,  0.602351738090824,  0.523289598056492,  0.558654716192121
				,  0.55651561487477,  0.498350736455663,  0.693346296476752
				,  0.526419239441592,  0.66929314142274,  0.624795140345093
				,  0.171981226470552,  0.140368254206565,  0.179441672031063
				,  0.173310943933863,  0.186285513437098,  0.172935971460857
				,  0.173481209514657,  0.180278284515398,  0.175159239242021
				,  0.170188916973966,  0.176165553017754,  0.180390816222595
				,  0.174353004786387,  0.132825827847772,  0.177781395574526
				,  0.149294442825508,  0.15258734023374,  0.177142841108123
				,  0.177353080154606,  0.180209521266567,  0.153444345741106
				,  0.172161499149971,  0.186478939638721,  0.135861975619781
				,  0.153823060005748,  0.186094067070678,  0.171686731345743
				,  0.177779768175381,  0.180275293186564,  0.185323827803011
				,  0.170924656088149,  0.168167834939416,  0.180240060406092
				,  0.167830307839581,  0.186302527155781,  0.177615538061649
				,  0.180757311102,  0.155919365498301,  0.175003152930316
				,  0.171427078249208,  0.173874705806215,  0.180601161333942
				,  0.168317332030415,  0.175998497020504,  0.171359203726702
				,  0.187033367903213,  0.175699203275537,  0.160515666517545
				,  0.165447259955924,  0.172508270048179,  0.152950167175731
				,  0.185115590257652,  0.176287085977173,  0.168709254220887
				,  0.18386736865571,  0.177160360994885,  0.156149833070015
				,  0.176401704127833,  0.160104459134897,  0.174818416082016
				,  0.610011381147537,  0.876303501044138,  0.684926462321624
				,  0.709713147675989,  0.687414663929263,  0.665164455884474
				,  0.641249616322451,  0.677403541794758,  0.75412157509263
				,  0.663260477252155,  0.660806704410336,  0.705965142993743
				,  0.657917255600675,  0.890088896993957,  0.636206517035086
				,  0.849760340950821,  0.853688313294321,  0.73485460097973
				,  0.73098444513702,  0.708106392893872,  0.852029531395266
				,  0.618052714110643,  0.666800766114302,  0.883974293643138
				,  0.838541663142449,  0.654078845980268,  0.628095768609629
				,  0.68808260134509,  0.707211491037343,  0.667649386373179
				,  0.779403435798082,  0.734945333938782,  0.640713076328932
				,  0.803085746936978,  0.65261610502521,  0.662435606630719
				,  0.689142999048506,  0.669669138769622,  0.639984629932875
				,  0.655320455680547,  0.761202025844653,  0.687305893020812
				,  0.804397878052058,  0.72626523247558,  0.713813683667527
				,  0.653504202964761,  0.715846413337215,  0.811738071165502
				,  0.653993872430291,  0.651123061028314,  0.599338380921862
				,  0.676691043572179,  0.653475897039336,  0.638110744484094
				,  0.664955721683826,  0.638716797623504,  0.814492515418453
				,  0.650929753703686,  0.79871108540086,  0.749968054346349
				))
			, nrow = 60, ncol = 3
			, dimnames = list(
				as.character(c( "1", "2", "3", "4", "5", "6", "7", "8", "9", "10"
				  , "11", "12", "13", "14", "15", "16", "17", "18", "19", "20"
				  , "21", "22", "23", "24", "25", "26", "27", "28", "29", "30"
				  , "31", "32", "33", "34", "35", "36", "37", "38", "39", "40"
				  , "41", "42", "43", "44", "45", "46", "47", "48", "49", "50"
				  , "51", "52", "53", "54", "55", "56", "57", "58", "59", "60"))
				, as.character(c("nVmax_shrinkage", "nKm_shrinkage", "nV_shrinkage"))
				)
			))
		, "sigma" = matrix(
			as.numeric(c(0.249984448481836))
			, nrow = 1, ncol = 1
			, dimnames = list(
				as.character(c("CEps"))
				, as.character(c("CEps"))
				)
			)
		, "method" = "FOCE-ELS"
		, "varFix" = matrix(
			as.numeric(c(0.00171156258603794, -47.6309901572279, -38.805158523916, 0.290353487555468, 0.00133533423119688, -0.000645951599234605, -0.000923552312031474, -0.000296334085594202, -0.000225746459855319, -0.0165426572429459, -47.6309901572279, 169111600.697631, 128126726.9089, -14959.5433064761, -665.731513502527, -943.29510879992, -4910.24642734454, -131.277862048447, 43.8468090247324, -16782.3879586007, -38.805158523916, 128126726.9089, 98532378.5023163, -14128.6675151062, -546.336408675068, -728.656945202151, -3938.74469687805, -96.727599752684, 35.3276787929698, -12584.3780157684, 0.290353487555468, -14959.5433064761, -14128.6675151062, 162.319644427892, 1.97853084514346, 0.692549301530885, 7.5437844863958, -0.178146635314424, -0.0935253780708429, -3.11977468047958, 0.00133533423119688, -665.731513502527, -546.336408675068, 1.97853084514346, 0.0656643177802545, 0.0310337689264432, 0.259821744940091, -0.00236678377494415, -0.000918319270132632, -0.0506198378949463, -0.000645951599234605, -943.29510879992, -728.656945202151, 0.692549301530885, 0.0310337689264432, 0.0696636104328133, 0.45066406573369, 0.00382130325743126, 0.00171166968799096, -0.379525839636814, -0.000923552312031474, -4910.24642734454, -3938.74469687805, 7.5437844863958, 0.259821744940091, 0.45066406573369, 3.04413623796608, 0.0159572522854, 0.00716826816909144, -2.35971831412828, -0.000296334085594202, -131.277862048447, -96.727599752684, -0.178146635314424, -0.00236678377494415, 0.00382130325743126, 0.0159572522854, 0.000831731778882543, 0.000377367294594807, -0.0289341885935744, -0.000225746459855319, 43.8468090247324, 35.3276787929698, -0.0935253780708429, -0.000918319270132632, 0.00171166968799096, 0.00716826816909144, 0.000377367294594807, 0.000311118679395219, -0.0384350621425775, -0.0165426572429459, -16782.3879586007, -12584.3780157684, -3.11977468047958, -0.0506198378949463, -0.379525839636814, -2.35971831412828, -0.0289341885935744, -0.0384350621425775, 21.2719845273706))
			, nrow = 10, ncol = 10
			, dimnames = list(
				as.character(c("CMultStdev", "tvVmax", "tvKm", "tvV", "tvKa", "K12", "K21", "K13", "K31", "CEps"))
				, as.character(c("CMultStdev", "tvVmax", "tvKm", "tvV", "tvKa", "K12", "K21", "K13", "K31", "CEps"))
				)
			)
		, "omegaSE" = matrix(
			as.numeric(c(2.6279456198592, 0.959587100864766, 2.47895336592337, 0.959587100864766, 0.171215610986628, 1.00731781802989, 2.47895336592337, 1.00731781802989, 2.56288263756874))
			, nrow = 3, ncol = 3, byrow = TRUE
			, dimnames = list(
				as.character(c("nVmax", "nKm", "nV"))
				, as.character(c("nVmax", "nKm", "nV"))
				)
			)
		, "Covariance" = matrix(
			as.numeric(c(0.0017115626, -47.63099, -38.805159, 0.29035349, 0.0013353342, -0.0006459516, -0.00092355231, -0.00029633409, -0.00022574646, -0.016542657, 0.024512928, -0.0096098201, -0.00072751865, 0.025671831, -0.0086957208, 0.029153561, -47.63099, 1.691116e+008, 1.2812673e+008, -14959.543, -665.73151, -943.29511, -4910.2464, -131.27786, 43.846809, -16782.388, -17729.458,  9657.427, 751.36177, -14700.637, 9551.3487, -11788.935, -38.805159, 1.2812673e+008,  98532379, -14128.668, -546.33641, -728.65695, -3938.7447,  -96.7276, 35.327679, -12584.378, -14096.516, 7487.4815, 560.77901, -11950.168,   7498.55, -9592.5082, 0.29035349, -14959.543, -14128.668, 162.31964, 1.9785308, 0.6925493, 7.5437845, -0.17814664, -0.093525378, -3.1197747, 5.1023465, -1.8019519, -0.82510266,  5.941728, -1.6674694,  6.914157, 0.0013353342, -665.73151, -546.33641, 1.9785308, 0.065664318, 0.031033769, 0.25982174, -0.0023667838, -0.00091831927, -0.050619838, 0.054087518, -0.045486702, -0.013374963, 0.054811207, -0.044886729, 0.051437525, -0.0006459516, -943.29511, -728.65695, 0.6925493, 0.031033769, 0.06966361, 0.45066407, 0.0038213033, 0.0017116697, -0.37952584, 0.048889672, -0.0076728896, -0.015450151, 0.0011845792, -0.003580107, -0.053306677, -0.00092355231, -4910.2464, -3938.7447, 7.5437845, 0.25982174, 0.45066407, 3.0441362, 0.015957252, 0.0071682682, -2.3597183, 0.1906958, -0.0067220681, -0.10818646, -0.037291475, 0.011965053, -0.32700388, -0.00029633409, -131.27786,  -96.7276, -0.17814664, -0.0023667838, 0.0038213033, 0.015957252, 0.00083173178, 0.00037736729, -0.028934189, 0.013556913, -0.0040868492, -0.00013715857, 0.0064088294, -0.0038131909, -0.0013069705, -0.00022574646, 43.846809, 35.327679, -0.093525378, -0.00091831927, 0.0017116697, 0.0071682682, 0.00037736729, 0.00031111868, -0.038435062, 9.3341306e-005, 0.0032575356, 0.00047485025, -0.0028434966, 0.0033226905, -0.0062121755, -0.016542657, -16782.388, -12584.378, -3.1197747, -0.050619838, -0.37952584, -2.3597183, -0.028934189, -0.038435062, 21.271985, -4.4712833, -0.30076828, -0.052768611, -3.9757915, -0.29424819, -3.3725071, 0.024512928, -17729.458, -14096.516, 5.1023465, 0.054087518, 0.048889672, 0.1906958, 0.013556913, 9.3341306e-005, -4.4712833, 6.9060982, -1.6298526, -0.12189811, 6.1592303, -1.6812819,  5.239547, -0.0096098201,  9657.427, 7487.4815, -1.8019519, -0.045486702, -0.0076728896, -0.0067220681, -0.0040868492, 0.0032575356, -0.30076828, -1.6298526, 0.9208074, 0.017499253, -1.7722333, 0.95543062, -1.909927, -0.00072751865, 751.36177, 560.77901, -0.82510266, -0.013374963, -0.015450151, -0.10818646, -0.00013715857, 0.00047485025, -0.052768611, -0.12189811, 0.017499253, 0.029314785, -0.098879609, 0.016149431, -0.079828223, 0.025671831, -14700.637, -11950.168,  5.941728, 0.054811207, 0.0011845792, -0.037291475, 0.0064088294, -0.0028434966, -3.9757915, 6.1592303, -1.7722333, -0.098879609, 6.1452098, -1.9020721, 5.9490184, -0.0086957208, 9551.3487,   7498.55, -1.6674694, -0.044886729, -0.003580107, 0.011965053, -0.0038131909, 0.0033226905, -0.29424819, -1.6812819, 0.95543062, 0.016149431, -1.9020721, 1.0146892, -2.0921374, 0.029153561, -11788.935, -9592.5082,  6.914157, 0.051437525, -0.053306677, -0.32700388, -0.0013069705, -0.0062121755, -3.3725071,  5.239547, -1.909927, -0.079828223, 5.9490184, -2.0921374, 6.5683674))
			, nrow = 16, ncol = 16
			, dimnames = list(
				as.character(c("CMultStdev", "tvVmax", "tvKm", "tvV", "tvKa", "K12", "K21", "K13", "K31", "stdev0", "nVmax-nVmax", "nKm-nVmax", "nKm-nKm", "nV-nVmax", "nV-nKm", "nV-nV"))
				, as.character(c("CMultStdev", "tvVmax", "tvKm", "tvV", "tvKa", "K12", "K21", "K13", "K31", "stdev0", "nVmax-nVmax", "nKm-nVmax", "nKm-nKm", "nV-nVmax", "nV-nKm", "nV-nV"))
				)
			)
		, "Correlation" = matrix(
			as.numeric(c(0.041371036, -0.088533272, -0.094493859, 0.55086492, 0.1259589, -0.059156245, -0.012794787, -0.24836682, -0.30935812, -0.086697161, 0.22546671, -0.24206637, -0.10270802, 0.25031801, -0.20866167, 0.27495808, -0.088533272, 13004.292, 0.99257549, -0.090291339, -0.19977802, -0.27482605, -0.2164136, -0.35003635, 0.19115614, -0.27980988, -0.51879096, 0.77390978, 0.33745746, -0.45601705, 0.72914094, -0.35371962, -0.094493859, 0.99257549, 9926.3477, -0.11171878, -0.21478599, -0.27811899, -0.22742401, -0.33788529, 0.20177278, -0.27487691, -0.5403883, 0.78607119, 0.32995818, -0.48564194, 0.74993097, -0.37706305, 0.55086492, -0.090291339, -0.11171878, 12.740473, 0.60602783, 0.20595017, 0.33936863, -0.48484222, -0.4161797, -0.053092562, 0.15239406, -0.14739178, -0.37825013, 0.18813035, -0.12992891, 0.21175076, 0.1259589, -0.19977802, -0.21478599, 0.60602783, 0.2562505, 0.45884586, 0.58113728, -0.32025964, -0.20317297, -0.04283039, 0.080318569, -0.1849845, -0.30484881, 0.086285196, -0.17389485, 0.078322516, -0.059156245, -0.27482605, -0.27811899, 0.20595017, 0.45884586, 0.26393865, 0.97862859, 0.5020152, 0.36766639, -0.31177002, 0.070485171, -0.030295042, -0.34188998, 0.0018104759, -0.013465625, -0.078804298, -0.012794787, -0.2164136, -0.22742401, 0.33936863, 0.58113728, 0.97862859, 1.7447453, 0.31712788, 0.23292664, -0.29324061, 0.041590363, -0.0040150084, -0.36215752, -0.0086220227, 0.0068079457, -0.073129422, -0.24836682, -0.35003635, -0.33788529, -0.48484222, -0.32025964, 0.5020152, 0.31712788, 0.02883976, 0.74183884, -0.21752824, 0.1788763, -0.1476769, -0.027777166, 0.089643479, -0.13125939, -0.017682571, -0.30935812, 0.19115614, 0.20177278, -0.4161797, -0.20317297, 0.36766639, 0.23292664, 0.74183884, 0.017638557, -0.4724551, 0.0020136986, 0.19246055, 0.15723538, -0.065031132, 0.18700806, -0.13742064, -0.086697161, -0.27980988, -0.27487691, -0.053092562, -0.04283039, -0.31177002, -0.29324061, -0.21752824, -0.4724551, 4.6121562, -0.36890268, -0.067958475, -0.066823358, -0.34773727, -0.063334927, -0.28531208, 0.22546671, -0.51879096, -0.5403883, 0.15239406, 0.080318569, 0.070485171, 0.041590363, 0.1788763, 0.0020136986, -0.36890268, 2.6279456, -0.64631995, -0.27091761, 0.94545685, -0.63512273, 0.77794456, -0.24206637, 0.77390978, 0.78607119, -0.14739178, -0.1849845, -0.030295042, -0.0040150084, -0.1476769, 0.19246055, -0.067958475, -0.64631995, 0.9595871, 0.10651034, -0.74502034, 0.98843528, -0.77661118, -0.10270802, 0.33745746, 0.32995818, -0.37825013, -0.30484881, -0.34188998, -0.36215752, -0.027777166, 0.15723538, -0.066823358, -0.27091761, 0.10651034, 0.17121561, -0.23296733, 0.09363697, -0.18192165, 0.25031801, -0.45601705, -0.48564194, 0.18813035, 0.086285196, 0.0018104759, -0.0086220227, 0.089643479, -0.065031132, -0.34773727, 0.94545685, -0.74502034, -0.23296733, 2.4789534, -0.76171429, 0.93637161, -0.20866167, 0.72914094, 0.74993097, -0.12992891, -0.17389485, -0.013465625, 0.0068079457, -0.13125939, 0.18700806, -0.063334927, -0.63512273, 0.98843528, 0.09363697, -0.76171429, 1.0073178, -0.81039169, 0.27495808, -0.35371962, -0.37706305, 0.21175076, 0.078322516, -0.078804298, -0.073129422, -0.017682571, -0.13742064, -0.28531208, 0.77794456, -0.77661118, -0.18192165, 0.93637161, -0.81039169, 2.5628826))
			, nrow = 16, ncol = 16
			, dimnames = list(
				as.character(c("CMultStdev", "tvVmax", "tvKm", "tvV", "tvKa", "K12", "K21", "K13", "K31", "stdev0", "nVmax-nVmax", "nKm-nVmax", "nKm-nKm", "nV-nVmax", "nV-nKm", "nV-nV"))
				, as.character(c("CMultStdev", "tvVmax", "tvKm", "tvV", "tvKa", "K12", "K21", "K13", "K31", "stdev0", "nVmax-nVmax", "nKm-nVmax", "nKm-nKm", "nV-nVmax", "nV-nKm", "nV-nV"))
				)
			)
		, "Inverse" = matrix(
			as.numeric(c(1417.8344, -0.019596442, 0.014708201, -3.8369293, -13.088796, -4999.0521, 700.09871, 7403.3056, 2828.7601, 0.72255515, 21.560423, 17.743292, 45.698948, -74.158802, 95.729086, 69.133241, -0.019596442, 4.1012347e-006, -5.4669281e-006, -4.5194189e-006, 0.0046570927, 0.85719428, -0.1193036, -1.6583754, 0.08044979, -7.5779386e-005, -0.0093652084, -0.00015732308, 0.00031678555, 0.016692352, 0.00035970712, -0.0074185033, 0.014708201, -5.4669281e-006, 7.8912968e-006, 6.5989943e-005, -0.0052128481, -1.1270742, 0.15688468, 2.2784927, -0.2445958, 0.00016901476, 0.013936205, 0.00095660001, -0.0047731275, -0.022906452, -0.007024587, 0.0082032597, -3.8369293, -4.5194189e-006, 6.5989943e-005, 0.03003354, 0.074550577,   8.77804, -1.2897823, -0.26700265, -16.561666, 0.0028789331, 0.0072655549, 0.39788427, -0.072400896, 0.20023833, -0.94539277, -0.30757897, -13.088796, 0.0046570927, -0.0052128481, 0.074550577, 87.405742, 1334.6214, -193.66718, -1653.6421, -726.21381, 0.0044261187, -19.661074, 12.250231, 11.152868, 37.375733, -5.5234654, -16.012748, -4999.0521, 0.85719428, -1.1270742,   8.77804, 1334.6214, 258342.78, -35945.106, -496400.7, 17387.735, -20.058169, -4213.0318,   267.067,  155.9786, 7867.7978, -471.25495, -3726.2782, 700.09871, -0.1193036, 0.15688468, -1.2897823, -193.66718, -35945.106, 5003.0257, 68962.542, -2342.8187, 2.9841875, 586.90223, -38.751872, -20.951475, -1095.5133, 66.019632, 518.70191, 7403.3056, -1.6583754, 2.2784927, -0.26700265, -1653.6421, -496400.7, 68962.542, 983934.32, -68845.227,  45.84491, 8346.8357, -173.4371, -664.36497, -15296.866, -133.05418, 6985.6858, 2828.7601, 0.08044979, -0.2445958, -16.561666, -726.21381, 17387.735, -2342.8187, -68845.227,  51637.37, 0.62385767, -633.5475, -406.82728, 707.64829, 743.30467, 1533.0971, 68.464808, 0.72255515, -7.5779386e-005, 0.00016901476, 0.0028789331, 0.0044261187, -20.058169, 2.9841875,  45.84491, 0.62385767, 0.17939353, 0.73033094, -0.2818906, 0.93669938, -0.97020575, 0.27654739, 0.50579592, 21.560423, -0.0093652084, 0.013936205, 0.0072655549, -19.661074, -4213.0318, 586.90223, 8346.8357, -633.5475, 0.73033094, 117.64607, 33.285835, -6.3024436, -213.83994, -43.822665, 95.533002, 17.743292, -0.00015732308, 0.00095660001, 0.39788427, 12.250231,   267.067, -38.751872, -173.4371, -406.82728, -0.2818906, 33.285835,  130.9387, 6.6178169, -53.845885, -135.59298,  17.37766, 45.698948, 0.00031678555, -0.0047731275, -0.072400896, 11.152868,  155.9786, -20.951475, -664.36497, 707.64829, 0.93669938, -6.3024436, 6.6178169, 106.24428, -0.47940219, 49.107304, 18.943392, -74.158802, 0.016692352, -0.022906452, 0.20023833, 37.375733, 7867.7978, -1095.5133, -15296.866, 743.30467, -0.97020575, -213.83994, -53.845885, -0.47940219, 397.74014, 53.571202, -185.45079, 95.729086, 0.00035970712, -0.007024587, -0.94539277, -5.5234654, -471.25495, 66.019632, -133.05418, 1533.0971, 0.27654739, -43.822665, -135.59298, 49.107304, 53.571202, 206.51875, 5.4146184, 69.133241, -0.0074185033, 0.0082032597, -0.30757897, -16.012748, -3726.2782, 518.70191, 6985.6858, 68.464808, 0.50579592, 95.533002,  17.37766, 18.943392, -185.45079, 5.4146184, 95.022474))
			, nrow = 16, ncol = 16
			, dimnames = list(
				as.character(c("CMultStdev", "tvVmax", "tvKm", "tvV", "tvKa", "K12", "K21", "K13", "K31", "stdev0", "nVmax-nVmax", "nKm-nVmax", "nKm-nKm", "nV-nVmax", "nV-nKm", "nV-nV"))
				, as.character(c("CMultStdev", "tvVmax", "tvKm", "tvV", "tvKa", "K12", "K21", "K13", "K31", "stdev0", "nVmax-nVmax", "nKm-nVmax", "nKm-nKm", "nV-nVmax", "nV-nKm", "nV-nV"))
				)
			)
		, "LLTable" = data.frame(
			id = as.character(c( "1", "2", "3", "4", "5", "6", "7", "8", "9", "10", "11", "12", "13", "14", "15", "16", "17", "18", "19", "20", "21", "22", "23", "24", "25", "26", "27", "28", "29", "30", "31", "32", "33", "34", "35", "36", "37", "38", "39", "40", "41", "42", "43", "44", "45", "46", "47", "48", "49", "50", "51", "52", "53", "54", "55", "56", "57", "58", "59", "60"))
			, "LL" = c(-50.168974, -55.308026, -53.857527, -55.911848, -50.603522, -57.481634, -54.521054, -54.91983, -49.168472, -59.320402, -49.964813, -56.02768, -56.618986, -52.764889, -53.337155, -56.320776, -54.810793, -50.522324, -52.52961, -50.768037,  -51.1385, -51.159989, -53.129579, -67.30962, -54.924567, -54.477353, -53.236185, -57.692827, -52.204241, -52.524565, -51.54179, -56.818337, -54.917922, -51.413778, -51.962109, -52.575211, -49.963291, -63.901754, -51.813058, -53.999794, -49.280761, -59.673563, -50.938276, -51.243574, -54.668808, -52.314032, -51.809672, -51.192654, -58.913279, -53.718082, -62.689224, -47.739957, -57.704462, -53.879218, -53.815301, -55.56582, -58.471195, -54.25785, -59.420975, -57.458162)
			) # end of LLTable
		, "residuals" = data.frame(
			  ID1 = as.character(c(  "",   "",   "",   "",   "",   "",   "",   "",   "",   "",   "",   "",   "",   "",   "",   "",   "",   "",   "",   "",   "",   "",   "",   "",   "",   "",   "",   "",   "",   "",   "",   "",   "",   "",   "",   "",   "",   "",   "",   "",   "",   "",   "",   "",   "",   "",   "",   "",   "",   "",   "",   "",   "",   "",   "",   "",   "",   "",   "",   "",   "",   "",   "",   "",   "",   "",   "",   "",   "",   "",   "",   "",   "",   "",   "",   "",   "",   "",   "",   "",   "",   "",   "",   "",   "",   "",   "",   "",   "",   "",   "",   "",   "",   "",   "",   "",   "",   "",   "",   "",   "",   "",   "",   "",   "",   "",   "",   "",   "",   "",   "",   "",   "",   "",   "",   "",   "",   "",   "",   "",   "",   "",   "",   "",   "",   "",   "",   "",   "",   "",   "",   "",   "",   "",   "",   "",   "",   "",   "",   "",   "",   "",   "",   "",   "",   "",   "",   "",   "",   "",   "",   "",   "",   "",   "",   "",   "",   "",   "",   "",   "",   "",   "",   "",   "",   "",   "",   "",   "",   "",   "",   "",   "",   "",   "",   "",   "",   "",   "",   "",   "",   "",   "",   "",   "",   "",   "",   "",   "",   "",   "",   "",   "",   "",   "",   "",   "",   "",   "",   "",   "",   "",   "",   "",   "",   "",   "",   "",   "",   "",   "",   "",   "",   "",   "",   "",   "",   "",   "",   "",   "",   "",   "",   "",   "",   "",   "",   "",   "",   "",   "",   "",   "",   "",   "",   "",   "",   "",   "",   "",   "",   "",   "",   "",   "",   "",   "",   "",   "",   "",   "",   "",   "",   "",   "",   "",   "",   "",   "",   "",   "",   "",   "",   "",   "",   "",   "",   "",   "",   "",   "",   "",   "",   "",   "",   "",   "",   "",   "",   "",   "",   "",   "",   "",   "",   "",   "",   "",   "",   "",   "",   "",   "",   "",   "",   "",   "",   "",   "",   "",   "",   "",   "",   "",   "",   "",   "",   "",   "",   "",   "",   "",   "",   "",   "",   "",   "",   "",   "",   "",   "",   "",   "",   "",   "",   "",   "",   "",   "",   "",   "",   "",   "",   "",   "",   "",   "",   "",   "",   "",   "",   "",   "",   "",   "",   "",   "",   "",   "",   "",   "",   "",   "",   "",   "",   "",   "",   "",   "",   "",   "",   "",   "",   "",   "",   "",   "",   "",   "",   "",   "",   "",   "",   "",   "",   "",   "",   "",   "",   "",   "",   "",   "",   "",   "",   "",   "",   "",   "",   "",   "",   "",   "",   "",   "",   "",   "",   "",   "",   "",   "",   "",   "",   "",   "",   "",   "",   "",   "",   "",   "",   "",   "",   "",   "",   "",   "",   "",   "",   "",   "",   "",   "",   "",   "",   "",   "",   "",   "",   "",   "",   "",   "",   "",   "",   "",   "",   "",   "",   "",   "",   "",   "",   "",   "",   "",   "",   "",   "",   "",   "",   "",   "",   "",   "",   "",   "",   "",   "",   "",   "",   "",   "",   "",   "",   "",   "",   "",   "",   "",   "",   "",   "",   "",   "",   "",   "",   "",   "",   ""))
			, ID2 = as.character(c(  "",   "",   "",   "",   "",   "",   "",   "",   "",   "",   "",   "",   "",   "",   "",   "",   "",   "",   "",   "",   "",   "",   "",   "",   "",   "",   "",   "",   "",   "",   "",   "",   "",   "",   "",   "",   "",   "",   "",   "",   "",   "",   "",   "",   "",   "",   "",   "",   "",   "",   "",   "",   "",   "",   "",   "",   "",   "",   "",   "",   "",   "",   "",   "",   "",   "",   "",   "",   "",   "",   "",   "",   "",   "",   "",   "",   "",   "",   "",   "",   "",   "",   "",   "",   "",   "",   "",   "",   "",   "",   "",   "",   "",   "",   "",   "",   "",   "",   "",   "",   "",   "",   "",   "",   "",   "",   "",   "",   "",   "",   "",   "",   "",   "",   "",   "",   "",   "",   "",   "",   "",   "",   "",   "",   "",   "",   "",   "",   "",   "",   "",   "",   "",   "",   "",   "",   "",   "",   "",   "",   "",   "",   "",   "",   "",   "",   "",   "",   "",   "",   "",   "",   "",   "",   "",   "",   "",   "",   "",   "",   "",   "",   "",   "",   "",   "",   "",   "",   "",   "",   "",   "",   "",   "",   "",   "",   "",   "",   "",   "",   "",   "",   "",   "",   "",   "",   "",   "",   "",   "",   "",   "",   "",   "",   "",   "",   "",   "",   "",   "",   "",   "",   "",   "",   "",   "",   "",   "",   "",   "",   "",   "",   "",   "",   "",   "",   "",   "",   "",   "",   "",   "",   "",   "",   "",   "",   "",   "",   "",   "",   "",   "",   "",   "",   "",   "",   "",   "",   "",   "",   "",   "",   "",   "",   "",   "",   "",   "",   "",   "",   "",   "",   "",   "",   "",   "",   "",   "",   "",   "",   "",   "",   "",   "",   "",   "",   "",   "",   "",   "",   "",   "",   "",   "",   "",   "",   "",   "",   "",   "",   "",   "",   "",   "",   "",   "",   "",   "",   "",   "",   "",   "",   "",   "",   "",   "",   "",   "",   "",   "",   "",   "",   "",   "",   "",   "",   "",   "",   "",   "",   "",   "",   "",   "",   "",   "",   "",   "",   "",   "",   "",   "",   "",   "",   "",   "",   "",   "",   "",   "",   "",   "",   "",   "",   "",   "",   "",   "",   "",   "",   "",   "",   "",   "",   "",   "",   "",   "",   "",   "",   "",   "",   "",   "",   "",   "",   "",   "",   "",   "",   "",   "",   "",   "",   "",   "",   "",   "",   "",   "",   "",   "",   "",   "",   "",   "",   "",   "",   "",   "",   "",   "",   "",   "",   "",   "",   "",   "",   "",   "",   "",   "",   "",   "",   "",   "",   "",   "",   "",   "",   "",   "",   "",   "",   "",   "",   "",   "",   "",   "",   "",   "",   "",   "",   "",   "",   "",   "",   "",   "",   "",   "",   "",   "",   "",   "",   "",   "",   "",   "",   "",   "",   "",   "",   "",   "",   "",   "",   "",   "",   "",   "",   "",   "",   "",   "",   "",   "",   "",   "",   "",   "",   "",   "",   "",   "",   "",   "",   "",   "",   "",   "",   "",   "",   "",   "",   "",   "",   "",   "",   "",   "",   "",   "",   "",   "",   "",   "",   "",   ""))
			, ID3 = as.character(c(  "",   "",   "",   "",   "",   "",   "",   "",   "",   "",   "",   "",   "",   "",   "",   "",   "",   "",   "",   "",   "",   "",   "",   "",   "",   "",   "",   "",   "",   "",   "",   "",   "",   "",   "",   "",   "",   "",   "",   "",   "",   "",   "",   "",   "",   "",   "",   "",   "",   "",   "",   "",   "",   "",   "",   "",   "",   "",   "",   "",   "",   "",   "",   "",   "",   "",   "",   "",   "",   "",   "",   "",   "",   "",   "",   "",   "",   "",   "",   "",   "",   "",   "",   "",   "",   "",   "",   "",   "",   "",   "",   "",   "",   "",   "",   "",   "",   "",   "",   "",   "",   "",   "",   "",   "",   "",   "",   "",   "",   "",   "",   "",   "",   "",   "",   "",   "",   "",   "",   "",   "",   "",   "",   "",   "",   "",   "",   "",   "",   "",   "",   "",   "",   "",   "",   "",   "",   "",   "",   "",   "",   "",   "",   "",   "",   "",   "",   "",   "",   "",   "",   "",   "",   "",   "",   "",   "",   "",   "",   "",   "",   "",   "",   "",   "",   "",   "",   "",   "",   "",   "",   "",   "",   "",   "",   "",   "",   "",   "",   "",   "",   "",   "",   "",   "",   "",   "",   "",   "",   "",   "",   "",   "",   "",   "",   "",   "",   "",   "",   "",   "",   "",   "",   "",   "",   "",   "",   "",   "",   "",   "",   "",   "",   "",   "",   "",   "",   "",   "",   "",   "",   "",   "",   "",   "",   "",   "",   "",   "",   "",   "",   "",   "",   "",   "",   "",   "",   "",   "",   "",   "",   "",   "",   "",   "",   "",   "",   "",   "",   "",   "",   "",   "",   "",   "",   "",   "",   "",   "",   "",   "",   "",   "",   "",   "",   "",   "",   "",   "",   "",   "",   "",   "",   "",   "",   "",   "",   "",   "",   "",   "",   "",   "",   "",   "",   "",   "",   "",   "",   "",   "",   "",   "",   "",   "",   "",   "",   "",   "",   "",   "",   "",   "",   "",   "",   "",   "",   "",   "",   "",   "",   "",   "",   "",   "",   "",   "",   "",   "",   "",   "",   "",   "",   "",   "",   "",   "",   "",   "",   "",   "",   "",   "",   "",   "",   "",   "",   "",   "",   "",   "",   "",   "",   "",   "",   "",   "",   "",   "",   "",   "",   "",   "",   "",   "",   "",   "",   "",   "",   "",   "",   "",   "",   "",   "",   "",   "",   "",   "",   "",   "",   "",   "",   "",   "",   "",   "",   "",   "",   "",   "",   "",   "",   "",   "",   "",   "",   "",   "",   "",   "",   "",   "",   "",   "",   "",   "",   "",   "",   "",   "",   "",   "",   "",   "",   "",   "",   "",   "",   "",   "",   "",   "",   "",   "",   "",   "",   "",   "",   "",   "",   "",   "",   "",   "",   "",   "",   "",   "",   "",   "",   "",   "",   "",   "",   "",   "",   "",   "",   "",   "",   "",   "",   "",   "",   "",   "",   "",   "",   "",   "",   "",   "",   "",   "",   "",   "",   "",   "",   "",   "",   "",   "",   "",   "",   "",   "",   "",   "",   "",   "",   "",   "",   "",   "",   "",   "",   "",   "",   ""))
			, ID4 = as.character(c(  "",   "",   "",   "",   "",   "",   "",   "",   "",   "",   "",   "",   "",   "",   "",   "",   "",   "",   "",   "",   "",   "",   "",   "",   "",   "",   "",   "",   "",   "",   "",   "",   "",   "",   "",   "",   "",   "",   "",   "",   "",   "",   "",   "",   "",   "",   "",   "",   "",   "",   "",   "",   "",   "",   "",   "",   "",   "",   "",   "",   "",   "",   "",   "",   "",   "",   "",   "",   "",   "",   "",   "",   "",   "",   "",   "",   "",   "",   "",   "",   "",   "",   "",   "",   "",   "",   "",   "",   "",   "",   "",   "",   "",   "",   "",   "",   "",   "",   "",   "",   "",   "",   "",   "",   "",   "",   "",   "",   "",   "",   "",   "",   "",   "",   "",   "",   "",   "",   "",   "",   "",   "",   "",   "",   "",   "",   "",   "",   "",   "",   "",   "",   "",   "",   "",   "",   "",   "",   "",   "",   "",   "",   "",   "",   "",   "",   "",   "",   "",   "",   "",   "",   "",   "",   "",   "",   "",   "",   "",   "",   "",   "",   "",   "",   "",   "",   "",   "",   "",   "",   "",   "",   "",   "",   "",   "",   "",   "",   "",   "",   "",   "",   "",   "",   "",   "",   "",   "",   "",   "",   "",   "",   "",   "",   "",   "",   "",   "",   "",   "",   "",   "",   "",   "",   "",   "",   "",   "",   "",   "",   "",   "",   "",   "",   "",   "",   "",   "",   "",   "",   "",   "",   "",   "",   "",   "",   "",   "",   "",   "",   "",   "",   "",   "",   "",   "",   "",   "",   "",   "",   "",   "",   "",   "",   "",   "",   "",   "",   "",   "",   "",   "",   "",   "",   "",   "",   "",   "",   "",   "",   "",   "",   "",   "",   "",   "",   "",   "",   "",   "",   "",   "",   "",   "",   "",   "",   "",   "",   "",   "",   "",   "",   "",   "",   "",   "",   "",   "",   "",   "",   "",   "",   "",   "",   "",   "",   "",   "",   "",   "",   "",   "",   "",   "",   "",   "",   "",   "",   "",   "",   "",   "",   "",   "",   "",   "",   "",   "",   "",   "",   "",   "",   "",   "",   "",   "",   "",   "",   "",   "",   "",   "",   "",   "",   "",   "",   "",   "",   "",   "",   "",   "",   "",   "",   "",   "",   "",   "",   "",   "",   "",   "",   "",   "",   "",   "",   "",   "",   "",   "",   "",   "",   "",   "",   "",   "",   "",   "",   "",   "",   "",   "",   "",   "",   "",   "",   "",   "",   "",   "",   "",   "",   "",   "",   "",   "",   "",   "",   "",   "",   "",   "",   "",   "",   "",   "",   "",   "",   "",   "",   "",   "",   "",   "",   "",   "",   "",   "",   "",   "",   "",   "",   "",   "",   "",   "",   "",   "",   "",   "",   "",   "",   "",   "",   "",   "",   "",   "",   "",   "",   "",   "",   "",   "",   "",   "",   "",   "",   "",   "",   "",   "",   "",   "",   "",   "",   "",   "",   "",   "",   "",   "",   "",   "",   "",   "",   "",   "",   "",   "",   "",   "",   "",   "",   "",   "",   "",   "",   "",   "",   "",   "",   "",   "",   "",   "",   "",   "",   "",   ""))
