dmp.txt <- structure(
	.Data = list(
		"coefficients" = list(
			"fixed" = c("CMultStdev" = 0.510276466711567, "tvVmax" = 4532.91519085087, "tvKm" = 1226.09255189758, "tvV" = 19.6144569117635, "tvKa" = 0.772776190804086, "K12" = 7.67212085386418, "K21" = 2.80620904806072, "dVdWT" = 1.07570364278939, "CEps" = 0.0421565377548028)
			, "random" = list("Subject" = matrix(
				as.numeric(c(
					 0.0579568048832371,  0.39025057754757,  0.323090718570387
					,  0.14387058229191,  -0.0958498935499775,  0.0451494633615706
					,  -0.0780758829645426,  0.279558864776627,  0.353192085724192
					,  -0.259421727794082,  -0.159214926077186,  -0.146544414408308
					,  0.265503174938761,  0.212480064541913,  0.0458143470976517
					,  -0.118631680149742,  -0.382688047664397,  -0.452643072041542
					,  0.0934267715435282,  0.170216317317031,  0.0953533745148693
					,  0.0164410588692673,  -0.354224661622132,  -0.0142204431198165
					,  0.0742131167680292,  -0.0761304432561684,  0.066449447571693
					,  -0.869462273375516,  -0.114610136498313,  -0.566982593705278
					,  0.365240824240139,  -0.229661982721815,  -0.193061358570664
					,  -0.542621899949137,  0.492433032694808,  0.320749808205323
					,  -0.00188916914653007,  0.10720468998146,  -0.168787368879155
					,  0.176922116702959,  -0.156313812779845,  0.24492711797972
					,  0.448257551228227,  -0.170171937421326,  0.233011982317624
					,  -0.203901968184987,  -0.00440738146527047,  -0.0606092133788273
					,  0.519094367057475,  0.44078276424103,  0.120237086706806
					,  -0.27411051227839,  -0.118274427951213,  -0.390997963780589
					,  0.0693310437139789,  0.384213465690204,  0.271366861115699
					,  -0.0543284064424616,  -0.348707875332217,  -0.334532874959355
					,  -0.795003175601946,  -0.374610389215739,  0.970229811681568
					,  0.28602028629285,  0.421745503564571,  0.0441733932037878
					,  0.553832899615015,  0.300800221391007,  0.00970248357320382
					,  -0.0790043611803247,  -0.00928896985007943,  0.0539456117143282
					,  0.260815581937842,  0.204428202062627,  -0.134341623084969
					,  0.0155930248893596,  -0.175753060191569,  0.154640281595225
					,  0.266898296953047,  -0.43787439994235,  0.326128540240347
					,  -0.237050156143451,  0.289361430919826,  0.170616332834672
					,  -0.0115493838409116,  0.0160159215456808,  -0.143860987589905
					,  -0.864847048290897,  0.112307077906372,  -0.490825362992609
					,  0.570761315597404,  -0.232080320574487,  -0.146263043009124
					,  -0.411487071336386,  0.217994373223076,  -0.021290189888671
					,  -0.437175316338246,  0.53212941992015,  -0.329698440824912
					,  -0.309615359922508,  -0.192119942435605,  -0.168352646071514
					,  0.483882623739803,  -0.704519180349384,  -0.11349822275985
					,  0.241615113129141,  -0.0275320924948083,  -0.0807944661446633
					,  0.310317076962365,  0.248019986039211,  -0.101873996606354
					,  -0.233904807417051,  -0.0961064656498208,  -0.479448746305092
					,  -0.00483552904834552,  0.131869731791856,  0.591141082844723
					,  0.139755925897855,  -0.476200396065491,  -0.598966577307519
					))
				, nrow = 60, ncol = 2
				, dimnames = list(
					as.character(c( "1", "2", "3", "4", "5", "6", "7", "8", "9", "10"
					  , "11", "12", "13", "14", "15", "16", "17", "18", "19", "20"
					  , "21", "22", "23", "24", "25", "26", "27", "28", "29", "30"
					  , "31", "32", "33", "34", "35", "36", "37", "38", "39", "40"
					  , "41", "42", "43", "44", "45", "46", "47", "48", "49", "50"
					  , "51", "52", "53", "54", "55", "56", "57", "58", "59", "60"))
					, as.character(c("nVmax", "nV"))
					)
				))
			)
		, "logLik" = c(-3180.48)
		, "nObs" = c(480)
		, "nSubj" = c(60)
		, "nParm" = c(12)
		, "returnCode" = c(3)
		, "omega" = matrix(
			as.numeric(c(0.0968156887667217, 0.0703251921944568, 0.0703251921944568, 0.164216592860816))
			, nrow = 2, ncol = 2
			, dimnames = list(
				as.character(c("nVmax", "nV"))
				, as.character(c("nVmax", "nV"))
				)
			)
		, "eta" = matrix(
			as.numeric(c(-0.00190564778791823, -0.0165838362901278, 0.0818029593097935, 0.128576675543707, 0.286012166366736, 0.358575899278949, 0.0807965667611349, 0.115144045695039))
			, nrow = 2, ncol = 4
			, dimnames = list(
				as.character(c("nVmax", "nV"))
				, as.character(c("mean", "var", "sd", "shrinkage"))
				)
			)
		, "eta_shrinkage" = list("Subject" = matrix(
			as.numeric(c(
				 0.110890722148742,  0.148008012691551,  0.188405033170192
				,  0.180676781454972,  0.191005318207283,  0.154745112227034
				,  0.209880828958692,  0.173291324266429,  0.169530600234835
				,  0.135497723198697,  0.16556784160615,  0.154118955149623
				,  0.170078144316516,  0.158287207698963,  0.161248394131248
				,  0.14718797869179,  0.131889844962649,  0.203076766458487
				,  0.16945026547681,  0.148568146822312,  0.175189497400324
				,  0.149890913479069,  0.189756583698599,  0.144369924525462
				,  0.157243029142495,  0.142471135240039,  0.154721438061116
				,  0.0717541074506917,  0.145642323469552,  0.116049239963682
				,  0.189708761594907,  0.135693678425096,  0.13715276268933
				,  0.11523582680845,  0.167615423412225,  0.164689865085309
				,  0.137231080258397,  0.174870462615816,  0.141258613348525
				,  0.156060248725817,  0.131874916263465,  0.152531498209582
				,  0.182179139571234,  0.122852684472408,  0.146536116370267
				,  0.148628225497352,  0.153174490590917,  0.152412749821372
				,  0.181577954405421,  0.178387446522165,  0.154427302099009
				,  0.126782952651792,  0.143678241614094,  0.11082957256538
				,  0.161799338696865,  0.177226807067864,  0.175600663232446
				,  0.143644681515958,  0.124396607258295,  0.115806165779976
				,  0.173741057025106,  0.178247115616628,  0.238972638797734
				,  0.226676651103929,  0.234399964062991,  0.193648804924864
				,  0.239593794502396,  0.226825712762362,  0.201078144759306
				,  0.210483675132683,  0.224475533355517,  0.226715328198856
				,  0.194360079073489,  0.170527953226361,  0.208235837073811
				,  0.215308253825574,  0.224314844672021,  0.236701471880548
				,  0.226652883197461,  0.170642508942199,  0.244466564682425
				,  0.204725826620225,  0.238611056624377,  0.189889837304545
				,  0.214842853943343,  0.223144850702055,  0.190298892918471
				,  0.198011554278402,  0.213281416709618,  0.216966937830132
				,  0.240203104314838,  0.193066559590515,  0.227544170234048
				,  0.222428599140756,  0.179532742902204,  0.178920297220868
				,  0.160915911892359,  0.234870748275828,  0.205095777768288
				,  0.172687897987554,  0.19387454254485,  0.184588887227267
				,  0.235141712600279,  0.166780034038278,  0.169332507379376
				,  0.231106439719055,  0.211350683183407,  0.213134772198297
				,  0.19699954169345,  0.205589291336923,  0.194794148627233
				,  0.205366535193709,  0.212192739126656,  0.153350062083373
				,  0.224894583359817,  0.231113429962119,  0.222484134177712
				,  0.2030389387452,  0.189814335605185,  0.189840472271767
				))
			, nrow = 60, ncol = 2
			, dimnames = list(
				as.character(c( "1", "2", "3", "4", "5", "6", "7", "8", "9", "10"
				  , "11", "12", "13", "14", "15", "16", "17", "18", "19", "20"
				  , "21", "22", "23", "24", "25", "26", "27", "28", "29", "30"
				  , "31", "32", "33", "34", "35", "36", "37", "38", "39", "40"
				  , "41", "42", "43", "44", "45", "46", "47", "48", "49", "50"
				  , "51", "52", "53", "54", "55", "56", "57", "58", "59", "60"))
				, as.character(c("nVmax_shrinkage", "nV_shrinkage"))
				)
			))
		, "sigma" = matrix(
			as.numeric(c(0.00177717367547212))
			, nrow = 1, ncol = 1
			, dimnames = list(
				as.character(c("CEps"))
				, as.character(c("CEps"))
				)
			)
		, "method" = "FOCE-ELS"
		, "varFix" = matrix(
			as.numeric(c(0.000912605060041415, -0.672706159088588, -1.19199809137402, 0.0528872231365768, 0.00040102178656314, -0.0167479891609937, -0.000353512732544104, 0.000827320651222621, -0.000101132753201806, -0.672706159088588, 289453.927202803, 98609.9844521597, -2045.89587545277, -26.5064304863526, 1043.72403181248, -6.32499970805071, -24.4658326273491, -7.95126238050787, -1.19199809137402, 98609.9844521597, 40569.5815264246, -812.897691163344, -9.25200720760714, 407.26273289421, 11.8530861539544, -13.1597203274938, -3.01073386332378, 0.0528872231365768, -2045.89587545277, -812.897691163344, 168.196478768548, 0.815676615369576, -93.2624786792672, -1.07560905236691, -0.340190780030215, 0.179549587864465, 0.00040102178656314, -26.5064304863526, -9.25200720760714, 0.815676615369576, 0.0113600648285035, -0.340438100824521, 0.0339035029791249, -0.00685971969772199, 5.08251348391468e-005, -0.0167479891609937, 1043.72403181248, 407.26273289421, -93.2624786792672, -0.340438100824521, 55.3156994746797, 1.71738206142135, 0.0175973896043611, -0.128720937865862, -0.000353512732544104, -6.32499970805071, 11.8530861539544, -1.07560905236691, 0.0339035029791249, 1.71738206142135, 0.435430120651937, -0.0694017238890215, -0.0117806182630814, 0.000827320651222621, -24.4658326273491, -13.1597203274938, -0.340190780030215, -0.00685971969772199, 0.0175973896043611, -0.0694017238890215, 0.148672461733492, -0.00361793250857937, -0.000101132753201806, -7.95126238050787, -3.01073386332378, 0.179549587864465, 5.08251348391468e-005, -0.128720937865862, -0.0117806182630814, -0.00361793250857937, 0.00120576329437354))
			, nrow = 9, ncol = 9
			, dimnames = list(
				as.character(c("CMultStdev", "tvVmax", "tvKm", "tvV", "tvKa", "K12", "K21", "dVdWT", "CEps"))
				, as.character(c("CMultStdev", "tvVmax", "tvKm", "tvV", "tvKa", "K12", "K21", "dVdWT", "CEps"))
				)
			)
		, "omegaSE" = matrix(
			as.numeric(c(0.0234742115304293, 0.0233594494105324, 0.0233594494105324, 0.0412619433893385))
			, nrow = 2, ncol = 2, byrow = TRUE
			, dimnames = list(
				as.character(c("nVmax", "nV"))
				, as.character(c("nVmax", "nV"))
				)
			)
		, "Covariance" = matrix(
			as.numeric(c(0.00091260506, -0.67270616, -1.1919981, 0.052887223, 0.00040102179, -0.016747989, -0.00035351273, 0.00082732065, -0.00010113275, 7.6412601e-005, 9.7780253e-006, 3.9104772e-005, -0.67270616, 289453.93, 98609.984, -2045.8959, -26.50643,  1043.724, -6.3249997, -24.465833, -7.9512624, 3.7503337,  4.012776, 4.7207007, -1.1919981, 98609.984, 40569.582, -812.89769, -9.2520072, 407.26273, 11.853086, -13.15972, -3.0107339, 1.0320014,  1.318228, 1.7259893, 0.052887223, -2045.8959, -812.89769, 168.19648, 0.81567662, -93.262479, -1.0756091, -0.34019078, 0.17954959, -0.046406983, -0.0093675108, 0.071990722, 0.00040102179, -26.50643, -9.2520072, 0.81567662, 0.011360065, -0.3404381, 0.033903503, -0.0068597197, 5.0825135e-005, -8.0345037e-005, -4.9899403e-005, 0.00014322949, -0.016747989,  1043.724, 407.26273, -93.262479, -0.3404381, 55.315699, 1.7173821, 0.01759739, -0.12872094, 0.030323306, 0.0095296232, -0.041501809, -0.00035351273, -6.3249997, 11.853086, -1.0756091, 0.033903503, 1.7173821, 0.43543012, -0.069401724, -0.011780618, 0.00076725789, 0.0019035314, 0.00037708787, 0.00082732065, -24.465833, -13.15972, -0.34019078, -0.0068597197, 0.01759739, -0.069401724, 0.14867246, -0.0036179325, -0.002609309, -0.00055032426, 0.00087218441, -0.00010113275, -7.9512624, -3.0107339, 0.17954959, 5.0825135e-005, -0.12872094, -0.011780618, -0.0036179325, 0.0012057633, -0.00022027461, -0.00042190479, -0.00064232864, 7.6412601e-005, 3.7503337, 1.0320014, -0.046406983, -8.0345037e-005, 0.030323306, 0.00076725789, -0.002609309, -0.00022027461, 0.00055103861, 0.00030247692, 0.00016664179, 9.7780253e-006,  4.012776,  1.318228, -0.0093675108, -4.9899403e-005, 0.0095296232, 0.0019035314, -0.00055032426, -0.00042190479, 0.00030247692, 0.00054566388, 0.00073338424, 3.9104772e-005, 4.7207007, 1.7259893, 0.071990722, 0.00014322949, -0.041501809, 0.00037708787, 0.00087218441, -0.00064232864, 0.00016664179, 0.00073338424, 0.001702548))
			, nrow = 12, ncol = 12
			, dimnames = list(
				as.character(c("CMultStdev", "tvVmax", "tvKm", "tvV", "tvKa", "K12", "K21", "dVdWT", "stdev0", "nVmax-nVmax", "nV-nVmax", "nV-nV"))
				, as.character(c("CMultStdev", "tvVmax", "tvKm", "tvV", "tvKa", "K12", "K21", "dVdWT", "stdev0", "nVmax-nVmax", "nV-nVmax", "nV-nV"))
				)
			)
		, "Correlation" = matrix(
			as.numeric(c(0.030209354, -0.041389887, -0.19589974, 0.13498978, 0.12454782, -0.074541312, -0.017733906, 0.071025968, -0.096409397, 0.10775378, 0.013856295, 0.031371743, -0.041389887, 538.00923, 0.90997802, -0.29321444, -0.46224383, 0.26083854, -0.017816055, -0.11793834, -0.42561344, 0.29695399, 0.31929535, 0.21265082, -0.19589974, 0.90997802, 201.41892, -0.31119111, -0.43096827, 0.27186306, 0.089180919, -0.16944593, -0.4304682, 0.21826747, 0.28017389, 0.20767689, 0.13498978, -0.29321444, -0.31119111, 12.969059, 0.59009123, -0.96688384, -0.12568596, -0.068029742, 0.3986988, -0.15243471, -0.030920973, 0.13452977, 0.12454782, -0.46224383, -0.43096827, 0.59009123, 0.1065836, -0.42946082, 0.48205316, -0.16691705, 0.013732737, -0.03211276, -0.020042059, 0.032568095, -0.074541312, 0.26083854, 0.27186306, -0.96688384, -0.42946082, 7.4374525, 0.34993186, 0.006136331, -0.49841828, 0.17368461, 0.054851552, -0.13523626, -0.017733906, -0.017816055, 0.089180919, -0.12568596, 0.48205316, 0.34993186, 0.65987129, -0.27276947, -0.51413577, 0.049532599, 0.12349182, 0.013849486, 0.071025968, -0.11793834, -0.16944593, -0.068029742, -0.16691705, 0.006136331, -0.27276947, 0.38558068, -0.27021793, -0.28828313, -0.06109994, 0.054820548, -0.096409397, -0.42561344, -0.4304682, 0.3986988, 0.013732737, -0.49841828, -0.51413577, -0.27021793, 0.034724102, -0.2702355, -0.52014069, -0.44830809, 0.10775378, 0.29695399, 0.21826747, -0.15243471, -0.03211276, 0.17368461, 0.049532599, -0.28828313, -0.2702355, 0.023474212, 0.55161825, 0.17204546, 0.013856295, 0.31929535, 0.28017389, -0.030920973, -0.020042059, 0.054851552, 0.12349182, -0.06109994, -0.52014069, 0.55161825, 0.023359449, 0.76088547, 0.031371743, 0.21265082, 0.20767689, 0.13452977, 0.032568095, -0.13523626, 0.013849486, 0.054820548, -0.44830809, 0.17204546, 0.76088547, 0.041261943))
			, nrow = 12, ncol = 12
			, dimnames = list(
				as.character(c("CMultStdev", "tvVmax", "tvKm", "tvV", "tvKa", "K12", "K21", "dVdWT", "stdev0", "nVmax-nVmax", "nV-nVmax", "nV-nV"))
				, as.character(c("CMultStdev", "tvVmax", "tvKm", "tvV", "tvKa", "K12", "K21", "dVdWT", "stdev0", "nVmax-nVmax", "nV-nVmax", "nV-nV"))
				)
			)
		, "Inverse" = matrix(
			as.numeric(c(1622.6663, -0.0047651662, 0.054378281, -14.573675, 52.047496, -24.899197, 78.633296,  20.67769, 705.84844, -105.67914, 428.83137, -10.366733, -0.0047651662, 4.0017516e-005, -0.00010537938, -0.0038788462, 0.0067748754, -0.0070725489, 0.022494948, 0.00056007963, 0.033588665, 0.0036262704, -0.066628791,  0.022772, 0.054378281, -0.00010537938, 0.00036027215, 0.013086729, 0.07346752, 0.024961396, -0.069201304, 0.023320137, 0.41844588, 0.0051175996, 0.24402462, 0.030265303, -14.573675, -0.0038788462, 0.013086729, 1.1476046, -0.82876012, 2.1006009, -5.4430101, 0.58295816,  10.95858, -4.9920095, 6.4732638, 3.3134544, 52.047496, 0.0067748754, 0.07346752, -0.82876012,   391.916, 2.3163508, -31.520037, 15.146559, 389.66035, -225.48326, 300.45617, 2.9547419, -24.899197, -0.0070725489, 0.024961396, 2.1006009, 2.3163508, 3.9170404, -10.200586, 1.4618067, 31.920384, -10.574049, 14.745953, 9.5793103, 78.633296, 0.022494948, -0.069201304, -5.4430101, -31.520037, -10.200586, 37.942484, 6.3438888, 110.91799, 117.76451, -83.449255, 44.740531,  20.67769, 0.00056007963, 0.023320137, 0.58295816, 15.146559, 1.4618067, 6.3438888, 23.501292, 332.93582, 131.87316, -2.4246198, 84.341167, 705.84844, 0.033588665, 0.41844588,  10.95858, 389.66035, 31.920384, 110.91799, 332.93582, 7570.3292, 1597.0716,  675.6549, 1962.0052, -105.67914, 0.0036262704, 0.0051175996, -4.9920095, -225.48326, -10.574049, 117.76451, 131.87316, 1597.0716, 4571.3087, -3714.292, 1620.9029, 428.83137, -0.066628791, 0.24402462, 6.4732638, 300.45617, 14.745953, -83.449255, -2.4246198,  675.6549, -3714.292, 8632.9767, -3092.566, -10.366733,  0.022772, 0.030265303, 3.3134544, 2.9547419, 9.5793103, 44.740531, 84.341167, 1962.0052, 1620.9029, -3092.566, 2447.5167))
			, nrow = 12, ncol = 12
			, dimnames = list(
				as.character(c("CMultStdev", "tvVmax", "tvKm", "tvV", "tvKa", "K12", "K21", "dVdWT", "stdev0", "nVmax-nVmax", "nV-nVmax", "nV-nV"))
				, as.character(c("CMultStdev", "tvVmax", "tvKm", "tvV", "tvKa", "K12", "K21", "dVdWT", "stdev0", "nVmax-nVmax", "nV-nVmax", "nV-nV"))
				)
			)
		, "LLTable" = data.frame(
			id = as.character(c( "1", "2", "3", "4", "5", "6", "7", "8", "9", "10", "11", "12", "13", "14", "15", "16", "17", "18", "19", "20", "21", "22", "23", "24", "25", "26", "27", "28", "29", "30", "31", "32", "33", "34", "35", "36", "37", "38", "39", "40", "41", "42", "43", "44", "45", "46", "47", "48", "49", "50", "51", "52", "53", "54", "55", "56", "57", "58", "59", "60"))
			, "LL" = c(-51.523263, -45.653295, -50.947756, -49.699339, -54.936874, -51.187644, -53.547652, -48.798093, -51.014138, -56.618404, -53.643471, -56.405405, -49.644653, -46.247046, -49.134489, -54.738628, -58.040401, -57.311001, -50.062299, -50.980216, -52.413674, -53.607212, -56.165352, -51.015055, -53.628471, -54.575664, -49.209825, -69.357048, -54.913451, -61.664555, -47.911084, -55.243385, -55.057257, -59.926779, -45.561911, -46.389606, -52.31408, -51.404375, -54.56929, -52.300137, -54.565214, -49.394662, -47.860664, -56.941432, -46.648522, -56.625695, -55.619025, -51.896581, -47.512285, -47.525668, -52.441226, -57.201955, -55.720599, -60.824933, -53.479065, -49.508585, -50.386825, -53.568142, -58.828735, -56.563907)
			) # end of LLTable
		, "residuals" = data.frame(
			  ID1 = as.character(c(  "",   "",   "",   "",   "",   "",   "",   "",   "",   "",   "",   "",   "",   "",   "",   "",   "",   "",   "",   "",   "",   "",   "",   "",   "",   "",   "",   "",   "",   "",   "",   "",   "",   "",   "",   "",   "",   "",   "",   "",   "",   "",   "",   "",   "",   "",   "",   "",   "",   "",   "",   "",   "",   "",   "",   "",   "",   "",   "",   "",   "",   "",   "",   "",   "",   "",   "",   "",   "",   "",   "",   "",   "",   "",   "",   "",   "",   "",   "",   "",   "",   "",   "",   "",   "",   "",   "",   "",   "",   "",   "",   "",   "",   "",   "",   "",   "",   "",   "",   "",   "",   "",   "",   "",   "",   "",   "",   "",   "",   "",   "",   "",   "",   "",   "",   "",   "",   "",   "",   "",   "",   "",   "",   "",   "",   "",   "",   "",   "",   "",   "",   "",   "",   "",   "",   "",   "",   "",   "",   "",   "",   "",   "",   "",   "",   "",   "",   "",   "",   "",   "",   "",   "",   "",   "",   "",   "",   "",   "",   "",   "",   "",   "",   "",   "",   "",   "",   "",   "",   "",   "",   "",   "",   "",   "",   "",   "",   "",   "",   "",   "",   "",   "",   "",   "",   "",   "",   "",   "",   "",   "",   "",   "",   "",   "",   "",   "",   "",   "",   "",   "",   "",   "",   "",   "",   "",   "",   "",   "",   "",   "",   "",   "",   "",   "",   "",   "",   "",   "",   "",   "",   "",   "",   "",   "",   "",   "",   "",   "",   "",   "",   "",   "",   "",   "",   "",   "",   "",   "",   "",   "",   "",   "",   "",   "",   "",   "",   "",   "",   "",   "",   "",   "",   "",   "",   "",   "",   "",   "",   "",   "",   "",   "",   "",   "",   "",   "",   "",   "",   "",   "",   "",   "",   "",   "",   "",   "",   "",   "",   "",   "",   "",   "",   "",   "",   "",   "",   "",   "",   "",   "",   "",   "",   "",   "",   "",   "",   "",   "",   "",   "",   "",   "",   "",   "",   "",   "",   "",   "",   "",   "",   "",   "",   "",   "",   "",   "",   "",   "",   "",   "",   "",   "",   "",   "",   "",   "",   "",   "",   "",   "",   "",   "",   "",   "",   "",   "",   "",   "",   "",   "",   "",   "",   "",   "",   "",   "",   "",   "",   "",   "",   "",   "",   "",   "",   "",   "",   "",   "",   "",   "",   "",   "",   "",   "",   "",   "",   "",   "",   "",   "",   "",   "",   "",   "",   "",   "",   "",   "",   "",   "",   "",   "",   "",   "",   "",   "",   "",   "",   "",   "",   "",   "",   "",   "",   "",   "",   "",   "",   "",   "",   "",   "",   "",   "",   "",   "",   "",   "",   "",   "",   "",   "",   "",   "",   "",   "",   "",   "",   "",   "",   "",   "",   "",   "",   "",   "",   "",   "",   "",   "",   "",   "",   "",   "",   "",   "",   "",   "",   "",   "",   "",   "",   "",   "",   "",   "",   "",   "",   "",   "",   "",   "",   "",   "",   "",   "",   "",   "",   "",   "",   "",   "",   "",   "",   "",   "",   "",   "",   "",   "",   "",   "",   "",   "",   "",   "",   "",   "",   ""))
			, ID2 = as.character(c(  "",   "",   "",   "",   "",   "",   "",   "",   "",   "",   "",   "",   "",   "",   "",   "",   "",   "",   "",   "",   "",   "",   "",   "",   "",   "",   "",   "",   "",   "",   "",   "",   "",   "",   "",   "",   "",   "",   "",   "",   "",   "",   "",   "",   "",   "",   "",   "",   "",   "",   "",   "",   "",   "",   "",   "",   "",   "",   "",   "",   "",   "",   "",   "",   "",   "",   "",   "",   "",   "",   "",   "",   "",   "",   "",   "",   "",   "",   "",   "",   "",   "",   "",   "",   "",   "",   "",   "",   "",   "",   "",   "",   "",   "",   "",   "",   "",   "",   "",   "",   "",   "",   "",   "",   "",   "",   "",   "",   "",   "",   "",   "",   "",   "",   "",   "",   "",   "",   "",   "",   "",   "",   "",   "",   "",   "",   "",   "",   "",   "",   "",   "",   "",   "",   "",   "",   "",   "",   "",   "",   "",   "",   "",   "",   "",   "",   "",   "",   "",   "",   "",   "",   "",   "",   "",   "",   "",   "",   "",   "",   "",   "",   "",   "",   "",   "",   "",   "",   "",   "",   "",   "",   "",   "",   "",   "",   "",   "",   "",   "",   "",   "",   "",   "",   "",   "",   "",   "",   "",   "",   "",   "",   "",   "",   "",   "",   "",   "",   "",   "",   "",   "",   "",   "",   "",   "",   "",   "",   "",   "",   "",   "",   "",   "",   "",   "",   "",   "",   "",   "",   "",   "",   "",   "",   "",   "",   "",   "",   "",   "",   "",   "",   "",   "",   "",   "",   "",   "",   "",   "",   "",   "",   "",   "",   "",   "",   "",   "",   "",   "",   "",   "",   "",   "",   "",   "",   "",   "",   "",   "",   "",   "",   "",   "",   "",   "",   "",   "",   "",   "",   "",   "",   "",   "",   "",   "",   "",   "",   "",   "",   "",   "",   "",   "",   "",   "",   "",   "",   "",   "",   "",   "",   "",   "",   "",   "",   "",   "",   "",   "",   "",   "",   "",   "",   "",   "",   "",   "",   "",   "",   "",   "",   "",   "",   "",   "",   "",   "",   "",   "",   "",   "",   "",   "",   "",   "",   "",   "",   "",   "",   "",   "",   "",   "",   "",   "",   "",   "",   "",   "",   "",   "",   "",   "",   "",   "",   "",   "",   "",   "",   "",   "",   "",   "",   "",   "",   "",   "",   "",   "",   "",   "",   "",   "",   "",   "",   "",   "",   "",   "",   "",   "",   "",   "",   "",   "",   "",   "",   "",   "",   "",   "",   "",   "",   "",   "",   "",   "",   "",   "",   "",   "",   "",   "",   "",   "",   "",   "",   "",   "",   "",   "",   "",   "",   "",   "",   "",   "",   "",   "",   "",   "",   "",   "",   "",   "",   "",   "",   "",   "",   "",   "",   "",   "",   "",   "",   "",   "",   "",   "",   "",   "",   "",   "",   "",   "",   "",   "",   "",   "",   "",   "",   "",   "",   "",   "",   "",   "",   "",   "",   "",   "",   "",   "",   "",   "",   "",   "",   "",   "",   "",   "",   "",   "",   "",   "",   "",   "",   "",   "",   "",   "",   "",   "",   "",   "",   "",   "",   "",   ""))
			, ID3 = as.character(c(  "",   "",   "",   "",   "",   "",   "",   "",   "",   "",   "",   "",   "",   "",   "",   "",   "",   "",   "",   "",   "",   "",   "",   "",   "",   "",   "",   "",   "",   "",   "",   "",   "",   "",   "",   "",   "",   "",   "",   "",   "",   "",   "",   "",   "",   "",   "",   "",   "",   "",   "",   "",   "",   "",   "",   "",   "",   "",   "",   "",   "",   "",   "",   "",   "",   "",   "",   "",   "",   "",   "",   "",   "",   "",   "",   "",   "",   "",   "",   "",   "",   "",   "",   "",   "",   "",   "",   "",   "",   "",   "",   "",   "",   "",   "",   "",   "",   "",   "",   "",   "",   "",   "",   "",   "",   "",   "",   "",   "",   "",   "",   "",   "",   "",   "",   "",   "",   "",   "",   "",   "",   "",   "",   "",   "",   "",   "",   "",   "",   "",   "",   "",   "",   "",   "",   "",   "",   "",   "",   "",   "",   "",   "",   "",   "",   "",   "",   "",   "",   "",   "",   "",   "",   "",   "",   "",   "",   "",   "",   "",   "",   "",   "",   "",   "",   "",   "",   "",   "",   "",   "",   "",   "",   "",   "",   "",   "",   "",   "",   "",   "",   "",   "",   "",   "",   "",   "",   "",   "",   "",   "",   "",   "",   "",   "",   "",   "",   "",   "",   "",   "",   "",   "",   "",   "",   "",   "",   "",   "",   "",   "",   "",   "",   "",   "",   "",   "",   "",   "",   "",   "",   "",   "",   "",   "",   "",   "",   "",   "",   "",   "",   "",   "",   "",   "",   "",   "",   "",   "",   "",   "",   "",   "",   "",   "",   "",   "",   "",   "",   "",   "",   "",   "",   "",   "",   "",   "",   "",   "",   "",   "",   "",   "",   "",   "",   "",   "",   "",   "",   "",   "",   "",   "",   "",   "",   "",   "",   "",   "",   "",   "",   "",   "",   "",   "",   "",   "",   "",   "",   "",   "",   "",   "",   "",   "",   "",   "",   "",   "",   "",   "",   "",   "",   "",   "",   "",   "",   "",   "",   "",   "",   "",   "",   "",   "",   "",   "",   "",   "",   "",   "",   "",   "",   "",   "",   "",   "",   "",   "",   "",   "",   "",   "",   "",   "",   "",   "",   "",   "",   "",   "",   "",   "",   "",   "",   "",   "",   "",   "",   "",   "",   "",   "",   "",   "",   "",   "",   "",   "",   "",   "",   "",   "",   "",   "",   "",   "",   "",   "",   "",   "",   "",   "",   "",   "",   "",   "",   "",   "",   "",   "",   "",   "",   "",   "",   "",   "",   "",   "",   "",   "",   "",   "",   "",   "",   "",   "",   "",   "",   "",   "",   "",   "",   "",   "",   "",   "",   "",   "",   "",   "",   "",   "",   "",   "",   "",   "",   "",   "",   "",   "",   "",   "",   "",   "",   "",   "",   "",   "",   "",   "",   "",   "",   "",   "",   "",   "",   "",   "",   "",   "",   "",   "",   "",   "",   "",   "",   "",   "",   "",   "",   "",   "",   "",   "",   "",   "",   "",   "",   "",   "",   "",   "",   "",   "",   "",   "",   "",   "",   "",   "",   "",   "",   "",   "",   "",   "",   "",   "",   ""))
			, ID4 = as.character(c(  "",   "",   "",   "",   "",   "",   "",   "",   "",   "",   "",   "",   "",   "",   "",   "",   "",   "",   "",   "",   "",   "",   "",   "",   "",   "",   "",   "",   "",   "",   "",   "",   "",   "",   "",   "",   "",   "",   "",   "",   "",   "",   "",   "",   "",   "",   "",   "",   "",   "",   "",   "",   "",   "",   "",   "",   "",   "",   "",   "",   "",   "",   "",   "",   "",   "",   "",   "",   "",   "",   "",   "",   "",   "",   "",   "",   "",   "",   "",   "",   "",   "",   "",   "",   "",   "",   "",   "",   "",   "",   "",   "",   "",   "",   "",   "",   "",   "",   "",   "",   "",   "",   "",   "",   "",   "",   "",   "",   "",   "",   "",   "",   "",   "",   "",   "",   "",   "",   "",   "",   "",   "",   "",   "",   "",   "",   "",   "",   "",   "",   "",   "",   "",   "",   "",   "",   "",   "",   "",   "",   "",   "",   "",   "",   "",   "",   "",   "",   "",   "",   "",   "",   "",   "",   "",   "",   "",   "",   "",   "",   "",   "",   "",   "",   "",   "",   "",   "",   "",   "",   "",   "",   "",   "",   "",   "",   "",   "",   "",   "",   "",   "",   "",   "",   "",   "",   "",   "",   "",   "",   "",   "",   "",   "",   "",   "",   "",   "",   "",   "",   "",   "",   "",   "",   "",   "",   "",   "",   "",   "",   "",   "",   "",   "",   "",   "",   "",   "",   "",   "",   "",   "",   "",   "",   "",   "",   "",   "",   "",   "",   "",   "",   "",   "",   "",   "",   "",   "",   "",   "",   "",   "",   "",   "",   "",   "",   "",   "",   "",   "",   "",   "",   "",   "",   "",   "",   "",   "",   "",   "",   "",   "",   "",   "",   "",   "",   "",   "",   "",   "",   "",   "",   "",   "",   "",   "",   "",   "",   "",   "",   "",   "",   "",   "",   "",   "",   "",   "",   "",   "",   "",   "",   "",   "",   "",   "",   "",   "",   "",   "",   "",   "",   "",   "",   "",   "",   "",   "",   "",   "",   "",   "",   "",   "",   "",   "",   "",   "",   "",   "",   "",   "",   "",   "",   "",   "",   "",   "",   "",   "",   "",   "",   "",   "",   "",   "",   "",   "",   "",   "",   "",   "",   "",   "",   "",   "",   "",   "",   "",   "",   "",   "",   "",   "",   "",   "",   "",   "",   "",   "",   "",   "",   "",   "",   "",   "",   "",   "",   "",   "",   "",   "",   "",   "",   "",   "",   "",   "",   "",   "",   "",   "",   "",   "",   "",   "",   "",   "",   "",   "",   "",   "",   "",   "",   "",   "",   "",   "",   "",   "",   "",   "",   "",   "",   "",   "",   "",   "",   "",   "",   "",   "",   "",   "",   "",   "",   "",   "",   "",   "",   "",   "",   "",   "",   "",   "",   "",   "",   "",   "",   "",   "",   "",   "",   "",   "",   "",   "",   "",   "",   "",   "",   "",   "",   "",   "",   "",   "",   "",   "",   "",   "",   "",   "",   "",   "",   "",   "",   "",   "",   "",   "",   "",   "",   "",   "",   "",   "",   "",   "",   "",   "",   "",   "",   "",   "",   "",   "",   "",   ""))
			, ID5 = as.character(c( "1",  "1",  "1",  "1",  "1",  "1",  "1",  "1",  "2",  "2",  "2",  "2",  "2",  "2",  "2",  "2",  "3",  "3",  "3",  "3",  "3",  "3",  "3",  "3",  "4",  "4",  "4",  "4",  "4",  "4",  "4",  "4",  "5",  "5",  "5",  "5",  "5",  "5",  "5",  "5",  "6",  "6",  "6",  "6",  "6",  "6",  "6",  "6",  "7",  "7",  "7",  "7",  "7",  "7",  "7",  "7",  "8",  "8",  "8",  "8",  "8",  "8",  "8",  "8",  "9",  "9",  "9",  "9",  "9",  "9",  "9",  "9", "10", "10", "10", "10", "10", "10", "10", "10", "11", "11", "11", "11", "11", "11", "11", "11", "12", "12", "12", "12", "12", "12", "12", "12", "13", "13", "13", "13", "13", "13", "13", "13", "14", "14", "14", "14", "14", "14", "14", "14", "15", "15", "15", "15", "15", "15", "15", "15", "16", "16", "16", "16", "16", "16", "16", "16", "17", "17", "17", "17", "17", "17", "17", "17", "18", "18", "18", "18", "18", "18", "18", "18", "19", "19", "19", "19", "19", "19", "19", "19", "20", "20", "20", "20", "20", "20", "20", "20", "21", "21", "21", "21", "21", "21", "21", "21", "22", "22", "22", "22", "22", "22", "22", "22", "23", "23", "23", "23", "23", "23", "23", "23", "24", "24", "24", "24", "24", "24", "24", "24", "25", "25", "25", "25", "25", "25", "25", "25", "26", "26", "26", "26", "26", "26", "26", "26", "27", "27", "27", "27", "27", "27", "27", "27", "28", "28", "28", "28", "28", "28", "28", "28", "29", "29", "29", "29", "29", "29", "29", "29", "30", "30", "30", "30", "30", "30", "30", "30", "31", "31", "31", "31", "31", "31", "31", "31", "32", "32", "32", "32", "32", "32", "32", "32", "33", "33", "33", "33", "33", "33", "33", "33", "34", "34", "34", "34", "34", "34", "34", "34", "35", "35", "35", "35", "35", "35", "35", "35", "36", "36", "36", "36", "36", "36", "36", "36", "37", "37", "37", "37", "37", "37", "37", "37", "38", "38", "38", "38", "38", "38", "38", "38", "39", "39", "39", "39", "39", "39", "39", "39", "40", "40", "40", "40", "40", "40", "40", "40", "41", "41", "41", "41", "41", "41", "41", "41", "42", "42", "42", "42", "42", "42", "42", "42", "43", "43", "43", "43", "43", "43", "43", "43", "44", "44", "44", "44", "44", "44", "44", "44", "45", "45", "45", "45", "45", "45", "45", "45", "46", "46", "46", "46", "46", "46", "46", "46", "47", "47", "47", "47", "47", "47", "47", "47", "48", "48", "48", "48", "48", "48", "48", "48", "49", "49", "49", "49", "49", "49", "49", "49", "50", "50", "50", "50", "50", "50", "50", "50", "51", "51", "51", "51", "51", "51", "51", "51", "52", "52", "52", "52", "52", "52", "52", "52", "53", "53", "53", "53", "53", "53", "53", "53", "54", "54", "54", "54", "54", "54", "54", "54", "55", "55", "55", "55", "55", "55", "55", "55", "56", "56", "56", "56", "56", "56", "56", "56", "57", "57", "57", "57", "57", "57", "57", "57", "58", "58", "58", "58", "58", "58", "58", "58", "59", "59", "59", "59", "59", "59", "59", "59", "60", "60", "60", "60", "60", "60", "60", "60"))
			, IVAR = c(0.64, 1.99, 6.43, 12.03, 22.28, 48.91, 80.15, 138.94, 0.51, 2.49, 6.29, 11.18, 25.51, 43.72, 84.69, 123.55, 0.48, 2, 6.04, 11.31, 22.67, 47.36, 103.04, 108, 0.53, 2.07, 6.67, 11.64, 24.9, 49.3, 90.93, 135.41, 0.56, 2.15, 7.03, 12.69, 21.12, 45.33, 84.94, 114.45, 0.47, 2.01, 5.48, 12.19, 22.48, 57.28, 103.13, 131.43, 0.52, 2.37, 5.63, 11.46, 27.7, 44.98, 94.03, 115.38, 0.48, 1.94, 6.3, 11.79, 22.82, 54.9, 93.96, 117.86, 0.5, 2.15, 5.96, 11.95, 22.42, 46.47, 96.58, 113.14, 0.53, 1.72, 6.19, 10.29, 23.29, 45.53, 89.94, 119.32, 0.41, 2.25, 5.08, 11.46, 21.47, 44.53, 118.28, 120.21, 0.44, 1.7, 6.28, 11.98, 23.25, 43.74, 82.73, 107.77, 0.55, 1.88, 5.22, 14.47, 25.04, 46.87, 106.72, 131.12, 0.47, 2.49, 5.85, 10.41, 23.66, 49.01, 120.92, 121.28, 0.52, 1.98, 5.8, 11.96, 25.97, 59.07, 106.39, 135.41, 0.44, 2.21, 6.13, 10.36, 25.28, 47.24, 111.14, 111.15, 0.48, 1.82, 5.89, 12.49, 22.31, 52.16, 85.08, 108.06, 0.58, 1.81, 6.25, 11.55, 25, 56.83, 112.51, 116.09, 0.4, 2.57, 6.41, 12.67, 23.97, 50.51, 94.43, 125.16, 0.48, 1.74, 6.62, 13.97, 23.27, 42.35, 102.37, 119.46, 0.42, 2, 5.63, 11.6, 21.38, 57.48, 92.87, 102.2, 0.51, 2.05, 5.44, 8.99, 22.51, 50.82, 95.43, 118.83, 0.53, 1.78, 6.7, 11.99, 25.76, 53.23, 98.17, 109.91, 0.56, 1.64, 5.68, 11.7, 23.6, 53.16, 97.32, 124.99, 0.5, 1.95, 6.43, 13.46, 18.87, 50.83, 99.67, 115, 0.55, 1.92, 5.83, 13.07, 28.5, 49.31, 92.03, 106.55, 0.48, 1.82, 5.85, 12.48, 22.04, 62.56, 97.51, 134.36, 0.4, 2.15, 5.26, 13.16, 24.97, 46.08, 109.59, 111.87, 0.47, 1.81, 5.61, 13.19, 25.06, 53.08, 92.33, 124.6, 0.51, 1.73, 7.17, 12.16, 25.91, 52.81, 95.52, 116.39, 0.55, 1.8, 7.31, 11.55, 28.32, 55.84, 96.8, 127, 0.45, 2.07, 6.66, 12.12, 22.93, 44.95, 95.66, 133.54, 0.48, 1.98, 5.27, 12.61, 27.35, 55.75, 99.54, 104.15, 0.52, 2.09, 5.79, 12.21, 22.01, 51.37, 92.91, 102.57, 0.48, 2.29, 5.8, 12.91, 26.38, 48.02, 92.68, 113.81, 0.54, 1.8, 6.15, 11.66, 19.14, 41.69, 105.21, 117.73, 0.54, 2.42, 6.95, 12.84, 24.93, 47.08, 112.41, 127.37, 0.44, 1.97, 4.95, 11.77, 18.52, 54.74, 90.09, 114.95, 0.49, 2.13, 6.42, 12.7, 22.66, 41.88, 92.34, 123.38, 0.46, 1.99, 5.34, 11.99, 24.31, 47.3, 94.44, 143.14, 0.54, 2.24, 5.47, 12.2, 26.94, 47.73, 77.59, 124.21, 0.41, 1.84, 6.85, 12.76, 26.77, 49.49, 94.95, 109.41, 0.59, 2.01, 5.59, 13.08, 26.72, 58.02, 90.38, 115.4, 0.48, 1.93, 5.78, 11.65, 27.72, 44.77, 92.34, 128.09, 0.56, 1.85, 5.7, 12.65, 26.57, 46.81, 83.21, 142.37, 0.58, 1.86, 5.96, 10.06, 25.41, 56.4, 81.5, 111, 0.47, 1.87, 4.9, 12.62, 20.59, 47.88, 101.86, 117.65, 0.55, 1.99, 5.62, 12.8, 22.98, 57.31, 95.82, 130.68, 0.51, 1.48, 5.23, 11.5, 24.58, 37.98, 105.69, 112.96, 0.46, 1.71, 5.19, 12.07, 25.25, 38.92, 86.83, 126.6, 0.48, 2.48, 6.8, 12.74, 24.01, 49.36, 89.46, 127.78, 0.58, 2.23, 5.53, 10.21, 23.74, 50.16, 105.18, 109.89, 0.52, 2.05, 6.76, 11.97, 23.16, 42.8, 91.16, 115.73, 0.63, 2.55, 5.9, 10.81, 19.7, 50.54, 86.08, 150.8, 0.46, 2.02, 8.78, 10.74, 24.75, 42.97, 99.4, 109.97, 0.5, 1.94, 5.33, 12.01, 26.5, 56.29, 83.69, 117.04, 0.56, 1.79, 4.66, 10.93, 21.79, 48.23, 92.2, 122.81, 0.48, 2.08, 5.78, 13.52, 22.29, 49.42, 87.87, 122.52, 0.5, 1.69, 5.91, 13.5, 25.69, 48.69, 85.21, 134.88, 0.5, 1.91, 7.07, 11.11, 24.74, 54.56, 101.96, 116.37)
			, TAD = c(0.64, 1.99, 6.43, 12.03, 22.28, 48.91, 80.15, 138.94, 0.51, 2.49, 6.29, 11.18, 25.51, 43.72, 84.69, 123.55, 0.48, 2, 6.04, 11.31, 22.67, 47.36, 103.04, 108, 0.53, 2.07, 6.67, 11.64, 24.9, 49.3, 90.93, 135.41, 0.56, 2.15, 7.03, 12.69, 21.12, 45.33, 84.94, 114.45, 0.47, 2.01, 5.48, 12.19, 22.48, 57.28, 103.13, 131.43, 0.52, 2.37, 5.63, 11.46, 27.7, 44.98, 94.03, 115.38, 0.48, 1.94, 6.3, 11.79, 22.82, 54.9, 93.96, 117.86, 0.5, 2.15, 5.96, 11.95, 22.42, 46.47, 96.58, 113.14, 0.53, 1.72, 6.19, 10.29, 23.29, 45.53, 89.94, 119.32, 0.41, 2.25, 5.08, 11.46, 21.47, 44.53, 118.28, 120.21, 0.44, 1.7, 6.28, 11.98, 23.25, 43.74, 82.73, 107.77, 0.55, 1.88, 5.22, 14.47, 25.04, 46.87, 106.72, 131.12, 0.47, 2.49, 5.85, 10.41, 23.66, 49.01, 120.92, 121.28, 0.52, 1.98, 5.8, 11.96, 25.97, 59.07, 106.39, 135.41, 0.44, 2.21, 6.13, 10.36, 25.28, 47.24, 111.14, 111.15, 0.48, 1.82, 5.89, 12.49, 22.31, 52.16, 85.08, 108.06, 0.58, 1.81, 6.25, 11.55, 25, 56.83, 112.51, 116.09, 0.4, 2.57, 6.41, 12.67, 23.97, 50.51, 94.43, 125.16, 0.48, 1.74, 6.62, 13.97, 23.27, 42.35, 102.37, 119.46, 0.42, 2, 5.63, 11.6, 21.38, 57.48, 92.87, 102.2, 0.51, 2.05, 5.44, 8.99, 22.51, 50.82, 95.43, 118.83, 0.53, 1.78, 6.7, 11.99, 25.76, 53.23, 98.17, 109.91, 0.56, 1.64, 5.68, 11.7, 23.6, 53.16, 97.32, 124.99, 0.5, 1.95, 6.43, 13.46, 18.87, 50.83, 99.67, 115, 0.55, 1.92, 5.83, 13.07, 28.5, 49.31, 92.03, 106.55, 0.48, 1.82, 5.85, 12.48, 22.04, 62.56, 97.51, 134.36, 0.4, 2.15, 5.26, 13.16, 24.97, 46.08, 109.59, 111.87, 0.47, 1.81, 5.61, 13.19, 25.06, 53.08, 92.33, 124.6, 0.51, 1.73, 7.17, 12.16, 25.91, 52.81, 95.52, 116.39, 0.55, 1.8, 7.31, 11.55, 28.32, 55.84, 96.8, 127, 0.45, 2.07, 6.66, 12.12, 22.93, 44.95, 95.66, 133.54, 0.48, 1.98, 5.27, 12.61, 27.35, 55.75, 99.54, 104.15, 0.52, 2.09, 5.79, 12.21, 22.01, 51.37, 92.91, 102.57, 0.48, 2.29, 5.8, 12.91, 26.38, 48.02, 92.68, 113.81, 0.54, 1.8, 6.15, 11.66, 19.14, 41.69, 105.21, 117.73, 0.54, 2.42, 6.95, 12.84, 24.93, 47.08, 112.41, 127.37, 0.44, 1.97, 4.95, 11.77, 18.52, 54.74, 90.09, 114.95, 0.49, 2.13, 6.42, 12.7, 22.66, 41.88, 92.34, 123.38, 0.46, 1.99, 5.34, 11.99, 24.31, 47.3, 94.44, 143.14, 0.54, 2.24, 5.47, 12.2, 26.94, 47.73, 77.59, 124.21, 0.41, 1.84, 6.85, 12.76, 26.77, 49.49, 94.95, 109.41, 0.59, 2.01, 5.59, 13.08, 26.72, 58.02, 90.38, 115.4, 0.48, 1.93, 5.78, 11.65, 27.72, 44.77, 92.34, 128.09, 0.56, 1.85, 5.7, 12.65, 26.57, 46.81, 83.21, 142.37, 0.58, 1.86, 5.96, 10.06, 25.41, 56.4, 81.5, 111, 0.47, 1.87, 4.9, 12.62, 20.59, 47.88, 101.86, 117.65, 0.55, 1.99, 5.62, 12.8, 22.98, 57.31, 95.82, 130.68, 0.51, 1.48, 5.23, 11.5, 24.58, 37.98, 105.69, 112.96, 0.46, 1.71, 5.19, 12.07, 25.25, 38.92, 86.83, 126.6, 0.48, 2.48, 6.8, 12.74, 24.01, 49.36, 89.46, 127.78, 0.58, 2.23, 5.53, 10.21, 23.74, 50.16, 105.18, 109.89, 0.52, 2.05, 6.76, 11.97, 23.16, 42.8, 91.16, 115.73, 0.63, 2.55, 5.9, 10.81, 19.7, 50.54, 86.08, 150.8, 0.46, 2.02, 8.78, 10.74, 24.75, 42.97, 99.4, 109.97, 0.5, 1.94, 5.33, 12.01, 26.5, 56.29, 83.69, 117.04, 0.56, 1.79, 4.66, 10.93, 21.79, 48.23, 92.2, 122.81, 0.48, 2.08, 5.78, 13.52, 22.29, 49.42, 87.87, 122.52, 0.5, 1.69, 5.91, 13.5, 25.69, 48.69, 85.21, 134.88, 0.5, 1.91, 7.07, 11.11, 24.74, 54.56, 101.96, 116.37)
