TABLE NO.     1: First Order Conditional Estimation with Interaction: Problem=1 Subproblem=0 Superproblem1=0 Iteration1=0 Superproblem2=0 Iteration2=0
 NAME         THETA1       THETA2       THETA3       THETA4       THETA5       THETA6       THETA7       THETA8       THETA9       SIGMA(1,1)   SIGMA(2,1)   SIGMA(2,2)   OMEGA(1,1)   OMEGA(2,1)   OMEGA(2,2)
 THETA1        5.97384E-01 -2.60470E+00 -1.82396E+00  1.07855E+03  1.54026E+04  1.71869E+03 -3.80928E+02 -2.53019E+04  6.94029E+03 -5.04051E+05  0.00000E+00 -1.34679E+04 -1.48296E+04  3.19649E+03  2.45599E+03
 THETA2       -2.60470E+00  1.29950E+01  5.92479E+00 -5.20982E+03 -7.37877E+04 -8.44447E+03  2.34838E+03  1.02308E+05  4.43636E+03  1.87929E+06  0.00000E+00  7.42227E+04  3.72196E+04 -9.16976E+03 -5.78913E+03
 THETA3       -1.82396E+00  5.92479E+00  8.09742E+00 -2.66542E+03 -3.88253E+04 -4.06965E+03  3.11795E+02  8.71782E+04 -6.41519E+04  1.93314E+06  0.00000E+00  2.19288E+04  7.92456E+04 -1.56597E+04 -1.35889E+04
 THETA4        1.07855E+03 -5.20982E+03 -2.66542E+03  2.10444E+06  2.98626E+07  3.39749E+06 -9.00608E+05 -4.32025E+07  1.78913E+06 -8.11510E+08  0.00000E+00 -2.91153E+07 -1.82812E+07  4.29561E+06  2.91152E+06
 THETA5        1.54026E+04 -7.37877E+04 -3.88253E+04  2.98626E+07  4.23982E+08  4.81631E+07 -1.26041E+07 -6.19978E+08  3.85419E+07 -1.17082E+10  0.00000E+00 -4.09992E+08 -2.71338E+08  6.31289E+07  4.34190E+07
 THETA6        1.71869E+03 -8.44447E+03 -4.06965E+03  3.39749E+06  4.81631E+07  5.49677E+06 -1.49494E+06 -6.81485E+07 -1.66147E+05 -1.26547E+09  0.00000E+00 -4.77446E+07 -2.67451E+07  6.43070E+06  4.21161E+06
 THETA7       -3.80928E+02  2.34838E+03  3.11795E+02 -9.00608E+05 -1.26041E+07 -1.49494E+06  5.31434E+05  1.27710E+07  1.01368E+07  1.87764E+08  0.00000E+00  1.50934E+07 -2.05987E+06 -3.74148E+04  4.98504E+05
 THETA8       -2.53019E+04  1.02308E+05  8.71782E+04 -4.32025E+07 -6.19978E+08 -6.81485E+07  1.27710E+07  1.11098E+09 -4.63801E+08  2.29093E+10  0.00000E+00  4.94620E+08  7.62448E+08 -1.58732E+08 -1.28104E+08
 THETA9        6.94029E+03  4.43636E+03 -6.41519E+04  1.78913E+06  3.85419E+07 -1.66147E+05  1.01368E+07 -4.63801E+08  8.15717E+08 -1.26037E+10  0.00000E+00  1.71852E+08 -7.53621E+08  1.38141E+08  1.32751E+08
 SIGMA(1,1)   -5.04051E+05  1.87929E+06  1.93314E+06 -8.11510E+08 -1.17082E+10 -1.26547E+09  1.87764E+08  2.29093E+10 -1.26037E+10  4.87275E+11  0.00000E+00  8.35073E+09  1.78501E+10 -3.62456E+09 -3.02907E+09
 SIGMA(2,1)    0.00000E+00  0.00000E+00  0.00000E+00  0.00000E+00  0.00000E+00  0.00000E+00  0.00000E+00  0.00000E+00  0.00000E+00  0.00000E+00  0.00000E+00  0.00000E+00  0.00000E+00  0.00000E+00  0.00000E+00
 SIGMA(2,2)   -1.34679E+04  7.42227E+04  2.19288E+04 -2.91153E+07 -4.09992E+08 -4.77446E+07  1.50934E+07  4.94620E+08  1.71852E+08  8.35073E+09  0.00000E+00  4.50316E+08  7.46947E+07 -2.69556E+07 -8.82128E+06
 OMEGA(1,1)   -1.48296E+04  3.72196E+04  7.92456E+04 -1.82812E+07 -2.71338E+08 -2.67451E+07 -2.05987E+06  7.62448E+08 -7.53621E+08  1.78501E+10  0.00000E+00  7.46947E+07  8.27923E+08 -1.59243E+08 -1.43394E+08
 OMEGA(2,1)    3.19649E+03 -9.16976E+03 -1.56597E+04  4.29561E+06  6.31289E+07  6.43070E+06 -3.74148E+04 -1.58732E+08  1.38141E+08 -3.62456E+09  0.00000E+00 -2.69556E+07 -1.59243E+08  3.09884E+07  2.74626E+07
 OMEGA(2,2)    2.45599E+03 -5.78913E+03 -1.35889E+04  2.91152E+06  4.34190E+07  4.21161E+06  4.98504E+05 -1.28104E+08  1.32751E+08 -3.02907E+09  0.00000E+00 -8.82128E+06 -1.43394E+08  2.74626E+07  2.48745E+07
