TABLE NO.     1: First Order Conditional Estimation with Interaction: Problem=1 Subproblem=0 Superproblem1=0 Iteration1=0 Superproblem2=0 Iteration2=0
 NAME         THETA1       THETA2       THETA3       THETA4       THETA5       THETA6       THETA7       THETA8       THETA9       SIGMA(1,1)   SIGMA(2,1)   SIGMA(2,2)   OMEGA(1,1)   OMEGA(2,1)   OMEGA(2,2)
 THETA1        1.90166E+06  6.39871E+05  4.56371E+04  1.33580E+02  7.02169E+01 -3.18688E+01  3.54790E+02 -1.72615E+01  2.74676E-01  1.51233E+00  0.00000E+00 -4.09102E+00  1.31657E+01  1.35714E+01 -5.62766E-01
 THETA2        6.39871E+05  2.18345E+05  1.45321E+04  4.42218E+01  2.26938E+01 -5.25195E+00  1.11998E+02 -5.89503E+00  7.62145E-04  4.91823E-01  0.00000E+00 -1.48551E+00  4.71488E+00  4.74056E+00  3.80409E-01
 THETA3        4.56371E+04  1.45321E+04  1.46730E+04  5.82588E+01  1.58095E+01 -9.11152E+01  1.44322E+02 -3.41348E+00  3.67457E-01  2.93590E-01  0.00000E+00  1.22072E-01 -1.55948E-01  1.65310E-01  1.84697E-01
 THETA4        1.33580E+02  4.42218E+01  5.82588E+01  3.29304E-01  4.97450E-02 -3.94009E-01  5.78763E-01 -2.05630E-02 -1.21123E-03  1.17685E-03  0.00000E+00  5.84885E-04 -5.91715E-04 -6.89874E-05 -5.86408E-04
 THETA5        7.02169E+01  2.26938E+01  1.58095E+01  4.97450E-02  1.93852E-02 -8.93199E-02  1.55935E-01 -2.66905E-03  8.36243E-04  3.37175E-04  0.00000E+00  1.90798E-04 -2.60609E-04  3.81309E-04  3.18725E-04
 THETA6       -3.18688E+01 -5.25195E+00 -9.11152E+01 -3.94009E-01 -8.93199E-02  6.50693E-01 -8.78909E-01  2.27139E-02 -1.31381E-03 -1.54937E-03  0.00000E+00  2.02974E-04  3.25534E-04 -1.83407E-04 -9.15385E-04
 THETA7        3.54790E+02  1.11998E+02  1.44322E+02  5.78763E-01  1.55935E-01 -8.78909E-01  1.60150E+00 -3.32386E-02  2.56695E-03  2.87333E-03  0.00000E+00  1.74760E-04 -1.93496E-03 -1.41638E-03  2.15321E-03
 THETA8       -1.72615E+01 -5.89503E+00 -3.41348E+00 -2.05630E-02 -2.66905E-03  2.27139E-02 -3.32386E-02  1.52762E-03  2.20976E-04 -6.98165E-05  0.00000E+00 -7.01394E-05 -9.96319E-05 -6.04473E-05  7.26008E-06
 THETA9        2.74676E-01  7.62145E-04  3.67457E-01 -1.21123E-03  8.36243E-04 -1.31381E-03  2.56695E-03  2.20976E-04  1.80793E-04  9.67840E-06  0.00000E+00 -3.14062E-05 -4.51118E-05  5.97757E-05  4.14474E-05
 SIGMA(1,1)    1.51233E+00  4.91823E-01  2.93590E-01  1.17685E-03  3.37175E-04 -1.54937E-03  2.87333E-03 -6.98165E-05  9.67840E-06  7.61031E-06  0.00000E+00  7.81165E-06 -1.92234E-05  4.44715E-06  6.55812E-06
 SIGMA(2,1)    0.00000E+00  0.00000E+00  0.00000E+00  0.00000E+00  0.00000E+00  0.00000E+00  0.00000E+00  0.00000E+00  0.00000E+00  0.00000E+00  0.00000E+00  0.00000E+00  0.00000E+00  0.00000E+00  0.00000E+00
 SIGMA(2,2)   -4.09102E+00 -1.48551E+00  1.22072E-01  5.84885E-04  1.90798E-04  2.02974E-04  1.74760E-04 -7.01394E-05 -3.14062E-05  7.81165E-06  0.00000E+00  3.03400E-04 -1.30666E-04 -5.79629E-05 -1.38498E-04
 OMEGA(1,1)    1.31657E+01  4.71488E+00 -1.55948E-01 -5.91715E-04 -2.60609E-04  3.25534E-04 -1.93496E-03 -9.96319E-05 -4.51118E-05 -1.92234E-05  0.00000E+00 -1.30666E-04  5.56640E-04  4.02737E-04  3.24631E-04
 OMEGA(2,1)    1.35714E+01  4.74056E+00  1.65310E-01 -6.89874E-05  3.81309E-04 -1.83407E-04 -1.41638E-03 -6.04473E-05  5.97757E-05  4.44715E-06  0.00000E+00 -5.79629E-05  4.02737E-04  8.30685E-04  5.50761E-04
 OMEGA(2,2)   -5.62766E-01  3.80409E-01  1.84697E-01 -5.86408E-04  3.18725E-04 -9.15385E-04  2.15321E-03  7.26008E-06  4.14474E-05  6.55812E-06  0.00000E+00 -1.38498E-04  3.24631E-04  5.50761E-04  1.69818E-03
