TABLE NO.     1: First Order Conditional Estimation with Interaction: Problem=1 Subproblem=0 Superproblem1=0 Iteration1=0 Superproblem2=0 Iteration2=0
 NAME         THETA1       THETA2       THETA3       THETA4       THETA5       THETA6       THETA7       THETA8       SIGMA(1,1)   SIGMA(2,1)   SIGMA(2,2)   OMEGA(1,1)   OMEGA(2,1)   OMEGA(2,2)
 THETA1        1.03570E+01  2.17307E+01  2.63051E+02  1.18382E+05  4.43099E+02 -4.20674E+00  2.92353E+06 -4.10836E+06  2.25453E+11  0.00000E+00  4.54886E+06  1.36663E+04  0.00000E+00 -1.00732E+04
 THETA2        2.17307E+01  4.57892E+01  6.04241E+02  2.47315E+05  9.30263E+02 -8.98243E+00  6.14989E+06 -8.62013E+06  5.44330E+11  0.00000E+00  1.08379E+07  3.37048E+04  0.00000E+00 -2.45030E+04
 THETA3        2.63051E+02  6.04241E+02  2.08250E+04  2.71747E+06  1.13989E+04 -1.48735E+02  7.85494E+07 -1.04379E+08  2.50199E+13  0.00000E+00  4.65627E+08  1.70987E+06  0.00000E+00 -1.16779E+06
 THETA4        1.18382E+05  2.47315E+05  2.71747E+06  1.35905E+09  5.06144E+06 -4.72160E+04  3.33295E+10 -4.69592E+10  2.18331E+15  0.00000E+00  4.48511E+10  1.28413E+08  0.00000E+00 -9.65424E+07
 THETA5        4.43099E+02  9.30263E+02  1.13989E+04  5.06144E+06  1.89659E+04 -1.80688E+02  1.25097E+08 -1.75752E+08  9.81855E+12  0.00000E+00  1.97755E+08  5.96509E+05  0.00000E+00 -4.38996E+05
 THETA6       -4.20674E+00 -8.98243E+00 -1.48735E+02 -4.72160E+04 -1.80688E+02  1.84346E+00 -1.19929E+06  1.66823E+06 -1.47789E+11  0.00000E+00 -2.86780E+06 -9.50723E+03  0.00000E+00  6.74288E+03
 THETA7        2.92353E+06  6.14989E+06  7.85494E+07  3.33295E+10  1.25097E+08 -1.19929E+06  8.26624E+11 -1.15975E+12  6.95774E+16  0.00000E+00  1.39176E+12  4.27812E+09  0.00000E+00 -3.12467E+09
 THETA8       -4.10836E+06 -8.62013E+06 -1.04379E+08 -4.69592E+10 -1.75752E+08  1.66823E+06 -1.15975E+12  1.62972E+12 -8.95252E+16  0.00000E+00 -1.80611E+12 -5.42826E+09  0.00000E+00  4.00066E+09
 SIGMA(1,1)    2.25453E+11  5.44330E+11  2.50199E+13  2.18331E+15  9.81855E+12 -1.47789E+11  6.95774E+16 -8.95252E+16  3.13079E+22  0.00000E+00  5.78053E+17  2.16339E+15  0.00000E+00 -1.46750E+15
 SIGMA(2,1)    0.00000E+00  0.00000E+00  0.00000E+00  0.00000E+00  0.00000E+00  0.00000E+00  0.00000E+00  0.00000E+00  0.00000E+00  0.00000E+00  0.00000E+00  0.00000E+00  0.00000E+00  0.00000E+00
 SIGMA(2,2)    4.54886E+06  1.08379E+07  4.65627E+08  4.48511E+10  1.97755E+08 -2.86780E+06  1.39176E+12 -1.80611E+12  5.78053E+17  0.00000E+00  1.06900E+13  3.98589E+10  0.00000E+00 -2.70733E+10
 OMEGA(1,1)    1.36663E+04  3.37048E+04  1.70987E+06  1.28413E+08  5.96509E+05 -9.50723E+03  4.27812E+09 -5.42826E+09  2.16339E+15  0.00000E+00  3.98589E+10  1.51221E+08  0.00000E+00 -1.02481E+08
 OMEGA(2,1)    0.00000E+00  0.00000E+00  0.00000E+00  0.00000E+00  0.00000E+00  0.00000E+00  0.00000E+00  0.00000E+00  0.00000E+00  0.00000E+00  0.00000E+00  0.00000E+00  0.00000E+00  0.00000E+00
 OMEGA(2,2)   -1.00732E+04 -2.45030E+04 -1.16779E+06 -9.65424E+07 -4.38996E+05  6.74288E+03 -3.12467E+09  4.00066E+09 -1.46750E+15  0.00000E+00 -2.70733E+10 -1.02481E+08  0.00000E+00  6.96281E+07
