TABLE NO.     1: First Order Conditional Estimation with Interaction: Problem=1 Subproblem=0 Superproblem1=0 Iteration1=0 Superproblem2=0 Iteration2=0
 NAME         THETA1       THETA2       THETA3       THETA4       THETA5       THETA6       THETA7       THETA8       SIGMA(1,1)   SIGMA(2,1)   SIGMA(2,2)   OMEGA(1,1)   OMEGA(2,1)   OMEGA(2,2)
 THETA1        1.57216E+05 -5.66090E+04 -1.14885E+11  2.27891E+09 -8.15693E+09  1.03094E+08  2.01080E+08 -8.97875E+09 -5.81885E+01  0.00000E+00 -3.43833E+08 -3.44870E+04  0.00000E+00  1.90639E+03
 THETA2       -5.66090E+04  2.04448E+04  4.11680E+10 -8.21715E+08  2.91655E+09 -3.71934E+07 -7.25124E+07  3.23769E+09  2.13038E+01  0.00000E+00  1.23098E+08  1.18576E+04  0.00000E+00  3.90638E+02
 THETA3       -1.14885E+11  4.11680E+10  8.45945E+16 -1.66161E+15  6.02699E+15 -7.51028E+13 -1.46586E+14  6.54601E+15  4.13845E+07  0.00000E+00  2.53539E+14  2.70114E+10  0.00000E+00 -4.87297E+09
 THETA4        2.27891E+09 -8.21715E+08 -1.66161E+15  3.30550E+13 -1.17857E+14  1.49573E+12  2.91677E+12 -1.30238E+14 -8.50005E+05  0.00000E+00 -4.97087E+12 -4.89495E+08  0.00000E+00  7.61299E+06
 THETA5       -8.15693E+09  2.91655E+09  6.02699E+15 -1.17857E+14  4.30060E+14 -5.32484E+12 -1.03963E+13  4.64282E+14  2.90168E+06  0.00000E+00  1.80751E+13  1.97619E+09  0.00000E+00 -4.58203E+08
 THETA6        1.03094E+08 -3.71934E+07 -7.51028E+13  1.49573E+12 -5.32484E+12  6.76885E+10  1.31986E+11 -5.89332E+12 -3.85694E+04  0.00000E+00 -2.24640E+11 -2.19585E+07  0.00000E+00 -1.23028E+04
 THETA7        2.01080E+08 -7.25124E+07 -1.46586E+14  2.91677E+12 -1.03963E+13  1.31986E+11  2.57376E+11 -1.14922E+13 -7.50479E+04  0.00000E+00 -4.38510E+11 -4.31150E+07  0.00000E+00  5.26291E+05
 THETA8       -8.97875E+09  3.23769E+09  6.54601E+15 -1.30238E+14  4.64282E+14 -5.89332E+12 -1.14922E+13  5.13144E+14  3.35007E+06  0.00000E+00  1.95827E+13  1.92682E+09  0.00000E+00 -2.66121E+07
 SIGMA(1,1)   -5.81885E+01  2.13038E+01  4.13845E+07 -8.50005E+05  2.90168E+06 -3.85694E+04 -7.50479E+04  3.35007E+06  2.35474E-02  0.00000E+00  1.23219E+05  9.56559E+00  0.00000E+00  5.45055E+00
 SIGMA(2,1)    0.00000E+00  0.00000E+00  0.00000E+00  0.00000E+00  0.00000E+00  0.00000E+00  0.00000E+00  0.00000E+00  0.00000E+00  0.00000E+00  0.00000E+00  0.00000E+00  0.00000E+00  0.00000E+00
 SIGMA(2,2)   -3.43833E+08  1.23098E+08  2.53539E+14 -4.97087E+12  1.80751E+13 -2.24640E+11 -4.38510E+11  1.95827E+13  1.23219E+05  0.00000E+00  7.60085E+11  8.18587E+07  0.00000E+00 -1.65378E+07
 OMEGA(1,1)   -3.44870E+04  1.18576E+04  2.70114E+10 -4.89495E+08  1.97619E+09 -2.19585E+07 -4.31150E+07  1.92682E+09  9.56559E+00  0.00000E+00  8.18587E+07  1.30571E+04  0.00000E+00 -1.00604E+04
 OMEGA(2,1)    0.00000E+00  0.00000E+00  0.00000E+00  0.00000E+00  0.00000E+00  0.00000E+00  0.00000E+00  0.00000E+00  0.00000E+00  0.00000E+00  0.00000E+00  0.00000E+00  0.00000E+00  0.00000E+00
 OMEGA(2,2)    1.90639E+03  3.90638E+02 -4.87297E+09  7.61299E+06 -4.58203E+08 -1.23028E+04  5.26291E+05 -2.66121E+07  5.45055E+00  0.00000E+00 -1.65378E+07 -1.00604E+04  0.00000E+00  2.01854E+04
