TABLE NO.     1: First Order Conditional Estimation with Interaction: Problem=1 Subproblem=0 Superproblem1=0 Iteration1=0 Superproblem2=0 Iteration2=0
 NAME         THETA1       THETA2       THETA3       THETA4       THETA5       THETA6       THETA7       THETA8       SIGMA(1,1)   SIGMA(2,1)   SIGMA(2,2)   OMEGA(1,1)   OMEGA(2,1)   OMEGA(2,2)
 THETA1        3.19342E-01  8.58430E-01  1.16374E+02  3.05842E+03  7.39464E+04  4.86589E+03  8.53487E+04  3.14635E+04 -4.78033E+12  0.00000E+00  1.15556E+07  7.12539E+02  0.00000E+00 -1.72139E+03
 THETA2        8.58430E-01  2.71288E+00  3.13022E+02  8.38666E+03  1.28791E+05  9.22694E+03  2.22568E+05  1.07938E+05 -1.60850E+13  0.00000E+00  3.88907E+07  2.42149E+03  0.00000E+00 -5.78988E+03
 THETA3        1.16374E+02  3.13022E+02  4.24141E+04  1.11471E+06  2.69272E+07  1.77214E+06  3.11041E+07  1.14742E+07 -1.74332E+15  0.00000E+00  4.21419E+09  2.59751E+05  0.00000E+00 -6.27801E+05
 THETA4        3.05842E+03  8.38666E+03  1.11471E+06  2.93632E+07  6.79903E+08  4.50442E+07  8.14704E+08  3.10915E+08 -4.70965E+16  0.00000E+00  1.13851E+11  7.02828E+06  0.00000E+00 -1.69591E+07
 THETA5        7.39464E+04  1.28791E+05  2.69272E+07  6.79903E+08  2.92522E+10  1.79463E+09  2.09606E+10  3.24257E+09 -5.47279E+17  0.00000E+00  1.32157E+12  7.71251E+07  0.00000E+00 -1.97571E+08
 THETA6        4.86589E+03  9.22694E+03  1.77214E+06  4.50442E+07  1.79463E+09  1.10920E+08  1.36643E+09  2.56796E+08 -4.20249E+16  0.00000E+00  1.01512E+11  6.01821E+06  0.00000E+00 -1.51607E+07
 THETA7        8.53487E+04  2.22568E+05  3.11041E+07  8.14704E+08  2.09606E+10  1.36643E+09  2.29313E+10  8.01129E+09 -1.22258E+18  0.00000E+00  2.95525E+12  1.81728E+08  0.00000E+00 -4.40321E+08
 THETA8        3.14635E+04  1.07938E+05  1.14742E+07  3.10915E+08  3.24257E+09  2.56796E+08  8.01129E+09  4.45224E+09 -6.57659E+17  0.00000E+00  1.59024E+12  9.94838E+07  0.00000E+00 -2.36674E+08
 SIGMA(1,1)   -4.78033E+12 -1.60850E+13 -1.74332E+15 -4.70965E+16 -5.47279E+17 -4.20249E+16 -1.22258E+18 -6.57659E+17  9.74063E+25  0.00000E+00 -2.35527E+20 -1.47163E+16  0.00000E+00  3.50554E+16
 SIGMA(2,1)    0.00000E+00  0.00000E+00  0.00000E+00  0.00000E+00  0.00000E+00  0.00000E+00  0.00000E+00  0.00000E+00  0.00000E+00  0.00000E+00  0.00000E+00  0.00000E+00  0.00000E+00  0.00000E+00
 SIGMA(2,2)    1.15556E+07  3.88907E+07  4.21419E+09  1.13851E+11  1.32157E+12  1.01512E+11  2.95525E+12  1.59024E+12 -2.35527E+20  0.00000E+00  5.69502E+14  3.55843E+10  0.00000E+00 -8.47636E+10
 OMEGA(1,1)    7.12539E+02  2.42149E+03  2.59751E+05  7.02828E+06  7.71251E+07  6.01821E+06  1.81728E+08  9.94838E+07 -1.47163E+16  0.00000E+00  3.55843E+10  2.24112E+06  0.00000E+00 -5.29079E+06
 OMEGA(2,1)    0.00000E+00  0.00000E+00  0.00000E+00  0.00000E+00  0.00000E+00  0.00000E+00  0.00000E+00  0.00000E+00  0.00000E+00  0.00000E+00  0.00000E+00  0.00000E+00  0.00000E+00  0.00000E+00
 OMEGA(2,2)   -1.72139E+03 -5.78988E+03 -6.27801E+05 -1.69591E+07 -1.97571E+08 -1.51607E+07 -4.40321E+08 -2.36674E+08  3.50554E+16  0.00000E+00 -8.47636E+10 -5.29079E+06  0.00000E+00  1.26188E+07
