TABLE NO.     1: First Order Conditional Estimation with Interaction: Problem=1 Subproblem=0 Superproblem1=0 Iteration1=0 Superproblem2=0 Iteration2=0
 NAME         THETA1       THETA2       THETA3       THETA4       THETA5       THETA6       THETA7       THETA8       SIGMA(1,1)   SIGMA(2,1)   SIGMA(2,2)   OMEGA(1,1)   OMEGA(2,1)   OMEGA(2,2)
 THETA1        2.37338E+04  9.99981E-01 -9.99912E-01  9.98244E-01  9.99955E-01 -9.98659E-01 -9.95990E-01  9.75599E-01  9.99424E-01  0.00000E+00 -9.82622E-01  9.96337E-01  0.00000E+00  9.14122E-01
 THETA2        9.99981E-01  4.14046E+04 -9.99911E-01  9.98452E-01  9.99958E-01 -9.98887E-01 -9.96241E-01  9.75086E-01  9.99445E-01  0.00000E+00 -9.82696E-01  9.96573E-01  0.00000E+00  9.14404E-01
 THETA3       -9.99912E-01 -9.99911E-01  3.93546E-02 -9.98102E-01 -9.99991E-01  9.98850E-01  9.96490E-01 -9.74206E-01 -9.99470E-01  0.00000E+00  9.80303E-01 -9.96473E-01  0.00000E+00 -9.15257E-01
 THETA4        9.98244E-01  9.98452E-01 -9.98102E-01  5.51045E-01  9.98223E-01 -9.98617E-01 -9.94377E-01  9.77114E-01  9.97828E-01  0.00000E+00 -9.84108E-01  9.96064E-01  0.00000E+00  9.12850E-01
 THETA5        9.99955E-01  9.99958E-01 -9.99991E-01  9.98223E-01  5.55455E-01 -9.98875E-01 -9.96426E-01  9.74516E-01  9.99485E-01  0.00000E+00 -9.81111E-01  9.96494E-01  0.00000E+00  9.15010E-01
 THETA6       -9.98659E-01 -9.98887E-01  9.98850E-01 -9.98617E-01 -9.98875E-01  7.13228E+00  9.97966E-01 -9.67632E-01 -9.98262E-01  0.00000E+00  9.80450E-01 -9.96494E-01  0.00000E+00 -9.16754E-01
 THETA7       -9.95990E-01 -9.96241E-01  9.96490E-01 -9.94377E-01 -9.96426E-01  9.97966E-01  6.26254E+00 -9.53064E-01 -9.95358E-01  0.00000E+00  9.73954E-01 -9.93573E-01  0.00000E+00 -9.23991E-01
 THETA8        9.75599E-01  9.75086E-01 -9.74206E-01  9.77114E-01  9.74516E-01 -9.67632E-01 -9.53064E-01  7.55541E-02  9.75248E-01  0.00000E+00 -9.70394E-01  9.70088E-01  0.00000E+00  8.63435E-01
 SIGMA(1,1)    9.99424E-01  9.99445E-01 -9.99470E-01  9.97828E-01  9.99485E-01 -9.98262E-01 -9.95358E-01  9.75248E-01  1.67633E+05  0.00000E+00 -9.81297E-01  9.95184E-01  0.00000E+00  9.15140E-01
 SIGMA(2,1)    0.00000E+00  0.00000E+00  0.00000E+00  0.00000E+00  0.00000E+00  0.00000E+00  0.00000E+00  0.00000E+00  0.00000E+00  0.00000E+00  0.00000E+00  0.00000E+00  0.00000E+00  0.00000E+00
 SIGMA(2,2)   -9.82622E-01 -9.82696E-01  9.80303E-01 -9.84108E-01 -9.81111E-01  9.80450E-01  9.73954E-01 -9.70394E-01 -9.81297E-01  0.00000E+00  8.52783E-02 -9.77996E-01  0.00000E+00 -8.85779E-01
 OMEGA(1,1)    9.96337E-01  9.96573E-01 -9.96473E-01  9.96064E-01  9.96494E-01 -9.96494E-01 -9.93573E-01  9.70088E-01  9.95184E-01  0.00000E+00 -9.77996E-01  8.48144E-01  0.00000E+00  9.04500E-01
 OMEGA(2,1)    0.00000E+00  0.00000E+00  0.00000E+00  0.00000E+00  0.00000E+00  0.00000E+00  0.00000E+00  0.00000E+00  0.00000E+00  0.00000E+00  0.00000E+00  0.00000E+00  0.00000E+00  0.00000E+00
 OMEGA(2,2)    9.14122E-01  9.14404E-01 -9.15257E-01  9.12850E-01  9.15010E-01 -9.16754E-01 -9.23991E-01  8.63435E-01  9.15140E-01  0.00000E+00 -8.85779E-01  9.04500E-01  0.00000E+00  7.85985E-02
