TABLE NO.     1: First Order Conditional Estimation with Interaction: Problem=1 Subproblem=0 Superproblem1=0 Iteration1=0 Superproblem2=0 Iteration2=0
 NAME         THETA1       THETA2       THETA3       THETA4       THETA5       THETA6       THETA7       THETA8       SIGMA(1,1)   SIGMA(2,1)   SIGMA(2,2)   OMEGA(1,1)   OMEGA(2,1)   OMEGA(2,2)
 THETA1        1.00576E+16  3.51437E+15 -1.73177E+15 -4.27604E+11 -9.59442E+15 -3.65055E+17  1.02843E+12  8.13148E+09  3.26164E+05  0.00000E+00 -1.21652E+09  5.16141E+08  0.00000E+00  1.81135E+09
 THETA2        3.51437E+15  1.22801E+15 -6.05124E+14 -1.49416E+11 -3.35254E+15 -1.27560E+17  3.59358E+11  2.84135E+09  1.13970E+05  0.00000E+00 -4.25084E+08  1.80353E+08  0.00000E+00  6.32934E+08
 THETA3       -1.73177E+15 -6.05124E+14  2.98186E+14  7.36274E+10  1.65202E+15  6.28573E+16 -1.77080E+11 -1.40013E+09 -5.61608E+04  0.00000E+00  2.09468E+08 -8.88722E+07  0.00000E+00 -3.11890E+08
 THETA4       -4.27604E+11 -1.49416E+11  7.36274E+10  1.81799E+07  4.07914E+11  1.55206E+13 -4.37243E+07 -3.45716E+05 -1.38671E+01  0.00000E+00  5.17213E+04 -2.19441E+04  0.00000E+00 -7.70111E+04
 THETA5       -9.59442E+15 -3.35254E+15  1.65202E+15  4.07914E+11  9.15261E+15  3.48245E+17 -9.81068E+11 -7.75703E+09 -3.11144E+05  0.00000E+00  1.16050E+09 -4.92373E+08  0.00000E+00 -1.72794E+09
 THETA6       -3.65055E+17 -1.27560E+17  6.28573E+16  1.55206E+13  3.48245E+17  1.32503E+19 -3.73284E+13 -2.95145E+11 -1.18386E+07  0.00000E+00  4.41556E+10 -1.87342E+10  0.00000E+00 -6.57460E+10
 THETA7        1.02843E+12  3.59358E+11 -1.77080E+11 -4.37243E+07 -9.81068E+11 -3.73284E+13  1.05161E+08  8.31476E+05  3.33515E+01  0.00000E+00 -1.24394E+05  5.27775E+04  0.00000E+00  1.85218E+05
 THETA8        8.13148E+09  2.84135E+09 -1.40013E+09 -3.45716E+05 -7.75703E+09 -2.95145E+11  8.31476E+05  6.57425E+03  2.63701E-01  0.00000E+00 -9.83551E+02  4.17297E+02  0.00000E+00  1.46447E+03
 SIGMA(1,1)    3.26164E+05  1.13970E+05 -5.61608E+04 -1.38671E+01 -3.11144E+05 -1.18386E+07  3.33515E+01  2.63701E-01  1.05774E-05  0.00000E+00 -3.94515E-02  1.67383E-02  0.00000E+00  5.87417E-02
 SIGMA(2,1)    0.00000E+00  0.00000E+00  0.00000E+00  0.00000E+00  0.00000E+00  0.00000E+00  0.00000E+00  0.00000E+00  0.00000E+00  0.00000E+00  0.00000E+00  0.00000E+00  0.00000E+00  0.00000E+00
 SIGMA(2,2)   -1.21652E+09 -4.25084E+08  2.09468E+08  5.17213E+04  1.16050E+09  4.41556E+10 -1.24394E+05 -9.83551E+02 -3.94515E-02  0.00000E+00  1.47146E+02 -6.24304E+01  0.00000E+00 -2.19094E+02
 OMEGA(1,1)    5.16141E+08  1.80353E+08 -8.88722E+07 -2.19441E+04 -4.92373E+08 -1.87342E+10  5.27775E+04  4.17297E+02  1.67383E-02  0.00000E+00 -6.24304E+01  2.64877E+01  0.00000E+00  9.29564E+01
 OMEGA(2,1)    0.00000E+00  0.00000E+00  0.00000E+00  0.00000E+00  0.00000E+00  0.00000E+00  0.00000E+00  0.00000E+00  0.00000E+00  0.00000E+00  0.00000E+00  0.00000E+00  0.00000E+00  0.00000E+00
 OMEGA(2,2)    1.81135E+09  6.32934E+08 -3.11890E+08 -7.70111E+04 -1.72794E+09 -6.57460E+10  1.85218E+05  1.46447E+03  5.87417E-02  0.00000E+00 -2.19094E+02  9.29564E+01  0.00000E+00  3.26223E+02
