TABLE NO.     1: First Order Conditional Estimation with Interaction: Problem=1 Subproblem=0 Superproblem1=0 Iteration1=0 Superproblem2=0 Iteration2=0
 NAME         THETA1       THETA2       THETA3       THETA4       THETA5       THETA6       THETA7       THETA8       SIGMA(1,1)   SIGMA(2,1)   SIGMA(2,2)   OMEGA(1,1)   OMEGA(2,1)   OMEGA(2,2)
 THETA1        8.74375E+12  2.98160E+12 -4.05963E+11 -6.73403E+09  8.13614E+09 -1.32979E+11  2.48671E+08  2.54518E+07 -1.72405E+01  0.00000E+00  3.07805E+05 -1.19471E+07  0.00000E+00  4.63255E+07
 THETA2        2.98160E+12  1.01672E+12 -1.38433E+11 -2.29629E+09  2.77441E+09 -4.53454E+10  8.47961E+07  8.67902E+06 -5.87898E+00  0.00000E+00  1.04961E+05 -4.07394E+06  0.00000E+00  1.57969E+07
 THETA3       -4.05963E+11 -1.38433E+11  1.88485E+10  3.12654E+08 -3.77753E+08  6.17406E+09 -1.15455E+07 -1.18170E+06  8.00460E-01  0.00000E+00 -1.42911E+04  5.54692E+05  0.00000E+00 -2.15085E+06
 THETA4       -6.73403E+09 -2.29629E+09  3.12654E+08  5.18623E+06 -6.26607E+06  1.02414E+08 -1.91514E+05 -1.96018E+04  1.32778E-02  0.00000E+00 -2.37057E+02  9.20110E+03  0.00000E+00 -3.56777E+04
 THETA5        8.13614E+09  2.77441E+09 -3.77753E+08 -6.26607E+06  7.57076E+06 -1.23738E+08  2.31390E+05  2.36832E+04 -1.60425E-02  0.00000E+00  2.86415E+02 -1.11169E+04  0.00000E+00  4.31063E+04
 THETA6       -1.32979E+11 -4.53454E+10  6.17406E+09  1.02414E+08 -1.23738E+08  2.02239E+09 -3.78189E+06 -3.87082E+05  2.62201E-01  0.00000E+00 -4.68123E+03  1.81697E+05  0.00000E+00 -7.04537E+05
 THETA7        2.48671E+08  8.47961E+07 -1.15455E+07 -1.91514E+05  2.31390E+05 -3.78189E+06  7.07215E+03  7.23845E+02 -4.90317E-04  0.00000E+00  8.75392E+00 -3.39773E+02  0.00000E+00  1.31749E+03
 THETA8        2.54518E+07  8.67902E+06 -1.18170E+06 -1.96018E+04  2.36832E+04 -3.87082E+05  7.23845E+02  7.40868E+01 -5.01847E-05  0.00000E+00  8.95977E-01 -3.47764E+01  0.00000E+00  1.34847E+02
 SIGMA(1,1)   -1.72405E+01 -5.87898E+00  8.00460E-01  1.32778E-02 -1.60425E-02  2.62201E-01 -4.90317E-04 -5.01847E-05  3.39940E-11  0.00000E+00 -6.06915E-07  2.35567E-05  0.00000E+00 -9.13424E-05
 SIGMA(2,1)    0.00000E+00  0.00000E+00  0.00000E+00  0.00000E+00  0.00000E+00  0.00000E+00  0.00000E+00  0.00000E+00  0.00000E+00  0.00000E+00  0.00000E+00  0.00000E+00  0.00000E+00  0.00000E+00
 SIGMA(2,2)    3.07805E+05  1.04961E+05 -1.42911E+04 -2.37057E+02  2.86415E+02 -4.68123E+03  8.75392E+00  8.95977E-01 -6.06915E-07  0.00000E+00  1.08357E-02 -4.20573E-01  0.00000E+00  1.63079E+00
 OMEGA(1,1)   -1.19471E+07 -4.07394E+06  5.54692E+05  9.20110E+03 -1.11169E+04  1.81697E+05 -3.39773E+02 -3.47764E+01  2.35567E-05  0.00000E+00 -4.20573E-01  1.63242E+01  0.00000E+00 -6.32976E+01
 OMEGA(2,1)    0.00000E+00  0.00000E+00  0.00000E+00  0.00000E+00  0.00000E+00  0.00000E+00  0.00000E+00  0.00000E+00  0.00000E+00  0.00000E+00  0.00000E+00  0.00000E+00  0.00000E+00  0.00000E+00
 OMEGA(2,2)    4.63255E+07  1.57969E+07 -2.15085E+06 -3.56777E+04  4.31063E+04 -7.04537E+05  1.31749E+03  1.34847E+02 -9.13424E-05  0.00000E+00  1.63079E+00 -6.32976E+01  0.00000E+00  2.45439E+02
