TABLE NO.     1: First Order Conditional Estimation with Interaction: Problem=1 Subproblem=0 Superproblem1=0 Iteration1=0 Superproblem2=0 Iteration2=0
 NAME         THETA1       THETA2       THETA3       THETA4       THETA5       THETA6       THETA7       THETA8       SIGMA(1,1)   SIGMA(2,1)   SIGMA(2,2)   OMEGA(1,1)   OMEGA(2,1)   OMEGA(2,2)   OMEGA(3,1)   OMEGA(3,2)   OMEGA(3,3)
 THETA1        1.52186E+00  1.37818E-01 -3.38979E+01  3.80429E+03  9.19116E+02 -1.97585E+03 -3.74343E+04  1.50374E+05 -3.37475E+06  0.00000E+00 -5.65874E+04  6.79037E+03  0.00000E+00  3.01383E+03  0.00000E+00  0.00000E+00 -1.51515E+04
 THETA2        1.37818E-01  1.31813E-02 -3.07615E+00  3.45203E+02  8.35376E+01 -1.79492E+02 -3.39520E+03  1.36416E+04 -3.06139E+05  0.00000E+00 -5.13338E+03  6.16024E+02  0.00000E+00  2.73299E+02  0.00000E+00  0.00000E+00 -1.37442E+03
 THETA3       -3.38979E+01 -3.07615E+00  7.55223E+02 -8.47457E+04 -2.04662E+04  4.40103E+04  8.33906E+05 -3.34972E+06  7.51750E+07  0.00000E+00  1.26053E+06 -1.51261E+05  0.00000E+00 -6.71347E+04  0.00000E+00  0.00000E+00  3.37510E+05
 THETA4        3.80429E+03  3.45203E+02 -8.47457E+04  9.51071E+06  2.29813E+06 -4.93995E+06 -9.35825E+07  3.75926E+08 -8.43664E+09  0.00000E+00 -1.41465E+08  1.69756E+07  0.00000E+00  7.53428E+06  0.00000E+00  0.00000E+00 -3.78776E+07
 THETA5        9.19116E+02  8.35376E+01 -2.04662E+04  2.29813E+06  5.57600E+05 -1.19523E+06 -2.26047E+07  9.08246E+07 -2.03831E+09  0.00000E+00 -3.41778E+07  4.10181E+06  0.00000E+00  1.82031E+06  0.00000E+00  0.00000E+00 -9.15122E+06
 THETA6       -1.97585E+03 -1.79492E+02  4.40103E+04 -4.93995E+06 -1.19523E+06  2.56731E+06  4.86001E+07 -1.95246E+08  4.38182E+09  0.00000E+00  7.34738E+07 -8.81730E+06  0.00000E+00 -3.91315E+06  0.00000E+00  0.00000E+00  1.96727E+07
 THETA7       -3.74343E+04 -3.39520E+03  8.33906E+05 -9.35825E+07 -2.26047E+07  4.86001E+07  9.20887E+08 -3.69913E+09  8.30163E+10  0.00000E+00  1.39201E+09 -1.67038E+08  0.00000E+00 -7.41376E+07  0.00000E+00  0.00000E+00  3.72715E+08
 THETA8        1.50374E+05  1.36416E+04 -3.34972E+06  3.75926E+08  9.08246E+07 -1.95246E+08 -3.69913E+09  1.48594E+10 -3.33478E+11  0.00000E+00 -5.59173E+09  6.70996E+08  0.00000E+00  2.97811E+08  0.00000E+00  0.00000E+00 -1.49720E+09
 SIGMA(1,1)   -3.37475E+06 -3.06139E+05  7.51750E+07 -8.43664E+09 -2.03831E+09  4.38182E+09  8.30163E+10 -3.33478E+11  7.48401E+12  0.00000E+00  1.25491E+11 -1.50587E+10  0.00000E+00 -6.68355E+09  0.00000E+00  0.00000E+00  3.36006E+10
 SIGMA(2,1)    0.00000E+00  0.00000E+00  0.00000E+00  0.00000E+00  0.00000E+00  0.00000E+00  0.00000E+00  0.00000E+00  0.00000E+00  0.00000E+00  0.00000E+00  0.00000E+00  0.00000E+00  0.00000E+00  0.00000E+00  0.00000E+00  0.00000E+00
 SIGMA(2,2)   -5.65874E+04 -5.13338E+03  1.26053E+06 -1.41465E+08 -3.41778E+07  7.34738E+07  1.39201E+09 -5.59173E+09  1.25491E+11  0.00000E+00  2.10423E+09 -2.52502E+08  0.00000E+00 -1.12069E+08  0.00000E+00  0.00000E+00  5.63412E+08
 OMEGA(1,1)    6.79037E+03  6.16024E+02 -1.51261E+05  1.69756E+07  4.10181E+06 -8.81730E+06 -1.67038E+08  6.70996E+08 -1.50587E+10  0.00000E+00 -2.52502E+08  3.03014E+07  0.00000E+00  1.34483E+07  0.00000E+00  0.00000E+00 -6.76082E+07
 OMEGA(2,1)    0.00000E+00  0.00000E+00  0.00000E+00  0.00000E+00  0.00000E+00  0.00000E+00  0.00000E+00  0.00000E+00  0.00000E+00  0.00000E+00  0.00000E+00  0.00000E+00  0.00000E+00  0.00000E+00  0.00000E+00  0.00000E+00  0.00000E+00
 OMEGA(2,2)    3.01383E+03  2.73299E+02 -6.71347E+04  7.53428E+06  1.82031E+06 -3.91315E+06 -7.41376E+07  2.97811E+08 -6.68355E+09  0.00000E+00 -1.12069E+08  1.34483E+07  0.00000E+00  5.96879E+06  0.00000E+00  0.00000E+00 -3.00068E+07
 OMEGA(3,1)    0.00000E+00  0.00000E+00  0.00000E+00  0.00000E+00  0.00000E+00  0.00000E+00  0.00000E+00  0.00000E+00  0.00000E+00  0.00000E+00  0.00000E+00  0.00000E+00  0.00000E+00  0.00000E+00  0.00000E+00  0.00000E+00  0.00000E+00
 OMEGA(3,2)    0.00000E+00  0.00000E+00  0.00000E+00  0.00000E+00  0.00000E+00  0.00000E+00  0.00000E+00  0.00000E+00  0.00000E+00  0.00000E+00  0.00000E+00  0.00000E+00  0.00000E+00  0.00000E+00  0.00000E+00  0.00000E+00  0.00000E+00
 OMEGA(3,3)   -1.51515E+04 -1.37442E+03  3.37510E+05 -3.78776E+07 -9.15122E+06  1.96727E+07  3.72715E+08 -1.49720E+09  3.36006E+10  0.00000E+00  5.63412E+08 -6.76082E+07  0.00000E+00 -3.00068E+07  0.00000E+00  0.00000E+00  1.50856E+08
