TABLE NO.     1: First Order Conditional Estimation with Interaction: Problem=1 Subproblem=0 Superproblem1=0 Iteration1=0 Superproblem2=0 Iteration2=0
 NAME         THETA1       THETA2       THETA3       THETA4       THETA5       THETA6       THETA7       THETA8       SIGMA(1,1)   SIGMA(2,1)   SIGMA(2,2)   OMEGA(1,1)   OMEGA(2,1)   OMEGA(2,2)   OMEGA(3,1)   OMEGA(3,2)   OMEGA(3,3)
 THETA1        1.54544E-07  2.49591E-26  5.40506E-11  4.45907E-14 -1.82282E-13  8.38851E-11  3.47677E-13  2.98206E-12  3.30847E-13  0.00000E+00 -2.79813E-12 -4.89026E-11  0.00000E+00  7.8475E-125  0.00000E+00  0.00000E+00  1.63843E-11
 THETA2        2.49591E-26  4.14241E-53  8.97066E-38  7.40062E-41 -3.02530E-40  1.39222E-37  5.77032E-40  4.94926E-39  5.49099E-40  0.00000E+00 -4.64399E-39 -8.11626E-38  0.00000E+00  1.3024E-151  0.00000E+00  0.00000E+00  2.71926E-38
 THETA3        5.40506E-11  8.97066E-38  1.89038E-14  1.55952E-17 -6.37517E-17  2.93381E-14  1.21597E-16  1.04295E-15  1.15711E-16  0.00000E+00 -9.78623E-16 -1.71033E-14  0.00000E+00  2.7446E-128  0.00000E+00  0.00000E+00  5.73027E-15
 THETA4        4.45907E-14  7.40062E-41  1.55952E-17  1.28658E-20 -5.25939E-20  2.42034E-17  1.00315E-19  8.60415E-19  9.54594E-20  0.00000E+00 -8.07345E-19 -1.41099E-17  0.00000E+00  2.2642E-131  0.00000E+00  0.00000E+00  4.72737E-18
 THETA5       -1.82282E-13 -3.02530E-40 -6.37517E-17 -5.25939E-20  2.14998E-19 -9.89409E-17 -4.10079E-19 -3.51729E-18 -3.90228E-19  0.00000E+00  3.30034E-18  5.76797E-17  0.00000E+00 -9.2560E-131  0.00000E+00  0.00000E+00 -1.93250E-17
 THETA6        8.38851E-11  1.39222E-37  2.93381E-14  2.42034E-17 -9.89409E-17  4.55320E-14  1.88716E-16  1.61863E-15  1.79580E-16  0.00000E+00 -1.51880E-15 -2.65438E-14  0.00000E+00  4.2595E-128  0.00000E+00  0.00000E+00  8.89323E-15
 THETA7        3.47677E-13  5.77032E-40  1.21597E-16  1.00315E-19 -4.10079E-19  1.88716E-16  7.82167E-19  6.70872E-18  7.44304E-19  0.00000E+00 -6.29493E-18 -1.10016E-16  0.00000E+00  1.7654E-130  0.00000E+00  0.00000E+00  3.68596E-17
 THETA8        2.98206E-12  4.94926E-39  1.04295E-15  8.60415E-19 -3.51729E-18  1.61863E-15  6.70872E-18  5.75414E-17  6.38397E-18  0.00000E+00 -5.39922E-17 -9.43617E-16  0.00000E+00  1.5142E-129  0.00000E+00  0.00000E+00  3.16149E-16
 SIGMA(1,1)    3.30847E-13  5.49099E-40  1.15711E-16  9.54594E-20 -3.90228E-19  1.79580E-16  7.44304E-19  6.38397E-18  7.08274E-19  0.00000E+00 -5.99021E-18 -1.04690E-16  0.00000E+00  1.6800E-130  0.00000E+00  0.00000E+00  3.50753E-17
 SIGMA(2,1)    0.00000E+00  0.00000E+00  0.00000E+00  0.00000E+00  0.00000E+00  0.00000E+00  0.00000E+00  0.00000E+00  0.00000E+00  0.00000E+00  0.00000E+00  0.00000E+00  0.00000E+00  0.00000E+00  0.00000E+00  0.00000E+00  0.00000E+00
 SIGMA(2,2)   -2.79813E-12 -4.64399E-39 -9.78623E-16 -8.07345E-19  3.30034E-18 -1.51880E-15 -6.29493E-18 -5.39922E-17 -5.99021E-18  0.00000E+00  5.06620E-17  8.85415E-16  0.00000E+00 -1.4208E-129  0.00000E+00  0.00000E+00 -2.96649E-16
 OMEGA(1,1)   -4.89026E-11 -8.11626E-38 -1.71033E-14 -1.41099E-17  5.76797E-17 -2.65438E-14 -1.10016E-16 -9.43617E-16 -1.04690E-16  0.00000E+00  8.85415E-16  1.54743E-14  0.00000E+00 -2.4832E-128  0.00000E+00  0.00000E+00 -5.18450E-15
 OMEGA(2,1)    0.00000E+00  0.00000E+00  0.00000E+00  0.00000E+00  0.00000E+00  0.00000E+00  0.00000E+00  0.00000E+00  0.00000E+00  0.00000E+00  0.00000E+00  0.00000E+00  0.00000E+00  0.00000E+00  0.00000E+00  0.00000E+00  0.00000E+00
 OMEGA(2,2)    7.8475E-125  1.3024E-151  2.7446E-128  2.2642E-131 -9.2560E-131  4.2595E-128  1.7654E-130  1.5142E-129  1.6800E-130  0.00000E+00 -1.4208E-129 -2.4832E-128  0.00000E+00  3.9849E-242  0.00000E+00  0.00000E+00  8.3197E-129
 OMEGA(3,1)    0.00000E+00  0.00000E+00  0.00000E+00  0.00000E+00  0.00000E+00  0.00000E+00  0.00000E+00  0.00000E+00  0.00000E+00  0.00000E+00  0.00000E+00  0.00000E+00  0.00000E+00  0.00000E+00  0.00000E+00  0.00000E+00  0.00000E+00
 OMEGA(3,2)    0.00000E+00  0.00000E+00  0.00000E+00  0.00000E+00  0.00000E+00  0.00000E+00  0.00000E+00  0.00000E+00  0.00000E+00  0.00000E+00  0.00000E+00  0.00000E+00  0.00000E+00  0.00000E+00  0.00000E+00  0.00000E+00  0.00000E+00
 OMEGA(3,3)    1.63843E-11  2.71926E-38  5.73027E-15  4.72737E-18 -1.93250E-17  8.89323E-15  3.68596E-17  3.16149E-16  3.50753E-17  0.00000E+00 -2.96649E-16 -5.18450E-15  0.00000E+00  8.3197E-129  0.00000E+00  0.00000E+00  1.73701E-15
