TABLE NO.     1: First Order Conditional Estimation with Interaction: Problem=1 Subproblem=0 Superproblem1=0 Iteration1=0 Superproblem2=0 Iteration2=0
 NAME         THETA1       THETA2       THETA3       THETA4       THETA5       THETA6       THETA7       THETA8       SIGMA(1,1)   SIGMA(2,1)   SIGMA(2,2)   OMEGA(1,1)   OMEGA(2,1)   OMEGA(2,2)   OMEGA(3,1)   OMEGA(3,2)   OMEGA(3,3)
 THETA1        2.54374E+03  0.00000E+00  9.35330E-01  4.38964E-03 -9.18727E-01  9.76831E-01  2.89800E-01  9.96693E-01  9.87002E-01  0.00000E+00 -9.85509E-01 -9.91401E-01  0.00000E+00  9.89295E-01  0.00000E+00  0.00000E+00  9.78960E-01
 THETA2        0.00000E+00  0.00000E+00  0.00000E+00  0.00000E+00  0.00000E+00  0.00000E+00  0.00000E+00  0.00000E+00  0.00000E+00  0.00000E+00  0.00000E+00  0.00000E+00  0.00000E+00  0.00000E+00  0.00000E+00  0.00000E+00  0.00000E+00
 THETA3        9.35330E-01  0.00000E+00  9.51165E-01  6.95853E-02 -9.25385E-01  8.93883E-01  1.87122E-01  9.26040E-01  9.18839E-01  0.00000E+00 -9.18457E-01 -9.22849E-01  0.00000E+00  9.15288E-01  0.00000E+00  0.00000E+00  8.92619E-01
 THETA4        4.38964E-03  0.00000E+00  6.95853E-02  1.67201E-01 -1.78637E-01 -1.23108E-01 -2.97758E-01  7.43336E-03  3.92228E-03  0.00000E+00 -6.68804E-03  1.93084E-02  0.00000E+00 -1.17366E-02  0.00000E+00  0.00000E+00  2.85145E-04
 THETA5       -9.18727E-01  0.00000E+00 -9.25385E-01 -1.78637E-01  3.26571E-03 -9.05548E-01 -1.61791E-01 -9.09577E-01 -8.97272E-01  0.00000E+00  8.96915E-01  8.99860E-01  0.00000E+00 -8.93725E-01  0.00000E+00  0.00000E+00 -8.74179E-01
 THETA6        9.76831E-01  0.00000E+00  8.93883E-01 -1.23108E-01 -9.05548E-01  1.41347E+00  4.30983E-01  9.80004E-01  9.61551E-01  0.00000E+00 -9.60082E-01 -9.67763E-01  0.00000E+00  9.63874E-01  0.00000E+00  0.00000E+00  9.49997E-01
 THETA7        2.89800E-01  0.00000E+00  1.87122E-01 -2.97758E-01 -1.61791E-01  4.30983E-01  1.97468E-02  3.41956E-01  2.84839E-01  0.00000E+00 -2.85837E-01 -2.80455E-01  0.00000E+00  2.77466E-01  0.00000E+00  0.00000E+00  2.67603E-01
 THETA8        9.96693E-01  0.00000E+00  9.26040E-01  7.43336E-03 -9.09577E-01  9.80004E-01  3.41956E-01  4.92465E-02  9.86217E-01  0.00000E+00 -9.84709E-01 -9.89821E-01  0.00000E+00  9.88602E-01  0.00000E+00  0.00000E+00  9.80145E-01
 SIGMA(1,1)    9.87002E-01  0.00000E+00  9.18839E-01  3.92228E-03 -8.97272E-01  9.61551E-01  2.84839E-01  9.86217E-01  5.51733E-03  0.00000E+00 -9.99835E-01 -9.93815E-01  0.00000E+00  9.94717E-01  0.00000E+00  0.00000E+00  9.88760E-01
 SIGMA(2,1)    0.00000E+00  0.00000E+00  0.00000E+00  0.00000E+00  0.00000E+00  0.00000E+00  0.00000E+00  0.00000E+00  0.00000E+00  0.00000E+00  0.00000E+00  0.00000E+00  0.00000E+00  0.00000E+00  0.00000E+00  0.00000E+00  0.00000E+00
 SIGMA(2,2)   -9.85509E-01  0.00000E+00 -9.18457E-01 -6.68804E-03  8.96915E-01 -9.60082E-01 -2.85837E-01 -9.84709E-01 -9.99835E-01  0.00000E+00  4.67334E-02  9.91763E-01  0.00000E+00 -9.92686E-01  0.00000E+00  0.00000E+00 -9.86326E-01
 OMEGA(1,1)   -9.91401E-01  0.00000E+00 -9.22849E-01  1.93084E-02  8.99860E-01 -9.67763E-01 -2.80455E-01 -9.89821E-01 -9.93815E-01  0.00000E+00  9.91763E-01  8.11901E-01  0.00000E+00 -9.99221E-01  0.00000E+00  0.00000E+00 -9.92352E-01
 OMEGA(2,1)    0.00000E+00  0.00000E+00  0.00000E+00  0.00000E+00  0.00000E+00  0.00000E+00  0.00000E+00  0.00000E+00  0.00000E+00  0.00000E+00  0.00000E+00  0.00000E+00  0.00000E+00  0.00000E+00  0.00000E+00  0.00000E+00  0.00000E+00
 OMEGA(2,2)    9.89295E-01  0.00000E+00  9.15288E-01 -1.17366E-02 -8.93725E-01  9.63874E-01  2.77466E-01  9.88602E-01  9.94717E-01  0.00000E+00 -9.92686E-01 -9.99221E-01  0.00000E+00  0.00000E+00  0.00000E+00  0.00000E+00  9.96348E-01
 OMEGA(3,1)    0.00000E+00  0.00000E+00  0.00000E+00  0.00000E+00  0.00000E+00  0.00000E+00  0.00000E+00  0.00000E+00  0.00000E+00  0.00000E+00  0.00000E+00  0.00000E+00  0.00000E+00  0.00000E+00  0.00000E+00  0.00000E+00  0.00000E+00
 OMEGA(3,2)    0.00000E+00  0.00000E+00  0.00000E+00  0.00000E+00  0.00000E+00  0.00000E+00  0.00000E+00  0.00000E+00  0.00000E+00  0.00000E+00  0.00000E+00  0.00000E+00  0.00000E+00  0.00000E+00  0.00000E+00  0.00000E+00  0.00000E+00
 OMEGA(3,3)    9.78960E-01  0.00000E+00  8.92619E-01  2.85145E-04 -8.74179E-01  9.49997E-01  2.67603E-01  9.80145E-01  9.88760E-01  0.00000E+00 -9.86326E-01 -9.92352E-01  0.00000E+00  9.96348E-01  0.00000E+00  0.00000E+00  2.75475E-01
