TABLE NO.     1: First Order Conditional Estimation with Interaction: Problem=1 Subproblem=0 Superproblem1=0 Iteration1=0 Superproblem2=0 Iteration2=0
 NAME         THETA1       THETA2       THETA3       THETA4       THETA5       THETA6       THETA7       THETA8       SIGMA(1,1)   SIGMA(2,1)   SIGMA(2,2)   OMEGA(1,1)   OMEGA(2,1)   OMEGA(2,2)   OMEGA(3,1)   OMEGA(3,2)   OMEGA(3,3)
 THETA1        1.11871E+03  9.90026E-01  4.93184E-01  4.45513E-01 -4.87357E-01 -9.87737E-02 -3.85638E-01  7.33654E-01  8.71913E-01  0.00000E+00 -5.68457E-01  6.41183E-01  0.00000E+00 -7.85706E-01  0.00000E+00  0.00000E+00 -1.49035E-01
 THETA2        9.90026E-01  3.61144E+02  4.60977E-01  4.06262E-01 -4.44018E-01 -7.34859E-02 -3.97961E-01  6.86731E-01  8.46037E-01  0.00000E+00 -5.59842E-01  5.99812E-01  0.00000E+00 -7.30900E-01  0.00000E+00  0.00000E+00 -1.34124E-01
 THETA3        4.93184E-01  4.60977E-01  1.43516E+01  9.47091E-01 -9.16838E-01 -3.20689E-01 -2.95081E-01  6.96162E-01  7.28483E-01  0.00000E+00 -4.43026E-01  3.94754E-01  0.00000E+00 -5.07147E-01  0.00000E+00  0.00000E+00 -2.11183E-01
 THETA4        4.45513E-01  4.06262E-01  9.47091E-01  3.11324E-01 -8.71662E-01 -1.90209E-01 -2.18250E-01  6.69057E-01  6.83897E-01  0.00000E+00 -3.69297E-01  3.78465E-01  0.00000E+00 -4.85678E-01  0.00000E+00  0.00000E+00 -1.87431E-01
 THETA5       -4.87357E-01 -4.44018E-01 -9.16838E-01 -8.71662E-01  1.18950E-01  5.21700E-01  1.88918E-01 -7.58376E-01 -7.37010E-01  0.00000E+00  4.33391E-01 -4.00879E-01  0.00000E+00  5.13126E-01  0.00000E+00  0.00000E+00  2.68040E-01
 THETA6       -9.87737E-02 -7.34859E-02 -3.20689E-01 -1.90209E-01  5.21700E-01  7.24386E-02  4.55690E-01 -1.60878E-01 -2.07931E-01  0.00000E+00  1.37594E-02  1.25374E-01  0.00000E+00  1.19402E-01  0.00000E+00  0.00000E+00  2.84875E-01
 THETA7       -3.85638E-01 -3.97961E-01 -2.95081E-01 -2.18250E-01  1.88918E-01  4.55690E-01  1.55355E-02  4.31338E-02 -2.32227E-01  0.00000E+00 -6.41904E-02 -6.51222E-03  0.00000E+00  3.11093E-01  0.00000E+00  0.00000E+00  1.18307E-01
 THETA8        7.33654E-01  6.86731E-01  6.96162E-01  6.69057E-01 -7.58376E-01 -1.60878E-01  4.31338E-02  1.26840E-02  8.89659E-01  0.00000E+00 -6.08335E-01  6.63926E-01  0.00000E+00 -7.27970E-01  0.00000E+00  0.00000E+00 -2.10763E-01
 SIGMA(1,1)    8.71913E-01  8.46037E-01  7.28483E-01  6.83897E-01 -7.37010E-01 -2.07931E-01 -2.32227E-01  8.89659E-01  1.38966E-03  0.00000E+00 -7.68227E-01  6.32009E-01  0.00000E+00 -7.16209E-01  0.00000E+00  0.00000E+00 -3.60096E-01
 SIGMA(2,1)    0.00000E+00  0.00000E+00  0.00000E+00  0.00000E+00  0.00000E+00  0.00000E+00  0.00000E+00  0.00000E+00  0.00000E+00  0.00000E+00  0.00000E+00  0.00000E+00  0.00000E+00  0.00000E+00  0.00000E+00  0.00000E+00  0.00000E+00
 SIGMA(2,2)   -5.68457E-01 -5.59842E-01 -4.43026E-01 -3.69297E-01  4.33391E-01  1.37594E-02 -6.41904E-02 -6.08335E-01 -7.68227E-01  0.00000E+00  2.36476E-02 -4.13915E-01  0.00000E+00  3.78944E-01  0.00000E+00  0.00000E+00  1.85333E-01
 OMEGA(1,1)    6.41183E-01  5.99812E-01  3.94754E-01  3.78465E-01 -4.00879E-01  1.25374E-01 -6.51222E-03  6.63926E-01  6.32009E-01  0.00000E+00 -4.13915E-01  4.95956E-02  0.00000E+00 -7.92991E-01  0.00000E+00  0.00000E+00 -1.55666E-01
 OMEGA(2,1)    0.00000E+00  0.00000E+00  0.00000E+00  0.00000E+00  0.00000E+00  0.00000E+00  0.00000E+00  0.00000E+00  0.00000E+00  0.00000E+00  0.00000E+00  0.00000E+00  0.00000E+00  0.00000E+00  0.00000E+00  0.00000E+00  0.00000E+00
 OMEGA(2,2)   -7.85706E-01 -7.30900E-01 -5.07147E-01 -4.85678E-01  5.13126E-01  1.19402E-01  3.11093E-01 -7.27970E-01 -7.16209E-01  0.00000E+00  3.78944E-01 -7.92991E-01  0.00000E+00  2.58657E-01  0.00000E+00  0.00000E+00  1.93804E-01
 OMEGA(3,1)    0.00000E+00  0.00000E+00  0.00000E+00  0.00000E+00  0.00000E+00  0.00000E+00  0.00000E+00  0.00000E+00  0.00000E+00  0.00000E+00  0.00000E+00  0.00000E+00  0.00000E+00  0.00000E+00  0.00000E+00  0.00000E+00  0.00000E+00
 OMEGA(3,2)    0.00000E+00  0.00000E+00  0.00000E+00  0.00000E+00  0.00000E+00  0.00000E+00  0.00000E+00  0.00000E+00  0.00000E+00  0.00000E+00  0.00000E+00  0.00000E+00  0.00000E+00  0.00000E+00  0.00000E+00  0.00000E+00  0.00000E+00
 OMEGA(3,3)   -1.49035E-01 -1.34124E-01 -2.11183E-01 -1.87431E-01  2.68040E-01  2.84875E-01  1.18307E-01 -2.10763E-01 -3.60096E-01  0.00000E+00  1.85333E-01 -1.55666E-01  0.00000E+00  1.93804E-01  0.00000E+00  0.00000E+00  4.47141E-02
