TABLE NO.     1: First Order Conditional Estimation with Interaction: Problem=1 Subproblem=0 Superproblem1=0 Iteration1=0 Superproblem2=0 Iteration2=0
 NAME         THETA1       THETA2       THETA3       THETA4       THETA5       THETA6       THETA7       THETA8       SIGMA(1,1)   SIGMA(2,1)   SIGMA(2,2)   OMEGA(1,1)   OMEGA(2,1)   OMEGA(2,2)   OMEGA(3,1)   OMEGA(3,2)   OMEGA(3,3)
 THETA1        4.36326E-05  0.00000E+00  3.81415E-03 -4.15465E-03 -1.51677E-03  5.41611E-03  4.36403E-01 -2.13648E+00  1.22370E-06  0.00000E+00 -1.31273E-01 -2.11995E-04  0.00000E+00  1.06733E+98  0.00000E+00  0.00000E+00 -5.32992E-02
 THETA2        0.00000E+00  0.00000E+00  0.00000E+00  0.00000E+00  0.00000E+00  0.00000E+00  0.00000E+00  0.00000E+00  0.00000E+00  0.00000E+00  0.00000E+00  0.00000E+00  0.00000E+00  0.00000E+00  0.00000E+00  0.00000E+00  0.00000E+00
 THETA3        3.81415E-03  0.00000E+00  6.76601E+00 -6.29935E+00  2.54270E+00 -5.78131E+00  1.06104E+02 -2.14881E+02  4.99801E-04  0.00000E+00 -6.62768E+01 -1.02852E+01  0.00000E+00 -2.1928E+102  0.00000E+00  0.00000E+00 -2.08588E+01
 THETA4       -4.15465E-03  0.00000E+00 -6.29935E+00  1.08896E+02 -6.04191E+00  2.38516E+00  4.72417E+02  7.30113E+02 -6.23856E-03  0.00000E+00 -3.11592E+01  3.30097E+01  0.00000E+00 -4.6273E+102  0.00000E+00  0.00000E+00  3.92776E+01
 THETA5       -1.51677E-03  0.00000E+00  2.54270E+00 -6.04191E+00  1.62135E+00 -3.54858E+00 -4.87378E+01  1.31226E+02  4.85070E-04  0.00000E+00 -1.26435E+01 -1.42881E+00  0.00000E+00  1.1853E+104  0.00000E+00  0.00000E+00 -4.40432E+00
 THETA6        5.41611E-03  0.00000E+00 -5.78131E+00  2.38516E+00 -3.54858E+00  9.21122E+00  8.22270E+01 -4.63287E+02 -3.50827E-04  0.00000E+00  3.36694E+01 -3.34406E-01  0.00000E+00  2.3573E+102  0.00000E+00  0.00000E+00  5.21096E+00
 THETA7        4.36403E-01  0.00000E+00  1.06104E+02  4.72417E+02 -4.87378E+01  8.22270E+01  1.35706E+04 -3.00789E+04 -3.24085E-02  0.00000E+00 -2.73253E+03 -4.50571E+02  0.00000E+00 -4.4886E+103  0.00000E+00  0.00000E+00 -7.38037E+02
 THETA8       -2.13648E+00  0.00000E+00 -2.14881E+02  7.30113E+02  1.31226E+02 -4.63287E+02 -3.00789E+04  1.74872E+05 -3.58725E-02  0.00000E+00  6.21067E+03  3.06408E+03  0.00000E+00 -2.0560E+103  0.00000E+00  0.00000E+00  3.26877E+03
 SIGMA(1,1)    1.22370E-06  0.00000E+00  4.99801E-04 -6.23856E-03  4.85070E-04 -3.50827E-04 -3.24085E-02 -3.58725E-02  2.04632E-06  0.00000E+00 -6.43766E-03 -1.91295E-04  0.00000E+00  5.1381E+102  0.00000E+00  0.00000E+00 -2.49178E-03
 SIGMA(2,1)    0.00000E+00  0.00000E+00  0.00000E+00  0.00000E+00  0.00000E+00  0.00000E+00  0.00000E+00  0.00000E+00  0.00000E+00  0.00000E+00  0.00000E+00  0.00000E+00  0.00000E+00  0.00000E+00  0.00000E+00  0.00000E+00  0.00000E+00
 SIGMA(2,2)   -1.31273E-01  0.00000E+00 -6.62768E+01 -3.11592E+01 -1.26435E+01  3.36694E+01 -2.73253E+03  6.21067E+03 -6.43766E-03  0.00000E+00  2.86862E+03  4.36753E+01  0.00000E+00  7.3363E+102  0.00000E+00  0.00000E+00  2.83829E+02
 OMEGA(1,1)   -2.11995E-04  0.00000E+00 -1.02852E+01  3.30097E+01 -1.42881E+00 -3.34406E-01 -4.50571E+02  3.06408E+03 -1.91295E-04  0.00000E+00  4.36753E+01  1.90542E+02  0.00000E+00  8.0994E+101  0.00000E+00  0.00000E+00  7.69844E+01
 OMEGA(2,1)    0.00000E+00  0.00000E+00  0.00000E+00  0.00000E+00  0.00000E+00  0.00000E+00  0.00000E+00  0.00000E+00  0.00000E+00  0.00000E+00  0.00000E+00  0.00000E+00  0.00000E+00  0.00000E+00  0.00000E+00  0.00000E+00  0.00000E+00
 OMEGA(2,2)    1.06733E+98  0.00000E+00 -2.1928E+102 -4.6273E+102  1.1853E+104  2.3573E+102 -4.4886E+103 -2.0560E+103  5.1381E+102  0.00000E+00  7.3363E+102  8.0994E+101  0.00000E+00  3.1560E+212  0.00000E+00  0.00000E+00  1.4107E+102
 OMEGA(3,1)    0.00000E+00  0.00000E+00  0.00000E+00  0.00000E+00  0.00000E+00  0.00000E+00  0.00000E+00  0.00000E+00  0.00000E+00  0.00000E+00  0.00000E+00  0.00000E+00  0.00000E+00  0.00000E+00  0.00000E+00  0.00000E+00  0.00000E+00
 OMEGA(3,2)    0.00000E+00  0.00000E+00  0.00000E+00  0.00000E+00  0.00000E+00  0.00000E+00  0.00000E+00  0.00000E+00  0.00000E+00  0.00000E+00  0.00000E+00  0.00000E+00  0.00000E+00  0.00000E+00  0.00000E+00  0.00000E+00  0.00000E+00
 OMEGA(3,3)   -5.32992E-02  0.00000E+00 -2.08588E+01  3.92776E+01 -4.40432E+00  5.21096E+00 -7.38037E+02  3.26877E+03 -2.49178E-03  0.00000E+00  2.83829E+02  7.69844E+01  0.00000E+00  1.4107E+102  0.00000E+00  0.00000E+00  5.78772E+02
