TABLE NO.     1: First Order Conditional Estimation with Interaction: Problem=1 Subproblem=0 Superproblem1=0 Iteration1=0 Superproblem2=0 Iteration2=0
 NAME         THETA1       THETA2       THETA3       THETA4       THETA5       THETA6       THETA7       THETA8       SIGMA(1,1)   SIGMA(2,1)   SIGMA(2,2)   OMEGA(1,1)   OMEGA(2,1)   OMEGA(2,2)   OMEGA(3,1)   OMEGA(3,2)   OMEGA(3,3)
 THETA1        6.47063E+06  0.00000E+00  2.26305E+03  1.86699E+00 -7.63198E+00  3.51219E+03  1.45569E+01  1.24856E+02  1.38523E+01  0.00000E+00 -1.17155E+02 -2.04751E+03  0.00000E+00  3.2857E-111  0.00000E+00  0.00000E+00  6.85995E+02
 THETA2        0.00000E+00  0.00000E+00  0.00000E+00  0.00000E+00  0.00000E+00  0.00000E+00  0.00000E+00  0.00000E+00  0.00000E+00  0.00000E+00  0.00000E+00  0.00000E+00  0.00000E+00  0.00000E+00  0.00000E+00  0.00000E+00  0.00000E+00
 THETA3        2.26305E+03  0.00000E+00  9.04715E-01  1.10666E-02 -2.87446E-03  1.20177E+00  3.51463E-03  4.33771E-02  4.82197E-03  0.00000E+00 -4.08265E-02 -7.12672E-01  0.00000E+00  1.1366E-114  0.00000E+00  0.00000E+00  2.33886E-01
 THETA4        1.86699E+00  0.00000E+00  1.10666E-02  2.79561E-02 -9.75412E-05 -2.90943E-02 -9.83105E-04  6.12068E-05  3.61832E-06  0.00000E+00 -5.22594E-05  2.62113E-03  0.00000E+00 -2.5621E-117  0.00000E+00  0.00000E+00  1.31337E-05
 THETA5       -7.63198E+00  0.00000E+00 -2.87446E-03 -9.75412E-05  1.06649E-05 -4.17998E-03 -1.04335E-05 -1.46283E-04 -1.61671E-05  0.00000E+00  1.36885E-04  2.38592E-03  0.00000E+00 -3.8107E-117  0.00000E+00  0.00000E+00 -7.86431E-04
 THETA6        3.51219E+03  0.00000E+00  1.20177E+00 -2.90943E-02 -4.17998E-03  1.99789E+00  1.20294E-02  6.82164E-02  7.49871E-03  0.00000E+00 -6.34192E-02 -1.11060E+00  0.00000E+00  1.7788E-114  0.00000E+00  0.00000E+00  3.69905E-01
 THETA7        1.45569E+01  0.00000E+00  3.51463E-03 -9.83105E-04 -1.04335E-05  1.20294E-02  3.89938E-04  3.32540E-04  3.10332E-05  0.00000E+00 -2.63781E-04 -4.49640E-03  0.00000E+00  7.1538E-117  0.00000E+00  0.00000E+00  1.45570E-03
 THETA8        1.24856E+02  0.00000E+00  4.33771E-02  6.12068E-05 -1.46283E-04  6.82164E-02  3.32540E-04  2.42522E-03  2.67964E-04  0.00000E+00 -2.26626E-03 -3.95763E-02  0.00000E+00  6.3566E-116  0.00000E+00  0.00000E+00  1.32968E-02
 SIGMA(1,1)    1.38523E+01  0.00000E+00  4.82197E-03  3.61832E-06 -1.61671E-05  7.49871E-03  3.10332E-05  2.67964E-04  3.04410E-05  0.00000E+00 -2.57801E-04 -4.45182E-03  0.00000E+00  7.1657E-117  0.00000E+00  0.00000E+00  1.50281E-03
 SIGMA(2,1)    0.00000E+00  0.00000E+00  0.00000E+00  0.00000E+00  0.00000E+00  0.00000E+00  0.00000E+00  0.00000E+00  0.00000E+00  0.00000E+00  0.00000E+00  0.00000E+00  0.00000E+00  0.00000E+00  0.00000E+00  0.00000E+00  0.00000E+00
 SIGMA(2,2)   -1.17155E+02  0.00000E+00 -4.08265E-02 -5.22594E-05  1.36885E-04 -6.34192E-02 -2.63781E-04 -2.26626E-03 -2.57801E-04  0.00000E+00  2.18401E-03  3.76303E-02  0.00000E+00 -6.0571E-116  0.00000E+00  0.00000E+00 -1.26979E-02
 OMEGA(1,1)   -2.04751E+03  0.00000E+00 -7.12672E-01  2.62113E-03  2.38592E-03 -1.11060E+00 -4.49640E-03 -3.95763E-02 -4.45182E-03  0.00000E+00  3.76303E-02  6.59183E-01  0.00000E+00 -1.0592E-114  0.00000E+00  0.00000E+00 -2.21948E-01
 OMEGA(2,1)    0.00000E+00  0.00000E+00  0.00000E+00  0.00000E+00  0.00000E+00  0.00000E+00  0.00000E+00  0.00000E+00  0.00000E+00  0.00000E+00  0.00000E+00  0.00000E+00  0.00000E+00  0.00000E+00  0.00000E+00  0.00000E+00  0.00000E+00
 OMEGA(2,2)    3.2857E-111  0.00000E+00  1.1366E-114 -2.5621E-117 -3.8107E-117  1.7788E-114  7.1538E-117  6.3566E-116  7.1657E-117  0.00000E+00 -6.0571E-116 -1.0592E-114  0.00000E+00  1.7047E-228  0.00000E+00  0.00000E+00  3.5836E-115
 OMEGA(3,1)    0.00000E+00  0.00000E+00  0.00000E+00  0.00000E+00  0.00000E+00  0.00000E+00  0.00000E+00  0.00000E+00  0.00000E+00  0.00000E+00  0.00000E+00  0.00000E+00  0.00000E+00  0.00000E+00  0.00000E+00  0.00000E+00  0.00000E+00
 OMEGA(3,2)    0.00000E+00  0.00000E+00  0.00000E+00  0.00000E+00  0.00000E+00  0.00000E+00  0.00000E+00  0.00000E+00  0.00000E+00  0.00000E+00  0.00000E+00  0.00000E+00  0.00000E+00  0.00000E+00  0.00000E+00  0.00000E+00  0.00000E+00
 OMEGA(3,3)    6.85995E+02  0.00000E+00  2.33886E-01  1.31337E-05 -7.86431E-04  3.69905E-01  1.45570E-03  1.32968E-02  1.50281E-03  0.00000E+00 -1.26979E-02 -2.21948E-01  0.00000E+00  3.5836E-115  0.00000E+00  0.00000E+00  7.58866E-02
