dmp.txt <- structure(
	.Data = list(
		"coefficients" = list(
			"fixed" = c("CMultStdev" = 0.489021814324054, "tvVmax" = 4144.30947933478, "tvKm" = 1095.32968805743, "tvV" = 28.3235563950417, "tvKa" = 0.746331737351597, "K12" = 2.95926096912567, "K21" = 1.98304090027675, "CEps" = 0.490816378786788)
			, "random" = list("Subject" = matrix(
				as.numeric(c(
					 0.387029737286826,  -0.54078057896923,  -0.115173628599505
					,  -0.572920849018789,  -0.150837315826148,  -0.155374239805421
					,  -0.048520624172619,  -0.0672102205681077,  -0.304976789192263
					,  -0.365647157417616,  -0.240959741832619,  0.0372362788200468
					,  0.294897405370079,  0.278366241832809,  0.499796677425686
					,  0.237177400750283,  0.155830675577336,  -0.337532791694597
					,  -0.0290909746526741,  0.193127125120651,  -0.415272766629331
					,  -0.35366198916213,  0.952184635906384,  0.0607348621033869
					,  0.0443181746370755,  -0.00624770891856757,  -0.403373169942245
					,  0.209817353408674,  0.234558029659899,  -0.00818756524875209
					,  -0.324355518423746,  0.439681622327453,  -0.213676634243134
					,  -0.261023773589973,  -0.243027957451294,  -0.0746742674416608
					,  -0.111779813058507,  0.00163055542286506,  0.361209212292197
					,  -0.227904659540109,  0.230143991360882,  -0.373152114042454
					,  -0.156455076841658,  0.267219571243723,  0.232361305085576
					,  0.166552964366194,  0.109845218193211,  0.427968841171319
					,  0.566960187740834,  0.0134141561087891,  0.276143204101582
					,  0.00725623885396914,  -0.576535117728723,  -0.430416140858155
					,  0.00905595613785212,  -0.0569057258815053,  0.23806761812146
					,  -0.0574255373961509,  -0.0639333034552848,  0.0114779586799952
					,  -0.354068939944245,  0.0254696579303702,  -0.610330483252301
					,  -0.251139838506339,  0.289534976567913,  -0.176765751604515
					,  0.670706572602397,  0.230275090278769,  0.135941852717426
					,  -0.0231541688746799,  -0.472041284665171,  -0.0514239265967001
					,  -0.574445503146262,  0.00760480511979666,  -0.451306045672973
					,  0.305969493054982,  -0.449784436551316,  -0.269405159313621
					,  0.277354225419639,  0.0105864432935583,  0.0857530609171945
					,  -0.460608826088144,  -0.295482304561466,  0.148344683057318
					,  0.297819138620125,  0.434408114411956,  -0.134482530825402
					,  0.131073568395442,  -0.0257174584602069,  -0.0111541632790712
					,  -0.186346480955895,  0.547185638069622,  -0.628435727966776
					,  -0.415173414084173,  -0.228690224555317,  0.0826980142089402
					,  0.29561756564504,  -0.21743442786319,  0.397621769154081
					,  -0.180213015802159,  -0.369037815845752,  -0.0827635260025679
					,  0.133113737162731,  0.627018252531984,  0.0515354460791226
					,  -0.599795260058878,  0.00802858960875982,  0.42652049190852
					,  0.112596776485213,  -0.0152630858312217,  -0.721543636010838
					,  0.0027307568095156,  0.0370894932794997,  0.70477497459367
					,  -0.443387829492904,  0.217851332626018,  -0.148281633569432
					,  0.559792046903143,  -0.0789264914769113,  0.105896613353293
					,  -0.278532445845683,  0.293599119221878,  -0.146961840492842
					,  0.396333701413337,  0.167346585437589,  0.263117191176707
					,  0.0486576619812785,  0.0898973243076673,  0.190621868953194
					,  0.218932067793829,  0.051011304248334,  0.0301068766294563
					,  -0.096963723188338,  -0.0723608591467008,  -0.333432778758403
					,  -0.0829247977361512,  -0.293260114380281,  -0.00849681403467382
					,  0.121619446103534,  -0.0336447242916262,  0.272441837631523
					,  -0.173243594144055,  -0.558091009520216,  0.0611107470328387
					,  0.0670597190823035,  0.0177124222644761,  0.216993464112975
					,  -0.0794011564968028,  -0.0664366780100779,  -0.0471321489271724
					,  0.271971500104729,  -0.173748974548992,  0.126982100271825
					,  0.151962024745181,  -0.0334806612151366,  0.123061741141628
					,  0.052829628388448,  -0.20311225780318,  -0.172684202267869
					,  -0.179214066399104,  -0.23913737335393,  0.169366774624827
					,  0.1289331897052,  -0.144664214788223,  -0.0747974506399554
					,  -0.437192822702647,  0.0783582344489341,  -0.202541697568462
					,  -0.310967506174444,  -0.251431667004368,  -0.0224347738212646
					,  -0.0116220522998425,  0.39388374887703,  0.323777435051872
					,  -0.194341686114872,  0.0967409218036509,  -0.18125009471353
					,  0.0555042789192202,  0.162116605526748,  0.0251300357316371
					,  0.0649440328660552,  -0.172561588775852,  -0.911301129730954
					,  0.286721783564207,  0.258320629881807,  0.390928477046631
					,  0.321140101550878,  -0.380093885620864,  0.24956523966196
					,  -0.596482242673187,  -0.595340508430239,  0.18762239994969
					,  -0.0341139035209847,  0.675410504552586,  -0.0792634153440121
					,  0.188140888829852,  0.403411814997964,  -0.448445705713535
					,  -0.238230381048139,  -0.0283347396887175,  -0.406661397390065
					,  -1.35347211161376,  0.216658943202015,  0.0424420885523299
					,  0.875234823199976,  0.685325944138296,  -0.607346998412511
					,  0.191889357502723,  -0.028635462688745,  0.257365959153902
					,  0.583113044684262,  0.252969708856067,  -0.437903154661212
					,  -0.0458036310204852,  -0.689804227648482,  -0.537286945903798
					,  -0.869101546229875,  -0.649042927905527,  0.733422734392354
					,  -0.711441578346875,  -0.022136617478793,  -0.287373667234329
					,  0.642248868132931,  0.0381761106325468,  0.284314720236402
					,  -0.88101590149835,  0.325932395130826,  0.308267385776571
					,  0.146575709600092,  -1.00649547723902,  0.156840874766221
					,  -0.145005488939512,  0.09076910462611,  -0.316897809294137
					,  0.285902148612026,  0.0182740275933005,  0.0977953272087357
					,  -0.0777931415355883,  0.213344153528051,  0.0592403642964012
					))
				, nrow = 60, ncol = 4
				, dimnames = list(
					as.character(c( "1", "2", "3", "4", "5", "6", "7", "8", "9", "10"
					  , "11", "12", "13", "14", "15", "16", "17", "18", "19", "20"
					  , "21", "22", "23", "24", "25", "26", "27", "28", "29", "30"
					  , "31", "32", "33", "34", "35", "36", "37", "38", "39", "40"
					  , "41", "42", "43", "44", "45", "46", "47", "48", "49", "50"
					  , "51", "52", "53", "54", "55", "56", "57", "58", "59", "60"))
					, as.character(c("nVmax", "nKm", "nV", "nKa"))
					)
				))
			)
		, "logLik" = c(-3199.54)
		, "nObs" = c(480)
		, "nSubj" = c(60)
		, "nParm" = c(12)
		, "returnCode" = c(3)
		, "omega" = matrix(
			as.numeric(c(0.139358135302236, 0, 0, 0, 0, 0.159802297683607, 0, 0, 0, 0, 0.130640565937267, 0, 0, 0, 0, 0.432175988325467))
			, nrow = 4, ncol = 4
			, dimnames = list(
				as.character(c("nVmax", "nKm", "nV", "nKa"))
				, as.character(c("nVmax", "nKm", "nV", "nKa"))
				)
			)
		, "eta" = matrix(
			as.numeric(c(-0.00571617587493219, -0.0260948368342065, -0.00727207716094991, -0.050417931981063, 0.091004359228427, 0.116955352568363, 0.0402859701507706, 0.220295910956122, 0.3016692878442, 0.341987357322406, 0.200713652128525, 0.469356912121385, 0.191900320053256, 0.144502900326282, 0.444686940883394, 0.286041610707959))
			, nrow = 4, ncol = 4
			, dimnames = list(
				as.character(c("nVmax", "nKm", "nV", "nKa"))
				, as.character(c("mean", "var", "sd", "shrinkage"))
				)
			)
		, "eta_shrinkage" = list("Subject" = matrix(
			as.numeric(c(
				 0.277918822495845,  0.390176592514818,  0.258515829590121
				,  0.356381325161046,  0.391937571613119,  0.360804800761835
				,  0.419640964760941,  0.382824330757673,  0.376076751965765
				,  0.364231781205358,  0.324426564793129,  0.346763127593405
				,  0.264431995954874,  0.348732025893585,  0.251694699502008
				,  0.386523604862321,  0.253352439744036,  0.320720352259387
				,  0.392009311146702,  0.358376856855604,  0.386450331653621
				,  0.281709264381085,  0.259705248781596,  0.378813692002415
				,  0.389037050433532,  0.388696853987403,  0.351364658376188
				,  0.366219508770654,  0.341295305585941,  0.344467192804312
				,  0.348136891203502,  0.399713250107477,  0.288657292007522
				,  0.312812012220044,  0.319222241333826,  0.382746228939342
				,  0.394387310569028,  0.304335099042835,  0.380969505266023
				,  0.306915206328129,  0.260717464303011,  0.345149873481345
				,  0.36721077260394,  0.406454781548995,  0.342887404298541
				,  0.249426201666866,  0.370455317287481,  0.386012379225562
				,  0.321237125211588,  0.329140989217511,  0.258406394967077
				,  0.359074644318133,  0.421793484832975,  0.509532509558115
				,  0.260933950485125,  0.376983190353077,  0.312716541760439
				,  0.410029401835511,  0.356018206295292,  0.36972738344589
				,  0.252965942551008,  0.264591904146443,  0.24114164621539
				,  0.239934477126088,  0.249578292793932,  0.227291609608184
				,  0.256586603795083,  0.268680310104833,  0.252436701918652
				,  0.282668828140008,  0.236847336141357,  0.230452673191883
				,  0.289538341684621,  0.206682846705889,  0.261727541934167
				,  0.226487542613635,  0.228805593595949,  0.251605085166857
				,  0.252612185825254,  0.221588242504552,  0.308123162038289
				,  0.289117933618898,  0.309433596239146,  0.239457336079927
				,  0.225911356772968,  0.245420245405983,  0.275569907207108
				,  0.221515125791715,  0.233647380193775,  0.228320467854777
				,  0.232729610634547,  0.222512017801569,  0.246645389344971
				,  0.24227092153698,  0.256265479429716,  0.258053342095362
				,  0.277302712796971,  0.248821004692574,  0.209285068331675
				,  0.234184784252548,  0.236567504756373,  0.27300946597546
				,  0.239696547920052,  0.238152333512881,  0.233546193061273
				,  0.300833002736799,  0.223368383783686,  0.23104002253472
				,  0.33131386553882,  0.249157574452673,  0.253866613502966
				,  0.237613244913477,  0.26845143783121,  0.273565841488398
				,  0.207505322779867,  0.257952961914506,  0.229777910552157
				,  0.264505940450863,  0.223290935485761,  0.239479207778543
				,  0.714982956493531,  0.728032261282838,  0.672220152201776
				,  0.720293338787489,  0.685035800918533,  0.674735507354372
				,  0.669400204035472,  0.675847060124953,  0.701663637639425
				,  0.707929479488983,  0.693102457484446,  0.678762151153934
				,  0.75462009713297,  0.645456667857915,  0.685375819080923
				,  0.653454547790175,  0.686555281954675,  0.706903186930041
				,  0.666852102195521,  0.660891975331342,  0.726226982002643
				,  0.709831991906374,  0.748295362408533,  0.662836846059854
				,  0.664724745510832,  0.674640444296472,  0.700798701841169
				,  0.657112045329319,  0.660530737331404,  0.673799156920018
				,  0.696796583590951,  0.642092748652575,  0.698916630877506
				,  0.715514050946124,  0.704762152916824,  0.676442094416657
				,  0.6706613860795,  0.669197492940896,  0.646571956266296
				,  0.673174880969299,  0.672206142991046,  0.718605386656029
				,  0.686463884718256,  0.646462801035824,  0.669782141717874
				,  0.736757241777463,  0.661997682599191,  0.649175388891652
				,  0.740298582435324,  0.677844921174342,  0.736371398885556
				,  0.674437713755673,  0.741902597445886,  0.70875628767248
				,  0.6580296930724,  0.676946425893679,  0.665456092656833
				,  0.668267550398566,  0.666446074613825,  0.671131289438378
				,  0.509928760748189,  0.477334815500719,  0.345848692467376
				,  0.546113831919182,  0.552048469105121,  0.542118610385939
				,  0.559261880529286,  0.423334822545626,  0.534268207943566
				,  0.401820038189464,  0.386165975074218,  0.48049300880638
				,  0.483480323484049,  0.594730641041517,  0.455476492741454
				,  0.495486264174263,  0.536468361724068,  0.4139672054609
				,  0.445032766000668,  0.4456040071876,  0.431882961189013
				,  0.322656990605747,  0.508869332208947,  0.480845859950448
				,  0.671684331403006,  0.650430054771479,  0.39522629119958
				,  0.483204711363232,  0.452180343006413,  0.514178300727795
				,  0.618089521150154,  0.503383875985794,  0.406614748422989
				,  0.477853248469129,  0.389677242804272,  0.400179180220324
				,  0.389860412635352,  0.372860516021425,  0.62107645017524
				,  0.36608202555195,  0.480553647277945,  0.423094950497798
				,  0.656998408843517,  0.475767833335505,  0.540296803950652
				,  0.366947608061199,  0.523241341099995,  0.54661383962516
				,  0.502872776955857,  0.326127154538646,  0.505403894868422
				,  0.474728586178317,  0.510912639317731,  0.481783266347175
				,  0.5053743420506,  0.486443732433373,  0.493800161176628
				,  0.473114252212005,  0.500531089391655,  0.482045685279258
				))
			, nrow = 60, ncol = 4
			, dimnames = list(
				as.character(c( "1", "2", "3", "4", "5", "6", "7", "8", "9", "10"
				  , "11", "12", "13", "14", "15", "16", "17", "18", "19", "20"
				  , "21", "22", "23", "24", "25", "26", "27", "28", "29", "30"
				  , "31", "32", "33", "34", "35", "36", "37", "38", "39", "40"
				  , "41", "42", "43", "44", "45", "46", "47", "48", "49", "50"
				  , "51", "52", "53", "54", "55", "56", "57", "58", "59", "60"))
				, as.character(c("nVmax_shrinkage", "nKm_shrinkage", "nV_shrinkage", "nKa_shrinkage"))
				)
			))
		, "sigma" = matrix(
			as.numeric(c(0.240900717685375))
			, nrow = 1, ncol = 1
			, dimnames = list(
				as.character(c("CEps"))
				, as.character(c("CEps"))
				)
			)
		, "method" = "FOCE-ELS"
		, "varFix" = matrix(
			as.numeric(c(0.00130608941241659, -5.10341416192575, -3.34243091638376, 0.0680929990427634, 0.00116888183623166, -0.00311711489959307, 0.00156424424982589, -0.000117833747552088, -5.10341416192575, 394192.245649087, 133182.482728422, -634.777962947487, -46.3949348682347, -102.01376049814, -81.1209226517864, -8.13459256203333, -3.34243091638376, 133182.482728422, 56510.9804917894, -644.8657164277, -18.4708071339825, 12.3849787685898, -33.4707832466473, -3.56922273486427, 0.0680929990427634, -634.777962947487, -644.8657164277, 195.345861170338, 1.42131630722828, -31.5473444791411, 0.401133842681989, -0.0477368402630503, 0.00116888183623166, -46.3949348682347, -18.4708071339825, 1.42131630722828, 0.0264687153721618, -0.202443077349173, 0.0253804565234197, -0.00102426873332907, -0.00311711489959307, -102.01376049814, 12.3849787685898, -31.5473444791411, -0.202443077349173, 5.64986615596749, 0.208431578816831, 0.00519692832632954, 0.00156424424982589, -81.1209226517864, -33.4707832466473, 0.401133842681989, 0.0253804565234197, 0.208431578816831, 0.180901937910338, -0.00567132540848835, -0.000117833747552088, -8.13459256203333, -3.56922273486427, -0.0477368402630503, -0.00102426873332907, 0.00519692832632954, -0.00567132540848835, 0.00395103817023381))
			, nrow = 8, ncol = 8
			, dimnames = list(
				as.character(c("CMultStdev", "tvVmax", "tvKm", "tvV", "tvKa", "K12", "K21", "CEps"))
				, as.character(c("CMultStdev", "tvVmax", "tvKm", "tvV", "tvKa", "K12", "K21", "CEps"))
				)
			)
		, "omegaSE" = matrix(
			as.numeric(c(0.0660789643495346, 0, 0, 0, 0, 0.0483296004071841, 0, 0, 0, 0, 0.139500419361374, 0, 0, 0, 0, 0.182881059673333))
			, nrow = 4, ncol = 4, byrow = TRUE
			, dimnames = list(
				as.character(c("nVmax", "nKm", "nV", "nKa"))
				, as.character(c("nVmax", "nKm", "nV", "nKa"))
				)
			)
		, "Covariance" = matrix(
			as.numeric(c(0.0013060894, -5.1034142, -3.3424309, 0.068092999, 0.0011688818, -0.0031171149, 0.0015642442, -0.00011783375, 6.904162e-005,         0, -0.00017038249,         0,         0, -0.00050674938,         0,         0,         0, -0.0002873746, -5.1034142, 394192.25, 133182.48, -634.77796, -46.394935, -102.01376, -81.120923, -8.1345926, -9.9072027,         0, 1.2386805,         0,         0, 18.363294,         0,         0,         0, 37.448805, -3.3424309, 133182.48,  56510.98, -644.86572, -18.470807, 12.384979, -33.470783, -3.5692227, -2.1600227,         0, 1.6665565,         0,         0, 4.9072871,         0,         0,         0, 12.691355, 0.068092999, -634.77796, -644.86572, 195.34586, 1.4213163, -31.547344, 0.40113384, -0.04773684, 0.054915246,         0, 0.017803473,         0,         0, -0.056545602,         0,         0,         0, 0.82350622, 0.0011688818, -46.394935, -18.470807, 1.4213163, 0.026468715, -0.20244308, 0.025380457, -0.0010242687, 0.0022006,         0, 3.9785388e-005,         0,         0, -0.0067790952,         0,         0,         0, 0.0055956246, -0.0031171149, -102.01376, 12.384979, -31.547344, -0.20244308, 5.6498662, 0.20843158, 0.0051969283, -0.0016282102,         0, -0.010211583,         0,         0, -0.028664763,         0,         0,         0, -0.17656891, 0.0015642442, -81.120923, -33.470783, 0.40113384, 0.025380457, 0.20843158, 0.18090194, -0.0056713254, 0.0070445709,         0, -0.0026102285,         0,         0, -0.03078681,         0,         0,         0, -0.016419187, -0.00011783375, -8.1345926, -3.5692227, -0.04773684, -0.0010242687, 0.0051969283, -0.0056713254, 0.0039510382, -0.0007703343,         0, -0.00070981052,         0,         0, 0.0020282179,         0,         0,         0, -0.0013421267, 6.904162e-005, -9.9072027, -2.1600227, 0.054915246, 0.0022006, -0.0016282102, 0.0070445709, -0.0007703343, 0.0043664295,         0, 0.00069850786,         0,         0, -0.0075794541,         0,         0,         0, 0.0015806089,         0,         0,         0,         0,         0,         0,         0,         0,         0,         0,         0,         0,         0,         0,         0,         0,         0,         0, -0.00017038249, 1.2386805, 1.6665565, 0.017803473, 3.9785388e-005, -0.010211583, -0.0026102285, -0.00070981052, 0.00069850786,         0, 0.0023357503,         0,         0, -0.0015512101,         0,         0,         0, -0.0001845687,         0,         0,         0,         0,         0,         0,         0,         0,         0,         0,         0,         0,         0,         0,         0,         0,         0,         0,         0,         0,         0,         0,         0,         0,         0,         0,         0,         0,         0,         0,         0,         0,         0,         0,         0,         0, -0.00050674938, 18.363294, 4.9072871, -0.056545602, -0.0067790952, -0.028664763, -0.03078681, 0.0020282179, -0.0075794541,         0, -0.0015512101,         0,         0, 0.019460367,         0,         0,         0, -0.003595545,         0,         0,         0,         0,         0,         0,         0,         0,         0,         0,         0,         0,         0,         0,         0,         0,         0,         0,         0,         0,         0,         0,         0,         0,         0,         0,         0,         0,         0,         0,         0,         0,         0,         0,         0,         0,         0,         0,         0,         0,         0,         0,         0,         0,         0,         0,         0,         0,         0,         0,         0,         0,         0,         0, -0.0002873746, 37.448805, 12.691355, 0.82350622, 0.0055956246, -0.17656891, -0.016419187, -0.0013421267, 0.0015806089,         0, -0.0001845687,         0,         0, -0.003595545,         0,         0,         0, 0.033445482))
			, nrow = 18, ncol = 18
			, dimnames = list(
				as.character(c("CMultStdev", "tvVmax", "tvKm", "tvV", "tvKa", "K12", "K21", "stdev0", "nVmax-nVmax", "nKm-nVmax", "nKm-nKm", "nV-nVmax", "nV-nKm", "nV-nV", "nKa-nVmax", "nKa-nKm", "nKa-nV", "nKa-nKa"))
				, as.character(c("CMultStdev", "tvVmax", "tvKm", "tvV", "tvKa", "K12", "K21", "stdev0", "nVmax-nVmax", "nKm-nVmax", "nKm-nKm", "nV-nVmax", "nV-nKm", "nV-nV", "nKa-nVmax", "nKa-nKm", "nKa-nV", "nKa-nKa"))
				)
			)
		, "Correlation" = matrix(
			as.numeric(c(0.036139859, -0.22491598, -0.38905371, 0.13480745, 0.19880062, -0.036286684, 0.10176455, -0.051871359, 0.028910879,         0, -0.097549558,         0,         0, -0.10051509,         0,         0,         0, -0.043480367, -0.22491598, 627.84731, 0.89233237, -0.072337867, -0.45420311, -0.068357416, -0.30377864, -0.20612286, -0.2387997,         0, 0.040821791,         0,         0, 0.20966263,         0,         0,         0, 0.32614836, -0.38905371, 0.89233237, 237.72038, -0.19408893, -0.47758758, 0.021918446, -0.331038, -0.2388645, -0.13750822,         0, 0.14505757,         0,         0, 0.14797881,         0,         0,         0, 0.29192605, 0.13480745, -0.072337867, -0.19408893, 13.976618, 0.62506071, -0.949602, 0.067478526, -0.054337037, 0.059460368,         0, 0.026356603,         0,         0, -0.02900155,         0,         0,         0, 0.32217812, 0.19880062, -0.45420311, -0.47758758, 0.62506071, 0.16269209, -0.52350088, 0.36678485, -0.10015944, 0.20469699,         0, 0.0050599237,         0,         0, -0.29869626,         0,         0,         0, 0.18806735, -0.036286684, -0.068357416, 0.021918446, -0.949602, -0.52350088, 2.3769447, 0.20616875, 0.0347834, -0.010366405,         0, -0.08889161,         0,         0, -0.086447763,         0,         0,         0, -0.40618738, 0.10176455, -0.30377864, -0.331038, 0.067478526, 0.36678485, 0.20616875, 0.42532568, -0.21213257, 0.25065115,         0, -0.12698245,         0,         0, -0.51888075,         0,         0,         0, -0.21108691, -0.051871359, -0.20612286, -0.2388645, -0.054337037, -0.10015944, 0.0347834, -0.21213257, 0.062857284, -0.18546433,         0, -0.23365421,         0,         0, 0.23130418,         0,         0,         0, -0.1167533, 0.028910879, -0.2387997, -0.13750822, 0.059460368, 0.20469699, -0.010366405, 0.25065115, -0.18546433, 0.066078964,         0, 0.21872321,         0,         0, -0.82224111,         0,         0,         0, 0.13079539,         0,         0,         0,         0,         0,         0,         0,         0,         0,         0,         0,         0,         0,         0,         0,         0,         0,         0, -0.097549558, 0.040821791, 0.14505757, 0.026356603, 0.0050599237, -0.08889161, -0.12698245, -0.23365421, 0.21872321,         0, 0.0483296,         0,         0, -0.23008161,         0,         0,         0, -0.020882194,         0,         0,         0,         0,         0,         0,         0,         0,         0,         0,         0,         0,         0,         0,         0,         0,         0,         0,         0,         0,         0,         0,         0,         0,         0,         0,         0,         0,         0,         0,         0,         0,         0,         0,         0,         0, -0.10051509, 0.20966263, 0.14797881, -0.02900155, -0.29869626, -0.086447763, -0.51888075, 0.23130418, -0.82224111,         0, -0.23008161,         0,         0, 0.13950042,         0,         0,         0, -0.14093553,         0,         0,         0,         0,         0,         0,         0,         0,         0,         0,         0,         0,         0,         0,         0,         0,         0,         0,         0,         0,         0,         0,         0,         0,         0,         0,         0,         0,         0,         0,         0,         0,         0,         0,         0,         0,         0,         0,         0,         0,         0,         0,         0,         0,         0,         0,         0,         0,         0,         0,         0,         0,         0,         0, -0.043480367, 0.32614836, 0.29192605, 0.32217812, 0.18806735, -0.40618738, -0.21108691, -0.1167533, 0.13079539,         0, -0.020882194,         0,         0, -0.14093553,         0,         0,         0, 0.18288106))
			, nrow = 18, ncol = 18
			, dimnames = list(
				as.character(c("CMultStdev", "tvVmax", "tvKm", "tvV", "tvKa", "K12", "K21", "stdev0", "nVmax-nVmax", "nKm-nVmax", "nKm-nKm", "nV-nVmax", "nV-nKm", "nV-nV", "nKa-nVmax", "nKa-nKm", "nKa-nV", "nKa-nKa"))
				, as.character(c("CMultStdev", "tvVmax", "tvKm", "tvV", "tvKa", "K12", "K21", "stdev0", "nVmax-nVmax", "nKm-nVmax", "nKm-nKm", "nV-nVmax", "nV-nKm", "nV-nV", "nKa-nVmax", "nKa-nKm", "nKa-nV", "nKa-nKa"))
				)
			)
		, "Inverse" = matrix(
			as.numeric(c(1194.8479, -0.037279418, 0.12197723, -6.9098424, -56.651217, -43.159607, 89.909381, 138.44024, 116.04327,         0, 69.050899,         0,         0, 113.29205,         0,         0,         0, 14.254552, -0.037279418, 1.7807628e-005, -4.0102223e-005, -6.6722235e-005, 0.014339212, 0.00051634636, -0.0017967517, 0.0021708837, 0.02833515,         0, 0.012820372,         0,         0, 0.0060605248,         0,         0,         0, -0.0044841102, 0.12197723, -4.0102223e-005, 0.00014289546, 0.0022561835, 0.013340062, 0.012300288, -0.013167442, 0.034586112, -0.022452638,         0, -0.03518028,         0,         0, -0.002718886,         0,         0,         0, -0.0056223525, -6.9098424, -6.6722235e-005, 0.0022561835, 0.37505971,  2.262332, 2.2826651, -3.5711903, -0.869706, -0.17307547,         0, 0.028493735,         0,         0, -1.1260836,         0,         0,         0, -0.30407456, -56.651217, 0.014339212, 0.013340062,  2.262332, 133.97571, 18.474105, -34.551567, 21.325472, 62.124078,         0, 5.3807054,         0,         0, 26.434698,         0,         0,         0, -18.36363, -43.159607, 0.00051634636, 0.012300288, 2.2826651, 18.474105, 14.325037, -22.27205, -4.7277377, 3.6005051,         0, 2.6773647,         0,         0, -3.8514265,         0,         0,         0, -0.97868847, 89.909381, -0.0017967517, -0.013167442, -3.5711903, -34.551567, -22.27205, 48.690605, 27.637191, 39.541095,         0, 30.069851,         0,         0, 46.339377,         0,         0,         0, 12.203115, 138.44024, 0.0021708837, 0.034586112, -0.869706, 21.325472, -4.7277377, 27.637191, 351.47602, 90.510277,         0, 109.74215,         0,         0, 43.187258,         0,         0,         0, 7.1648233, 116.04327, 0.02833515, -0.022452638, -0.17307547, 62.124078, 3.6005051, 39.541095, 90.510277, 952.30705,         0, 108.73714,         0,         0, 444.23543,         0,         0,         0, 17.062084,         0,         0,         0,         0,         0,         0,         0,         0,         0,         0,         0,         0,         0,         0,         0,         0,         0,         0, 69.050899, 0.012820372, -0.03518028, 0.028493735, 5.3807054, 2.6773647, 30.069851, 109.74215, 108.73714,         0, 592.70362,         0,         0, 138.38681,         0,         0,         0, 44.295893,         0,         0,         0,         0,         0,         0,         0,         0,         0,         0,         0,         0,         0,         0,         0,         0,         0,         0,         0,         0,         0,         0,         0,         0,         0,         0,         0,         0,         0,         0,         0,         0,         0,         0,         0,         0, 113.29205, 0.0060605248, -0.002718886, -1.1260836, 26.434698, -3.8514265, 46.339377, 43.187258, 444.23543,         0, 138.38681,         0,         0, 309.01755,         0,         0,         0, 35.662928,         0,         0,         0,         0,         0,         0,         0,         0,         0,         0,         0,         0,         0,         0,         0,         0,         0,         0,         0,         0,         0,         0,         0,         0,         0,         0,         0,         0,         0,         0,         0,         0,         0,         0,         0,         0,         0,         0,         0,         0,         0,         0,         0,         0,         0,         0,         0,         0,         0,         0,         0,         0,         0,         0, 14.254552, -0.0044841102, -0.0056223525, -0.30407456, -18.36363, -0.97868847, 12.203115, 7.1648233, 17.062084,         0, 44.295893,         0,         0, 35.662928,         0,         0,         0, 52.119138))
			, nrow = 18, ncol = 18
			, dimnames = list(
				as.character(c("CMultStdev", "tvVmax", "tvKm", "tvV", "tvKa", "K12", "K21", "stdev0", "nVmax-nVmax", "nKm-nVmax", "nKm-nKm", "nV-nVmax", "nV-nKm", "nV-nV", "nKa-nVmax", "nKa-nKm", "nKa-nV", "nKa-nKa"))
				, as.character(c("CMultStdev", "tvVmax", "tvKm", "tvV", "tvKa", "K12", "K21", "stdev0", "nVmax-nVmax", "nKm-nVmax", "nKm-nKm", "nV-nVmax", "nV-nKm", "nV-nV", "nKa-nVmax", "nKa-nKm", "nKa-nV", "nKa-nKa"))
				)
			)
		, "LLTable" = data.frame(
			id = as.character(c( "1", "2", "3", "4", "5", "6", "7", "8", "9", "10", "11", "12", "13", "14", "15", "16", "17", "18", "19", "20", "21", "22", "23", "24", "25", "26", "27", "28", "29", "30", "31", "32", "33", "34", "35", "36", "37", "38", "39", "40", "41", "42", "43", "44", "45", "46", "47", "48", "49", "50", "51", "52", "53", "54", "55", "56", "57", "58", "59", "60"))
			, "LL" = c(-45.090457, -60.382886, -53.300142, -65.200764, -56.982855, -60.030958, -53.997813, -54.929408, -57.712332, -58.542999, -56.631624, -55.886968, -53.250789, -46.877412, -43.900934, -50.864902, -47.848046, -57.746825, -53.668212, -51.118055, -58.651584, -56.965814, -41.936276, -53.169925, -55.553221, -54.876829, -60.918109, -47.771032, -48.583372, -52.776279, -58.577253, -47.827192, -59.697047, -59.660157, -55.682789, -56.89772, -52.785195, -50.587891, -48.981618, -55.661523, -47.406392, -59.291806, -56.218515, -49.849381, -48.901584, -45.923541, -53.953511, -47.565942, -43.14613, -50.683478, -51.360904, -51.867756, -63.141321, -57.31957, -50.618119, -53.77387, -47.775565, -53.132494, -54.528633, -51.55664)
			) # end of LLTable
		, "residuals" = data.frame(
			  ID1 = as.character(c(  "",   "",   "",   "",   "",   "",   "",   "",   "",   "",   "",   "",   "",   "",   "",   "",   "",   "",   "",   "",   "",   "",   "",   "",   "",   "",   "",   "",   "",   "",   "",   "",   "",   "",   "",   "",   "",   "",   "",   "",   "",   "",   "",   "",   "",   "",   "",   "",   "",   "",   "",   "",   "",   "",   "",   "",   "",   "",   "",   "",   "",   "",   "",   "",   "",   "",   "",   "",   "",   "",   "",   "",   "",   "",   "",   "",   "",   "",   "",   "",   "",   "",   "",   "",   "",   "",   "",   "",   "",   "",   "",   "",   "",   "",   "",   "",   "",   "",   "",   "",   "",   "",   "",   "",   "",   "",   "",   "",   "",   "",   "",   "",   "",   "",   "",   "",   "",   "",   "",   "",   "",   "",   "",   "",   "",   "",   "",   "",   "",   "",   "",   "",   "",   "",   "",   "",   "",   "",   "",   "",   "",   "",   "",   "",   "",   "",   "",   "",   "",   "",   "",   "",   "",   "",   "",   "",   "",   "",   "",   "",   "",   "",   "",   "",   "",   "",   "",   "",   "",   "",   "",   "",   "",   "",   "",   "",   "",   "",   "",   "",   "",   "",   "",   "",   "",   "",   "",   "",   "",   "",   "",   "",   "",   "",   "",   "",   "",   "",   "",   "",   "",   "",   "",   "",   "",   "",   "",   "",   "",   "",   "",   "",   "",   "",   "",   "",   "",   "",   "",   "",   "",   "",   "",   "",   "",   "",   "",   "",   "",   "",   "",   "",   "",   "",   "",   "",   "",   "",   "",   "",   "",   "",   "",   "",   "",   "",   "",   "",   "",   "",   "",   "",   "",   "",   "",   "",   "",   "",   "",   "",   "",   "",   "",   "",   "",   "",   "",   "",   "",   "",   "",   "",   "",   "",   "",   "",   "",   "",   "",   "",   "",   "",   "",   "",   "",   "",   "",   "",   "",   "",   "",   "",   "",   "",   "",   "",   "",   "",   "",   "",   "",   "",   "",   "",   "",   "",   "",   "",   "",   "",   "",   "",   "",   "",   "",   "",   "",   "",   "",   "",   "",   "",   "",   "",   "",   "",   "",   "",   "",   "",   "",   "",   "",   "",   "",   "",   "",   "",   "",   "",   "",   "",   "",   "",   "",   "",   "",   "",   "",   "",   "",   "",   "",   "",   "",   "",   "",   "",   "",   "",   "",   "",   "",   "",   "",   "",   "",   "",   "",   "",   "",   "",   "",   "",   "",   "",   "",   "",   "",   "",   "",   "",   "",   "",   "",   "",   "",   "",   "",   "",   "",   "",   "",   "",   "",   "",   "",   "",   "",   "",   "",   "",   "",   "",   "",   "",   "",   "",   "",   "",   "",   "",   "",   "",   "",   "",   "",   "",   "",   "",   "",   "",   "",   "",   "",   "",   "",   "",   "",   "",   "",   "",   "",   "",   "",   "",   "",   "",   "",   "",   "",   "",   "",   "",   "",   "",   "",   "",   "",   "",   "",   "",   "",   "",   "",   "",   "",   "",   "",   "",   "",   "",   "",   "",   "",   "",   "",   "",   "",   "",   "",   "",   "",   "",   "",   "",   "",   "",   "",   ""))
			, ID2 = as.character(c(  "",   "",   "",   "",   "",   "",   "",   "",   "",   "",   "",   "",   "",   "",   "",   "",   "",   "",   "",   "",   "",   "",   "",   "",   "",   "",   "",   "",   "",   "",   "",   "",   "",   "",   "",   "",   "",   "",   "",   "",   "",   "",   "",   "",   "",   "",   "",   "",   "",   "",   "",   "",   "",   "",   "",   "",   "",   "",   "",   "",   "",   "",   "",   "",   "",   "",   "",   "",   "",   "",   "",   "",   "",   "",   "",   "",   "",   "",   "",   "",   "",   "",   "",   "",   "",   "",   "",   "",   "",   "",   "",   "",   "",   "",   "",   "",   "",   "",   "",   "",   "",   "",   "",   "",   "",   "",   "",   "",   "",   "",   "",   "",   "",   "",   "",   "",   "",   "",   "",   "",   "",   "",   "",   "",   "",   "",   "",   "",   "",   "",   "",   "",   "",   "",   "",   "",   "",   "",   "",   "",   "",   "",   "",   "",   "",   "",   "",   "",   "",   "",   "",   "",   "",   "",   "",   "",   "",   "",   "",   "",   "",   "",   "",   "",   "",   "",   "",   "",   "",   "",   "",   "",   "",   "",   "",   "",   "",   "",   "",   "",   "",   "",   "",   "",   "",   "",   "",   "",   "",   "",   "",   "",   "",   "",   "",   "",   "",   "",   "",   "",   "",   "",   "",   "",   "",   "",   "",   "",   "",   "",   "",   "",   "",   "",   "",   "",   "",   "",   "",   "",   "",   "",   "",   "",   "",   "",   "",   "",   "",   "",   "",   "",   "",   "",   "",   "",   "",   "",   "",   "",   "",   "",   "",   "",   "",   "",   "",   "",   "",   "",   "",   "",   "",   "",   "",   "",   "",   "",   "",   "",   "",   "",   "",   "",   "",   "",   "",   "",   "",   "",   "",   "",   "",   "",   "",   "",   "",   "",   "",   "",   "",   "",   "",   "",   "",   "",   "",   "",   "",   "",   "",   "",   "",   "",   "",   "",   "",   "",   "",   "",   "",   "",   "",   "",   "",   "",   "",   "",   "",   "",   "",   "",   "",   "",   "",   "",   "",   "",   "",   "",   "",   "",   "",   "",   "",   "",   "",   "",   "",   "",   "",   "",   "",   "",   "",   "",   "",   "",   "",   "",   "",   "",   "",   "",   "",   "",   "",   "",   "",   "",   "",   "",   "",   "",   "",   "",   "",   "",   "",   "",   "",   "",   "",   "",   "",   "",   "",   "",   "",   "",   "",   "",   "",   "",   "",   "",   "",   "",   "",   "",   "",   "",   "",   "",   "",   "",   "",   "",   "",   "",   "",   "",   "",   "",   "",   "",   "",   "",   "",   "",   "",   "",   "",   "",   "",   "",   "",   "",   "",   "",   "",   "",   "",   "",   "",   "",   "",   "",   "",   "",   "",   "",   "",   "",   "",   "",   "",   "",   "",   "",   "",   "",   "",   "",   "",   "",   "",   "",   "",   "",   "",   "",   "",   "",   "",   "",   "",   "",   "",   "",   "",   "",   "",   "",   "",   "",   "",   "",   "",   "",   "",   "",   "",   "",   "",   "",   "",   "",   "",   "",   "",   "",   "",   "",   "",   "",   "",   "",   "",   ""))
			, ID3 = as.character(c(  "",   "",   "",   "",   "",   "",   "",   "",   "",   "",   "",   "",   "",   "",   "",   "",   "",   "",   "",   "",   "",   "",   "",   "",   "",   "",   "",   "",   "",   "",   "",   "",   "",   "",   "",   "",   "",   "",   "",   "",   "",   "",   "",   "",   "",   "",   "",   "",   "",   "",   "",   "",   "",   "",   "",   "",   "",   "",   "",   "",   "",   "",   "",   "",   "",   "",   "",   "",   "",   "",   "",   "",   "",   "",   "",   "",   "",   "",   "",   "",   "",   "",   "",   "",   "",   "",   "",   "",   "",   "",   "",   "",   "",   "",   "",   "",   "",   "",   "",   "",   "",   "",   "",   "",   "",   "",   "",   "",   "",   "",   "",   "",   "",   "",   "",   "",   "",   "",   "",   "",   "",   "",   "",   "",   "",   "",   "",   "",   "",   "",   "",   "",   "",   "",   "",   "",   "",   "",   "",   "",   "",   "",   "",   "",   "",   "",   "",   "",   "",   "",   "",   "",   "",   "",   "",   "",   "",   "",   "",   "",   "",   "",   "",   "",   "",   "",   "",   "",   "",   "",   "",   "",   "",   "",   "",   "",   "",   "",   "",   "",   "",   "",   "",   "",   "",   "",   "",   "",   "",   "",   "",   "",   "",   "",   "",   "",   "",   "",   "",   "",   "",   "",   "",   "",   "",   "",   "",   "",   "",   "",   "",   "",   "",   "",   "",   "",   "",   "",   "",   "",   "",   "",   "",   "",   "",   "",   "",   "",   "",   "",   "",   "",   "",   "",   "",   "",   "",   "",   "",   "",   "",   "",   "",   "",   "",   "",   "",   "",   "",   "",   "",   "",   "",   "",   "",   "",   "",   "",   "",   "",   "",   "",   "",   "",   "",   "",   "",   "",   "",   "",   "",   "",   "",   "",   "",   "",   "",   "",   "",   "",   "",   "",   "",   "",   "",   "",   "",   "",   "",   "",   "",   "",   "",   "",   "",   "",   "",   "",   "",   "",   "",   "",   "",   "",   "",   "",   "",   "",   "",   "",   "",   "",   "",   "",   "",   "",   "",   "",   "",   "",   "",   "",   "",   "",   "",   "",   "",   "",   "",   "",   "",   "",   "",   "",   "",   "",   "",   "",   "",   "",   "",   "",   "",   "",   "",   "",   "",   "",   "",   "",   "",   "",   "",   "",   "",   "",   "",   "",   "",   "",   "",   "",   "",   "",   "",   "",   "",   "",   "",   "",   "",   "",   "",   "",   "",   "",   "",   "",   "",   "",   "",   "",   "",   "",   "",   "",   "",   "",   "",   "",   "",   "",   "",   "",   "",   "",   "",   "",   "",   "",   "",   "",   "",   "",   "",   "",   "",   "",   "",   "",   "",   "",   "",   "",   "",   "",   "",   "",   "",   "",   "",   "",   "",   "",   "",   "",   "",   "",   "",   "",   "",   "",   "",   "",   "",   "",   "",   "",   "",   "",   "",   "",   "",   "",   "",   "",   "",   "",   "",   "",   "",   "",   "",   "",   "",   "",   "",   "",   "",   "",   "",   "",   "",   "",   "",   "",   "",   "",   "",   "",   "",   "",   "",   "",   "",   "",   "",   "",   "",   ""))
