dmp.txt <- structure(
	.Data = list(
		"coefficients" = list(
			"fixed" = c("CMultStdev" = 0.503925515635237, "tvVmax" = 5954.50984240341, "tvKm" = 2814.56211467264, "tvV" = 66.0901846753264, "tvKa" = 1.21016739113538, "K12" = 0.143487692885472, "K21" = 0.413270915912157, "K13" = 0.0368464323012645, "K31" = 0.0470376191670892, "dVdWT" = 1.3438227788889, "CEps" = 0.49998324831674)
			, "random" = list("Subject" = matrix(
				as.numeric(c(
					 0.229700511265545,  0.580142687377604,  -0.469848532651589
					,  0.0839645132893348,  -0.330994458956691,  0.129223289354731
					,  -0.536676435268807,  0.156075831462359,  0.665617703104839
					,  -0.645592291564715,  -0.403875263440433,  -0.495120698425189
					,  0.507246505399107,  0.359394108136792,  0.204476788792965
					,  -0.241540653562853,  -0.117998752535818,  -1.09397099630398
					,  0.142760909189489,  0.427099408041458,  0.150154128555874
					,  0.16388310467566,  -0.579366804034886,  -0.427256219307451
					,  0.185263085369616,  -0.0958989410083567,  0.272254502245628
					,  -1.15029105091567,  -0.489190706155661,  -0.349465050776869
					,  0.232455468490252,  -0.284146724446338,  -0.00583062015804904
					,  -0.293923858129937,  0.856442166784528,  0.312307801133801
					,  0.0886279360667867,  0.273177521395356,  0.0719091304709426
					,  0.500105086218499,  -0.17137880633692,  0.531627179496658
					,  0.661452784479116,  -0.113491005000509,  0.480729959743337
					,  -0.303543805342331,  0.301571505573727,  0.188550556442697
					,  0.772510916766811,  0.752045259678159,  0.214441845045324
					,  -0.280503613263299,  0.151749135786404,  -0.277760262841569
					,  -0.117560381017961,  0.694105278688921,  0.222013729482806
					,  -0.122265219852399,  -0.153476189468416,  -0.273515334565738
					,  -1.01427885664466,  -0.38330812220317,  1.06329955928427
					,  0.249073025060174,  0.593590086953512,  0.0507093328548288
					,  0.760299195075199,  0.353428492885508,  -0.210737850911942
					,  0.185412689290198,  0.0749765576351743,  0.20629893994658
					,  0.139049297276527,  0.0215594553717224,  -0.116105768729227
					,  0.124313032278732,  0.231027478448109,  0.2015364706959
					,  0.288284009526558,  -0.767472453377613,  0.425256853591458
					,  -0.330099296301121,  0.588730692666178,  0.708031369363413
					,  0.0638551721028096,  0.0785991600805494,  -0.205917216646223
					,  -0.425516835364084,  0.259766521709365,  -0.261676500433202
					,  0.552479393330693,  -0.140445322447067,  0.0606802391522746
					,  -0.124020442008216,  -0.0772448667595686,  -0.135637079406873
					,  -0.732102311533882,  0.676744845085899,  -0.259403467781002
					,  -0.549487759097887,  -0.11287552335779,  -0.360092907304335
					,  0.454277247441143,  -0.488368734422262,  0.0263894163283657
					,  0.484117933498771,  -0.131549958426917,  -0.0182586633099438
					,  0.497853242227232,  0.137664055697706,  -0.219633201342678
					,  -0.0524254103560862,  0.14385602870735,  -0.375253789208066
					,  0.275421453930212,  -0.126602785172353,  0.774379052282173
					,  0.213430995991198,  -0.451257326286697,  -0.525434658176742
					))
				, nrow = 60, ncol = 2
				, dimnames = list(
					as.character(c( "1", "2", "3", "4", "5", "6", "7", "8", "9", "10"
					  , "11", "12", "13", "14", "15", "16", "17", "18", "19", "20"
					  , "21", "22", "23", "24", "25", "26", "27", "28", "29", "30"
					  , "31", "32", "33", "34", "35", "36", "37", "38", "39", "40"
					  , "41", "42", "43", "44", "45", "46", "47", "48", "49", "50"
					  , "51", "52", "53", "54", "55", "56", "57", "58", "59", "60"))
					, as.character(c("nVmax", "nV"))
					)
				))
			)
		, "logLik" = c(-3199.33)
		, "nObs" = c(480)
		, "nSubj" = c(60)
		, "nParm" = c(13)
		, "returnCode" = c(3)
		, "omega" = matrix(
			as.numeric(c(0.361227410169563, 0, 0, 0.295275409433129))
			, nrow = 2, ncol = 2
			, dimnames = list(
				as.character(c("nVmax", "nV"))
				, as.character(c("nVmax", "nV"))
				)
			)
		, "eta" = matrix(
			as.numeric(c(0.0289766277112116, 0.0394864031460028, 0.186516310123024, 0.167492585058398, 0.431875340952715, 0.409258579700412, 0.281431692241719, 0.246845366030575))
			, nrow = 2, ncol = 4
			, dimnames = list(
				as.character(c("nVmax", "nV"))
				, as.character(c("mean", "var", "sd", "shrinkage"))
				)
			)
		, "eta_shrinkage" = list("Subject" = matrix(
			as.numeric(c(
				 0.0464984634160134,  0.0593164726242295,  0.679831772754134
				,  0.27863841226518,  0.55563834159638,  0.0800406451177577
				,  0.734382566395755,  0.223909556884844,  0.0652975090361536
				,  0.413669818082005,  0.416188587644818,  0.478254717455818
				,  0.0680624117033863,  0.0565608947946437,  0.104127457631416
				,  0.212966242638917,  0.241364861793212,  0.762960426732221
				,  0.207112173947819,  0.054938526807428,  0.296508890103441
				,  0.0889815217237034,  0.629510709470615,  0.304401771300959
				,  0.133704437145476,  0.17579935232295,  0.0674978297188584
				,  0.251251780447556,  0.323506379002813,  0.177948075158493
				,  0.315682886242112,  0.143996331045773,  0.168272497078932
				,  0.185814249967912,  0.0556591592425371,  0.0701038843143969
				,  0.0536007589522522,  0.22906608146007,  0.121975623238002
				,  0.0595894232011747,  0.138698656032311,  0.0574824320502604
				,  0.118378605783104,  0.0930607970104261,  0.0650916873178653
				,  0.346612270824452,  0.0833930536942861,  0.114487357280625
				,  0.0874013818211703,  0.0823322882648652,  0.0827000660187857
				,  0.143734781148084,  0.150115656481913,  0.0735368559976884
				,  0.411528973802384,  0.0884698246537509,  0.242368928062317
				,  0.14146457612707,  0.101311213120033,  0.0867415545383658
				,  0.166216957757563,  0.176123181669999,  0.142298504400724
				,  0.168134189988838,  0.153693356694379,  0.1670012099484
				,  0.138000485102134,  0.174250205250097,  0.176668862521869
				,  0.157711507512076,  0.15611743734858,  0.158695328715702
				,  0.171452626014503,  0.164466876298928,  0.171387325545449
				,  0.168955808629762,  0.17412682258598,  0.133173340054026
				,  0.173920930113518,  0.173162171810096,  0.173765217400253
				,  0.167925151371453,  0.148635387638847,  0.164772347285765
				,  0.17328015454455,  0.179048697816774,  0.167458098458055
				,  0.158730496366305,  0.165670991832263,  0.172821361639505
				,  0.172453879881442,  0.164502703165496,  0.178923826237584
				,  0.173145470831045,  0.191233209687778,  0.164852631065192
				,  0.162672865535568,  0.171501950108644,  0.170125550973555
				,  0.166656098885147,  0.171129739634372,  0.181597798312381
				,  0.183989845124504,  0.166970153563088,  0.169488877588154
				,  0.168567770490798,  0.169207781538881,  0.172067577317171
				,  0.173998813213594,  0.174107689864932,  0.17211991523119
				,  0.168564986870991,  0.174171318381139,  0.152223332822706
				,  0.16519322452613,  0.181774809462306,  0.168552704609548
				,  0.170868106523893,  0.166736660308243,  0.167401091107536
				))
			, nrow = 60, ncol = 2
			, dimnames = list(
				as.character(c( "1", "2", "3", "4", "5", "6", "7", "8", "9", "10"
				  , "11", "12", "13", "14", "15", "16", "17", "18", "19", "20"
				  , "21", "22", "23", "24", "25", "26", "27", "28", "29", "30"
				  , "31", "32", "33", "34", "35", "36", "37", "38", "39", "40"
				  , "41", "42", "43", "44", "45", "46", "47", "48", "49", "50"
				  , "51", "52", "53", "54", "55", "56", "57", "58", "59", "60"))
				, as.character(c("nVmax_shrinkage", "nV_shrinkage"))
				)
			))
		, "sigma" = matrix(
			as.numeric(c(0.249983248597359))
			, nrow = 1, ncol = 1
			, dimnames = list(
				as.character(c("CEps"))
				, as.character(c("CEps"))
				)
			)
		, "method" = "FOCE-ELS"
		, "varFix" = matrix(
			as.numeric(c(0.000981853341531614, 29.0323616653149, 15.6230323275898, 0.0854531754157807, -0.000504289586235336, 0.000303976386602159, 0.00107065005342073, 6.03490391111285e-005, 6.95254514019542e-005, -0.000398011744254852, 0.0276614665626286, 29.0323616653149, 66249189.0962652, 36405687.2792869, -8566.17034548347, 40.4765487464923, -24.5098289744299, 198.633873103867, -45.7784791860573, 27.499510990756, 1196.3116253204, -2724.08941709743, 15.6230323275898, 36405687.2792869, 20425533.0119341, -6068.65169273026, -4.56921918533041, 12.4547820360694, 218.528596858372, -22.3661465484434, 17.3971385357178, 652.712394753147, -1999.52498529196, 0.0854531754157807, -8566.17034548347, -6068.65169273026, 79.3486953144261, 0.542528178191616, -0.41610381630501, -1.69947835019471, -0.0754841196148092, -0.0476737639575384, 0.021168487955069, 13.2872682246419, -0.000504289586235336, 40.4765487464923, -4.56921918533041, 0.542528178191616, 0.0218206626233902, -0.00978153128817543, -0.0388196530586114, -0.00187290359323706, -0.000971589817883993, 0.00470112270326089, 0.144396313564982, 0.000303976386602159, -24.5098289744299, 12.4547820360694, -0.41610381630501, -0.00978153128817543, 0.0177333929009082, 0.0800868346041519, 0.00241086584034265, 0.00139928138627745, 0.00733049385093079, -0.287380432900056, 0.00107065005342073, 198.633873103867, 218.528596858372, -1.69947835019471, -0.0388196530586114, 0.0800868346041519, 0.367871263182276, 0.0102209862374735, 0.00610897101265838, 0.0432355896443666, -1.32081950110693, 6.03490391111285e-005, -45.7784791860573, -22.3661465484434, -0.0754841196148092, -0.00187290359323706, 0.00241086584034265, 0.0102209862374735, 0.000410941423042453, 0.000208659517485765, -0.000140366691959524, -0.035370867747863, 6.95254514019542e-005, 27.499510990756, 17.3971385357178, -0.0476737639575384, -0.000971589817883993, 0.00139928138627745, 0.00610897101265838, 0.000208659517485765, 0.000171893701724007, 0.000357659052968031, -0.0197677906525188, -0.000398011744254852, 1196.3116253204, 652.712394753147, 0.021168487955069, 0.00470112270326089, 0.00733049385093079, 0.0432355896443666, -0.000140366691959524, 0.000357659052968031, 0.39456788106655, -0.606947691556674, 0.0276614665626286, -2724.08941709743, -1999.52498529196, 13.2872682246419, 0.144396313564982, -0.287380432900056, -1.32081950110693, -0.035370867747863, -0.0197677906525188, -0.606947691556674, 15.5949138522987))
			, nrow = 11, ncol = 11
			, dimnames = list(
				as.character(c("CMultStdev", "tvVmax", "tvKm", "tvV", "tvKa", "K12", "K21", "K13", "K31", "dVdWT", "CEps"))
				, as.character(c("CMultStdev", "tvVmax", "tvKm", "tvV", "tvKa", "K12", "K21", "K13", "K31", "dVdWT", "CEps"))
				)
			)
		, "omegaSE" = matrix(
			as.numeric(c(0.175512858160936, 0, 0, 0.113719525843092))
			, nrow = 2, ncol = 2, byrow = TRUE
			, dimnames = list(
				as.character(c("nVmax", "nV"))
				, as.character(c("nVmax", "nV"))
				)
			)
		, "Covariance" = matrix(
			as.numeric(c(0.00098185334, 29.032362, 15.623032, 0.085453175, -0.00050428959, 0.00030397639, 0.0010706501, 6.0349039e-005, 6.9525451e-005, -0.00039801174, 0.027661467, 0.00098412158,         0, 0.00020113556, 29.032362,  66249189,  36405687, -8566.1703, 40.476549, -24.509829, 198.63387, -45.778479, 27.499511, 1196.3116, -2724.0894, 253.08929,         0, 492.97395, 15.623032,  36405687,  20425533, -6068.6517, -4.5692192, 12.454782,  218.5286, -22.366147, 17.397139, 652.71239, -1999.525, 187.99218,         0, 275.95253, 0.085453175, -8566.1703, -6068.6517, 79.348695, 0.54252818, -0.41610382, -1.6994784, -0.07548412, -0.047673764, 0.021168488, 13.287268, -0.11025136,         0, -0.11437794, -0.00050428959, 40.476549, -4.5692192, 0.54252818, 0.021820663, -0.0097815313, -0.038819653, -0.0018729036, -0.00097158982, 0.0047011227, 0.14439631, -0.0010977982,         0, 0.00097579947, 0.00030397639, -24.509829, 12.454782, -0.41610382, -0.0097815313, 0.017733393, 0.080086835, 0.0024108658, 0.0013992814, 0.0073304939, -0.28738043, 0.0047218993,         0, -0.0019996686, 0.0010706501, 198.63387,  218.5286, -1.6994784, -0.038819653, 0.080086835, 0.36787126, 0.010220986, 0.006108971, 0.04323559, -1.3208195, 0.020284763,         0, -0.0069601362, 6.0349039e-005, -45.778479, -22.366147, -0.07548412, -0.0018729036, 0.0024108658, 0.010220986, 0.00041094142, 0.00020865952, -0.00014036669, -0.035370868, 0.00035596662,         0, -0.00060525018, 6.9525451e-005, 27.499511, 17.397139, -0.047673764, -0.00097158982, 0.0013992814, 0.006108971, 0.00020865952, 0.0001718937, 0.00035765905, -0.019767791, 0.00057345233,         0, -2.7208897e-005, -0.00039801174, 1196.3116, 652.71239, 0.021168488, 0.0047011227, 0.0073304939, 0.04323559, -0.00014036669, 0.00035765905, 0.39456788, -0.60694769, -0.007911949,         0, 0.019757078, 0.027661467, -2724.0894, -1999.525, 13.287268, 0.14439631, -0.28738043, -1.3208195, -0.035370868, -0.019767791, -0.60694769, 15.594914, -0.057853606,         0, -0.029249798, 0.00098412158, 253.08929, 187.99218, -0.11025136, -0.0010977982, 0.0047218993, 0.020284763, 0.00035596662, 0.00057345233, -0.007911949, -0.057853606, 0.030804763,         0, 0.0014480553,         0,         0,         0,         0,         0,         0,         0,         0,         0,         0,         0,         0,         0,         0, 0.00020113556, 492.97395, 275.95253, -0.11437794, 0.00097579947, -0.0019996686, -0.0069601362, -0.00060525018, -2.7208897e-005, 0.019757078, -0.029249798, 0.0014480553,         0, 0.012932131))
			, nrow = 14, ncol = 14
			, dimnames = list(
				as.character(c("CMultStdev", "tvVmax", "tvKm", "tvV", "tvKa", "K12", "K21", "K13", "K31", "dVdWT", "stdev0", "nVmax-nVmax", "nV-nVmax", "nV-nV"))
				, as.character(c("CMultStdev", "tvVmax", "tvKm", "tvV", "tvKa", "K12", "K21", "K13", "K31", "dVdWT", "stdev0", "nVmax-nVmax", "nV-nVmax", "nV-nV"))
				)
			)
		, "Correlation" = matrix(
			as.numeric(c(0.031334539, 0.11383315, 0.11032027, 0.30615052, -0.10894887, 0.072848501, 0.056334741, 0.095007324, 0.16923513, -0.020221423, 0.22354265, 0.17894374,         0, 0.056445655, 0.11383315, 8139.3605, 0.98967421, -0.11814804, 0.033665047, -0.022612786, 0.040236027, -0.27744769, 0.25769424, 0.23398778, -0.084749976, 0.17716362,         0, 0.53259691, 0.11032027, 0.98967421, 4519.4616, -0.15074247, -0.0068441785, 0.020694432, 0.079721167, -0.24412627, 0.29360344, 0.2299187, -0.11203369, 0.23699771,         0, 0.53692378, 0.30615052, -0.11814804, -0.15074247, 8.9077885, 0.41230484, -0.35078086, -0.31455588, -0.41801873, -0.40820617, 0.0037831981, 0.37772377, -0.070518831,         0, -0.11291128, -0.10894887, 0.033665047, -0.0068441785, 0.41230484, 0.14771819, -0.49725249, -0.43328111, -0.62544841, -0.50167101, 0.050664849, 0.2475316, -0.042342802,         0, 0.058088688, 0.072848501, -0.022612786, 0.020694432, -0.35078086, -0.49725249, 0.13316679, 0.99155607, 0.89307342, 0.80145503, 0.08763477, -0.54647436, 0.20202814,         0, -0.13204655, 0.056334741, 0.040236027, 0.079721167, -0.31455588, -0.43328111, 0.99155607, 0.60652392, 0.83129451, 0.76822803, 0.11348347, -0.55144735, 0.19055181,         0, -0.10091013, 0.095007324, -0.27744769, -0.24412627, -0.41801873, -0.62544841, 0.89307342, 0.83129451, 0.02027169, 0.78508785, -0.011023341, -0.44183922, 0.10004845,         0, -0.26254873, 0.16923513, 0.25769424, 0.29360344, -0.40820617, -0.50167101, 0.80145503, 0.76822803, 0.78508785, 0.013110824, 0.043428855, -0.38180065, 0.24920595,         0, -0.018249288, -0.020221423, 0.23398778, 0.2299187, 0.0037831981, 0.050664849, 0.08763477, 0.11348347, -0.011023341, 0.043428855, 0.62814639, -0.24468025, -0.071765163,         0, 0.27658385, 0.22354265, -0.084749976, -0.11203369, 0.37772377, 0.2475316, -0.54647436, -0.55144735, -0.44183922, -0.38180065, -0.24468025, 3.9490396, -0.083469921,         0, -0.065132289, 0.17894374, 0.17716362, 0.23699771, -0.070518831, -0.042342802, 0.20202814, 0.19055181, 0.10004845, 0.24920595, -0.071765163, -0.083469921, 0.17551286,         0, 0.072550626,         0,         0,         0,         0,         0,         0,         0,         0,         0,         0,         0,         0,         0,         0, 0.056445655, 0.53259691, 0.53692378, -0.11291128, 0.058088688, -0.13204655, -0.10091013, -0.26254873, -0.018249288, 0.27658385, -0.065132289, 0.072550626,         0, 0.11371953))
			, nrow = 14, ncol = 14
			, dimnames = list(
				as.character(c("CMultStdev", "tvVmax", "tvKm", "tvV", "tvKa", "K12", "K21", "K13", "K31", "dVdWT", "stdev0", "nVmax-nVmax", "nV-nVmax", "nV-nV"))
				, as.character(c("CMultStdev", "tvVmax", "tvKm", "tvV", "tvKa", "K12", "K21", "K13", "K31", "dVdWT", "stdev0", "nVmax-nVmax", "nV-nVmax", "nV-nV"))
				)
			)
		, "Inverse" = matrix(
			as.numeric(c(1612.9546, -0.0085704761, 0.0096174494, -2.873762, -16.549186, -2683.0855, 499.83322, 1031.0123, 1277.2297, 2.1549446, -3.687716, -9.0403258,         0, -33.316902, -0.0085704761, 2.5535649e-006, -4.7381289e-006, -5.2598789e-005, 0.00055501985, 0.59250551, -0.10145898, -0.90847321, -0.02345705, 3.6811399e-005, 0.00010974252, -0.0047530677,         0, -0.0014426342, 0.0096174494, -4.7381289e-006, 9.1680611e-006, 0.00013331832, 0.0021227869, -1.0784388, 0.18308002, 1.7965983, -0.08041475, -0.00027254658, -0.00017543036, 0.0082814216,         0, 0.00063980446, -2.873762, -5.2598789e-005, 0.00013331832, 0.027408518, -0.0017328375, -12.651904, 1.9041287,  36.76201, -6.9889864, -0.041472137, -0.0082380977, 0.16136961,         0, 0.24845904, -16.549186, 0.00055501985, 0.0021227869, -0.0017328375,  124.2913, 1389.9255, -260.10643, -316.85893, -1127.2589, -2.4848728, 0.46238856, -29.002801,         0, -9.7719126, -2683.0855, 0.59250551, -1.0784388, -12.651904, 1389.9255, 232108.07, -40098.965, -336802.88, -20620.182,  2.138446, 46.444088, -2968.5209,         0, -812.46315, 499.83322, -0.10145898, 0.18308002, 1.9041287, -260.10643, -40098.965,  6947.474, 57315.466, 3919.3058, -0.03148466, -7.7284958, 512.98148,         0, 144.26151, 1031.0123, -0.90847321, 1.7965983,  36.76201, -316.85893, -336802.88, 57315.466, 558906.94, -22648.692, -70.986301, -56.84438, 4262.7349,         0,  1008.579, 1277.2297, -0.02345705, -0.08041475, -6.9889864, -1127.2589, -20620.182, 3919.3058, -22648.692, 62212.166, 65.197053, -16.624042, 225.69875,         0, 442.83946, 2.1549446, 3.6811399e-005, -0.00027254658, -0.041472137, -2.4848728,  2.138446, -0.03148466, -70.986301, 65.197053,  3.152296, 0.10631569, 1.5245187,         0, -3.4179099, -3.687716, 0.00010974252, -0.00017543036, -0.0082380977, 0.46238856, 46.444088, -7.7284958, -56.84438, -16.624042, 0.10631569, 0.12356377, -0.53112421,         0, 0.012786418, -9.0403258, -0.0047530677, 0.0082814216, 0.16136961, -29.002801, -2968.5209, 512.98148, 4262.7349, 225.69875, 1.5245187, -0.53112421,  83.39113,         0, 12.414848,         0,         0,         0,         0,         0,         0,         0,         0,         0,         0,         0,         0,         0,         0, -33.316902, -0.0014426342, 0.00063980446, 0.24845904, -9.7719126, -812.46315, 144.26151,  1008.579, 442.83946, -3.4179099, 0.012786418, 12.414848,         0, 126.12921))
			, nrow = 14, ncol = 14
			, dimnames = list(
				as.character(c("CMultStdev", "tvVmax", "tvKm", "tvV", "tvKa", "K12", "K21", "K13", "K31", "dVdWT", "stdev0", "nVmax-nVmax", "nV-nVmax", "nV-nV"))
				, as.character(c("CMultStdev", "tvVmax", "tvKm", "tvV", "tvKa", "K12", "K21", "K13", "K31", "dVdWT", "stdev0", "nVmax-nVmax", "nV-nVmax", "nV-nV"))
				)
			)
		, "LLTable" = data.frame(
			id = as.character(c( "1", "2", "3", "4", "5", "6", "7", "8", "9", "10", "11", "12", "13", "14", "15", "16", "17", "18", "19", "20", "21", "22", "23", "24", "25", "26", "27", "28", "29", "30", "31", "32", "33", "34", "35", "36", "37", "38", "39", "40", "41", "42", "43", "44", "45", "46", "47", "48", "49", "50", "51", "52", "53", "54", "55", "56", "57", "58", "59", "60"))
			, "LL" = c(-57.46412, -50.46546, -51.73013, -48.835701, -51.869629, -54.687298, -50.506588, -49.458436, -52.488982, -55.737552, -52.249549, -54.843503, -53.061377, -53.499309, -50.007941, -54.944452, -52.64112, -56.203952, -48.956113, -54.294948, -50.229933, -54.851006, -51.539611, -53.064299, -53.930354, -54.39464, -53.132224, -65.119721, -55.956744, -56.401541, -47.092853, -55.699912, -52.572284, -54.184388, -48.162228, -52.801558, -58.626901, -49.345276, -52.96975, -55.674361,   -54.794, -52.737485, -47.912957, -59.535278, -50.898439, -53.982035, -54.808818, -50.915059, -49.410844, -48.191635, -54.852174, -56.638717, -53.943597, -61.256353, -51.228628, -49.941102, -50.187251, -54.575687, -56.699624, -57.126577)
			) # end of LLTable
		, "residuals" = data.frame(
			  ID1 = as.character(c(  "",   "",   "",   "",   "",   "",   "",   "",   "",   "",   "",   "",   "",   "",   "",   "",   "",   "",   "",   "",   "",   "",   "",   "",   "",   "",   "",   "",   "",   "",   "",   "",   "",   "",   "",   "",   "",   "",   "",   "",   "",   "",   "",   "",   "",   "",   "",   "",   "",   "",   "",   "",   "",   "",   "",   "",   "",   "",   "",   "",   "",   "",   "",   "",   "",   "",   "",   "",   "",   "",   "",   "",   "",   "",   "",   "",   "",   "",   "",   "",   "",   "",   "",   "",   "",   "",   "",   "",   "",   "",   "",   "",   "",   "",   "",   "",   "",   "",   "",   "",   "",   "",   "",   "",   "",   "",   "",   "",   "",   "",   "",   "",   "",   "",   "",   "",   "",   "",   "",   "",   "",   "",   "",   "",   "",   "",   "",   "",   "",   "",   "",   "",   "",   "",   "",   "",   "",   "",   "",   "",   "",   "",   "",   "",   "",   "",   "",   "",   "",   "",   "",   "",   "",   "",   "",   "",   "",   "",   "",   "",   "",   "",   "",   "",   "",   "",   "",   "",   "",   "",   "",   "",   "",   "",   "",   "",   "",   "",   "",   "",   "",   "",   "",   "",   "",   "",   "",   "",   "",   "",   "",   "",   "",   "",   "",   "",   "",   "",   "",   "",   "",   "",   "",   "",   "",   "",   "",   "",   "",   "",   "",   "",   "",   "",   "",   "",   "",   "",   "",   "",   "",   "",   "",   "",   "",   "",   "",   "",   "",   "",   "",   "",   "",   "",   "",   "",   "",   "",   "",   "",   "",   "",   "",   "",   "",   "",   "",   "",   "",   "",   "",   "",   "",   "",   "",   "",   "",   "",   "",   "",   "",   "",   "",   "",   "",   "",   "",   "",   "",   "",   "",   "",   "",   "",   "",   "",   "",   "",   "",   "",   "",   "",   "",   "",   "",   "",   "",   "",   "",   "",   "",   "",   "",   "",   "",   "",   "",   "",   "",   "",   "",   "",   "",   "",   "",   "",   "",   "",   "",   "",   "",   "",   "",   "",   "",   "",   "",   "",   "",   "",   "",   "",   "",   "",   "",   "",   "",   "",   "",   "",   "",   "",   "",   "",   "",   "",   "",   "",   "",   "",   "",   "",   "",   "",   "",   "",   "",   "",   "",   "",   "",   "",   "",   "",   "",   "",   "",   "",   "",   "",   "",   "",   "",   "",   "",   "",   "",   "",   "",   "",   "",   "",   "",   "",   "",   "",   "",   "",   "",   "",   "",   "",   "",   "",   "",   "",   "",   "",   "",   "",   "",   "",   "",   "",   "",   "",   "",   "",   "",   "",   "",   "",   "",   "",   "",   "",   "",   "",   "",   "",   "",   "",   "",   "",   "",   "",   "",   "",   "",   "",   "",   "",   "",   "",   "",   "",   "",   "",   "",   "",   "",   "",   "",   "",   "",   "",   "",   "",   "",   "",   "",   "",   "",   "",   "",   "",   "",   "",   "",   "",   "",   "",   "",   "",   "",   "",   "",   "",   "",   "",   "",   "",   "",   "",   "",   "",   "",   "",   "",   "",   "",   "",   "",   "",   "",   "",   "",   "",   "",   ""))
			, ID2 = as.character(c(  "",   "",   "",   "",   "",   "",   "",   "",   "",   "",   "",   "",   "",   "",   "",   "",   "",   "",   "",   "",   "",   "",   "",   "",   "",   "",   "",   "",   "",   "",   "",   "",   "",   "",   "",   "",   "",   "",   "",   "",   "",   "",   "",   "",   "",   "",   "",   "",   "",   "",   "",   "",   "",   "",   "",   "",   "",   "",   "",   "",   "",   "",   "",   "",   "",   "",   "",   "",   "",   "",   "",   "",   "",   "",   "",   "",   "",   "",   "",   "",   "",   "",   "",   "",   "",   "",   "",   "",   "",   "",   "",   "",   "",   "",   "",   "",   "",   "",   "",   "",   "",   "",   "",   "",   "",   "",   "",   "",   "",   "",   "",   "",   "",   "",   "",   "",   "",   "",   "",   "",   "",   "",   "",   "",   "",   "",   "",   "",   "",   "",   "",   "",   "",   "",   "",   "",   "",   "",   "",   "",   "",   "",   "",   "",   "",   "",   "",   "",   "",   "",   "",   "",   "",   "",   "",   "",   "",   "",   "",   "",   "",   "",   "",   "",   "",   "",   "",   "",   "",   "",   "",   "",   "",   "",   "",   "",   "",   "",   "",   "",   "",   "",   "",   "",   "",   "",   "",   "",   "",   "",   "",   "",   "",   "",   "",   "",   "",   "",   "",   "",   "",   "",   "",   "",   "",   "",   "",   "",   "",   "",   "",   "",   "",   "",   "",   "",   "",   "",   "",   "",   "",   "",   "",   "",   "",   "",   "",   "",   "",   "",   "",   "",   "",   "",   "",   "",   "",   "",   "",   "",   "",   "",   "",   "",   "",   "",   "",   "",   "",   "",   "",   "",   "",   "",   "",   "",   "",   "",   "",   "",   "",   "",   "",   "",   "",   "",   "",   "",   "",   "",   "",   "",   "",   "",   "",   "",   "",   "",   "",   "",   "",   "",   "",   "",   "",   "",   "",   "",   "",   "",   "",   "",   "",   "",   "",   "",   "",   "",   "",   "",   "",   "",   "",   "",   "",   "",   "",   "",   "",   "",   "",   "",   "",   "",   "",   "",   "",   "",   "",   "",   "",   "",   "",   "",   "",   "",   "",   "",   "",   "",   "",   "",   "",   "",   "",   "",   "",   "",   "",   "",   "",   "",   "",   "",   "",   "",   "",   "",   "",   "",   "",   "",   "",   "",   "",   "",   "",   "",   "",   "",   "",   "",   "",   "",   "",   "",   "",   "",   "",   "",   "",   "",   "",   "",   "",   "",   "",   "",   "",   "",   "",   "",   "",   "",   "",   "",   "",   "",   "",   "",   "",   "",   "",   "",   "",   "",   "",   "",   "",   "",   "",   "",   "",   "",   "",   "",   "",   "",   "",   "",   "",   "",   "",   "",   "",   "",   "",   "",   "",   "",   "",   "",   "",   "",   "",   "",   "",   "",   "",   "",   "",   "",   "",   "",   "",   "",   "",   "",   "",   "",   "",   "",   "",   "",   "",   "",   "",   "",   "",   "",   "",   "",   "",   "",   "",   "",   "",   "",   "",   "",   "",   "",   "",   "",   "",   "",   "",   "",   "",   "",   "",   "",   "",   "",   "",   "",   "",   "",   "",   ""))
			, ID3 = as.character(c(  "",   "",   "",   "",   "",   "",   "",   "",   "",   "",   "",   "",   "",   "",   "",   "",   "",   "",   "",   "",   "",   "",   "",   "",   "",   "",   "",   "",   "",   "",   "",   "",   "",   "",   "",   "",   "",   "",   "",   "",   "",   "",   "",   "",   "",   "",   "",   "",   "",   "",   "",   "",   "",   "",   "",   "",   "",   "",   "",   "",   "",   "",   "",   "",   "",   "",   "",   "",   "",   "",   "",   "",   "",   "",   "",   "",   "",   "",   "",   "",   "",   "",   "",   "",   "",   "",   "",   "",   "",   "",   "",   "",   "",   "",   "",   "",   "",   "",   "",   "",   "",   "",   "",   "",   "",   "",   "",   "",   "",   "",   "",   "",   "",   "",   "",   "",   "",   "",   "",   "",   "",   "",   "",   "",   "",   "",   "",   "",   "",   "",   "",   "",   "",   "",   "",   "",   "",   "",   "",   "",   "",   "",   "",   "",   "",   "",   "",   "",   "",   "",   "",   "",   "",   "",   "",   "",   "",   "",   "",   "",   "",   "",   "",   "",   "",   "",   "",   "",   "",   "",   "",   "",   "",   "",   "",   "",   "",   "",   "",   "",   "",   "",   "",   "",   "",   "",   "",   "",   "",   "",   "",   "",   "",   "",   "",   "",   "",   "",   "",   "",   "",   "",   "",   "",   "",   "",   "",   "",   "",   "",   "",   "",   "",   "",   "",   "",   "",   "",   "",   "",   "",   "",   "",   "",   "",   "",   "",   "",   "",   "",   "",   "",   "",   "",   "",   "",   "",   "",   "",   "",   "",   "",   "",   "",   "",   "",   "",   "",   "",   "",   "",   "",   "",   "",   "",   "",   "",   "",   "",   "",   "",   "",   "",   "",   "",   "",   "",   "",   "",   "",   "",   "",   "",   "",   "",   "",   "",   "",   "",   "",   "",   "",   "",   "",   "",   "",   "",   "",   "",   "",   "",   "",   "",   "",   "",   "",   "",   "",   "",   "",   "",   "",   "",   "",   "",   "",   "",   "",   "",   "",   "",   "",   "",   "",   "",   "",   "",   "",   "",   "",   "",   "",   "",   "",   "",   "",   "",   "",   "",   "",   "",   "",   "",   "",   "",   "",   "",   "",   "",   "",   "",   "",   "",   "",   "",   "",   "",   "",   "",   "",   "",   "",   "",   "",   "",   "",   "",   "",   "",   "",   "",   "",   "",   "",   "",   "",   "",   "",   "",   "",   "",   "",   "",   "",   "",   "",   "",   "",   "",   "",   "",   "",   "",   "",   "",   "",   "",   "",   "",   "",   "",   "",   "",   "",   "",   "",   "",   "",   "",   "",   "",   "",   "",   "",   "",   "",   "",   "",   "",   "",   "",   "",   "",   "",   "",   "",   "",   "",   "",   "",   "",   "",   "",   "",   "",   "",   "",   "",   "",   "",   "",   "",   "",   "",   "",   "",   "",   "",   "",   "",   "",   "",   "",   "",   "",   "",   "",   "",   "",   "",   "",   "",   "",   "",   "",   "",   "",   "",   "",   "",   "",   "",   "",   "",   "",   "",   "",   "",   "",   "",   "",   "",   "",   "",   "",   "",   "",   "",   "",   ""))
			, ID4 = as.character(c(  "",   "",   "",   "",   "",   "",   "",   "",   "",   "",   "",   "",   "",   "",   "",   "",   "",   "",   "",   "",   "",   "",   "",   "",   "",   "",   "",   "",   "",   "",   "",   "",   "",   "",   "",   "",   "",   "",   "",   "",   "",   "",   "",   "",   "",   "",   "",   "",   "",   "",   "",   "",   "",   "",   "",   "",   "",   "",   "",   "",   "",   "",   "",   "",   "",   "",   "",   "",   "",   "",   "",   "",   "",   "",   "",   "",   "",   "",   "",   "",   "",   "",   "",   "",   "",   "",   "",   "",   "",   "",   "",   "",   "",   "",   "",   "",   "",   "",   "",   "",   "",   "",   "",   "",   "",   "",   "",   "",   "",   "",   "",   "",   "",   "",   "",   "",   "",   "",   "",   "",   "",   "",   "",   "",   "",   "",   "",   "",   "",   "",   "",   "",   "",   "",   "",   "",   "",   "",   "",   "",   "",   "",   "",   "",   "",   "",   "",   "",   "",   "",   "",   "",   "",   "",   "",   "",   "",   "",   "",   "",   "",   "",   "",   "",   "",   "",   "",   "",   "",   "",   "",   "",   "",   "",   "",   "",   "",   "",   "",   "",   "",   "",   "",   "",   "",   "",   "",   "",   "",   "",   "",   "",   "",   "",   "",   "",   "",   "",   "",   "",   "",   "",   "",   "",   "",   "",   "",   "",   "",   "",   "",   "",   "",   "",   "",   "",   "",   "",   "",   "",   "",   "",   "",   "",   "",   "",   "",   "",   "",   "",   "",   "",   "",   "",   "",   "",   "",   "",   "",   "",   "",   "",   "",   "",   "",   "",   "",   "",   "",   "",   "",   "",   "",   "",   "",   "",   "",   "",   "",   "",   "",   "",   "",   "",   "",   "",   "",   "",   "",   "",   "",   "",   "",   "",   "",   "",   "",   "",   "",   "",   "",   "",   "",   "",   "",   "",   "",   "",   "",   "",   "",   "",   "",   "",   "",   "",   "",   "",   "",   "",   "",   "",   "",   "",   "",   "",   "",   "",   "",   "",   "",   "",   "",   "",   "",   "",   "",   "",   "",   "",   "",   "",   "",   "",   "",   "",   "",   "",   "",   "",   "",   "",   "",   "",   "",   "",   "",   "",   "",   "",   "",   "",   "",   "",   "",   "",   "",   "",   "",   "",   "",   "",   "",   "",   "",   "",   "",   "",   "",   "",   "",   "",   "",   "",   "",   "",   "",   "",   "",   "",   "",   "",   "",   "",   "",   "",   "",   "",   "",   "",   "",   "",   "",   "",   "",   "",   "",   "",   "",   "",   "",   "",   "",   "",   "",   "",   "",   "",   "",   "",   "",   "",   "",   "",   "",   "",   "",   "",   "",   "",   "",   "",   "",   "",   "",   "",   "",   "",   "",   "",   "",   "",   "",   "",   "",   "",   "",   "",   "",   "",   "",   "",   "",   "",   "",   "",   "",   "",   "",   "",   "",   "",   "",   "",   "",   "",   "",   "",   "",   "",   "",   "",   "",   "",   "",   "",   "",   "",   "",   "",   "",   "",   "",   "",   "",   "",   "",   "",   "",   "",   "",   "",   "",   "",   "",   "",   "",   "",   "",   ""))
			, ID5 = as.character(c( "1",  "1",  "1",  "1",  "1",  "1",  "1",  "1",  "2",  "2",  "2",  "2",  "2",  "2",  "2",  "2",  "3",  "3",  "3",  "3",  "3",  "3",  "3",  "3",  "4",  "4",  "4",  "4",  "4",  "4",  "4",  "4",  "5",  "5",  "5",  "5",  "5",  "5",  "5",  "5",  "6",  "6",  "6",  "6",  "6",  "6",  "6",  "6",  "7",  "7",  "7",  "7",  "7",  "7",  "7",  "7",  "8",  "8",  "8",  "8",  "8",  "8",  "8",  "8",  "9",  "9",  "9",  "9",  "9",  "9",  "9",  "9", "10", "10", "10", "10", "10", "10", "10", "10", "11", "11", "11", "11", "11", "11", "11", "11", "12", "12", "12", "12", "12", "12", "12", "12", "13", "13", "13", "13", "13", "13", "13", "13", "14", "14", "14", "14", "14", "14", "14", "14", "15", "15", "15", "15", "15", "15", "15", "15", "16", "16", "16", "16", "16", "16", "16", "16", "17", "17", "17", "17", "17", "17", "17", "17", "18", "18", "18", "18", "18", "18", "18", "18", "19", "19", "19", "19", "19", "19", "19", "19", "20", "20", "20", "20", "20", "20", "20", "20", "21", "21", "21", "21", "21", "21", "21", "21", "22", "22", "22", "22", "22", "22", "22", "22", "23", "23", "23", "23", "23", "23", "23", "23", "24", "24", "24", "24", "24", "24", "24", "24", "25", "25", "25", "25", "25", "25", "25", "25", "26", "26", "26", "26", "26", "26", "26", "26", "27", "27", "27", "27", "27", "27", "27", "27", "28", "28", "28", "28", "28", "28", "28", "28", "29", "29", "29", "29", "29", "29", "29", "29", "30", "30", "30", "30", "30", "30", "30", "30", "31", "31", "31", "31", "31", "31", "31", "31", "32", "32", "32", "32", "32", "32", "32", "32", "33", "33", "33", "33", "33", "33", "33", "33", "34", "34", "34", "34", "34", "34", "34", "34", "35", "35", "35", "35", "35", "35", "35", "35", "36", "36", "36", "36", "36", "36", "36", "36", "37", "37", "37", "37", "37", "37", "37", "37", "38", "38", "38", "38", "38", "38", "38", "38", "39", "39", "39", "39", "39", "39", "39", "39", "40", "40", "40", "40", "40", "40", "40", "40", "41", "41", "41", "41", "41", "41", "41", "41", "42", "42", "42", "42", "42", "42", "42", "42", "43", "43", "43", "43", "43", "43", "43", "43", "44", "44", "44", "44", "44", "44", "44", "44", "45", "45", "45", "45", "45", "45", "45", "45", "46", "46", "46", "46", "46", "46", "46", "46", "47", "47", "47", "47", "47", "47", "47", "47", "48", "48", "48", "48", "48", "48", "48", "48", "49", "49", "49", "49", "49", "49", "49", "49", "50", "50", "50", "50", "50", "50", "50", "50", "51", "51", "51", "51", "51", "51", "51", "51", "52", "52", "52", "52", "52", "52", "52", "52", "53", "53", "53", "53", "53", "53", "53", "53", "54", "54", "54", "54", "54", "54", "54", "54", "55", "55", "55", "55", "55", "55", "55", "55", "56", "56", "56", "56", "56", "56", "56", "56", "57", "57", "57", "57", "57", "57", "57", "57", "58", "58", "58", "58", "58", "58", "58", "58", "59", "59", "59", "59", "59", "59", "59", "59", "60", "60", "60", "60", "60", "60", "60", "60"))
			, IVAR = c(0.64, 1.99, 6.43, 12.03, 22.28, 48.91, 80.15, 138.94, 0.51, 2.49, 6.29, 11.18, 25.51, 43.72, 84.69, 123.55, 0.48, 2, 6.04, 11.31, 22.67, 47.36, 103.04, 108, 0.53, 2.07, 6.67, 11.64, 24.9, 49.3, 90.93, 135.41, 0.56, 2.15, 7.03, 12.69, 21.12, 45.33, 84.94, 114.45, 0.47, 2.01, 5.48, 12.19, 22.48, 57.28, 103.13, 131.43, 0.52, 2.37, 5.63, 11.46, 27.7, 44.98, 94.03, 115.38, 0.48, 1.94, 6.3, 11.79, 22.82, 54.9, 93.96, 117.86, 0.5, 2.15, 5.96, 11.95, 22.42, 46.47, 96.58, 113.14, 0.53, 1.72, 6.19, 10.29, 23.29, 45.53, 89.94, 119.32, 0.41, 2.25, 5.08, 11.46, 21.47, 44.53, 118.28, 120.21, 0.44, 1.7, 6.28, 11.98, 23.25, 43.74, 82.73, 107.77, 0.55, 1.88, 5.22, 14.47, 25.04, 46.87, 106.72, 131.12, 0.47, 2.49, 5.85, 10.41, 23.66, 49.01, 120.92, 121.28, 0.52, 1.98, 5.8, 11.96, 25.97, 59.07, 106.39, 135.41, 0.44, 2.21, 6.13, 10.36, 25.28, 47.24, 111.14, 111.15, 0.48, 1.82, 5.89, 12.49, 22.31, 52.16, 85.08, 108.06, 0.58, 1.81, 6.25, 11.55, 25, 56.83, 112.51, 116.09, 0.4, 2.57, 6.41, 12.67, 23.97, 50.51, 94.43, 125.16, 0.48, 1.74, 6.62, 13.97, 23.27, 42.35, 102.37, 119.46, 0.42, 2, 5.63, 11.6, 21.38, 57.48, 92.87, 102.2, 0.51, 2.05, 5.44, 8.99, 22.51, 50.82, 95.43, 118.83, 0.53, 1.78, 6.7, 11.99, 25.76, 53.23, 98.17, 109.91, 0.56, 1.64, 5.68, 11.7, 23.6, 53.16, 97.32, 124.99, 0.5, 1.95, 6.43, 13.46, 18.87, 50.83, 99.67, 115, 0.55, 1.92, 5.83, 13.07, 28.5, 49.31, 92.03, 106.55, 0.48, 1.82, 5.85, 12.48, 22.04, 62.56, 97.51, 134.36, 0.4, 2.15, 5.26, 13.16, 24.97, 46.08, 109.59, 111.87, 0.47, 1.81, 5.61, 13.19, 25.06, 53.08, 92.33, 124.6, 0.51, 1.73, 7.17, 12.16, 25.91, 52.81, 95.52, 116.39, 0.55, 1.8, 7.31, 11.55, 28.32, 55.84, 96.8, 127, 0.45, 2.07, 6.66, 12.12, 22.93, 44.95, 95.66, 133.54, 0.48, 1.98, 5.27, 12.61, 27.35, 55.75, 99.54, 104.15, 0.52, 2.09, 5.79, 12.21, 22.01, 51.37, 92.91, 102.57, 0.48, 2.29, 5.8, 12.91, 26.38, 48.02, 92.68, 113.81, 0.54, 1.8, 6.15, 11.66, 19.14, 41.69, 105.21, 117.73, 0.54, 2.42, 6.95, 12.84, 24.93, 47.08, 112.41, 127.37, 0.44, 1.97, 4.95, 11.77, 18.52, 54.74, 90.09, 114.95, 0.49, 2.13, 6.42, 12.7, 22.66, 41.88, 92.34, 123.38, 0.46, 1.99, 5.34, 11.99, 24.31, 47.3, 94.44, 143.14, 0.54, 2.24, 5.47, 12.2, 26.94, 47.73, 77.59, 124.21, 0.41, 1.84, 6.85, 12.76, 26.77, 49.49, 94.95, 109.41, 0.59, 2.01, 5.59, 13.08, 26.72, 58.02, 90.38, 115.4, 0.48, 1.93, 5.78, 11.65, 27.72, 44.77, 92.34, 128.09, 0.56, 1.85, 5.7, 12.65, 26.57, 46.81, 83.21, 142.37, 0.58, 1.86, 5.96, 10.06, 25.41, 56.4, 81.5, 111, 0.47, 1.87, 4.9, 12.62, 20.59, 47.88, 101.86, 117.65, 0.55, 1.99, 5.62, 12.8, 22.98, 57.31, 95.82, 130.68, 0.51, 1.48, 5.23, 11.5, 24.58, 37.98, 105.69, 112.96, 0.46, 1.71, 5.19, 12.07, 25.25, 38.92, 86.83, 126.6, 0.48, 2.48, 6.8, 12.74, 24.01, 49.36, 89.46, 127.78, 0.58, 2.23, 5.53, 10.21, 23.74, 50.16, 105.18, 109.89, 0.52, 2.05, 6.76, 11.97, 23.16, 42.8, 91.16, 115.73, 0.63, 2.55, 5.9, 10.81, 19.7, 50.54, 86.08, 150.8, 0.46, 2.02, 8.78, 10.74, 24.75, 42.97, 99.4, 109.97, 0.5, 1.94, 5.33, 12.01, 26.5, 56.29, 83.69, 117.04, 0.56, 1.79, 4.66, 10.93, 21.79, 48.23, 92.2, 122.81, 0.48, 2.08, 5.78, 13.52, 22.29, 49.42, 87.87, 122.52, 0.5, 1.69, 5.91, 13.5, 25.69, 48.69, 85.21, 134.88, 0.5, 1.91, 7.07, 11.11, 24.74, 54.56, 101.96, 116.37)
