TABLE NO.     1: First Order Conditional Estimation with Interaction: Problem=1 Subproblem=0 Superproblem1=0 Iteration1=0 Superproblem2=0 Iteration2=0
 NAME         THETA1       THETA2       THETA3       THETA4       THETA5       SIGMA(1,1)   SIGMA(2,1)   SIGMA(2,2)   OMEGA(1,1)   OMEGA(2,1)   OMEGA(2,2)
 THETA1        7.02121E+02  9.65005E-01 -3.01766E-01 -4.29787E-01 -7.71280E-01 -8.17401E-01  0.00000E+00 -2.81914E-01  1.86100E-01  4.19057E-01  1.68116E-01
 THETA2        9.65005E-01  2.27103E+02 -3.40351E-01 -4.28133E-01 -8.67353E-01 -8.24608E-01  0.00000E+00 -3.09176E-01  1.68816E-01  4.33368E-01  1.66706E-01
 THETA3       -3.01766E-01 -3.40351E-01  3.32865E+00  6.17113E-01  7.58586E-02 -3.92296E-02  0.00000E+00  2.22367E-02 -3.16180E-01 -2.35896E-01  3.03187E-02
 THETA4       -4.29787E-01 -4.28133E-01  6.17113E-01  1.27991E-01  1.71104E-01 -8.02724E-02  0.00000E+00  6.00047E-02 -3.44111E-01 -2.65692E-01 -1.13754E-01
 THETA5       -7.71280E-01 -8.67353E-01  7.58586E-02  1.71104E-01  1.21809E-01  8.44717E-01  0.00000E+00  2.47187E-01  1.42536E-03 -3.11125E-01 -6.89092E-02
 SIGMA(1,1)   -8.17401E-01 -8.24608E-01 -3.92296E-02 -8.02724E-02  8.44717E-01  1.08586E-04  0.00000E+00  3.37861E-01 -8.03495E-02 -4.13958E-01 -1.02259E-02
 SIGMA(2,1)    0.00000E+00  0.00000E+00  0.00000E+00  0.00000E+00  0.00000E+00  0.00000E+00  0.00000E+00  0.00000E+00  0.00000E+00  0.00000E+00  0.00000E+00
 SIGMA(2,2)   -2.81914E-01 -3.09176E-01  2.22367E-02  6.00047E-02  2.47187E-01  3.37861E-01  0.00000E+00  1.61022E-02 -3.08160E-01 -2.50142E-01 -2.27475E-01
 OMEGA(1,1)    1.86100E-01  1.68816E-01 -3.16180E-01 -3.44111E-01  1.42536E-03 -8.03495E-02  0.00000E+00 -3.08160E-01  2.18143E-02  7.22013E-01  3.09754E-01
 OMEGA(2,1)    4.19057E-01  4.33368E-01 -2.35896E-01 -2.65692E-01 -3.11125E-01 -4.13958E-01  0.00000E+00 -2.50142E-01  7.22013E-01  2.41796E-02  5.23526E-01
 OMEGA(2,2)    1.68116E-01  1.66706E-01  3.03187E-02 -1.13754E-01 -6.89092E-02 -1.02259E-02  0.00000E+00 -2.27475E-01  3.09754E-01  5.23526E-01  3.54624E-02
