TABLE NO.     1: First Order Conditional Estimation with Interaction: Problem=1 Subproblem=0 Superproblem1=0 Iteration1=0 Superproblem2=0 Iteration2=0
 NAME         THETA1       THETA2       THETA3       THETA4       THETA5       SIGMA(1,1)   SIGMA(2,1)   SIGMA(2,2)   OMEGA(1,1)   OMEGA(2,1)   OMEGA(2,2)
 THETA1        1.14880E+01 -2.15165E+00  2.35750E+02  3.63369E+04 -2.63654E+04  1.01332E+08  0.00000E+00 -6.55050E+04 -2.93659E+04  1.41761E+05 -7.65346E+04
 THETA2       -2.15165E+00  4.04017E-01 -4.41425E+01 -6.80499E+03  4.93831E+03 -1.89771E+07  0.00000E+00  1.22681E+04  5.49991E+03 -2.65488E+04  1.43330E+04
 THETA3        2.35750E+02 -4.41425E+01  4.83822E+03  7.45690E+05 -5.41051E+05  2.07950E+09  0.00000E+00 -1.34426E+06 -6.02629E+05  2.90916E+06 -1.57062E+06
 THETA4        3.63369E+04 -6.80499E+03  7.45690E+05  1.14935E+08 -8.33942E+07  3.20517E+11  0.00000E+00 -2.07194E+08 -9.28850E+07  4.48394E+08 -2.42082E+08
 THETA5       -2.63654E+04  4.93831E+03 -5.41051E+05 -8.33942E+07  6.05098E+07 -2.32560E+11  0.00000E+00  1.50336E+08  6.73954E+07 -3.25345E+08  1.75649E+08
 SIGMA(1,1)    1.01332E+08 -1.89771E+07  2.07950E+09  3.20517E+11 -2.32560E+11  8.93821E+14  0.00000E+00 -5.77800E+11 -2.59028E+11  1.25043E+12 -6.75090E+11
 SIGMA(2,1)    0.00000E+00  0.00000E+00  0.00000E+00  0.00000E+00  0.00000E+00  0.00000E+00  0.00000E+00  0.00000E+00  0.00000E+00  0.00000E+00  0.00000E+00
 SIGMA(2,2)   -6.55050E+04  1.22681E+04 -1.34426E+06 -2.07194E+08  1.50336E+08 -5.77800E+11  0.00000E+00  3.73518E+08  1.67447E+08 -8.08327E+08  4.36405E+08
 OMEGA(1,1)   -2.93659E+04  5.49991E+03 -6.02629E+05 -9.28850E+07  6.73954E+07 -2.59028E+11  0.00000E+00  1.67447E+08  7.50720E+07 -3.62377E+08  1.95640E+08
 OMEGA(2,1)    1.41761E+05 -2.65488E+04  2.90916E+06  4.48394E+08 -3.25345E+08  1.25043E+12  0.00000E+00 -8.08327E+08 -3.62377E+08  1.74932E+09 -9.44433E+08
 OMEGA(2,2)   -7.65346E+04  1.43330E+04 -1.57062E+06 -2.42082E+08  1.75649E+08 -6.75090E+11  0.00000E+00  4.36405E+08  1.95640E+08 -9.44433E+08  5.09887E+08
