TABLE NO.     1: First Order Conditional Estimation with Interaction: Problem=1 Subproblem=0 Superproblem1=0 Iteration1=0 Superproblem2=0 Iteration2=0
 NAME         THETA1       THETA2       THETA3       THETA4       THETA5       SIGMA(1,1)   SIGMA(2,1)   SIGMA(2,2)   OMEGA(1,1)   OMEGA(2,1)   OMEGA(2,2)
 THETA1        7.19870E+02  9.67048E-01 -3.94751E-01 -5.14438E-01 -7.74098E-01 -2.57806E-01  0.00000E+00 -2.55875E-01  2.34197E-01  4.37918E-01  1.96077E-01
 THETA2        9.67048E-01  2.34051E+02 -4.30162E-01 -5.12733E-01 -8.67302E-01 -2.74626E-01  0.00000E+00 -2.80703E-01  2.21005E-01  4.52360E-01  1.95630E-01
 THETA3       -3.94751E-01 -4.30162E-01  3.44167E+00  6.47402E-01  1.61073E-01  4.74531E-01  0.00000E+00  1.01367E-02 -3.62115E-01 -3.06752E-01 -6.13476E-03
 THETA4       -5.14438E-01 -5.12733E-01  6.47402E-01  1.32308E-01  2.54184E-01  5.58887E-01  0.00000E+00  4.31375E-02 -3.99349E-01 -3.43302E-01 -1.46225E-01
 THETA5       -7.74098E-01 -8.67302E-01  1.61073E-01  2.54184E-01  1.21789E-01  1.29145E-01  0.00000E+00  2.31267E-01 -4.35263E-02 -3.19714E-01 -9.35743E-02
 SIGMA(1,1)   -2.57806E-01 -2.74626E-01  4.74531E-01  5.58887E-01  1.29145E-01  3.20147E-04  0.00000E+00  3.99914E-02 -9.46086E-01 -7.12630E-01 -3.11149E-01
 SIGMA(2,1)    0.00000E+00  0.00000E+00  0.00000E+00  0.00000E+00  0.00000E+00  0.00000E+00  0.00000E+00  0.00000E+00  0.00000E+00  0.00000E+00  0.00000E+00
 SIGMA(2,2)   -2.55875E-01 -2.80703E-01  1.01367E-02  4.31375E-02  2.31267E-01  3.99914E-02  0.00000E+00  1.60391E-02 -2.50407E-01 -2.08367E-01 -2.18010E-01
 OMEGA(1,1)    2.34197E-01  2.21005E-01 -3.62115E-01 -3.99349E-01 -4.35263E-02 -9.46086E-01  0.00000E+00 -2.50407E-01  2.41043E-02  7.55528E-01  3.37645E-01
 OMEGA(2,1)    4.37918E-01  4.52360E-01 -3.06752E-01 -3.43302E-01 -3.19714E-01 -7.12630E-01  0.00000E+00 -2.08367E-01  7.55528E-01  2.53206E-02  5.42314E-01
 OMEGA(2,2)    1.96077E-01  1.95630E-01 -6.13476E-03 -1.46225E-01 -9.35743E-02 -3.11149E-01  0.00000E+00 -2.18010E-01  3.37645E-01  5.42314E-01  3.58265E-02
