TABLE NO.     1: First Order Conditional Estimation with Interaction: Problem=1 Subproblem=0 Superproblem1=0 Iteration1=0 Superproblem2=0 Iteration2=0
 NAME         THETA1       THETA2       THETA3       THETA4       THETA5       SIGMA(1,1)   SIGMA(2,1)   SIGMA(2,2)   OMEGA(1,1)   OMEGA(2,1)   OMEGA(2,2)
 THETA1        9.97701E-01 -3.43153E-01  4.92517E+01  4.32590E+03  6.40494E+03 -8.73278E+06  0.00000E+00 -3.81350E+04 -1.16356E+05  1.29653E+04 -5.62945E+03
 THETA2       -3.43153E-01  1.18981E-01 -1.69218E+01 -1.48691E+03 -2.20094E+03  3.00177E+06  0.00000E+00  1.31089E+04  3.99962E+04 -4.45694E+03  1.93489E+03
 THETA3        4.92517E+01 -1.69218E+01  2.43182E+03  2.13565E+05  3.16220E+05 -4.31132E+08  0.00000E+00 -1.88269E+06 -5.74442E+06  6.40088E+05 -2.77927E+05
 THETA4        4.32590E+03 -1.48691E+03  2.13565E+05  1.87577E+07  2.77730E+07 -3.78662E+10  0.00000E+00 -1.65357E+08 -5.04532E+08  5.62186E+07 -2.44099E+07
 THETA5        6.40494E+03 -2.20094E+03  3.16220E+05  2.77730E+07  4.11222E+07 -5.60659E+10  0.00000E+00 -2.44832E+08 -7.47026E+08  8.32393E+07 -3.61424E+07
 SIGMA(1,1)   -8.73278E+06  3.00177E+06 -4.31132E+08 -3.78662E+10 -5.60659E+10  7.64413E+13  0.00000E+00  3.33809E+11  1.01851E+12 -1.13490E+11  4.92769E+10
 SIGMA(2,1)    0.00000E+00  0.00000E+00  0.00000E+00  0.00000E+00  0.00000E+00  0.00000E+00  0.00000E+00  0.00000E+00  0.00000E+00  0.00000E+00  0.00000E+00
 SIGMA(2,2)   -3.81350E+04  1.31089E+04 -1.88269E+06 -1.65357E+08 -2.44832E+08  3.33809E+11  0.00000E+00  1.45770E+09  4.44769E+09 -4.95597E+08  2.15186E+08
 OMEGA(1,1)   -1.16356E+05  3.99962E+04 -5.74442E+06 -5.04532E+08 -7.47026E+08  1.01851E+12  0.00000E+00  4.44769E+09  1.35707E+10 -1.51215E+09  6.56569E+08
 OMEGA(2,1)    1.29653E+04 -4.45694E+03  6.40088E+05  5.62186E+07  8.32393E+07 -1.13490E+11  0.00000E+00 -4.95597E+08 -1.51215E+09  1.68501E+08 -7.31612E+07
 OMEGA(2,2)   -5.62945E+03  1.93489E+03 -2.77927E+05 -2.44099E+07 -3.61424E+07  4.92769E+10  0.00000E+00  2.15186E+08  6.56569E+08 -7.31612E+07  3.17670E+07
