dmp.txt <- structure(
	.Data = list(
		"coefficients" = list(
			"fixed" = c("GAMMA" = 2.67967833455259, "CMultStdev" = 0.511492961757807, "tvVmax" = 1950.52334888714, "tvKm" = 366.363166098546, "tvV" = 80.3804296678232, "tvKa" = 1.58113846739814, "K12" = 0.0141612191457312, "K21" = 3.24888861172144, "CEps" = 0.458746291937046)
			, "random" = list("Subject" = matrix(
				as.numeric(c(
					 0.148649589033203,  -0.0921426235737878,  0.0419023563779969
					,  -0.022123980921839,  0.196320888341308,  -0.461911861269677
					,  -0.141919394862771,  0.0908655715527018,  0.118593913368387
					,  0.24790294821935,  -0.0380540359774364,  0.0901221266617824
					,  0.240145719673166,  -0.0825631862403656,  0.0763419169068107
					,  -0.125422178261182,  -0.0902003360680378,  -0.0191718417391172
					,  0.104590681313961,  0.169874407885972,  0.0221971161028603
					,  0.435302368673236,  0.132709462622397,  -0.211631657758411
					,  -0.0284725874440379,  0.198179602151544,  0.149693492329322
					,  -0.423108918357158,  0.000700273722220135,  -0.0691496350772184
					,  0.0093891522609939,  -0.22256852021772,  0.541808194015471
					,  -0.0984139149044585,  0.253989028818976,  0.144303219787201
					,  0.0965926962317469,  -0.205030301797508,  -0.0778671870441854
					,  0.0329620616684504,  0.0471665261493077,  -0.201493517785187
					,  -0.0600528619168074,  -0.0873096251599535,  -0.159840368987968
					,  0.015867851434452,  -0.0357312443268149,  -0.00788939828819198
					,  -0.102629376366836,  -0.13163005884426,  0.0706843991724215
					,  0.215231250609555,  -0.0756167631532339,  -0.0422105379970424
					,  0.252477480579853,  -0.14351486549292,  -0.135093298638488
					,  -0.166852887485547,  -0.327324650156937,  0.0236279939806103
					,  0.208781915711919,  0.774672610023734,  -0.0351895902946157
					,  -0.309966494027053,  0.275454054762337,  -0.276050921861624
					,  -0.221084951363793,  -0.226713001401757,  0.424162378093453
					,  -0.790407933379036,  0.413481590622017,  -0.496705099832738
					,  -0.243008306788234,  0.80150833489767,  -0.112862246320204
					,  0.277367417743298,  0.466671608131184,  0.310505277821561
					,  0.300615671394108,  0.380106493909556,  0.718315011206675
					,  -0.383755495936577,  0.0644413051873472,  -0.41685398309611
					,  -0.0364461565780291,  -0.0776785760469787,  -0.128494610826224
					,  -0.375637874510747,  -0.107421915832901,  0.0421812430077405
					,  0.0666824961436434,  0.11859161626466,  -0.83496546805365
					,  0.244062729217322,  -0.0442494810507997,  0.144658600037603
					,  0.283360361544629,  -0.856577854038694,  0.023453825306267
					,  -0.350994563506645,  0.338856122480066,  -0.167589527723703
					,  0.432545121379429,  0.333807407526245,  0.00756154663251012
					,  0.0397909617699078,  0.125465987102757,  0.518258239693198
					,  -0.400581876824384,  -0.0939200929722001,  -0.973050448332581
					,  0.835088010542695,  -0.345351972103506,  -0.0986256493185192
					,  -0.272974652183276,  -0.436707522093902,  0.13769682202403
					,  -0.424889840029884,  -0.333452233001742,  -0.0625871080849235
					,  -1.34813777668934,  0.689724509966861,  0.224876111224275
					,  0.459375974441438,  -0.503525798635235,  -0.977460678161036
					,  -0.643813235337527,  0.0341131460644849,  -0.296485033778288
					,  0.247985335451601,  -0.318561359868638,  0.189856309518152
					,  0.201889462788793,  0.598370025638398,  -0.317312901282363
					,  0.842626440525541,  0.36358276939568,  0.138625824032212
					,  0.18497498513806,  -0.0212244023151278,  0.0222050330362368
					,  -0.854061076735611,  -0.0106020634247259,  1.49203848114835
					,  0.556184332853897,  0.120476042433628,  -0.0936343601790461
					,  -0.172081480432235,  0.149769587514668,  -0.139929283449411
					,  0.111808064657612,  0.545766084344508,  -0.0621447152683164
					,  0.186900280022453,  -0.0682854125982973,  -0.0553250920030281
					,  -0.294372212537463,  -0.194439853263375,  -0.367738824776276
					,  0.134548114952525,  -0.0741177859185501,  0.0590526433684897
					,  0.323888891318863,  -0.20872083174838,  0.160730541319729
					,  -0.131154521240279,  -0.0369434737432309,  0.13778787351577
					,  -0.284611146505099,  -0.100832702829324,  -0.945592634833019
					,  -0.504330736226038,  -0.642111792728928,  -0.360284307380775
					,  -0.178194899168391,  -0.839392981873564,  0.790410784349596
					,  -0.270354931719675,  0.787461082469111,  0.452663245879043
					))
				, nrow = 60, ncol = 3
				, dimnames = list(
					as.character(c( "1", "2", "3", "4", "5", "6", "7", "8", "9", "10"
					  , "11", "12", "13", "14", "15", "16", "17", "18", "19", "20"
					  , "21", "22", "23", "24", "25", "26", "27", "28", "29", "30"
					  , "31", "32", "33", "34", "35", "36", "37", "38", "39", "40"
					  , "41", "42", "43", "44", "45", "46", "47", "48", "49", "50"
					  , "51", "52", "53", "54", "55", "56", "57", "58", "59", "60"))
					, as.character(c("nVmax", "nKm", "nV"))
					)
				))
			)
		, "logLik" = c(-3431.39)
		, "nObs" = c(480)
		, "nSubj" = c(60)
		, "nParm" = c(12)
		, "returnCode" = c(1)
		, "omega" = matrix(
			as.numeric(c(0.0905139735483047, 0, 0, 0, 0.20568732862873, 0, 0, 0, 0.304523452033878))
			, nrow = 3, ncol = 3
			, dimnames = list(
				as.character(c("nVmax", "nKm", "nV"))
				, as.character(c("nVmax", "nKm", "nV"))
				)
			)
		, "eta" = matrix(
			as.numeric(c(0.00135417789216926, -0.0137775114539579, -0.0184681054880102, 0.0322310020624551, 0.159159826944585, 0.234973045933092, 0.179529947536491, 0.398948401356096, 0.484740183947124, 0.4032683285307, 0.120343815815478, 0.121587208863629))
			, nrow = 3, ncol = 4
			, dimnames = list(
				as.character(c("nVmax", "nKm", "nV"))
				, as.character(c("mean", "var", "sd", "shrinkage"))
				)
			)
		, "eta_shrinkage" = list("Subject" = matrix(
			as.numeric(c(
				 0.296213685471408,  0.960989435057522,  0.751091976713248
				,  0.725155653499543,  0.589342453272589,  0.331520281433961
				,  0.330139023066561,  0.654984331531811,  0.727309301672313
				,  0.469600448597891,  0.71154749631697,  0.493899258296765
				,  0.639752956272801,  0.955215927325222,  0.585509865765165
				,  0.936221232095093,  0.903305070453317,  0.840008233184089
				,  0.843691881074596,  0.796981287416698,  0.895724791635929
				,  0.420953033540401,  0.710835192209111,  0.931933641823292
				,  0.857063404126984,  0.670924946280777,  0.711946975317862
				,  0.577178863778207,  0.695363421187312,  0.621207413345717
				,  0.745478980346544,  0.880140175562827,  0.198593509724032
				,  0.828196863884921,  0.612098724384311,  0.709823738559013
				,  0.652488510364647,  0.172387186623565,  0.514864483314024
				,  0.545190622368287,  0.757743551956703,  0.607177928778266
				,  0.893403887930417,  0.703345840387753,  0.719060698714484
				,  0.666718928774892,  0.712637678219667,  0.882600958116921
				,  0.500115500279092,  0.612015608757479,  0.0610460122611871
				,  0.80657981872228,  0.294696827205885,  0.425701155259066
				,  0.445202170752474,  0.10005262426904,  0.917646746925987
				,  0.322305561296967,  0.821659084687126,  0.823173149423268
				,  0.208637791732101,  0.228871018976101,  0.218728630002585
				,  0.218603839784329,  0.220233262309244,  0.191553170324849
				,  0.207841027033406,  0.21656889786831,  0.221476787035053
				,  0.219388842463316,  0.211120231207344,  0.216408327056415
				,  0.231383557930654,  0.229686469666209,  0.217150904679335
				,  0.233294775522669,  0.232894187134354,  0.225231561886358
				,  0.23149454679352,  0.230736526992614,  0.232669358544493
				,  0.228195072648016,  0.225757050685801,  0.230881335184747
				,  0.221952573460755,  0.233719526859712,  0.217751421616024
				,  0.189928927310491,  0.219125752806095,  0.215462993808071
				,  0.225107855866732,  0.218192413287109,  0.246572223233235
				,  0.219833703352506,  0.232135557118314,  0.217212716881559
				,  0.223362677815197,  0.202220955788053,  0.20743600431805
				,  0.215889143208995,  0.226417123394906,  0.208974460466253
				,  0.236629951560507,  0.215412479661478,  0.213019394450493
				,  0.216686241799336,  0.212323965729504,  0.230150905417728
				,  0.202759521728229,  0.203328981029226,  0.202684659392
				,  0.229605861140562,  0.207291503036457,  0.207850613978083
				,  0.225978544874259,  0.205223555166134,  0.227113374859547
				,  0.205212180879465,  0.212700163678634,  0.22557197963578
				,  0.236933819800594,  0.420169352216511,  0.250679514212426
				,  0.256009158472587,  0.245901710813124,  0.30135439318436
				,  0.241160070069782,  0.246145913267255,  0.244010111439203
				,  0.231575405675197,  0.248140594224883,  0.257560194490959
				,  0.223679296315414,  0.346889873432244,  0.23217226537203
				,  0.299513946566454,  0.279681096010588,  0.239763150034125
				,  0.23342226290741,  0.232345077863152,  0.249150150322644
				,  0.189870468509026,  0.23852174835054,  0.308014343442244
				,  0.251111652296237,  0.237352470569245,  0.225150253465838
				,  0.341613120244546,  0.255520500255079,  0.268565513427478
				,  0.246041618520794,  0.279560950083741,  0.162797764081916
				,  0.276555946040388,  0.229546274117085,  0.238186238523983
				,  0.236069970980863,  0.228673882663799,  0.257369373122235
				,  0.244956469985898,  0.259992953465027,  0.29729841794532
				,  0.256569730297853,  0.267453717157399,  0.282216517839893
				,  0.269315913634898,  0.257890662822848,  0.238944767984395
				,  0.246996277847582,  0.277391497606711,  0.195147302310555
				,  0.224135453349143,  0.227564204127339,  0.252204989974557
				,  0.229874574514193,  0.217182491247704,  0.283084976682702
				,  0.254081949494791,  0.31035218251043,  0.2415501827502
				))
			, nrow = 60, ncol = 3
			, dimnames = list(
				as.character(c( "1", "2", "3", "4", "5", "6", "7", "8", "9", "10"
				  , "11", "12", "13", "14", "15", "16", "17", "18", "19", "20"
				  , "21", "22", "23", "24", "25", "26", "27", "28", "29", "30"
				  , "31", "32", "33", "34", "35", "36", "37", "38", "39", "40"
				  , "41", "42", "43", "44", "45", "46", "47", "48", "49", "50"
				  , "51", "52", "53", "54", "55", "56", "57", "58", "59", "60"))
				, as.character(c("nVmax_shrinkage", "nKm_shrinkage", "nV_shrinkage"))
				)
			))
		, "sigma" = matrix(
			as.numeric(c(0.210448160365989))
			, nrow = 1, ncol = 1
			, dimnames = list(
				as.character(c("CEps"))
				, as.character(c("CEps"))
				)
			)
		, "method" = "FOCE-ELS"
		, "varFix" = matrix(
			as.numeric(c(0.133154517521169, -0.000401613686438169, -26.9184303822152, -14.1592781672891, 0.54179917392767, 0.0664710333234166, 0.31041291081533, 74.9631045296292, -21.2849863166501, -0.000401613686438169, 0.00130310214459513, 1.57950615230921, -0.141757050869149, 0.171888977769541, 0.000654348185002416, 0.00564346291421735, 1.18920763589042, -0.335122231485087, -26.9184303822152, 1.57950615230921, 32928.8946017133, 4622.85968543686, 394.15466772689, 5.64167426254396, 45.4798825060637, 13281.1256011197, -2981.89306856235, -14.1592781672891, -0.141757050869149, 4622.85968543686, 3304.79351639402, 412.99201637615, 20.1745311159448, 43.9574265002981, 14419.4795572208, -3389.53553770662, 0.54179917392767, 0.171888977769541, 394.15466772689, 412.99201637615, 1165.57638911995, 36.7892202966855, 53.3221048113136, 22293.310930967, -4847.77584496432, 0.0664710333234166, 0.000654348185002416, 5.64167426254396, 20.1745311159448, 36.7892202966855, 1.58721575853699, 3.39932016649606, 1101.56213079762, -263.427823217635, 0.31041291081533, 0.00564346291421735, 45.4798825060637, 43.9574265002981, 53.3221048113136, 3.39932016649606, 10.4047986839594, 2825.79883499303, -730.332926040612, 74.9631045296292, 1.18920763589042, 13281.1256011197, 14419.4795572208, 22293.310930967, 1101.56213079762, 2825.79883499303, 840705.495565514, -208744.349059188, -21.2849863166501, -0.335122231485087, -2981.89306856235, -3389.53553770662, -4847.77584496432, -263.427823217635, -730.332926040612, -208744.349059188, 52788.0700324491))
			, nrow = 9, ncol = 9
			, dimnames = list(
				as.character(c("GAMMA", "CMultStdev", "tvVmax", "tvKm", "tvV", "tvKa", "K12", "K21", "CEps"))
				, as.character(c("GAMMA", "CMultStdev", "tvVmax", "tvKm", "tvV", "tvKa", "K12", "K21", "CEps"))
				)
			)
		, "omegaSE" = matrix(
			as.numeric(c(0.0499578239471364, 0, 0, 0, 0.057071019564472, 0, 0, 0, 0.0862557151788352))
			, nrow = 3, ncol = 3, byrow = TRUE
			, dimnames = list(
				as.character(c("nVmax", "nKm", "nV"))
				, as.character(c("nVmax", "nKm", "nV"))
				)
			)
		, "Covariance" = matrix(
			as.numeric(c(0.13315452, -0.00040161369, -26.91843, -14.159278, 0.54179917, 0.066471033, 0.31041291, 74.963105, -21.284986, -0.0044491798,         0, -0.0018865833,         0,         0, 0.0096392966, -0.00040161369, 0.0013031021, 1.5795062, -0.14175705, 0.17188898, 0.00065434819, 0.0056434629, 1.1892076, -0.33512223, 0.00036278993,         0, -2.6737721e-005,         0,         0, -0.00013196517, -26.91843, 1.5795062, 32928.895, 4622.8597, 394.15467, 5.6416743, 45.479883, 13281.126, -2981.8931, 0.56832581,         0, -0.93917809,         0,         0, -0.61022213, -14.159278, -0.14175705, 4622.8597, 3304.7935, 412.99202, 20.174531, 43.957427,  14419.48, -3389.5355, 0.54162489,         0, -0.35222157,         0,         0, -2.3923718, 0.54179917, 0.17188898, 394.15467, 412.99202, 1165.5764,  36.78922, 53.322105, 22293.311, -4847.7758, 0.23400152,         0, -0.19065221,         0,         0, -1.0682358, 0.066471033, 0.00065434819, 5.6416743, 20.174531,  36.78922, 1.5872158, 3.3993202, 1101.5621, -263.42782, 0.011826932,         0, -0.017373325,         0,         0, -0.046132357, 0.31041291, 0.0056434629, 45.479883, 43.957427, 53.322105, 3.3993202, 10.404799, 2825.7988, -730.33293, 0.031962129,         0, -0.0641291,         0,         0, -0.10108621, 74.963105, 1.1892076, 13281.126,  14419.48, 22293.311, 1101.5621, 2825.7988,  840705.5, -208744.35, 8.4428394,         0, -16.209221,         0,         0, -32.952264, -21.284986, -0.33512223, -2981.8931, -3389.5355, -4847.7758, -263.42782, -730.33293, -208744.35,  52788.07, -2.2141364,         0, 4.4441744,         0,         0, 7.9481346, -0.0044491798, 0.00036278993, 0.56832581, 0.54162489, 0.23400152, 0.011826932, 0.031962129, 8.4428394, -2.2141364, 0.0024957842,         0, -0.00055273539,         0,         0, -0.0014365055,         0,         0,         0,         0,         0,         0,         0,         0,         0,         0,         0,         0,         0,         0,         0, -0.0018865833, -2.6737721e-005, -0.93917809, -0.35222157, -0.19065221, -0.017373325, -0.0641291, -16.209221, 4.4441744, -0.00055273539,         0, 0.0032571013,         0,         0, 0.00059597129,         0,         0,         0,         0,         0,         0,         0,         0,         0,         0,         0,         0,         0,         0,         0,         0,         0,         0,         0,         0,         0,         0,         0,         0,         0,         0,         0,         0,         0,         0, 0.0096392966, -0.00013196517, -0.61022213, -2.3923718, -1.0682358, -0.046132357, -0.10108621, -32.952264, 7.9481346, -0.0014365055,         0, 0.00059597129,         0,         0, 0.0074400484))
			, nrow = 15, ncol = 15
			, dimnames = list(
				as.character(c("GAMMA", "CMultStdev", "tvVmax", "tvKm", "tvV", "tvKa", "K12", "K21", "stdev0", "nVmax-nVmax", "nKm-nVmax", "nKm-nKm", "nV-nVmax", "nV-nKm", "nV-nV"))
				, as.character(c("GAMMA", "CMultStdev", "tvVmax", "tvKm", "tvV", "tvKa", "K12", "K21", "stdev0", "nVmax-nVmax", "nKm-nVmax", "nKm-nKm", "nV-nVmax", "nV-nKm", "nV-nV"))
				)
			)
		, "Correlation" = matrix(
			as.numeric(c(0.36490344, -0.03048887, -0.4065212, -0.67498014, 0.043490061, 0.14458941, 0.26372116, 0.2240514, -0.25387944, -0.24406106,         0, -0.090590445,         0,         0, 0.30625241, -0.03048887, 0.036098506, 0.24112571, -0.068309841, 0.13947245, 0.014388042, 0.048466271, 0.035929115, -0.040406024, 0.20116966,         0, -0.012978351,         0,         0, -0.042382076, -0.4065212, 0.24112571,  181.4632, 0.4431492, 0.06362206, 0.024677516, 0.077698729, 0.079822323, -0.071521333, 0.062691013,         0, -0.09068673,         0,         0, -0.038986253, -0.67498014, -0.068309841, 0.4431492, 57.487334, 0.21042586, 0.2785565, 0.2370518, 0.27356182, -0.25662569, 0.18859185,         0, -0.10735645,         0,         0, -0.48246813, 0.043490061, 0.13947245, 0.06362206, 0.21042586, 34.140539, 0.85532709, 0.48419475, 0.71216768, -0.61802247, 0.13719706,         0, -0.097848878,         0,         0, -0.3627512, 0.14458941, 0.014388042, 0.024677516, 0.2785565, 0.85532709, 1.2598475, 0.83648325, 0.95360621, -0.91007203, 0.18791031,         0, -0.24162915,         0,         0, -0.42452159, 0.26372116, 0.048466271, 0.077698729, 0.2370518, 0.48419475, 0.83648325,  3.225647, 0.95543788, -0.98545353, 0.1983423,         0, -0.3483555,         0,         0, -0.36331823, 0.2240514, 0.035929115, 0.079822323, 0.27356182, 0.71216768, 0.95360621, 0.95543788, 916.89994, -0.99088874, 0.18431602,         0, -0.30975945,         0,         0, -0.41665389, -0.25387944, -0.040406024, -0.071521333, -0.25662569, -0.61802247, -0.91007203, -0.98545353, -0.99088874, 229.75655, -0.19290033,         0, 0.3389281,         0,         0, 0.40106008, -0.24406106, 0.20116966, 0.062691013, 0.18859185, 0.13719706, 0.18791031, 0.1983423, 0.18431602, -0.19290033, 0.049957824,         0, -0.19386443,         0,         0, -0.33336186,         0,         0,         0,         0,         0,         0,         0,         0,         0,         0,         0,         0,         0,         0,         0, -0.090590445, -0.012978351, -0.09068673, -0.10735645, -0.097848878, -0.24162915, -0.3483555, -0.30975945, 0.3389281, -0.19386443,         0, 0.05707102,         0,         0, 0.1210659,         0,         0,         0,         0,         0,         0,         0,         0,         0,         0,         0,         0,         0,         0,         0,         0,         0,         0,         0,         0,         0,         0,         0,         0,         0,         0,         0,         0,         0,         0, 0.30625241, -0.042382076, -0.038986253, -0.48246813, -0.3627512, -0.42452159, -0.36331823, -0.41665389, 0.40106008, -0.33336186,         0, 0.1210659,         0,         0, 0.086255715))
			, nrow = 15, ncol = 15
			, dimnames = list(
				as.character(c("GAMMA", "CMultStdev", "tvVmax", "tvKm", "tvV", "tvKa", "K12", "K21", "stdev0", "nVmax-nVmax", "nKm-nVmax", "nKm-nKm", "nV-nVmax", "nV-nKm", "nV-nV"))
				, as.character(c("GAMMA", "CMultStdev", "tvVmax", "tvKm", "tvV", "tvKa", "K12", "K21", "stdev0", "nVmax-nVmax", "nKm-nVmax", "nKm-nKm", "nV-nVmax", "nV-nKm", "nV-nV"))
				)
			)
		, "Inverse" = matrix(
			as.numeric(c(33.426123, -8.8437391, 0.009525496, 0.1306511, 0.12639068, 6.7239461, 14.859651, 0.01719872, 0.34692932, 28.902904,         0, -5.873874,         0,         0, -27.333798, -8.8437391, 1525.5177, -0.065123672, 0.072693041, -4.6364331, 36.024335, -109.6875, 0.3786993, -0.2728469, -46.22767,         0, -8.776099,         0,         0, 84.457709, 0.009525496, -0.065123672, 6.3524873e-005, -5.6639087e-005, -3.3492349e-005, 0.024611848, -0.0075456335, -0.00012332619, -0.00046647653, -0.0015616797,         0, 0.026171736,         0,         0, -0.031503176, 0.1306511, 0.072693041, -5.6639087e-005, 0.0010946341, 0.0011192252, -0.0006348666, 0.066269423, 6.5580592e-005, 0.0013931316, 0.08896503,         0, -0.024769434,         0,         0, 0.057854826, 0.12639068, -4.6364331, -3.3492349e-005, 0.0011192252, 0.035260489, -0.30804599, 0.86847346, -0.0025335094, 0.0038354087, -0.57886894,         0, -0.20893771,         0,         0, -0.34985361, 6.7239461, 36.024335, 0.024611848, -0.0006348666, -0.30804599, 41.188058, -8.6157648, -0.13443519, -0.46961849, -19.719225,         0, 13.622059,         0,         0, -10.787171, 14.859651, -109.6875, -0.0075456335, 0.066269423, 0.86847346, -8.6157648, 52.217681, 0.073429985, 1.0665549, -9.2956479,         0, -39.770634,         0,         0, -32.541145, 0.01719872, 0.3786993, -0.00012332619, 6.5580592e-005, -0.0025335094, -0.13443519, 0.073429985, 0.0014548256, 0.0058988723, 0.18281445,         0, -0.21080214,         0,         0, -0.010295151, 0.34692932, -0.2728469, -0.00046647653, 0.0013931316, 0.0038354087, -0.46961849, 1.0665549, 0.0058988723, 0.036540581, 0.46750958,         0, -1.3744923,         0,         0, -0.62404612, 28.902904, -46.22767, -0.0015616797, 0.08896503, -0.57886894, -19.719225, -9.2956479, 0.18281445, 0.46750958, 556.92263,         0, 56.715896,         0,         0, 71.773492,         0,         0,         0,         0,         0,         0,         0,         0,         0,         0,         0,         0,         0,         0,         0, -5.873874, -8.776099, 0.026171736, -0.024769434, -0.20893771, 13.622059, -39.770634, -0.21080214, -1.3744923, 56.715896,         0, 416.65892,         0,         0, 28.028474,         0,         0,         0,         0,         0,         0,         0,         0,         0,         0,         0,         0,         0,         0,         0,         0,         0,         0,         0,         0,         0,         0,         0,         0,         0,         0,         0,         0,         0,         0, -27.333798, 84.457709, -0.031503176, 0.057854826, -0.34985361, -10.787171, -32.541145, -0.010295151, -0.62404612, 71.773492,         0, 28.028474,         0,         0, 260.76961))
			, nrow = 15, ncol = 15
			, dimnames = list(
				as.character(c("GAMMA", "CMultStdev", "tvVmax", "tvKm", "tvV", "tvKa", "K12", "K21", "stdev0", "nVmax-nVmax", "nKm-nVmax", "nKm-nKm", "nV-nVmax", "nV-nKm", "nV-nV"))
				, as.character(c("GAMMA", "CMultStdev", "tvVmax", "tvKm", "tvV", "tvKa", "K12", "K21", "stdev0", "nVmax-nVmax", "nKm-nVmax", "nKm-nKm", "nV-nVmax", "nV-nKm", "nV-nV"))
				)
			)
		, "LLTable" = data.frame(
			id = as.character(c( "1", "2", "3", "4", "5", "6", "7", "8", "9", "10", "11", "12", "13", "14", "15", "16", "17", "18", "19", "20", "21", "22", "23", "24", "25", "26", "27", "28", "29", "30", "31", "32", "33", "34", "35", "36", "37", "38", "39", "40", "41", "42", "43", "44", "45", "46", "47", "48", "49", "50", "51", "52", "53", "54", "55", "56", "57", "58", "59", "60"))
			, "LL" = c(-51.058164, -55.534595, -56.235009, -60.833517, -53.403981, -58.586332, -56.056761, -56.997414, -52.473659, -62.190918, -52.702879, -59.968007, -58.244679, -54.534657, -55.600918, -58.698272, -58.334424, -54.000932, -55.235246, -54.128333, -54.604397, -53.80009, -54.893692, -70.891152, -59.338588, -56.139131, -55.207631, -62.889859, -56.96513, -55.329758, -55.666989, -58.662248, -58.448434, -55.675357, -54.256316, -56.322923, -52.867254, -65.458125, -53.715502, -59.466208, -53.311818, -61.001604, -55.622386, -54.362231, -58.036944, -56.191697, -55.041433, -54.632435, -60.169412, -56.911434, -62.267432, -50.393308, -59.812641, -57.292034, -56.829342, -59.192181, -60.583704, -58.779135, -64.757139, -60.781014)
			) # end of LLTable
		, "residuals" = data.frame(
			  ID1 = as.character(c(  "",   "",   "",   "",   "",   "",   "",   "",   "",   "",   "",   "",   "",   "",   "",   "",   "",   "",   "",   "",   "",   "",   "",   "",   "",   "",   "",   "",   "",   "",   "",   "",   "",   "",   "",   "",   "",   "",   "",   "",   "",   "",   "",   "",   "",   "",   "",   "",   "",   "",   "",   "",   "",   "",   "",   "",   "",   "",   "",   "",   "",   "",   "",   "",   "",   "",   "",   "",   "",   "",   "",   "",   "",   "",   "",   "",   "",   "",   "",   "",   "",   "",   "",   "",   "",   "",   "",   "",   "",   "",   "",   "",   "",   "",   "",   "",   "",   "",   "",   "",   "",   "",   "",   "",   "",   "",   "",   "",   "",   "",   "",   "",   "",   "",   "",   "",   "",   "",   "",   "",   "",   "",   "",   "",   "",   "",   "",   "",   "",   "",   "",   "",   "",   "",   "",   "",   "",   "",   "",   "",   "",   "",   "",   "",   "",   "",   "",   "",   "",   "",   "",   "",   "",   "",   "",   "",   "",   "",   "",   "",   "",   "",   "",   "",   "",   "",   "",   "",   "",   "",   "",   "",   "",   "",   "",   "",   "",   "",   "",   "",   "",   "",   "",   "",   "",   "",   "",   "",   "",   "",   "",   "",   "",   "",   "",   "",   "",   "",   "",   "",   "",   "",   "",   "",   "",   "",   "",   "",   "",   "",   "",   "",   "",   "",   "",   "",   "",   "",   "",   "",   "",   "",   "",   "",   "",   "",   "",   "",   "",   "",   "",   "",   "",   "",   "",   "",   "",   "",   "",   "",   "",   "",   "",   "",   "",   "",   "",   "",   "",   "",   "",   "",   "",   "",   "",   "",   "",   "",   "",   "",   "",   "",   "",   "",   "",   "",   "",   "",   "",   "",   "",   "",   "",   "",   "",   "",   "",   "",   "",   "",   "",   "",   "",   "",   "",   "",   "",   "",   "",   "",   "",   "",   "",   "",   "",   "",   "",   "",   "",   "",   "",   "",   "",   "",   "",   "",   "",   "",   "",   "",   "",   "",   "",   "",   "",   "",   "",   "",   "",   "",   "",   "",   "",   "",   "",   "",   "",   "",   "",   "",   "",   "",   "",   "",   "",   "",   "",   "",   "",   "",   "",   "",   "",   "",   "",   "",   "",   "",   "",   "",   "",   "",   "",   "",   "",   "",   "",   "",   "",   "",   "",   "",   "",   "",   "",   "",   "",   "",   "",   "",   "",   "",   "",   "",   "",   "",   "",   "",   "",   "",   "",   "",   "",   "",   "",   "",   "",   "",   "",   "",   "",   "",   "",   "",   "",   "",   "",   "",   "",   "",   "",   "",   "",   "",   "",   "",   "",   "",   "",   "",   "",   "",   "",   "",   "",   "",   "",   "",   "",   "",   "",   "",   "",   "",   "",   "",   "",   "",   "",   "",   "",   "",   "",   "",   "",   "",   "",   "",   "",   "",   "",   "",   "",   "",   "",   "",   "",   "",   "",   "",   "",   "",   "",   "",   "",   "",   "",   "",   "",   "",   "",   "",   "",   "",   "",   "",   "",   "",   "",   "",   "",   "",   "",   "",   "",   "",   "",   "",   "",   ""))
			, ID2 = as.character(c(  "",   "",   "",   "",   "",   "",   "",   "",   "",   "",   "",   "",   "",   "",   "",   "",   "",   "",   "",   "",   "",   "",   "",   "",   "",   "",   "",   "",   "",   "",   "",   "",   "",   "",   "",   "",   "",   "",   "",   "",   "",   "",   "",   "",   "",   "",   "",   "",   "",   "",   "",   "",   "",   "",   "",   "",   "",   "",   "",   "",   "",   "",   "",   "",   "",   "",   "",   "",   "",   "",   "",   "",   "",   "",   "",   "",   "",   "",   "",   "",   "",   "",   "",   "",   "",   "",   "",   "",   "",   "",   "",   "",   "",   "",   "",   "",   "",   "",   "",   "",   "",   "",   "",   "",   "",   "",   "",   "",   "",   "",   "",   "",   "",   "",   "",   "",   "",   "",   "",   "",   "",   "",   "",   "",   "",   "",   "",   "",   "",   "",   "",   "",   "",   "",   "",   "",   "",   "",   "",   "",   "",   "",   "",   "",   "",   "",   "",   "",   "",   "",   "",   "",   "",   "",   "",   "",   "",   "",   "",   "",   "",   "",   "",   "",   "",   "",   "",   "",   "",   "",   "",   "",   "",   "",   "",   "",   "",   "",   "",   "",   "",   "",   "",   "",   "",   "",   "",   "",   "",   "",   "",   "",   "",   "",   "",   "",   "",   "",   "",   "",   "",   "",   "",   "",   "",   "",   "",   "",   "",   "",   "",   "",   "",   "",   "",   "",   "",   "",   "",   "",   "",   "",   "",   "",   "",   "",   "",   "",   "",   "",   "",   "",   "",   "",   "",   "",   "",   "",   "",   "",   "",   "",   "",   "",   "",   "",   "",   "",   "",   "",   "",   "",   "",   "",   "",   "",   "",   "",   "",   "",   "",   "",   "",   "",   "",   "",   "",   "",   "",   "",   "",   "",   "",   "",   "",   "",   "",   "",   "",   "",   "",   "",   "",   "",   "",   "",   "",   "",   "",   "",   "",   "",   "",   "",   "",   "",   "",   "",   "",   "",   "",   "",   "",   "",   "",   "",   "",   "",   "",   "",   "",   "",   "",   "",   "",   "",   "",   "",   "",   "",   "",   "",   "",   "",   "",   "",   "",   "",   "",   "",   "",   "",   "",   "",   "",   "",   "",   "",   "",   "",   "",   "",   "",   "",   "",   "",   "",   "",   "",   "",   "",   "",   "",   "",   "",   "",   "",   "",   "",   "",   "",   "",   "",   "",   "",   "",   "",   "",   "",   "",   "",   "",   "",   "",   "",   "",   "",   "",   "",   "",   "",   "",   "",   "",   "",   "",   "",   "",   "",   "",   "",   "",   "",   "",   "",   "",   "",   "",   "",   "",   "",   "",   "",   "",   "",   "",   "",   "",   "",   "",   "",   "",   "",   "",   "",   "",   "",   "",   "",   "",   "",   "",   "",   "",   "",   "",   "",   "",   "",   "",   "",   "",   "",   "",   "",   "",   "",   "",   "",   "",   "",   "",   "",   "",   "",   "",   "",   "",   "",   "",   "",   "",   "",   "",   "",   "",   "",   "",   "",   "",   "",   "",   "",   "",   "",   "",   "",   "",   "",   "",   "",   "",   "",   "",   "",   "",   "",   "",   "",   ""))
			, ID3 = as.character(c(  "",   "",   "",   "",   "",   "",   "",   "",   "",   "",   "",   "",   "",   "",   "",   "",   "",   "",   "",   "",   "",   "",   "",   "",   "",   "",   "",   "",   "",   "",   "",   "",   "",   "",   "",   "",   "",   "",   "",   "",   "",   "",   "",   "",   "",   "",   "",   "",   "",   "",   "",   "",   "",   "",   "",   "",   "",   "",   "",   "",   "",   "",   "",   "",   "",   "",   "",   "",   "",   "",   "",   "",   "",   "",   "",   "",   "",   "",   "",   "",   "",   "",   "",   "",   "",   "",   "",   "",   "",   "",   "",   "",   "",   "",   "",   "",   "",   "",   "",   "",   "",   "",   "",   "",   "",   "",   "",   "",   "",   "",   "",   "",   "",   "",   "",   "",   "",   "",   "",   "",   "",   "",   "",   "",   "",   "",   "",   "",   "",   "",   "",   "",   "",   "",   "",   "",   "",   "",   "",   "",   "",   "",   "",   "",   "",   "",   "",   "",   "",   "",   "",   "",   "",   "",   "",   "",   "",   "",   "",   "",   "",   "",   "",   "",   "",   "",   "",   "",   "",   "",   "",   "",   "",   "",   "",   "",   "",   "",   "",   "",   "",   "",   "",   "",   "",   "",   "",   "",   "",   "",   "",   "",   "",   "",   "",   "",   "",   "",   "",   "",   "",   "",   "",   "",   "",   "",   "",   "",   "",   "",   "",   "",   "",   "",   "",   "",   "",   "",   "",   "",   "",   "",   "",   "",   "",   "",   "",   "",   "",   "",   "",   "",   "",   "",   "",   "",   "",   "",   "",   "",   "",   "",   "",   "",   "",   "",   "",   "",   "",   "",   "",   "",   "",   "",   "",   "",   "",   "",   "",   "",   "",   "",   "",   "",   "",   "",   "",   "",   "",   "",   "",   "",   "",   "",   "",   "",   "",   "",   "",   "",   "",   "",   "",   "",   "",   "",   "",   "",   "",   "",   "",   "",   "",   "",   "",   "",   "",   "",   "",   "",   "",   "",   "",   "",   "",   "",   "",   "",   "",   "",   "",   "",   "",   "",   "",   "",   "",   "",   "",   "",   "",   "",   "",   "",   "",   "",   "",   "",   "",   "",   "",   "",   "",   "",   "",   "",   "",   "",   "",   "",   "",   "",   "",   "",   "",   "",   "",   "",   "",   "",   "",   "",   "",   "",   "",   "",   "",   "",   "",   "",   "",   "",   "",   "",   "",   "",   "",   "",   "",   "",   "",   "",   "",   "",   "",   "",   "",   "",   "",   "",   "",   "",   "",   "",   "",   "",   "",   "",   "",   "",   "",   "",   "",   "",   "",   "",   "",   "",   "",   "",   "",   "",   "",   "",   "",   "",   "",   "",   "",   "",   "",   "",   "",   "",   "",   "",   "",   "",   "",   "",   "",   "",   "",   "",   "",   "",   "",   "",   "",   "",   "",   "",   "",   "",   "",   "",   "",   "",   "",   "",   "",   "",   "",   "",   "",   "",   "",   "",   "",   "",   "",   "",   "",   "",   "",   "",   "",   "",   "",   "",   "",   "",   "",   "",   "",   "",   "",   "",   "",   "",   "",   "",   "",   "",   "",   "",   "",   "",   "",   ""))
			, ID4 = as.character(c(  "",   "",   "",   "",   "",   "",   "",   "",   "",   "",   "",   "",   "",   "",   "",   "",   "",   "",   "",   "",   "",   "",   "",   "",   "",   "",   "",   "",   "",   "",   "",   "",   "",   "",   "",   "",   "",   "",   "",   "",   "",   "",   "",   "",   "",   "",   "",   "",   "",   "",   "",   "",   "",   "",   "",   "",   "",   "",   "",   "",   "",   "",   "",   "",   "",   "",   "",   "",   "",   "",   "",   "",   "",   "",   "",   "",   "",   "",   "",   "",   "",   "",   "",   "",   "",   "",   "",   "",   "",   "",   "",   "",   "",   "",   "",   "",   "",   "",   "",   "",   "",   "",   "",   "",   "",   "",   "",   "",   "",   "",   "",   "",   "",   "",   "",   "",   "",   "",   "",   "",   "",   "",   "",   "",   "",   "",   "",   "",   "",   "",   "",   "",   "",   "",   "",   "",   "",   "",   "",   "",   "",   "",   "",   "",   "",   "",   "",   "",   "",   "",   "",   "",   "",   "",   "",   "",   "",   "",   "",   "",   "",   "",   "",   "",   "",   "",   "",   "",   "",   "",   "",   "",   "",   "",   "",   "",   "",   "",   "",   "",   "",   "",   "",   "",   "",   "",   "",   "",   "",   "",   "",   "",   "",   "",   "",   "",   "",   "",   "",   "",   "",   "",   "",   "",   "",   "",   "",   "",   "",   "",   "",   "",   "",   "",   "",   "",   "",   "",   "",   "",   "",   "",   "",   "",   "",   "",   "",   "",   "",   "",   "",   "",   "",   "",   "",   "",   "",   "",   "",   "",   "",   "",   "",   "",   "",   "",   "",   "",   "",   "",   "",   "",   "",   "",   "",   "",   "",   "",   "",   "",   "",   "",   "",   "",   "",   "",   "",   "",   "",   "",   "",   "",   "",   "",   "",   "",   "",   "",   "",   "",   "",   "",   "",   "",   "",   "",   "",   "",   "",   "",   "",   "",   "",   "",   "",   "",   "",   "",   "",   "",   "",   "",   "",   "",   "",   "",   "",   "",   "",   "",   "",   "",   "",   "",   "",   "",   "",   "",   "",   "",   "",   "",   "",   "",   "",   "",   "",   "",   "",   "",   "",   "",   "",   "",   "",   "",   "",   "",   "",   "",   "",   "",   "",   "",   "",   "",   "",   "",   "",   "",   "",   "",   "",   "",   "",   "",   "",   "",   "",   "",   "",   "",   "",   "",   "",   "",   "",   "",   "",   "",   "",   "",   "",   "",   "",   "",   "",   "",   "",   "",   "",   "",   "",   "",   "",   "",   "",   "",   "",   "",   "",   "",   "",   "",   "",   "",   "",   "",   "",   "",   "",   "",   "",   "",   "",   "",   "",   "",   "",   "",   "",   "",   "",   "",   "",   "",   "",   "",   "",   "",   "",   "",   "",   "",   "",   "",   "",   "",   "",   "",   "",   "",   "",   "",   "",   "",   "",   "",   "",   "",   "",   "",   "",   "",   "",   "",   "",   "",   "",   "",   "",   "",   "",   "",   "",   "",   "",   "",   "",   "",   "",   "",   "",   "",   "",   "",   "",   "",   "",   "",   "",   "",   "",   "",   "",   "",   "",   "",   "",   ""))
			, ID5 = as.character(c( "1",  "1",  "1",  "1",  "1",  "1",  "1",  "1",  "2",  "2",  "2",  "2",  "2",  "2",  "2",  "2",  "3",  "3",  "3",  "3",  "3",  "3",  "3",  "3",  "4",  "4",  "4",  "4",  "4",  "4",  "4",  "4",  "5",  "5",  "5",  "5",  "5",  "5",  "5",  "5",  "6",  "6",  "6",  "6",  "6",  "6",  "6",  "6",  "7",  "7",  "7",  "7",  "7",  "7",  "7",  "7",  "8",  "8",  "8",  "8",  "8",  "8",  "8",  "8",  "9",  "9",  "9",  "9",  "9",  "9",  "9",  "9", "10", "10", "10", "10", "10", "10", "10", "10", "11", "11", "11", "11", "11", "11", "11", "11", "12", "12", "12", "12", "12", "12", "12", "12", "13", "13", "13", "13", "13", "13", "13", "13", "14", "14", "14", "14", "14", "14", "14", "14", "15", "15", "15", "15", "15", "15", "15", "15", "16", "16", "16", "16", "16", "16", "16", "16", "17", "17", "17", "17", "17", "17", "17", "17", "18", "18", "18", "18", "18", "18", "18", "18", "19", "19", "19", "19", "19", "19", "19", "19", "20", "20", "20", "20", "20", "20", "20", "20", "21", "21", "21", "21", "21", "21", "21", "21", "22", "22", "22", "22", "22", "22", "22", "22", "23", "23", "23", "23", "23", "23", "23", "23", "24", "24", "24", "24", "24", "24", "24", "24", "25", "25", "25", "25", "25", "25", "25", "25", "26", "26", "26", "26", "26", "26", "26", "26", "27", "27", "27", "27", "27", "27", "27", "27", "28", "28", "28", "28", "28", "28", "28", "28", "29", "29", "29", "29", "29", "29", "29", "29", "30", "30", "30", "30", "30", "30", "30", "30", "31", "31", "31", "31", "31", "31", "31", "31", "32", "32", "32", "32", "32", "32", "32", "32", "33", "33", "33", "33", "33", "33", "33", "33", "34", "34", "34", "34", "34", "34", "34", "34", "35", "35", "35", "35", "35", "35", "35", "35", "36", "36", "36", "36", "36", "36", "36", "36", "37", "37", "37", "37", "37", "37", "37", "37", "38", "38", "38", "38", "38", "38", "38", "38", "39", "39", "39", "39", "39", "39", "39", "39", "40", "40", "40", "40", "40", "40", "40", "40", "41", "41", "41", "41", "41", "41", "41", "41", "42", "42", "42", "42", "42", "42", "42", "42", "43", "43", "43", "43", "43", "43", "43", "43", "44", "44", "44", "44", "44", "44", "44", "44", "45", "45", "45", "45", "45", "45", "45", "45", "46", "46", "46", "46", "46", "46", "46", "46", "47", "47", "47", "47", "47", "47", "47", "47", "48", "48", "48", "48", "48", "48", "48", "48", "49", "49", "49", "49", "49", "49", "49", "49", "50", "50", "50", "50", "50", "50", "50", "50", "51", "51", "51", "51", "51", "51", "51", "51", "52", "52", "52", "52", "52", "52", "52", "52", "53", "53", "53", "53", "53", "53", "53", "53", "54", "54", "54", "54", "54", "54", "54", "54", "55", "55", "55", "55", "55", "55", "55", "55", "56", "56", "56", "56", "56", "56", "56", "56", "57", "57", "57", "57", "57", "57", "57", "57", "58", "58", "58", "58", "58", "58", "58", "58", "59", "59", "59", "59", "59", "59", "59", "59", "60", "60", "60", "60", "60", "60", "60", "60"))
