TABLE NO.     1: First Order Conditional Estimation with Interaction: Problem=1 Subproblem=0 Superproblem1=0 Iteration1=0 Superproblem2=0 Iteration2=0
 NAME         THETA1       THETA2       THETA3       THETA4       THETA5       THETA6       THETA7       THETA8       SIGMA(1,1)   SIGMA(2,1)   SIGMA(2,2)   OMEGA(1,1)   OMEGA(2,1)   OMEGA(2,2)
 THETA1        4.58251E-01  5.25159E-01  5.97591E+01  2.47750E+03 -1.30584E+02  1.60289E+03 -1.90570E+02 -7.18051E+02 -2.46222E+05  0.00000E+00  8.17223E+03  9.05967E+03  7.82072E+02  4.68526E+02
 THETA2        5.25159E-01  8.87298E-01  6.60105E+01  1.39561E+03 -2.19042E+02  2.32286E+03 -9.41914E+02 -9.92115E+02 -3.71234E+04  0.00000E+00 -4.25233E+03 -6.02645E+03 -5.72121E+02 -3.48745E+02
 THETA3        5.97591E+01  6.60105E+01  7.81876E+03  3.36162E+05 -1.63914E+04  2.04631E+05 -1.82953E+04 -9.21867E+04 -3.43395E+07  0.00000E+00  1.18947E+06  1.33049E+06  1.15347E+05  6.91340E+04
 THETA4        2.47750E+03  1.39561E+03  3.36162E+05  2.08287E+07 -3.48323E+05  6.18628E+06  2.67780E+06 -3.03391E+06 -2.58901E+09  0.00000E+00  1.14052E+08  1.33159E+08  1.17621E+07  7.07601E+06
 THETA5       -1.30584E+02 -2.19042E+02 -1.63914E+04 -3.48323E+05  5.44994E+04 -5.76640E+05  2.33063E+05  2.45020E+05  9.54195E+06  0.00000E+00  1.03854E+06  1.47508E+06  1.40263E+05  8.53837E+04
 THETA6        1.60289E+03  2.32286E+03  2.04631E+05  6.18628E+06 -5.76640E+05  6.44401E+06 -1.91077E+06 -2.79558E+06 -4.39672E+08  0.00000E+00  5.16352E+06  3.47030E+06  2.09788E+05  1.16157E+05
 THETA7       -1.90570E+02 -9.41914E+02 -1.82953E+04  2.67780E+06  2.33063E+05 -1.91077E+06  1.93458E+06  7.24623E+05 -5.26706E+08  0.00000E+00  3.15485E+07  3.83370E+07  3.44338E+06  2.07717E+06
 THETA8       -7.18051E+02 -9.92115E+02 -9.21867E+04 -3.03391E+06  2.45020E+05 -2.79558E+06  7.24623E+05  1.23544E+06  2.41125E+08  0.00000E+00 -4.76905E+06 -4.51120E+06 -3.58589E+05 -2.11584E+05
 SIGMA(1,1)   -2.46222E+05 -3.71234E+04 -3.43395E+07 -2.58901E+09  9.54195E+06 -4.39672E+08 -5.26706E+08  2.41125E+08  3.45669E+11  0.00000E+00 -1.62432E+10 -1.91473E+10 -1.69838E+09 -1.02226E+09
 SIGMA(2,1)    0.00000E+00  0.00000E+00  0.00000E+00  0.00000E+00  0.00000E+00  0.00000E+00  0.00000E+00  0.00000E+00  0.00000E+00  0.00000E+00  0.00000E+00  0.00000E+00  0.00000E+00  0.00000E+00
 SIGMA(2,2)    8.17223E+03 -4.25233E+03  1.18947E+06  1.14052E+08  1.03854E+06  5.16352E+06  3.15485E+07 -4.76905E+06 -1.62432E+10  0.00000E+00  8.04108E+08  9.54766E+08  8.49456E+07  5.11568E+07
 OMEGA(1,1)    9.05967E+03 -6.02645E+03  1.33049E+06  1.33159E+08  1.47508E+06  3.47030E+06  3.83370E+07 -4.51120E+06 -1.91473E+10  0.00000E+00  9.54766E+08  1.13476E+09  1.01000E+08  6.08298E+07
 OMEGA(2,1)    7.82072E+02 -5.72121E+02  1.15347E+05  1.17621E+07  1.40263E+05  2.09788E+05  3.44338E+06 -3.58589E+05 -1.69838E+09  0.00000E+00  8.49456E+07  1.01000E+08  8.99284E+06  5.41523E+06
 OMEGA(2,2)    4.68526E+02 -3.48745E+02  6.91340E+04  7.07601E+06  8.53837E+04  1.16157E+05  2.07717E+06 -2.11584E+05 -1.02226E+09  0.00000E+00  5.11568E+07  6.08298E+07  5.41523E+06  3.26215E+06
