TABLE NO.     1: First Order Conditional Estimation with Interaction: Problem=1 Subproblem=0 Superproblem1=0 Iteration1=0 Superproblem2=0 Iteration2=0
 NAME         THETA1       THETA2       THETA3       THETA4       THETA5       THETA6       THETA7       THETA8       SIGMA(1,1)   SIGMA(2,1)   SIGMA(2,2)   OMEGA(1,1)   OMEGA(2,1)   OMEGA(2,2)
 THETA1        1.31361E+00 -1.84568E+00 -3.68728E+01 -2.71901E+04  2.84027E+03  2.88832E+03 -2.31742E+03  2.68175E+04 -2.35776E+03  0.00000E+00 -4.05224E+03 -5.09525E+00 -3.56798E+02 -6.81879E+01
 THETA2       -1.84568E+00  2.80701E+00  5.69770E+01  3.76314E+04 -3.85071E+03 -3.91274E+03  3.22728E+03 -3.74862E+04  8.47909E+05  0.00000E+00 -1.30593E+04  1.41736E+03 -7.98866E+03 -1.04976E+03
 THETA3       -3.68728E+01  5.69770E+01  1.16124E+03  7.49414E+05 -7.63457E+04 -7.75766E+04  6.43667E+04 -7.48213E+05  2.06090E+07  0.00000E+00 -3.42362E+05  3.44402E+04 -1.96481E+05 -2.59478E+04
 THETA4       -2.71901E+04  3.76314E+04  7.49414E+05  5.64386E+08 -5.91670E+07 -6.01698E+07  4.80471E+07 -5.55648E+08 -2.20225E+09  0.00000E+00  1.33861E+08 -3.65291E+06  3.00103E+07  4.46595E+06
 THETA5        2.84027E+03 -3.85071E+03 -7.63457E+04 -5.91670E+07  6.23305E+06  6.34049E+06 -5.02974E+06  5.81137E+07  5.47616E+08  0.00000E+00 -2.10341E+07  9.11775E+05 -6.32720E+06 -8.97130E+05
 THETA6        2.88832E+03 -3.91274E+03 -7.75766E+04 -6.01698E+07  6.34049E+06  6.45369E+06 -5.11570E+06  5.91005E+07  5.73080E+08  0.00000E+00 -2.17503E+07  9.54019E+05 -6.59752E+06 -9.33994E+05
 THETA7       -2.31742E+03  3.22728E+03  6.43667E+04  4.80471E+07 -5.02974E+06 -5.11570E+06  4.09253E+06 -4.73403E+07 -1.08948E+08  0.00000E+00  9.66062E+06 -1.79768E+05  1.76632E+06  2.73737E+05
 THETA8        2.68175E+04 -3.74862E+04 -7.48213E+05 -5.55648E+08  5.81137E+07  5.91005E+07 -4.73403E+07  5.47707E+08  7.05965E+08  0.00000E+00 -9.94758E+07  1.15432E+06 -1.48627E+07 -2.41558E+06
 SIGMA(1,1)   -2.35776E+03  8.47909E+05  2.06090E+07 -2.20225E+09  5.47616E+08  5.73080E+08 -1.08948E+08  7.05965E+08  3.35661E+12  0.00000E+00 -7.45208E+10  5.60371E+09 -3.37404E+10 -4.55205E+09
 SIGMA(2,1)    0.00000E+00  0.00000E+00  0.00000E+00  0.00000E+00  0.00000E+00  0.00000E+00  0.00000E+00  0.00000E+00  0.00000E+00  0.00000E+00  0.00000E+00  0.00000E+00  0.00000E+00  0.00000E+00
 SIGMA(2,2)   -4.05224E+03 -1.30593E+04 -3.42362E+05  1.33861E+08 -2.10341E+07 -2.17503E+07  9.66062E+06 -9.94758E+07 -7.45208E+10  0.00000E+00  1.66728E+09 -1.24404E+08  7.50266E+08  1.01284E+08
 OMEGA(1,1)   -5.09525E+00  1.41736E+03  3.44402E+04 -3.65291E+06  9.11775E+05  9.54019E+05 -1.79768E+05  1.15432E+06  5.60371E+09  0.00000E+00 -1.24404E+08  9.35750E+06 -5.63280E+07 -7.59957E+06
 OMEGA(2,1)   -3.56798E+02 -7.98866E+03 -1.96481E+05  3.00103E+07 -6.32720E+06 -6.59752E+06  1.76632E+06 -1.48627E+07 -3.37404E+10  0.00000E+00  7.50266E+08 -5.63280E+07  3.39268E+08  4.57774E+07
 OMEGA(2,2)   -6.81879E+01 -1.04976E+03 -2.59478E+04  4.46595E+06 -8.97130E+05 -9.33994E+05  2.73737E+05 -2.41558E+06 -4.55205E+09  0.00000E+00  1.01284E+08 -7.59957E+06  4.57774E+07  6.17765E+06
