TABLE NO.     1: First Order Conditional Estimation with Interaction: Problem=1 Subproblem=0 Superproblem1=0 Iteration1=0 Superproblem2=0 Iteration2=0
 NAME         THETA1       THETA2       THETA3       THETA4       THETA5       THETA6       THETA7       THETA8       SIGMA(1,1)   SIGMA(2,1)   SIGMA(2,2)   OMEGA(1,1)   OMEGA(2,1)   OMEGA(2,2)
 THETA1        1.01676E+03  7.05806E-01  1.67360E-01  6.15283E-02 -2.90551E-02  1.65284E-01  3.24673E-01  2.16830E-01 -1.62795E-01  0.00000E+00 -2.58297E-01  4.92005E-01  4.07795E-01  6.44618E-02
 THETA2        7.05806E-01  3.13532E+02 -5.73332E-01  7.31140E-01 -7.24306E-01 -5.74985E-01  4.12503E-01  8.18531E-01  5.76996E-01  0.00000E+00 -6.75111E-01 -1.17985E-01  8.85227E-01 -6.16546E-01
 THETA3        1.67360E-01 -5.73332E-01  6.91158E+03 -9.65402E-01  9.77872E-01  9.99997E-01 -2.16125E-01 -9.09267E-01 -9.99966E-01  0.00000E+00  6.41855E-01  7.25507E-01 -7.76051E-01  9.52838E-01
 THETA4        6.15283E-02  7.31140E-01 -9.65402E-01  3.31281E-01 -9.81089E-01 -9.66034E-01  3.02690E-01  9.84368E-01  9.66328E-01  0.00000E+00 -7.16807E-01 -5.88103E-01  8.76144E-01 -9.55465E-01
 THETA5       -2.90551E-02 -7.24306E-01  9.77872E-01 -9.81089E-01  1.49061E+00  9.78227E-01 -2.54215E-01 -9.52552E-01 -9.78775E-01  0.00000E+00  6.95984E-01  6.42651E-01 -8.63933E-01  9.42930E-01
 THETA6        1.65284E-01 -5.74985E-01  9.99997E-01 -9.66034E-01  9.78227E-01  8.58662E+01 -2.16604E-01 -9.10234E-01 -9.99972E-01  0.00000E+00  6.42776E-01  7.24417E-01 -7.77229E-01  9.53144E-01
 THETA7        3.24673E-01  4.12503E-01 -2.16125E-01  3.02690E-01 -2.54215E-01 -2.16604E-01  3.25494E-01  4.03153E-01  2.17573E-01  0.00000E+00 -2.54611E-01 -7.95312E-02  3.48897E-01 -2.78519E-01
 THETA8        2.16830E-01  8.18531E-01 -9.09267E-01  9.84368E-01 -9.52552E-01 -9.10234E-01  4.03153E-01  2.79004E-01  9.10867E-01  0.00000E+00 -7.33810E-01 -4.87675E-01  9.12018E-01 -9.20798E-01
 SIGMA(1,1)   -1.62795E-01  5.76996E-01 -9.99966E-01  9.66328E-01 -9.78775E-01 -9.99972E-01  2.17573E-01  9.10867E-01  5.76022E-02  0.00000E+00 -6.40120E-01 -7.24181E-01  7.79616E-01 -9.52645E-01
 SIGMA(2,1)    0.00000E+00  0.00000E+00  0.00000E+00  0.00000E+00  0.00000E+00  0.00000E+00  0.00000E+00  0.00000E+00  0.00000E+00  0.00000E+00  0.00000E+00  0.00000E+00  0.00000E+00  0.00000E+00
 SIGMA(2,2)   -2.58297E-01 -6.75111E-01  6.41855E-01 -7.16807E-01  6.95984E-01  6.42776E-01 -2.54611E-01 -7.33810E-01 -6.40120E-01  0.00000E+00  2.19960E-02  2.41442E-01 -7.41130E-01  6.81181E-01
 OMEGA(1,1)    4.92005E-01 -1.17985E-01  7.25507E-01 -5.88103E-01  6.42651E-01  7.24417E-01 -7.95312E-02 -4.87675E-01 -7.24181E-01  0.00000E+00  2.41442E-01  4.08696E-02 -3.20210E-01  6.59099E-01
 OMEGA(2,1)    4.07795E-01  8.85227E-01 -7.76051E-01  8.76144E-01 -8.63933E-01 -7.77229E-01  3.48897E-01  9.12018E-01  7.79616E-01  0.00000E+00 -7.41130E-01 -3.20210E-01  8.20715E-02 -7.89708E-01
 OMEGA(2,2)    6.44618E-02 -6.16546E-01  9.52838E-01 -9.55465E-01  9.42930E-01  9.53144E-01 -2.78519E-01 -9.20798E-01 -9.52645E-01  0.00000E+00  6.81181E-01  6.59099E-01 -7.89708E-01  1.72564E-01
