TABLE NO.     1: First Order Conditional Estimation with Interaction: Problem=1 Subproblem=0 Superproblem1=0 Iteration1=0 Superproblem2=0 Iteration2=0
 NAME         THETA1       THETA2       THETA3       THETA4       THETA5       THETA6       THETA7       SIGMA(1,1)   SIGMA(2,1)   SIGMA(2,2)   OMEGA(1,1)   OMEGA(2,1)   OMEGA(2,2)
 THETA1        7.03574E+02  9.49695E-01  1.26057E-01  1.57733E-01 -4.60116E-01  1.04205E-01  2.87970E-01 -6.65699E-01  0.00000E+00 -2.12506E-01 -3.45274E-01  0.00000E+00  1.72408E-01
 THETA2        9.49695E-01  1.98446E+02  1.95733E-01  2.24983E-01 -6.57250E-01  3.51547E-02  3.38591E-01 -5.78494E-01  0.00000E+00 -2.62229E-01 -3.89659E-01  0.00000E+00  1.24870E-01
 THETA3        1.26057E-01  1.95733E-01  1.81550E+01  9.91876E-01 -5.01584E-01 -8.57554E-01  9.52207E-01 -4.34315E-01  0.00000E+00 -1.77716E-01 -7.53844E-02  0.00000E+00 -5.55245E-01
 THETA4        1.57733E-01  2.24983E-01  9.91876E-01  3.08233E-01 -5.15205E-01 -7.97740E-01  9.74890E-01 -4.85472E-01  0.00000E+00 -1.84111E-01 -1.02634E-01  0.00000E+00 -5.67007E-01
 THETA5       -4.60116E-01 -6.57250E-01 -5.01584E-01 -5.15205E-01  1.59871E-01  3.47843E-01 -5.11483E-01  2.48016E-01  0.00000E+00  2.33065E-01  4.53883E-01  0.00000E+00  2.37550E-01
 THETA6        1.04205E-01  3.51547E-02 -8.57554E-01 -7.97740E-01  3.47843E-01  6.08357E-01 -6.71022E-01  8.66485E-02  0.00000E+00  9.10377E-02 -4.67522E-02  0.00000E+00  4.55297E-01
 THETA7        2.87970E-01  3.38591E-01  9.52207E-01  9.74890E-01 -5.11483E-01 -6.71022E-01  3.44074E-01 -6.15164E-01  0.00000E+00 -1.93654E-01 -1.23268E-01  0.00000E+00 -5.33475E-01
 SIGMA(1,1)   -6.65699E-01 -5.78494E-01 -4.34315E-01 -4.85472E-01  2.48016E-01  8.66485E-02 -6.15164E-01  4.52421E-04  0.00000E+00  1.80575E-01  1.30566E-01  0.00000E+00  4.99246E-01
 SIGMA(2,1)    0.00000E+00  0.00000E+00  0.00000E+00  0.00000E+00  0.00000E+00  0.00000E+00  0.00000E+00  0.00000E+00  0.00000E+00  0.00000E+00  0.00000E+00  0.00000E+00  0.00000E+00
 SIGMA(2,2)   -2.12506E-01 -2.62229E-01 -1.77716E-01 -1.84111E-01  2.33065E-01  9.10377E-02 -1.93654E-01  1.80575E-01  0.00000E+00  1.63470E-02 -2.00623E-01  0.00000E+00 -3.60486E-02
 OMEGA(1,1)   -3.45274E-01 -3.89659E-01 -7.53844E-02 -1.02634E-01  4.53883E-01 -4.67522E-02 -1.23268E-01  1.30566E-01  0.00000E+00 -2.00623E-01  2.77067E-02  0.00000E+00  5.30626E-02
 OMEGA(2,1)    0.00000E+00  0.00000E+00  0.00000E+00  0.00000E+00  0.00000E+00  0.00000E+00  0.00000E+00  0.00000E+00  0.00000E+00  0.00000E+00  0.00000E+00  0.00000E+00  0.00000E+00
 OMEGA(2,2)    1.72408E-01  1.24870E-01 -5.55245E-01 -5.67007E-01  2.37550E-01  4.55297E-01 -5.33475E-01  4.99246E-01  0.00000E+00 -3.60486E-02  5.30626E-02  0.00000E+00  5.43662E-02
