TABLE NO.     1: First Order Conditional Estimation with Interaction: Problem=1 Subproblem=0 Superproblem1=0 Iteration1=0 Superproblem2=0 Iteration2=0
 NAME         THETA1       THETA2       THETA3       THETA4       THETA5       THETA6       THETA7       SIGMA(1,1)   SIGMA(2,1)   SIGMA(2,2)   OMEGA(1,1)   OMEGA(2,1)   OMEGA(2,2)
 THETA1        7.54497E+05  2.04078E+05  1.69658E+03  3.79599E+01 -8.40864E+01  7.18056E+01  8.57139E+01 -2.34657E+01  0.00000E+00 -3.47721E+00 -9.53259E+00  0.00000E+00  1.05670E+01
 THETA2        2.04078E+05  5.90553E+04  6.93686E+02  1.42070E+01 -2.96859E+01  1.28154E+01  2.68856E+01 -5.79315E+00  0.00000E+00 -1.12384E+00 -2.89684E+00  0.00000E+00  2.46722E+00
 THETA3        1.69658E+03  6.93686E+02  2.97923E+02  4.94726E+00 -1.38972E+00 -9.16234E+00  5.16596E+00  1.35109E+00  0.00000E+00 -2.03842E-02  1.63724E-02  0.00000E+00 -4.76832E-01
 THETA4        3.79599E+01  1.42070E+01  4.94726E+00  8.39572E-02 -2.43267E-02 -1.39760E-01  8.98303E-02  1.96778E-02  0.00000E+00 -4.38195E-04 -1.32101E-04  0.00000E+00 -8.19381E-03
 THETA5       -8.40864E+01 -2.96859E+01 -1.38972E+00 -2.43267E-02  2.94819E-02  3.02924E-02 -2.80111E-02 -1.72470E-03  0.00000E+00  6.50896E-04  2.16357E-03  0.00000E+00  1.44142E-03
 THETA6        7.18056E+01  1.28154E+01 -9.16234E+00 -1.39760E-01  3.02924E-02  4.03171E-01 -1.20505E-01 -6.70565E-02  0.00000E+00 -5.45192E-04 -3.91125E-03  0.00000E+00  1.41180E-02
 THETA7        8.57139E+01  2.68856E+01  5.16596E+00  8.98303E-02 -2.80111E-02 -1.20505E-01  1.03369E-01  1.52575E-02  0.00000E+00 -6.82701E-04 -7.45059E-04  0.00000E+00 -8.23013E-03
 SIGMA(1,1)   -2.34657E+01 -5.79315E+00  1.35109E+00  1.96778E-02 -1.72470E-03 -6.70565E-02  1.52575E-02  1.41106E-02  0.00000E+00  3.95958E-04  1.96007E-03  0.00000E+00 -1.85430E-03
 SIGMA(2,1)    0.00000E+00  0.00000E+00  0.00000E+00  0.00000E+00  0.00000E+00  0.00000E+00  0.00000E+00  0.00000E+00  0.00000E+00  0.00000E+00  0.00000E+00  0.00000E+00  0.00000E+00
 SIGMA(2,2)   -3.47721E+00 -1.12384E+00 -2.03842E-02 -4.38195E-04  6.50896E-04 -5.45192E-04 -6.82701E-04  3.95958E-04  0.00000E+00  2.74143E-04 -4.43218E-05  0.00000E+00 -7.86437E-05
 OMEGA(1,1)   -9.53259E+00 -2.89684E+00  1.63724E-02 -1.32101E-04  2.16357E-03 -3.91125E-03 -7.45059E-04  1.96007E-03  0.00000E+00 -4.43218E-05  8.87234E-04  0.00000E+00 -9.50873E-06
 OMEGA(2,1)    0.00000E+00  0.00000E+00  0.00000E+00  0.00000E+00  0.00000E+00  0.00000E+00  0.00000E+00  0.00000E+00  0.00000E+00  0.00000E+00  0.00000E+00  0.00000E+00  0.00000E+00
 OMEGA(2,2)    1.05670E+01  2.46722E+00 -4.76832E-01 -8.19381E-03  1.44142E-03  1.41180E-02 -8.23013E-03 -1.85430E-03  0.00000E+00 -7.86437E-05 -9.50873E-06  0.00000E+00  2.83698E-03
