TABLE NO.     1: First Order Conditional Estimation with Interaction: Problem=1 Subproblem=0 Superproblem1=0 Iteration1=0 Superproblem2=0 Iteration2=0
 NAME         THETA1       THETA2       THETA3       THETA4       THETA5       THETA6       THETA7       SIGMA(1,1)   SIGMA(2,1)   SIGMA(2,2)   OMEGA(1,1)   OMEGA(2,1)   OMEGA(2,2)
 THETA1        1.50908E+01 -7.07587E+00  4.12715E+02 -9.65726E+03  2.46510E+04  8.77083E+03  5.62105E+03  2.52696E+07  0.00000E+00 -3.12587E+04  3.13564E+04  0.00000E+00 -1.34065E+05
 THETA2       -7.07587E+00  3.31852E+00 -1.93510E+02  4.52837E+03 -1.15579E+04 -4.11239E+03 -2.63588E+03 -1.18483E+07  0.00000E+00  1.46567E+04 -1.47023E+04  0.00000E+00  6.28597E+04
 THETA3        4.12715E+02 -1.93510E+02  1.12884E+04 -2.64142E+05  6.74181E+05  2.39882E+05  1.53706E+05  6.91096E+08  0.00000E+00 -8.54877E+05  8.57563E+05  0.00000E+00 -3.66652E+06
 THETA4       -9.65726E+03  4.52837E+03 -2.64142E+05  6.18245E+06 -1.57751E+07 -5.61289E+06 -3.59785E+06 -1.61712E+10  0.00000E+00  2.00042E+07 -2.00660E+07  0.00000E+00  8.57941E+07
 THETA5        2.46510E+04 -1.15579E+04  6.74181E+05 -1.57751E+07  4.02684E+07  1.43274E+07  9.18186E+06  4.12786E+10  0.00000E+00 -5.10618E+07  5.12211E+07  0.00000E+00 -2.18998E+08
 THETA6        8.77083E+03 -4.11239E+03  2.39882E+05 -5.61289E+06  1.43274E+07  5.09777E+06  3.26667E+06  1.46869E+10  0.00000E+00 -1.81676E+07  1.82246E+07  0.00000E+00 -7.79194E+07
 THETA7        5.62105E+03 -2.63588E+03  1.53706E+05 -3.59785E+06  9.18186E+06  3.26667E+06  2.09513E+06  9.41252E+09  0.00000E+00 -1.16440E+07  1.16793E+07  0.00000E+00 -4.99368E+07
 SIGMA(1,1)    2.52696E+07 -1.18483E+07  6.91096E+08 -1.61712E+10  4.12786E+10  1.46869E+10  9.41252E+09  4.23144E+13  0.00000E+00 -5.23431E+10  5.25066E+10  0.00000E+00 -2.24494E+11
 SIGMA(2,1)    0.00000E+00  0.00000E+00  0.00000E+00  0.00000E+00  0.00000E+00  0.00000E+00  0.00000E+00  0.00000E+00  0.00000E+00  0.00000E+00  0.00000E+00  0.00000E+00  0.00000E+00
 SIGMA(2,2)   -3.12587E+04  1.46567E+04 -8.54877E+05  2.00042E+07 -5.10618E+07 -1.81676E+07 -1.16440E+07 -5.23431E+10  0.00000E+00  6.47539E+07 -6.49496E+07  0.00000E+00  2.77700E+08
 OMEGA(1,1)    3.13564E+04 -1.47023E+04  8.57563E+05 -2.00660E+07  5.12211E+07  1.82246E+07  1.16793E+07  5.25066E+10  0.00000E+00 -6.49496E+07  6.51560E+07  0.00000E+00 -2.78567E+08
 OMEGA(2,1)    0.00000E+00  0.00000E+00  0.00000E+00  0.00000E+00  0.00000E+00  0.00000E+00  0.00000E+00  0.00000E+00  0.00000E+00  0.00000E+00  0.00000E+00  0.00000E+00  0.00000E+00
 OMEGA(2,2)   -1.34065E+05  6.28597E+04 -3.66652E+06  8.57941E+07 -2.18998E+08 -7.79194E+07 -4.99368E+07 -2.24494E+11  0.00000E+00  2.77700E+08 -2.78567E+08  0.00000E+00  1.19102E+09
