TABLE NO.     1: First Order Conditional Estimation with Interaction: Problem=1 Subproblem=0 Superproblem1=0 Iteration1=0 Superproblem2=0 Iteration2=0
 NAME         THETA1       THETA2       THETA3       THETA4       THETA5       THETA6       THETA7       SIGMA(1,1)   SIGMA(2,1)   SIGMA(2,2)   OMEGA(1,1)   OMEGA(2,1)   OMEGA(2,2)
 THETA1        8.68618E+02  9.66801E-01  1.13160E-01  1.50823E-01 -5.63793E-01  1.30192E-01  3.06922E-01 -2.27421E-01  0.00000E+00 -2.41776E-01 -3.68437E-01  0.00000E+00  2.28399E-01
 THETA2        9.66801E-01  2.43013E+02  1.65380E-01  2.01764E-01 -7.11449E-01  8.30537E-02  3.44109E-01 -2.00684E-01  0.00000E+00 -2.79310E-01 -4.00199E-01  0.00000E+00  1.90612E-01
 THETA3        1.13160E-01  1.65380E-01  1.72604E+01  9.89200E-01 -4.68920E-01 -8.36006E-01  9.30902E-01  6.58960E-01  0.00000E+00 -7.13269E-02  3.18450E-02  0.00000E+00 -5.18663E-01
 THETA4        1.50823E-01  2.01764E-01  9.89200E-01  2.89754E-01 -4.88963E-01 -7.59640E-01  9.64271E-01  5.71709E-01  0.00000E+00 -9.13378E-02 -1.53059E-02  0.00000E+00 -5.30920E-01
 THETA5       -5.63793E-01 -7.11449E-01 -4.68920E-01 -4.88963E-01  1.71703E-01  2.77851E-01 -5.07409E-01 -8.45595E-02  0.00000E+00  2.28953E-01  4.23033E-01  0.00000E+00  1.57610E-01
 THETA6        1.30192E-01  8.30537E-02 -8.36006E-01 -7.59640E-01  2.77851E-01  6.34958E-01 -5.90292E-01 -8.89043E-01  0.00000E+00 -5.18580E-02 -2.06800E-01  0.00000E+00  4.17446E-01
 THETA7        3.06922E-01  3.44109E-01  9.30902E-01  9.64271E-01 -5.07409E-01 -5.90292E-01  3.21510E-01  3.99498E-01  0.00000E+00 -1.28247E-01 -7.77995E-02  0.00000E+00 -4.80600E-01
 SIGMA(1,1)   -2.27421E-01 -2.00684E-01  6.58960E-01  5.71709E-01 -8.45595E-02 -8.89043E-01  3.99498E-01  1.18788E-01  0.00000E+00  2.01320E-01  5.53961E-01  0.00000E+00 -2.93074E-01
 SIGMA(2,1)    0.00000E+00  0.00000E+00  0.00000E+00  0.00000E+00  0.00000E+00  0.00000E+00  0.00000E+00  0.00000E+00  0.00000E+00  0.00000E+00  0.00000E+00  0.00000E+00  0.00000E+00
 SIGMA(2,2)   -2.41776E-01 -2.79310E-01 -7.13269E-02 -9.13378E-02  2.28953E-01 -5.18580E-02 -1.28247E-01  2.01320E-01  0.00000E+00  1.65573E-02 -8.98690E-02  0.00000E+00 -8.91759E-02
 OMEGA(1,1)   -3.68437E-01 -4.00199E-01  3.18450E-02 -1.53059E-02  4.23033E-01 -2.06800E-01 -7.77995E-02  5.53961E-01  0.00000E+00 -8.98690E-02  2.97865E-02  0.00000E+00 -5.99343E-03
 OMEGA(2,1)    0.00000E+00  0.00000E+00  0.00000E+00  0.00000E+00  0.00000E+00  0.00000E+00  0.00000E+00  0.00000E+00  0.00000E+00  0.00000E+00  0.00000E+00  0.00000E+00  0.00000E+00
 OMEGA(2,2)    2.28399E-01  1.90612E-01 -5.18663E-01 -5.30920E-01  1.57610E-01  4.17446E-01 -4.80600E-01 -2.93074E-01  0.00000E+00 -8.91759E-02 -5.99343E-03  0.00000E+00  5.32633E-02
