TABLE NO.     1: First Order Conditional Estimation with Interaction: Problem=1 Subproblem=0 Superproblem1=0 Iteration1=0 Superproblem2=0 Iteration2=0
 NAME         THETA1       THETA2       THETA3       THETA4       THETA5       THETA6       THETA7       THETA8       THETA9       SIGMA(1,1)   SIGMA(2,1)   SIGMA(2,2)   OMEGA(1,1)   OMEGA(2,1)   OMEGA(2,2)   OMEGA(3,1)   OMEGA(3,2)   OMEGA(3,3)
 THETA1        6.45611E+01 -3.20858E+02 -6.48426E+02  4.92733E+04 -2.38940E+03 -1.67462E+05 -2.41045E+05  1.99880E+05  2.79575E+06 -2.25671E+04  0.00000E+00  3.35611E+01  7.95673E+05 -1.92880E+06 -2.14554E+06  1.26775E+06  2.82042E+06  1.58525E+05
 THETA2       -3.20858E+02  1.69428E+03  2.77002E+03 -2.30273E+05  1.68120E+04  9.51572E+05  1.25233E+06 -1.67124E+06 -1.51975E+07  3.26210E+05  0.00000E+00 -5.52910E+02 -4.29302E+06  1.04067E+07  1.20480E+07 -6.84009E+06 -1.58377E+07 -2.76020E+06
 THETA3       -6.48426E+02  2.77002E+03  8.79743E+03 -5.77713E+05 -1.01887E+03  1.15805E+06  2.13249E+06  1.45561E+06 -2.15858E+07  7.02297E+05  0.00000E+00  1.71513E+03  9.37924E+06 -2.27363E+07  2.57175E+07  1.49440E+07 -3.38070E+07  9.32185E+05
 THETA4        4.92733E+04 -2.30273E+05 -5.77713E+05  5.04342E+07 -8.77122E+04 -1.13317E+08 -1.67352E+08 -7.38933E+07  1.82110E+09  2.19864E+07  0.00000E+00 -1.75270E+05  1.38225E+09 -3.35072E+09  1.04622E+09  2.20235E+09 -1.37531E+09  9.57874E+08
 THETA5       -2.38940E+03  1.68120E+04 -1.01887E+03 -8.77122E+04  4.61388E+05  1.15203E+07  1.30766E+07 -5.68420E+07 -1.90185E+08  2.08466E+07  0.00000E+00 -4.10117E+04 -3.89458E+08  9.44087E+08 -2.01296E+08 -6.20526E+08  2.64614E+08 -2.40405E+08
 THETA6       -1.67462E+05  9.51572E+05  1.15805E+06 -1.13317E+08  1.15203E+07  5.84964E+08  6.80867E+08 -1.25478E+09 -8.65710E+09  3.91059E+08  0.00000E+00 -1.41049E+06 -3.70501E+09  8.98135E+09  7.99594E+09 -5.90323E+09 -1.05111E+10 -1.58320E+09
 THETA7       -2.41045E+05  1.25233E+06  2.13249E+06 -1.67352E+08  1.30766E+07  6.80867E+08  9.50915E+08 -1.29786E+09 -1.14688E+10  2.57123E+08  0.00000E+00 -6.73450E+05 -5.77225E+09  1.39925E+10  6.79294E+09 -9.19697E+09 -8.92968E+09 -2.97606E+09
 THETA8        1.99880E+05 -1.67124E+06  1.45561E+06 -7.38933E+07 -5.68420E+07 -1.25478E+09 -1.29786E+09  7.22193E+09  2.02408E+10 -1.74136E+09  0.00000E+00  5.56584E+06  3.93514E+10 -9.53920E+10  1.58017E+10  6.26989E+10 -2.07721E+10  1.81343E+10
 THETA9        2.79575E+06 -1.51975E+07 -2.15858E+07  1.82110E+09 -1.90185E+08 -8.65710E+09 -1.14688E+10  2.02408E+10  1.43119E+11 -4.52170E+09  0.00000E+00  1.27655E+07  7.39519E+10 -1.79267E+11 -1.01773E+11  1.17828E+11  1.33786E+11  4.21590E+10
 SIGMA(1,1)   -2.25671E+04  3.26210E+05  7.02297E+05  2.19864E+07  2.08466E+07  3.91059E+08  2.57123E+08 -1.74136E+09 -4.52170E+09  1.94092E+18  0.00000E+00 -1.12300E+15  2.08089E+18 -5.04430E+18  3.05698E+18  3.31550E+18 -4.01856E+18  1.32065E+18
 SIGMA(2,1)    0.00000E+00  0.00000E+00  0.00000E+00  0.00000E+00  0.00000E+00  0.00000E+00  0.00000E+00  0.00000E+00  0.00000E+00  0.00000E+00  0.00000E+00  0.00000E+00  0.00000E+00  0.00000E+00  0.00000E+00  0.00000E+00  0.00000E+00  0.00000E+00
 SIGMA(2,2)    3.35611E+01 -5.52910E+02  1.71513E+03 -1.75270E+05 -4.10117E+04 -1.41049E+06 -6.73450E+05  5.56584E+06  1.27655E+07 -1.12300E+15  0.00000E+00  9.80272E+11 -7.26800E+14  1.76184E+15 -1.06772E+15 -1.15802E+15  1.40358E+15 -4.61268E+14
 OMEGA(1,1)    7.95673E+05 -4.29302E+06  9.37924E+06  1.38225E+09 -3.89458E+08 -3.70501E+09 -5.77225E+09  3.93514E+10  7.39519E+10  2.08089E+18  0.00000E+00 -7.26800E+14  9.88089E+32 -2.39523E+33  1.45157E+33  1.57433E+33 -1.90817E+33  6.27097E+32
 OMEGA(2,1)   -1.92880E+06  1.04067E+07 -2.27363E+07 -3.35072E+09  9.44087E+08  8.98135E+09  1.39925E+10 -9.53920E+10 -1.79267E+11 -5.04430E+18  0.00000E+00  1.76184E+15 -2.39523E+33  5.80630E+33 -3.51877E+33 -3.81634E+33  4.62561E+33 -1.52015E+33
 OMEGA(2,2)   -2.14554E+06  1.20480E+07  2.57175E+07  1.04622E+09 -2.01296E+08  7.99594E+09  6.79294E+09  1.58017E+10 -1.01773E+11  3.05698E+18  0.00000E+00 -1.06772E+15  1.45157E+33 -3.51877E+33  2.13247E+33  2.31280E+33 -2.80324E+33  9.21251E+32
 OMEGA(3,1)    1.26775E+06 -6.84009E+06  1.49440E+07  2.20235E+09 -6.20526E+08 -5.90323E+09 -9.19697E+09  6.26989E+10  1.17828E+11  3.31550E+18  0.00000E+00 -1.15802E+15  1.57433E+33 -3.81634E+33  2.31280E+33  2.50839E+33 -3.04030E+33  9.99158E+32
 OMEGA(3,2)    2.82042E+06 -1.58377E+07 -3.38070E+07 -1.37531E+09  2.64614E+08 -1.05111E+10 -8.92968E+09 -2.07721E+10  1.33786E+11 -4.01856E+18  0.00000E+00  1.40358E+15 -1.90817E+33  4.62561E+33 -2.80324E+33 -3.04030E+33  3.68500E+33 -1.21103E+33
 OMEGA(3,3)    1.58525E+05 -2.76020E+06  9.32185E+05  9.57874E+08 -2.40405E+08 -1.58320E+09 -2.97606E+09  1.81343E+10  4.21590E+10  1.32065E+18  0.00000E+00 -4.61268E+14  6.27097E+32 -1.52015E+33  9.21251E+32  9.99158E+32 -1.21103E+33  3.97991E+32
