dmp.txt <- structure(
	.Data = list(
		"coefficients" = list(
			"fixed" = c("GAMMA" = 2.2858057880376, "CMultStdev" = 0.474473381392207, "tvVmax" = 2139.20673427711, "tvKm" = 407.196144993763, "tvV" = 32.0761998796622, "tvKa" = 0.644843982841026, "K12" = 1.12230410522063, "K21" = 0.853927876910022, "CEps" = 0.523830183790923)
			, "random" = list("Subject" = matrix(
				as.numeric(c(
					 0.256535046365327,  -0.397000691231218,  -0.188790681452148
					,  -0.339224459444541,  -0.0273076236852269,  0.192942250821645
					,  0.0431595640625333,  -0.0951392631116821,  -0.206965194988519
					,  -0.334596844078508,  -0.368785556921277,  0.0977489272005011
					,  0.471614389536375,  0.319524162927846,  0.499132946986613
					,  0.281159601524869,  0.0361243261437171,  -0.560632823262876
					,  0.138114401120591,  0.179161140320535,  -0.254314969075915
					,  -0.530323428680787,  0.936940303230469,  0.0518722113113003
					,  0.108088769350448,  -0.016909835638437,  -0.422290256623144
					,  0.231987379077349,  0.117734165067742,  -0.184073729685722
					,  -0.130516851847094,  0.321799701474583,  -0.239308596180418
					,  -0.142379503298213,  -0.411455310128387,  -0.217963150555231
					,  -0.228284824608389,  -0.20197063638499,  0.29930697558984
					,  -0.531424311550163,  0.191217942389426,  -0.406014905567507
					,  -0.0858999045605209,  0.125229308969311,  0.378100308186801
					,  0.13044501409853,  0.117252525959452,  0.33060587011883
					,  -0.00683964199675395,  -0.31599871913247,  0.498703463792546
					,  -0.0219832542668059,  -0.342874889302257,  -0.201213502098909
					,  -0.00509593594395925,  -0.0389070232851098,  -0.244712665282813
					,  -0.0569678517970934,  -0.0411770234809787,  0.0137448915395612
					,  -0.1957757477363,  0.0352654863504513,  -0.384123188449663
					,  -0.332684186078962,  0.186064330052421,  -0.315092728024682
					,  0.549379686206989,  0.10281519810211,  0.116924801765692
					,  -0.0562097479274432,  -0.396557675750061,  -0.117093098402192
					,  -0.569382666403149,  -0.0303914903127449,  -0.31882736214423
					,  0.230498670905683,  -0.277946265592519,  -0.182204730934438
					,  0.146916986732225,  -0.0415520696487305,  0.0384750599055649
					,  -0.201664328608085,  0.0197400330875401,  0.0383000181107127
					,  0.212341667627816,  0.349456850169361,  -0.165270005372242
					,  0.0698630604900273,  -0.202336484256058,  0.022959153641372
					,  -0.269794056618666,  0.270721223820728,  -0.654666283167744
					,  -0.442884820042507,  -0.0994244106369722,  0.0656288004556691
					,  0.218688493691393,  -0.0732919011727237,  0.287032794965816
					,  0.00229800405728126,  -0.194639896770834,  -0.0619981436644007
					,  0.0577388871526038,  0.463796953663886,  -0.0177788527398881
					,  -0.233902970407081,  -0.0773016419476722,  0.380606626159602
					,  0.153061602349589,  0.195609508666251,  -0.70358419038462
					,  0.000331026666804189,  -0.0366582072138842,  0.612813442490833
					,  -0.294113603717758,  0.124578007878825,  -0.122463438437403
					,  0.469939399311904,  -0.173550831686496,  0.0833412515310242
					,  -0.835684437039195,  0.832248860857133,  -0.435777137874533
					,  0.719524573846164,  0.480191025273237,  0.356776995274728
					,  0.187082351806487,  0.0201377593647571,  0.579374473943452
					,  0.554851432502293,  0.204484805446025,  -0.14487646021698
					,  -0.172498904810034,  -0.0404769342924844,  -0.904924956426792
					,  0.0584236803530918,  -0.301314601166434,  0.0267257250857098
					,  0.268855377435722,  -0.223210819754301,  0.626193483316243
					,  -0.667181549220771,  -0.721487667893717,  -0.0548682291566522
					,  0.344969194513626,  0.189699756286851,  0.340114984032251
					,  -0.152567068703298,  -0.391271885017226,  -0.199400485077425
					,  0.351373827681561,  -0.610933751403848,  -0.0618441707968807
					,  0.263180787162461,  -0.259695842877935,  0.719295353568323
					,  0.124174410778086,  -0.464903985469305,  -0.15276545770676
					,  -0.876370102928786,  -0.219412219321478,  0.416724118880515
					,  0.265049794997314,  -0.268699637546682,  -0.00684256735306776
					,  -0.55475796299537,  0.440232010769041,  -0.00222568386071183
					,  -1.33106826863602,  -0.581255431286443,  0.15137316055905
					,  0.0548683870839958,  0.964401786104006,  0.686587422287747
					,  0.0593554261219963,  0.178483717040827,  -0.863551334735978
					,  0.314535806487188,  0.350495543735343,  0.238063919857632
					,  0.171601515221328,  -0.135315628390636,  -0.551776552894825
					,  0.173347827764411,  0.118414779106547,  0.232493399283051
					,  0.164445700368281,  -0.434918014911035,  0.203827009021735
					,  -0.498076659819608,  -0.405864355366243,  0.105225306472187
					,  -0.0121540454689925,  0.567701426164849,  0.0392079458512328
					,  0.110392818940236,  0.520171893650158,  -0.283873976913369
					,  -0.274787458010915,  -0.0599623171023842,  -0.363785069238862
					,  -0.845787314032557,  0.451844067320965,  -0.0749787707582985
					,  0.689371545965666,  0.49918276544792,  -0.46216891496845
					,  0.135213315644291,  -0.204078598709954,  0.251926953706656
					,  0.430090188598706,  -0.126740163256555,  -0.481183063654575
					,  -0.051063835568285,  -0.415596949580448,  -0.485934628914856
					,  -0.730885228378002,  -0.411261922137585,  0.544870633425662
					,  -0.405320509918509,  0.139646719023617,  -0.22577759886356
					,  0.464724189677973,  -0.129871253286498,  0.175203763127514
					,  -0.400776841216279,  0.212920580220445,  0.20728646956465
					,  0.141894778179722,  -0.648081471644098,  0.179204027801059
					,  -0.134845584788045,  0.00979040287286322,  -0.3503645143421
					,  0.392107960099446,  -0.0635875922700614,  0.0857871085021201
					,  -0.140060810900212,  0.0890266373201419,  0.0344486721699205
					))
				, nrow = 60, ncol = 4
				, dimnames = list(
					as.character(c( "1", "2", "3", "4", "5", "6", "7", "8", "9", "10"
					  , "11", "12", "13", "14", "15", "16", "17", "18", "19", "20"
					  , "21", "22", "23", "24", "25", "26", "27", "28", "29", "30"
					  , "31", "32", "33", "34", "35", "36", "37", "38", "39", "40"
					  , "41", "42", "43", "44", "45", "46", "47", "48", "49", "50"
					  , "51", "52", "53", "54", "55", "56", "57", "58", "59", "60"))
					, as.character(c("nVmax", "nKm", "nV", "nKa"))
					)
				))
			)
		, "logLik" = c(-3414.12)
		, "nObs" = c(480)
		, "nSubj" = c(60)
		, "nParm" = c(13)
		, "returnCode" = c(1)
		, "omega" = matrix(
			as.numeric(c(0.175522386444803, 0, 0, 0, 0, 0.120311385736556, 0, 0, 0, 0, 0.327220441620016, 0, 0, 0, 0, 0.282764511351838))
			, nrow = 4, ncol = 4
			, dimnames = list(
				as.character(c("nVmax", "nKm", "nV", "nKa"))
				, as.character(c("nVmax", "nKm", "nV", "nKa"))
				)
			)
		, "eta" = matrix(
			as.numeric(c(-0.023818304533022, -0.0289662999706662, -0.00220029335193753, -0.0377918207465408, 0.0864695785670213, 0.0745875868832435, 0.229213586664792, 0.122170467953841, 0.294057100861417, 0.273107280904855, 0.478762557709761, 0.349528922914601, 0.298115884925203, 0.212628095657638, 0.163049129811359, 0.342689351882113))
			, nrow = 4, ncol = 4
			, dimnames = list(
				as.character(c("nVmax", "nKm", "nV", "nKa"))
				, as.character(c("mean", "var", "sd", "shrinkage"))
				)
			)
		, "eta_shrinkage" = list("Subject" = matrix(
			as.numeric(c(
				 0.254657080277128,  0.804354294656044,  0.174030852379302
				,  0.661343995537655,  0.761838722057395,  0.568613120255471
				,  0.77843730602095,  0.580778605283103,  0.76731337785952
				,  0.710254464692045,  0.489915410850158,  0.362690222593749
				,  0.173456521517681,  0.470406366360648,  0.071455785733877
				,  0.628056962921563,  0.307446291021346,  0.44917942084532
				,  0.69244136610423,  0.35370905154836,  0.75664538390932
				,  0.24824976477185,  0.278891933501652,  0.517561883164746
				,  0.74001703788644,  0.714065507325355,  0.580263960241558
				,  0.443011855754745,  0.315391473639632,  0.406032764206177
				,  0.529676642407651,  0.358476549674903,  0.183247720920538
				,  0.420916635048655,  0.374601969390183,  0.79987239774815
				,  0.675562039044529,  0.256274277339301,  0.538505692595734
				,  0.240889225050181,  0.305844446536226,  0.646840412483749
				,  0.645337198852568,  0.566887792428722,  0.461206728526921
				,  0.311308950843529,  0.672039962171271,  0.685547988069724
				,  0.121745278860667,  0.408889561674501,  0.242871832863415
				,  0.535013254454443,  0.817669301800521,  0.879371948012974
				,  0.362421405794558,  0.640048206734202,  0.148465070877075
				,  0.792565116423286,  0.565398553170629,  0.657521626972695
				,  0.356988460697915,  0.346144922753017,  0.372768186626044
				,  0.324738102159359,  0.348947371525166,  0.35561530897699
				,  0.356602105604885,  0.371966761792279,  0.336921171848953
				,  0.365486993242742,  0.33942954167368,  0.359302626661012
				,  0.424682312095824,  0.347077195251839,  0.402458856053303
				,  0.369867467047398,  0.32537631881945,  0.328948787972433
				,  0.378093696698009,  0.380996083979996,  0.37698135597254
				,  0.363595030063178,  0.443675686554877,  0.365896746480976
				,  0.332611935141838,  0.34567162110957,  0.358697869671806
				,  0.373503630822984,  0.382260069730395,  0.334958615040046
				,  0.335268768938505,  0.392125777597976,  0.372676833463282
				,  0.340886831700913,  0.339563928164583,  0.36723605596454
				,  0.374530668116353,  0.360551100358228,  0.35413500355605
				,  0.320978272323467,  0.365798406826392,  0.347266267988563
				,  0.334731683335457,  0.38160260853751,  0.390397257404428
				,  0.395125596569737,  0.3516630642943,  0.371420622846584
				,  0.353390130354758,  0.360894480518267,  0.396657559506033
				,  0.355279026141789,  0.346669082108653,  0.35995168937301
				,  0.338154682505105,  0.366033252875167,  0.329114903470687
				,  0.369627708865094,  0.357260703258975,  0.356475775009385
				,  0.230174427231502,  0.380385940737998,  0.233045340926505
				,  0.358412725733333,  0.312640010674886,  0.264065692656573
				,  0.292729924067028,  0.323817809489092,  0.335675421532332
				,  0.370846785199161,  0.342711798456341,  0.280268149875316
				,  0.17750623567359,  0.239885979829344,  0.132967863350627
				,  0.263399224468946,  0.280100713684547,  0.440372002959166
				,  0.280676429127182,  0.250071166797531,  0.357088233870369
				,  0.42894301111017,  0.185544150052525,  0.287098234127223
				,  0.284230825864453,  0.314221627731316,  0.381070776871008
				,  0.255578848365502,  0.25499894684032,  0.319076021701343
				,  0.315119563553384,  0.237646787597522,  0.268275725692354
				,  0.333025765619558,  0.401121434441196,  0.324849828719807
				,  0.321007171995474,  0.292722322046252,  0.263101474479291
				,  0.366414096466479,  0.251448495321485,  0.408580453433545
				,  0.325040232241869,  0.281226712849527,  0.248052360804331
				,  0.264268657666421,  0.283701337317405,  0.255511757318181
				,  0.182408604830307,  0.362233014005081,  0.192684362175179
				,  0.300660795994584,  0.371307990229458,  0.351664941350347
				,  0.271736128019828,  0.321890271146861,  0.226041143191374
				,  0.305179869021558,  0.30804085837415,  0.298055416949703
				,  0.599826409530672,  0.559195289179797,  0.488884657109713
				,  0.589347684540776,  0.59262532184328,  0.588282336639652
				,  0.601354578863342,  0.504959452740118,  0.593831145689352
				,  0.495105573673141,  0.504951915785036,  0.548128319505623
				,  0.563484119099302,  0.636851834921335,  0.559862282166319
				,  0.57368017235207,  0.625161715893118,  0.516395139977031
				,  0.534326847312415,  0.535139125603054,  0.513225471454801
				,  0.462818925367539,  0.630265582977174,  0.541202999851292
				,  0.670526913239541,  0.654187948424819,  0.49535813800174
				,  0.569035456345836,  0.519243676258613,  0.584046168693327
				,  0.633282647312378,  0.537722862744124,  0.496100393580424
				,  0.555220705278638,  0.510346375072583,  0.498647211525498
				,  0.495135834265672,  0.499540009017359,  0.643137268538257
				,  0.491086761195539,  0.593602612433569,  0.509440426411064
				,  0.658327722251773,  0.542648624045785,  0.595826630236517
				,  0.509143930817832,  0.583475868207882,  0.604927064648089
				,  0.548869104210653,  0.46471397702588,  0.589870188816384
				,  0.562920098301755,  0.56553015069264,  0.553919719337599
				,  0.605646562582872,  0.554256218662916,  0.566443914012248
				,  0.54611426056185,  0.559623800917824,  0.559837471015746
				))
			, nrow = 60, ncol = 4
			, dimnames = list(
				as.character(c( "1", "2", "3", "4", "5", "6", "7", "8", "9", "10"
				  , "11", "12", "13", "14", "15", "16", "17", "18", "19", "20"
				  , "21", "22", "23", "24", "25", "26", "27", "28", "29", "30"
				  , "31", "32", "33", "34", "35", "36", "37", "38", "39", "40"
				  , "41", "42", "43", "44", "45", "46", "47", "48", "49", "50"
				  , "51", "52", "53", "54", "55", "56", "57", "58", "59", "60"))
				, as.character(c("nVmax_shrinkage", "nKm_shrinkage", "nV_shrinkage", "nKa_shrinkage"))
				)
			))
		, "sigma" = matrix(
			as.numeric(c(0.274398061450433))
			, nrow = 1, ncol = 1
			, dimnames = list(
				as.character(c("CEps"))
				, as.character(c("CEps"))
				)
			)
		, "method" = "FOCE-ELS"
		, "varFix" = matrix(
			as.numeric(c(0.0428218390070225, -0.000207939186460173, -20.2481772821023, -8.81726515305479, -0.425034502920375, -0.009650432826963, -0.0092306121309909, -0.0272168490865604, 0.148309530885079, -0.000207939186460173, 0.00121700834844254, -0.324637889868372, -0.521628396916047, 0.00210684665118734, -0.000905689705685404, -0.00101451822038409, -0.00243629178581174, -0.0349921914443573, -20.2481772821023, -0.324637889868372, 68036.0243133916, 11069.6887026986, -453.063699921647, -23.3944953274425, -12.6326587888963, -30.8002141922326, 204.900818642927, -8.81726515305479, -0.521628396916047, 11069.6887026986, 3970.43959951676, -37.4728357657306, -1.51272782352971, 1.81793420717086, 0.730852836069691, 29.2154494649311, -0.425034502920375, 0.00210684665118734, -453.063699921647, -37.4728357657306, 544.15844753129, 10.4524893250678, -8.94856829759895, 17.9053617954417, -53.1280930959177, -0.009650432826963, -0.000905689705685404, -23.3944953274425, -1.51272782352971, 10.4524893250678, 0.226417074716866, -0.0908490692790832, 0.414727012144259, -1.06958870856452, -0.0092306121309909, -0.00101451822038409, -12.6326587888963, 1.81793420717086, -8.94856829759895, -0.0908490692790832, 0.567188711136832, 0.0464628189175569, 0.0241565584954541, -0.0272168490865604, -0.00243629178581174, -30.8002141922326, 0.730852836069691, 17.9053617954417, 0.414727012144259, 0.0464628189175569, 0.875925375850735, -2.41630846139468, 0.148309530885079, -0.0349921914443573, 204.900818642927, 29.2154494649311, -53.1280930959177, -1.06958870856452, 0.0241565584954541, -2.41630846139468, 28.3976805975671))
			, nrow = 9, ncol = 9
			, dimnames = list(
				as.character(c("GAMMA", "CMultStdev", "tvVmax", "tvKm", "tvV", "tvKa", "K12", "K21", "CEps"))
				, as.character(c("GAMMA", "CMultStdev", "tvVmax", "tvKm", "tvV", "tvKa", "K12", "K21", "CEps"))
				)
			)
		, "omegaSE" = matrix(
			as.numeric(c(0.0764315762217159, 0, 0, 0, 0, 0.0390351783923825, 0, 0, 0, 0, 0.114898259124205, 0, 0, 0, 0, 0.198909244147239))
			, nrow = 4, ncol = 4, byrow = TRUE
			, dimnames = list(
				as.character(c("nVmax", "nKm", "nV", "nKa"))
				, as.character(c("nVmax", "nKm", "nV", "nKa"))
				)
			)
		, "Covariance" = matrix(
			as.numeric(c(0.042821839, -0.00020793919, -20.248177, -8.8172652, -0.4250345, -0.0096504328, -0.0092306121, -0.027216849, 0.14830953, -0.0011621857,         0, 0.00055057249,         0,         0, 0.0073890646,         0,         0,         0, -0.0089272959, -0.00020793919, 0.0012170083, -0.32463789, -0.5216284, 0.0021068467, -0.00090568971, -0.0010145182, -0.0024362918, -0.034992191, -0.00017911359,         0, -0.00030190996,         0,         0, -0.00090747019,         0,         0,         0, 7.6415474e-005, -20.248177, -0.32463789, 68036.024, 11069.689, -453.0637, -23.394495, -12.632659, -30.800214, 204.90082,  -2.39485,         0, -3.5505058,         0,         0, 8.1350755,         0,         0,         0, 9.3997946, -8.8172652, -0.5216284, 11069.689, 3970.4396, -37.472836, -1.5127278, 1.8179342, 0.73085284, 29.215449, -0.14324439,         0, -0.46786253,         0,         0, 0.86586153,         0,         0,         0, 2.4847124, -0.4250345, 0.0021068467, -453.0637, -37.472836, 544.15845, 10.452489, -8.9485683, 17.905362, -53.128093, -0.58308808,         0, 0.21940933,         0,         0, -0.36205778,         0,         0,         0, 2.9047361, -0.0096504328, -0.00090568971, -23.394495, -1.5127278, 10.452489, 0.22641707, -0.090849069, 0.41472701, -1.0695887, -0.011686584,         0, 0.0058657944,         0,         0, -0.0094942133,         0,         0,         0, 0.054338558, -0.0092306121, -0.0010145182, -12.632659, 1.8179342, -8.9485683, -0.090849069, 0.56718871, 0.046462819, 0.024156558, 0.0030792799,         0, 0.00056147328,         0,         0, -0.0056362283,         0,         0,         0, -0.051038866, -0.027216849, -0.0024362918, -30.800214, 0.73085284, 17.905362, 0.41472701, 0.046462819, 0.87592538, -2.4163085, -0.02482021,         0, 0.011040572,         0,         0, -0.019528613,         0,         0,         0, 0.094419727, 0.14830953, -0.034992191, 204.90082, 29.215449, -53.128093, -1.0695887, 0.024156558, -2.4163085, 28.397681, 0.10521916,         0, -0.017966393,         0,         0, 0.089568661,         0,         0,         0, -0.37551355, -0.0011621857, -0.00017911359,  -2.39485, -0.14324439, -0.58308808, -0.011686584, 0.0030792799, -0.02482021, 0.10521916, 0.0058417858,         0, -7.865974e-005,         0,         0, -0.00176463,         0,         0,         0, -0.0052821,         0,         0,         0,         0,         0,         0,         0,         0,         0,         0,         0,         0,         0,         0,         0,         0,         0,         0,         0, 0.00055057249, -0.00030190996, -3.5505058, -0.46786253, 0.21940933, 0.0058657944, 0.00056147328, 0.011040572, -0.017966393, -7.865974e-005,         0, 0.0015237452,         0,         0, 9.9796858e-005,         0,         0,         0, 0.00091821959,         0,         0,         0,         0,         0,         0,         0,         0,         0,         0,         0,         0,         0,         0,         0,         0,         0,         0,         0,         0,         0,         0,         0,         0,         0,         0,         0,         0,         0,         0,         0,         0,         0,         0,         0,         0,         0,         0, 0.0073890646, -0.00090747019, 8.1350755, 0.86586153, -0.36205778, -0.0094942133, -0.0056362283, -0.019528613, 0.089568661, -0.00176463,         0, 9.9796858e-005,         0,         0, 0.01320161,         0,         0,         0, 0.00084489929,         0,         0,         0,         0,         0,         0,         0,         0,         0,         0,         0,         0,         0,         0,         0,         0,         0,         0,         0,         0,         0,         0,         0,         0,         0,         0,         0,         0,         0,         0,         0,         0,         0,         0,         0,         0,         0,         0,         0,         0,         0,         0,         0,         0,         0,         0,         0,         0,         0,         0,         0,         0,         0,         0,         0,         0,         0, -0.0089272959, 7.6415474e-005, 9.3997946, 2.4847124, 2.9047361, 0.054338558, -0.051038866, 0.094419727, -0.37551355, -0.0052821,         0, 0.00091821959,         0,         0, 0.00084489929,         0,         0,         0, 0.039564887))
			, nrow = 19, ncol = 19
			, dimnames = list(
				as.character(c("GAMMA", "CMultStdev", "tvVmax", "tvKm", "tvV", "tvKa", "K12", "K21", "stdev0", "nVmax-nVmax", "nKm-nVmax", "nKm-nKm", "nV-nVmax", "nV-nKm", "nV-nV", "nKa-nVmax", "nKa-nKm", "nKa-nV", "nKa-nKa"))
				, as.character(c("GAMMA", "CMultStdev", "tvVmax", "tvKm", "tvV", "tvKa", "K12", "K21", "stdev0", "nVmax-nVmax", "nKm-nVmax", "nKm-nKm", "nV-nVmax", "nV-nKm", "nV-nV", "nKa-nVmax", "nKa-nKm", "nKa-nV", "nKa-nKa"))
				)
			)
		, "Correlation" = matrix(
			as.numeric(c(0.20693438, -0.028804272, -0.37513174, -0.67621056, -0.088049895, -0.098007553, -0.059228953, -0.14053084, 0.13449154, -0.073480154,         0, 0.068159388,         0,         0, 0.31077306,         0,         0,         0, -0.21688639, -0.028804272, 0.034885647, -0.035676559, -0.23729859, 0.0025889488, -0.054560465, -0.038614399, -0.074618922, -0.18822744, -0.067175195,         0, -0.22170449,         0,         0, -0.22639777,         0,         0,         0, 0.011012339, -0.37513174, -0.035676559, 260.83716, 0.67351403, -0.0744607, -0.18849057, -0.064307483, -0.12616844, 0.14741199, -0.12012573,         0, -0.34871015,         0,         0, 0.27144302,         0,         0,         0, 0.18117319, -0.67621056, -0.23729859, 0.67351403, 63.011424, -0.0254938, -0.05045299, 0.038308494, 0.012393018, 0.087006528, -0.029743051,         0, -0.19021414,         0,         0, 0.11959574,         0,         0,         0, 0.19824482, -0.088049895, 0.0025889488, -0.0744607, -0.0254938, 23.327204, 0.94167807, -0.50936263, 0.82013786, -0.42738582, -0.32703833,         0, 0.24095517,         0,         0, -0.13508333,         0,         0,         0, 0.62602119, -0.098007553, -0.054560465, -0.18849057, -0.05045299, 0.94167807, 0.47583303, -0.25351409, 0.93126693, -0.4218138, -0.3213366,         0, 0.31580288,         0,         0, -0.17365646,         0,         0,         0, 0.57411455, -0.059228953, -0.038614399, -0.064307483, 0.038308494, -0.50936263, -0.25351409, 0.75311932, 0.065918636, 0.0060190761, 0.053494922,         0, 0.019098934,         0,         0, -0.065134538,         0,         0,         0, -0.34070795, -0.14053084, -0.074618922, -0.12616844, 0.012393018, 0.82013786, 0.93126693, 0.065918636, 0.93590885, -0.48448171, -0.34697572,         0, 0.30220514,         0,         0, -0.18160358,         0,         0,         0, 0.50719413, 0.13449154, -0.18822744, 0.14741199, 0.087006528, -0.42738582, -0.4218138, 0.0060190761, -0.48448171, 5.3289474, 0.2583334,         0, -0.086370076,         0,         0, 0.14628547,         0,         0,         0, -0.35426578, -0.073480154, -0.067175195, -0.12012573, -0.029743051, -0.32703833, -0.3213366, 0.053494922, -0.34697572, 0.2583334, 0.076431576,         0, -0.026364742,         0,         0, -0.20094047,         0,         0,         0, -0.34743921,         0,         0,         0,         0,         0,         0,         0,         0,         0,         0,         0,         0,         0,         0,         0,         0,         0,         0,         0, 0.068159388, -0.22170449, -0.34871015, -0.19021414, 0.24095517, 0.31580288, 0.019098934, 0.30220514, -0.086370076, -0.026364742,         0, 0.039035178,         0,         0, 0.022250883,         0,         0,         0, 0.11825933,         0,         0,         0,         0,         0,         0,         0,         0,         0,         0,         0,         0,         0,         0,         0,         0,         0,         0,         0,         0,         0,         0,         0,         0,         0,         0,         0,         0,         0,         0,         0,         0,         0,         0,         0,         0,         0,         0, 0.31077306, -0.22639777, 0.27144302, 0.11959574, -0.13508333, -0.17365646, -0.065134538, -0.18160358, 0.14628547, -0.20094047,         0, 0.022250883,         0,         0, 0.11489826,         0,         0,         0, 0.0369689,         0,         0,         0,         0,         0,         0,         0,         0,         0,         0,         0,         0,         0,         0,         0,         0,         0,         0,         0,         0,         0,         0,         0,         0,         0,         0,         0,         0,         0,         0,         0,         0,         0,         0,         0,         0,         0,         0,         0,         0,         0,         0,         0,         0,         0,         0,         0,         0,         0,         0,         0,         0,         0,         0,         0,         0,         0, -0.21688639, 0.011012339, 0.18117319, 0.19824482, 0.62602119, 0.57411455, -0.34070795, 0.50719413, -0.35426578, -0.34743921,         0, 0.11825933,         0,         0, 0.0369689,         0,         0,         0, 0.19890924))
			, nrow = 19, ncol = 19
			, dimnames = list(
				as.character(c("GAMMA", "CMultStdev", "tvVmax", "tvKm", "tvV", "tvKa", "K12", "K21", "stdev0", "nVmax-nVmax", "nKm-nVmax", "nKm-nKm", "nV-nVmax", "nV-nKm", "nV-nV", "nKa-nVmax", "nKa-nKm", "nKa-nV", "nKa-nKa"))
				, as.character(c("GAMMA", "CMultStdev", "tvVmax", "tvKm", "tvV", "tvKa", "K12", "K21", "stdev0", "nVmax-nVmax", "nKm-nVmax", "nKm-nKm", "nV-nVmax", "nV-nKm", "nV-nV", "nKa-nVmax", "nKa-nKm", "nKa-nV", "nKa-nKa"))
				)
			)
		, "Inverse" = matrix(
			as.numeric(c(70.943786, 49.419254, 0.0055119997, 0.17289942, 0.047769962, 21.747548, 5.8618163, -12.030514, -0.48490733,  15.77957,         0, 40.004906,         0,         0, -44.560879,         0,         0,         0, 4.1685378, 49.419254, 1389.4716, -0.034650752, 0.33592121, -8.3476828, -58.665818, -159.06543, 217.49926, 1.6735459, 77.550696,         0, 220.07079,         0,         0, 48.185181,         0,         0,         0, -15.10881, 0.0055119997, -0.034650752, 4.4477693e-005, -8.2336192e-005, -0.00014577006, 0.045207953, 0.006877259, -0.018514939, -0.00048483513, 0.00737236,         0, 0.048051925,         0,         0, -0.019069472,         0,         0,         0, -0.0067409194, 0.17289942, 0.33592121, -8.2336192e-005, 0.00096826769, 0.00092214275, 0.01854098, 0.016565392, -0.030154473, -0.00091453337, 0.011646211,         0, 0.11927534,         0,         0, -0.077800893,         0,         0,         0, -0.010948456, 0.047769962, -8.3476828, -0.00014577006, 0.00092214275, 0.28626916, 0.36011684, 5.0880955, -6.3388209, -0.0035029449, -0.35860605,         0, -0.42400297,         0,         0, 0.30661975,         0,         0,         0, 0.10513658, 21.747548, -58.665818, 0.045207953, 0.01854098, 0.36011684, 216.09979, 50.049012, -114.17551, -1.4944855, -7.3376663,         0,  4.609839,         0,         0, -17.883804,         0,         0,         0, -7.9665402, 5.8618163, -159.06543, 0.006877259, 0.016565392, 5.0880955, 50.049012, 101.52074, -134.73246, -0.35512387, -7.3205286,         0, -6.6455461,         0,         0, 1.2001795,         0,         0,         0, 4.9408933, -12.030514, 217.49926, -0.018514939, -0.030154473, -6.3388209, -114.17551, -134.73246, 195.06927, 0.92318592, 17.218485,         0, -3.2918967,         0,         0, 6.4058365,         0,         0,         0, -2.984299, -0.48490733, 1.6735459, -0.00048483513, -0.00091453337, -0.0035029449, -1.4944855, -0.35512387, 0.92318592, 0.063751384, -0.30787597,         0, -0.65785066,         0,         0, 0.30163858,         0,         0,         0, 0.28122451,  15.77957, 77.550696, 0.00737236, 0.011646211, -0.35860605, -7.3376663, -7.3205286, 17.218485, -0.30787597, 234.73672,         0, -14.274284,         0,         0, 31.046267,         0,         0,         0, 14.883193,         0,         0,         0,         0,         0,         0,         0,         0,         0,         0,         0,         0,         0,         0,         0,         0,         0,         0,         0, 40.004906, 220.07079, 0.048051925, 0.11927534, -0.42400297,  4.609839, -6.6455461, -3.2918967, -0.65785066, -14.274284,         0, 907.81174,         0,         0, -64.123596,         0,         0,         0, -14.072663,         0,         0,         0,         0,         0,         0,         0,         0,         0,         0,         0,         0,         0,         0,         0,         0,         0,         0,         0,         0,         0,         0,         0,         0,         0,         0,         0,         0,         0,         0,         0,         0,         0,         0,         0,         0,         0,         0, -44.560879, 48.185181, -0.019069472, -0.077800893, 0.30661975, -17.883804, 1.2001795, 6.4058365, 0.30163858, 31.046267,         0, -64.123596,         0,         0, 129.40743,         0,         0,         0, -6.6871675,         0,         0,         0,         0,         0,         0,         0,         0,         0,         0,         0,         0,         0,         0,         0,         0,         0,         0,         0,         0,         0,         0,         0,         0,         0,         0,         0,         0,         0,         0,         0,         0,         0,         0,         0,         0,         0,         0,         0,         0,         0,         0,         0,         0,         0,         0,         0,         0,         0,         0,         0,         0,         0,         0,         0,         0,         0, 4.1685378, -15.10881, -0.0067409194, -0.010948456, 0.10513658, -7.9665402, 4.9408933, -2.984299, 0.28122451, 14.883193,         0, -14.072663,         0,         0, -6.6871675,         0,         0,         0, 50.377391))
			, nrow = 19, ncol = 19
			, dimnames = list(
				as.character(c("GAMMA", "CMultStdev", "tvVmax", "tvKm", "tvV", "tvKa", "K12", "K21", "stdev0", "nVmax-nVmax", "nKm-nVmax", "nKm-nKm", "nV-nVmax", "nV-nKm", "nV-nV", "nKa-nVmax", "nKa-nKm", "nKa-nV", "nKa-nKa"))
				, as.character(c("GAMMA", "CMultStdev", "tvVmax", "tvKm", "tvV", "tvKa", "K12", "K21", "stdev0", "nVmax-nVmax", "nKm-nVmax", "nKm-nKm", "nV-nVmax", "nV-nKm", "nV-nV", "nKa-nVmax", "nKa-nKm", "nKa-nV", "nKa-nKa"))
				)
			)
		, "LLTable" = data.frame(
			id = as.character(c( "1", "2", "3", "4", "5", "6", "7", "8", "9", "10", "11", "12", "13", "14", "15", "16", "17", "18", "19", "20", "21", "22", "23", "24", "25", "26", "27", "28", "29", "30", "31", "32", "33", "34", "35", "36", "37", "38", "39", "40", "41", "42", "43", "44", "45", "46", "47", "48", "49", "50", "51", "52", "53", "54", "55", "56", "57", "58", "59", "60"))
			, "LL" = c(-53.650632, -60.936858, -58.63182, -65.166543, -58.594025, -60.616283, -55.105558, -56.07618, -58.892365, -60.23281, -61.42215, -56.923595, -56.57167, -55.102737, -51.298773, -54.895509, -56.007127, -60.783476, -54.946346, -55.301661, -59.196143, -58.192295, -49.065046, -54.962599, -58.65537, -56.802525, -62.606522, -51.863295, -52.090301, -55.803643, -58.402313, -50.768755, -62.836765, -61.051886, -56.723233, -62.341634, -55.608287, -55.602823, -53.52693, -58.430291, -54.352906, -60.201987, -57.348744, -52.493349, -53.826058, -53.628872,  -59.1674, -54.73246, -53.084916, -54.629768, -61.005689, -54.814017, -64.13667, -58.226179, -58.33753, -54.902388, -56.482578, -55.073182, -57.291858,  -54.7014)
			) # end of LLTable
		, "residuals" = data.frame(
			  ID1 = as.character(c(  "",   "",   "",   "",   "",   "",   "",   "",   "",   "",   "",   "",   "",   "",   "",   "",   "",   "",   "",   "",   "",   "",   "",   "",   "",   "",   "",   "",   "",   "",   "",   "",   "",   "",   "",   "",   "",   "",   "",   "",   "",   "",   "",   "",   "",   "",   "",   "",   "",   "",   "",   "",   "",   "",   "",   "",   "",   "",   "",   "",   "",   "",   "",   "",   "",   "",   "",   "",   "",   "",   "",   "",   "",   "",   "",   "",   "",   "",   "",   "",   "",   "",   "",   "",   "",   "",   "",   "",   "",   "",   "",   "",   "",   "",   "",   "",   "",   "",   "",   "",   "",   "",   "",   "",   "",   "",   "",   "",   "",   "",   "",   "",   "",   "",   "",   "",   "",   "",   "",   "",   "",   "",   "",   "",   "",   "",   "",   "",   "",   "",   "",   "",   "",   "",   "",   "",   "",   "",   "",   "",   "",   "",   "",   "",   "",   "",   "",   "",   "",   "",   "",   "",   "",   "",   "",   "",   "",   "",   "",   "",   "",   "",   "",   "",   "",   "",   "",   "",   "",   "",   "",   "",   "",   "",   "",   "",   "",   "",   "",   "",   "",   "",   "",   "",   "",   "",   "",   "",   "",   "",   "",   "",   "",   "",   "",   "",   "",   "",   "",   "",   "",   "",   "",   "",   "",   "",   "",   "",   "",   "",   "",   "",   "",   "",   "",   "",   "",   "",   "",   "",   "",   "",   "",   "",   "",   "",   "",   "",   "",   "",   "",   "",   "",   "",   "",   "",   "",   "",   "",   "",   "",   "",   "",   "",   "",   "",   "",   "",   "",   "",   "",   "",   "",   "",   "",   "",   "",   "",   "",   "",   "",   "",   "",   "",   "",   "",   "",   "",   "",   "",   "",   "",   "",   "",   "",   "",   "",   "",   "",   "",   "",   "",   "",   "",   "",   "",   "",   "",   "",   "",   "",   "",   "",   "",   "",   "",   "",   "",   "",   "",   "",   "",   "",   "",   "",   "",   "",   "",   "",   "",   "",   "",   "",   "",   "",   "",   "",   "",   "",   "",   "",   "",   "",   "",   "",   "",   "",   "",   "",   "",   "",   "",   "",   "",   "",   "",   "",   "",   "",   "",   "",   "",   "",   "",   "",   "",   "",   "",   "",   "",   "",   "",   "",   "",   "",   "",   "",   "",   "",   "",   "",   "",   "",   "",   "",   "",   "",   "",   "",   "",   "",   "",   "",   "",   "",   "",   "",   "",   "",   "",   "",   "",   "",   "",   "",   "",   "",   "",   "",   "",   "",   "",   "",   "",   "",   "",   "",   "",   "",   "",   "",   "",   "",   "",   "",   "",   "",   "",   "",   "",   "",   "",   "",   "",   "",   "",   "",   "",   "",   "",   "",   "",   "",   "",   "",   "",   "",   "",   "",   "",   "",   "",   "",   "",   "",   "",   "",   "",   "",   "",   "",   "",   "",   "",   "",   "",   "",   "",   "",   "",   "",   "",   "",   "",   "",   "",   "",   "",   "",   "",   "",   "",   "",   "",   "",   "",   "",   "",   "",   "",   "",   "",   "",   "",   "",   "",   "",   "",   "",   ""))
			, ID2 = as.character(c(  "",   "",   "",   "",   "",   "",   "",   "",   "",   "",   "",   "",   "",   "",   "",   "",   "",   "",   "",   "",   "",   "",   "",   "",   "",   "",   "",   "",   "",   "",   "",   "",   "",   "",   "",   "",   "",   "",   "",   "",   "",   "",   "",   "",   "",   "",   "",   "",   "",   "",   "",   "",   "",   "",   "",   "",   "",   "",   "",   "",   "",   "",   "",   "",   "",   "",   "",   "",   "",   "",   "",   "",   "",   "",   "",   "",   "",   "",   "",   "",   "",   "",   "",   "",   "",   "",   "",   "",   "",   "",   "",   "",   "",   "",   "",   "",   "",   "",   "",   "",   "",   "",   "",   "",   "",   "",   "",   "",   "",   "",   "",   "",   "",   "",   "",   "",   "",   "",   "",   "",   "",   "",   "",   "",   "",   "",   "",   "",   "",   "",   "",   "",   "",   "",   "",   "",   "",   "",   "",   "",   "",   "",   "",   "",   "",   "",   "",   "",   "",   "",   "",   "",   "",   "",   "",   "",   "",   "",   "",   "",   "",   "",   "",   "",   "",   "",   "",   "",   "",   "",   "",   "",   "",   "",   "",   "",   "",   "",   "",   "",   "",   "",   "",   "",   "",   "",   "",   "",   "",   "",   "",   "",   "",   "",   "",   "",   "",   "",   "",   "",   "",   "",   "",   "",   "",   "",   "",   "",   "",   "",   "",   "",   "",   "",   "",   "",   "",   "",   "",   "",   "",   "",   "",   "",   "",   "",   "",   "",   "",   "",   "",   "",   "",   "",   "",   "",   "",   "",   "",   "",   "",   "",   "",   "",   "",   "",   "",   "",   "",   "",   "",   "",   "",   "",   "",   "",   "",   "",   "",   "",   "",   "",   "",   "",   "",   "",   "",   "",   "",   "",   "",   "",   "",   "",   "",   "",   "",   "",   "",   "",   "",   "",   "",   "",   "",   "",   "",   "",   "",   "",   "",   "",   "",   "",   "",   "",   "",   "",   "",   "",   "",   "",   "",   "",   "",   "",   "",   "",   "",   "",   "",   "",   "",   "",   "",   "",   "",   "",   "",   "",   "",   "",   "",   "",   "",   "",   "",   "",   "",   "",   "",   "",   "",   "",   "",   "",   "",   "",   "",   "",   "",   "",   "",   "",   "",   "",   "",   "",   "",   "",   "",   "",   "",   "",   "",   "",   "",   "",   "",   "",   "",   "",   "",   "",   "",   "",   "",   "",   "",   "",   "",   "",   "",   "",   "",   "",   "",   "",   "",   "",   "",   "",   "",   "",   "",   "",   "",   "",   "",   "",   "",   "",   "",   "",   "",   "",   "",   "",   "",   "",   "",   "",   "",   "",   "",   "",   "",   "",   "",   "",   "",   "",   "",   "",   "",   "",   "",   "",   "",   "",   "",   "",   "",   "",   "",   "",   "",   "",   "",   "",   "",   "",   "",   "",   "",   "",   "",   "",   "",   "",   "",   "",   "",   "",   "",   "",   "",   "",   "",   "",   "",   "",   "",   "",   "",   "",   "",   "",   "",   "",   "",   "",   "",   "",   "",   "",   "",   "",   "",   "",   "",   "",   "",   "",   "",   "",   "",   "",   "",   ""))
			, ID3 = as.character(c(  "",   "",   "",   "",   "",   "",   "",   "",   "",   "",   "",   "",   "",   "",   "",   "",   "",   "",   "",   "",   "",   "",   "",   "",   "",   "",   "",   "",   "",   "",   "",   "",   "",   "",   "",   "",   "",   "",   "",   "",   "",   "",   "",   "",   "",   "",   "",   "",   "",   "",   "",   "",   "",   "",   "",   "",   "",   "",   "",   "",   "",   "",   "",   "",   "",   "",   "",   "",   "",   "",   "",   "",   "",   "",   "",   "",   "",   "",   "",   "",   "",   "",   "",   "",   "",   "",   "",   "",   "",   "",   "",   "",   "",   "",   "",   "",   "",   "",   "",   "",   "",   "",   "",   "",   "",   "",   "",   "",   "",   "",   "",   "",   "",   "",   "",   "",   "",   "",   "",   "",   "",   "",   "",   "",   "",   "",   "",   "",   "",   "",   "",   "",   "",   "",   "",   "",   "",   "",   "",   "",   "",   "",   "",   "",   "",   "",   "",   "",   "",   "",   "",   "",   "",   "",   "",   "",   "",   "",   "",   "",   "",   "",   "",   "",   "",   "",   "",   "",   "",   "",   "",   "",   "",   "",   "",   "",   "",   "",   "",   "",   "",   "",   "",   "",   "",   "",   "",   "",   "",   "",   "",   "",   "",   "",   "",   "",   "",   "",   "",   "",   "",   "",   "",   "",   "",   "",   "",   "",   "",   "",   "",   "",   "",   "",   "",   "",   "",   "",   "",   "",   "",   "",   "",   "",   "",   "",   "",   "",   "",   "",   "",   "",   "",   "",   "",   "",   "",   "",   "",   "",   "",   "",   "",   "",   "",   "",   "",   "",   "",   "",   "",   "",   "",   "",   "",   "",   "",   "",   "",   "",   "",   "",   "",   "",   "",   "",   "",   "",   "",   "",   "",   "",   "",   "",   "",   "",   "",   "",   "",   "",   "",   "",   "",   "",   "",   "",   "",   "",   "",   "",   "",   "",   "",   "",   "",   "",   "",   "",   "",   "",   "",   "",   "",   "",   "",   "",   "",   "",   "",   "",   "",   "",   "",   "",   "",   "",   "",   "",   "",   "",   "",   "",   "",   "",   "",   "",   "",   "",   "",   "",   "",   "",   "",   "",   "",   "",   "",   "",   "",   "",   "",   "",   "",   "",   "",   "",   "",   "",   "",   "",   "",   "",   "",   "",   "",   "",   "",   "",   "",   "",   "",   "",   "",   "",   "",   "",   "",   "",   "",   "",   "",   "",   "",   "",   "",   "",   "",   "",   "",   "",   "",   "",   "",   "",   "",   "",   "",   "",   "",   "",   "",   "",   "",   "",   "",   "",   "",   "",   "",   "",   "",   "",   "",   "",   "",   "",   "",   "",   "",   "",   "",   "",   "",   "",   "",   "",   "",   "",   "",   "",   "",   "",   "",   "",   "",   "",   "",   "",   "",   "",   "",   "",   "",   "",   "",   "",   "",   "",   "",   "",   "",   "",   "",   "",   "",   "",   "",   "",   "",   "",   "",   "",   "",   "",   "",   "",   "",   "",   "",   "",   "",   "",   "",   "",   "",   "",   "",   "",   "",   "",   "",   "",   "",   "",   "",   "",   "",   "",   "",   ""))
