TABLE NO.     1: First Order Conditional Estimation with Interaction: Problem=1 Subproblem=0 Superproblem1=0 Iteration1=0 Superproblem2=0 Iteration2=0
 NAME         THETA1       THETA2       THETA3       THETA4       THETA5       THETA6       THETA7       SIGMA(1,1)   SIGMA(2,1)   SIGMA(2,2)   OMEGA(1,1)   OMEGA(2,1)   OMEGA(2,2)   OMEGA(3,1)   OMEGA(3,2)   OMEGA(3,3)   OMEGA(4,1)   OMEGA(4,2)   OMEGA(4,3)   OMEGA(4,4)
 THETA1        1.44545E-02 -1.79624E+00  1.73327E-02 -9.69349E-05 -1.96124E-04  2.39298E-04 -6.63618E-04 -3.86259E-05  0.00000E+00 -1.80028E-05  7.11308E-04  0.00000E+00 -4.61767E-04  0.00000E+00  0.00000E+00  6.20672E-04  0.00000E+00  0.00000E+00  0.00000E+00  3.29732E-03
 THETA2       -1.79624E+00  2.23732E+02 -2.15814E+00  1.20784E-02  2.44217E-02 -2.98022E-02  8.26525E-02  4.81051E-03  0.00000E+00  2.24143E-03 -6.28493E-02  0.00000E+00  3.66267E-02  0.00000E+00  0.00000E+00 -6.65114E-02  0.00000E+00  0.00000E+00  0.00000E+00 -2.81888E-01
 THETA3        1.73327E-02 -2.15814E+00  2.08197E-02 -1.16505E-04 -2.35599E-04  2.87492E-04 -7.97320E-04 -4.64042E-05  0.00000E+00 -2.16227E-05  6.44636E-04  0.00000E+00 -3.84814E-04  0.00000E+00  0.00000E+00  6.56714E-04  0.00000E+00  0.00000E+00  0.00000E+00  2.91218E-03
 THETA4       -9.69349E-05  1.20784E-02 -1.16505E-04  6.52221E-07  1.31844E-06 -1.60894E-06  4.46234E-06  2.59737E-07  0.00000E+00  1.21014E-07 -3.06813E-06  0.00000E+00  1.71509E-06  0.00000E+00  0.00000E+00 -3.45124E-06  0.00000E+00  0.00000E+00  0.00000E+00 -1.35971E-05
 THETA5       -1.96124E-04  2.44217E-02 -2.35599E-04  1.31844E-06  2.66611E-06 -3.25333E-06  9.02276E-06  5.25129E-07  0.00000E+00  2.44688E-07 -7.18370E-06  0.00000E+00  4.26640E-06  0.00000E+00  0.00000E+00 -7.38009E-06  0.00000E+00  0.00000E+00  0.00000E+00 -3.24048E-05
 THETA6        2.39298E-04 -2.98022E-02  2.87492E-04 -1.60894E-06 -3.25333E-06  3.96998E-06 -1.10103E-05 -6.40812E-07  0.00000E+00 -2.98586E-07  8.53375E-06  0.00000E+00 -5.01485E-06  0.00000E+00  0.00000E+00  8.91565E-06  0.00000E+00  0.00000E+00  0.00000E+00  3.83724E-05
 THETA7       -6.63618E-04  8.26525E-02 -7.97320E-04  4.46234E-06  9.02276E-06 -1.10103E-05  3.05360E-05  1.77725E-06  0.00000E+00  8.28097E-07 -2.33166E-05  0.00000E+00  1.36271E-05  0.00000E+00  0.00000E+00 -2.45706E-05  0.00000E+00  0.00000E+00  0.00000E+00 -1.04678E-04
 SIGMA(1,1)   -3.86259E-05  4.81051E-03 -4.64042E-05  2.59737E-07  5.25129E-07 -6.40812E-07  1.77725E-06  1.03453E-07  0.00000E+00  4.82029E-08 -1.32830E-06  0.00000E+00  7.68184E-07  0.00000E+00  0.00000E+00 -1.42148E-06  0.00000E+00  0.00000E+00  0.00000E+00 -5.94276E-06
 SIGMA(2,1)    0.00000E+00  0.00000E+00  0.00000E+00  0.00000E+00  0.00000E+00  0.00000E+00  0.00000E+00  0.00000E+00  0.00000E+00  0.00000E+00  0.00000E+00  0.00000E+00  0.00000E+00  0.00000E+00  0.00000E+00  0.00000E+00  0.00000E+00  0.00000E+00  0.00000E+00  0.00000E+00
 SIGMA(2,2)   -1.80028E-05  2.24143E-03 -2.16227E-05  1.21014E-07  2.44688E-07 -2.98586E-07  8.28097E-07  4.82029E-08  0.00000E+00  2.24606E-08 -6.54845E-07  0.00000E+00  3.87044E-07  0.00000E+00  0.00000E+00 -6.77511E-07  0.00000E+00  0.00000E+00  0.00000E+00 -2.94866E-06
 OMEGA(1,1)    7.11308E-04 -6.28493E-02  6.44636E-04 -3.06813E-06 -7.18370E-06  8.53375E-06 -2.33166E-05 -1.32830E-06  0.00000E+00 -6.54845E-07  1.52208E-03  0.00000E+00 -1.24179E-03  0.00000E+00  0.00000E+00  6.18566E-04  0.00000E+00  0.00000E+00  0.00000E+00  7.63330E-03
 OMEGA(2,1)    0.00000E+00  0.00000E+00  0.00000E+00  0.00000E+00  0.00000E+00  0.00000E+00  0.00000E+00  0.00000E+00  0.00000E+00  0.00000E+00  0.00000E+00  0.00000E+00  0.00000E+00  0.00000E+00  0.00000E+00  0.00000E+00  0.00000E+00  0.00000E+00  0.00000E+00  0.00000E+00
 OMEGA(2,2)   -4.61767E-04  3.66267E-02 -3.84814E-04  1.71509E-06  4.26640E-06 -5.01485E-06  1.36271E-05  7.68184E-07  0.00000E+00  3.87044E-07 -1.24179E-03  0.00000E+00  1.01569E-03  0.00000E+00  0.00000E+00 -4.98503E-04  0.00000E+00  0.00000E+00  0.00000E+00 -6.23604E-03
 OMEGA(3,1)    0.00000E+00  0.00000E+00  0.00000E+00  0.00000E+00  0.00000E+00  0.00000E+00  0.00000E+00  0.00000E+00  0.00000E+00  0.00000E+00  0.00000E+00  0.00000E+00  0.00000E+00  0.00000E+00  0.00000E+00  0.00000E+00  0.00000E+00  0.00000E+00  0.00000E+00  0.00000E+00
 OMEGA(3,2)    0.00000E+00  0.00000E+00  0.00000E+00  0.00000E+00  0.00000E+00  0.00000E+00  0.00000E+00  0.00000E+00  0.00000E+00  0.00000E+00  0.00000E+00  0.00000E+00  0.00000E+00  0.00000E+00  0.00000E+00  0.00000E+00  0.00000E+00  0.00000E+00  0.00000E+00  0.00000E+00
 OMEGA(3,3)    6.20672E-04 -6.65114E-02  6.56714E-04 -3.45124E-06 -7.38009E-06  8.91565E-06 -2.45706E-05 -1.42148E-06  0.00000E+00 -6.77511E-07  6.18566E-04  0.00000E+00 -4.98503E-04  0.00000E+00  0.00000E+00  2.68177E-04  0.00000E+00  0.00000E+00  0.00000E+00  3.08626E-03
 OMEGA(4,1)    0.00000E+00  0.00000E+00  0.00000E+00  0.00000E+00  0.00000E+00  0.00000E+00  0.00000E+00  0.00000E+00  0.00000E+00  0.00000E+00  0.00000E+00  0.00000E+00  0.00000E+00  0.00000E+00  0.00000E+00  0.00000E+00  0.00000E+00  0.00000E+00  0.00000E+00  0.00000E+00
 OMEGA(4,2)    0.00000E+00  0.00000E+00  0.00000E+00  0.00000E+00  0.00000E+00  0.00000E+00  0.00000E+00  0.00000E+00  0.00000E+00  0.00000E+00  0.00000E+00  0.00000E+00  0.00000E+00  0.00000E+00  0.00000E+00  0.00000E+00  0.00000E+00  0.00000E+00  0.00000E+00  0.00000E+00
 OMEGA(4,3)    0.00000E+00  0.00000E+00  0.00000E+00  0.00000E+00  0.00000E+00  0.00000E+00  0.00000E+00  0.00000E+00  0.00000E+00  0.00000E+00  0.00000E+00  0.00000E+00  0.00000E+00  0.00000E+00  0.00000E+00  0.00000E+00  0.00000E+00  0.00000E+00  0.00000E+00  0.00000E+00
 OMEGA(4,4)    3.29732E-03 -2.81888E-01  2.91218E-03 -1.35971E-05 -3.24048E-05  3.83724E-05 -1.04678E-04 -5.94276E-06  0.00000E+00 -2.94866E-06  7.63330E-03  0.00000E+00 -6.23604E-03  0.00000E+00  0.00000E+00  3.08626E-03  0.00000E+00  0.00000E+00  0.00000E+00  3.83171E-02
