TABLE NO.     1: First Order Conditional Estimation with Interaction: Problem=1 Subproblem=0 Superproblem1=0 Iteration1=0 Superproblem2=0 Iteration2=0
 NAME         THETA1       THETA2       THETA3       THETA4       THETA5       THETA6       THETA7       SIGMA(1,1)   SIGMA(2,1)   SIGMA(2,2)   OMEGA(1,1)   OMEGA(2,1)   OMEGA(2,2)   OMEGA(3,1)   OMEGA(3,2)   OMEGA(3,3)   OMEGA(4,1)   OMEGA(4,2)   OMEGA(4,3)   OMEGA(4,4)
 THETA1        2.08794E+09 -1.03699E+08  6.01808E+11  3.15228E+13  1.27161E+14 -1.01485E+13 -7.90739E+11  1.80439E+11  0.00000E+00 -1.96670E+12 -2.26869E+11  0.00000E+00 -5.13287E+11  0.00000E+00  0.00000E+00 -1.88270E+11  0.00000E+00  0.00000E+00  0.00000E+00  2.02836E+09
 THETA2       -1.03699E+08  6.00996E+06 -3.36407E+10 -1.76924E+12 -7.10808E+12  5.67944E+11  4.42468E+10 -7.04611E+09  0.00000E+00  8.38502E+10  1.26871E+10  0.00000E+00  2.87107E+10  0.00000E+00  0.00000E+00  1.05264E+10  0.00000E+00  0.00000E+00  0.00000E+00 -1.13330E+08
 THETA3        6.01808E+11 -3.36407E+10  1.90208E+14  9.99513E+15  4.01899E+16 -3.21091E+15 -2.50086E+14  4.44958E+13  0.00000E+00 -5.16413E+14 -7.17316E+13  0.00000E+00 -1.62321E+14  0.00000E+00  0.00000E+00 -5.95172E+13  0.00000E+00  0.00000E+00  0.00000E+00  6.40829E+11
 THETA4        3.15228E+13 -1.76924E+12  9.99513E+15  5.25719E+17  2.11183E+18 -1.68871E+17 -1.31251E+16  2.23196E+15  0.00000E+00 -2.62894E+16 -3.77026E+15  0.00000E+00 -8.53186E+15  0.00000E+00  0.00000E+00 -3.12815E+15  0.00000E+00  0.00000E+00  0.00000E+00  3.36801E+13
 THETA5        1.27161E+14 -7.10808E+12  4.01899E+16  2.11183E+18  8.49193E+18 -6.78399E+17 -5.28459E+16  9.43794E+15  0.00000E+00 -1.09388E+17 -1.51563E+16  0.00000E+00 -3.42969E+16  0.00000E+00  0.00000E+00 -1.25755E+16  0.00000E+00  0.00000E+00  0.00000E+00  1.35402E+14
 THETA6       -1.01485E+13  5.67944E+11 -3.21091E+15 -1.68871E+17 -6.78399E+17  5.42996E+16  4.21500E+15 -6.65332E+14  0.00000E+00  8.07956E+15  1.21138E+15  0.00000E+00  2.74126E+15  0.00000E+00  0.00000E+00  1.00506E+15  0.00000E+00  0.00000E+00  0.00000E+00 -1.08215E+13
 THETA7       -7.90739E+11  4.42468E+10 -2.50086E+14 -1.31251E+16 -5.28459E+16  4.21500E+15  3.29519E+14 -6.13014E+13  0.00000E+00  7.00673E+14  9.42758E+13  0.00000E+00  2.13332E+14  0.00000E+00  0.00000E+00  7.82263E+13  0.00000E+00  0.00000E+00  0.00000E+00 -8.42277E+11
 SIGMA(1,1)    1.80439E+11 -7.04611E+09  4.44958E+13  2.23196E+15  9.43794E+15 -6.65332E+14 -6.13014E+13  4.64390E+14  0.00000E+00 -3.51123E+15 -1.63225E+13  0.00000E+00 -3.68039E+13  0.00000E+00  0.00000E+00 -1.36041E+13  0.00000E+00  0.00000E+00  0.00000E+00  1.48433E+11
 SIGMA(2,1)    0.00000E+00  0.00000E+00  0.00000E+00  0.00000E+00  0.00000E+00  0.00000E+00  0.00000E+00  0.00000E+00  0.00000E+00  0.00000E+00  0.00000E+00  0.00000E+00  0.00000E+00  0.00000E+00  0.00000E+00  0.00000E+00  0.00000E+00  0.00000E+00  0.00000E+00  0.00000E+00
 SIGMA(2,2)   -1.96670E+12  8.38502E+10 -5.16413E+14 -2.62894E+16 -1.09388E+17  8.07956E+15  7.00673E+14 -3.51123E+15  0.00000E+00  2.68766E+16  1.91337E+14  0.00000E+00  4.31977E+14  0.00000E+00  0.00000E+00  1.59217E+14  0.00000E+00  0.00000E+00  0.00000E+00 -1.72861E+12
 OMEGA(1,1)   -2.26869E+11  1.26871E+10 -7.17316E+13 -3.77026E+15 -1.51563E+16  1.21138E+15  9.42758E+13 -1.63225E+13  0.00000E+00  1.91337E+14  2.70546E+13  0.00000E+00  6.12219E+13  0.00000E+00  0.00000E+00  2.24474E+13  0.00000E+00  0.00000E+00  0.00000E+00 -2.41686E+11
 OMEGA(2,1)    0.00000E+00  0.00000E+00  0.00000E+00  0.00000E+00  0.00000E+00  0.00000E+00  0.00000E+00  0.00000E+00  0.00000E+00  0.00000E+00  0.00000E+00  0.00000E+00  0.00000E+00  0.00000E+00  0.00000E+00  0.00000E+00  0.00000E+00  0.00000E+00  0.00000E+00  0.00000E+00
 OMEGA(2,2)   -5.13287E+11  2.87107E+10 -1.62321E+14 -8.53186E+15 -3.42969E+16  2.74126E+15  2.13332E+14 -3.68039E+13  0.00000E+00  4.31977E+14  6.12219E+13  0.00000E+00  1.38539E+14  0.00000E+00  0.00000E+00  5.07963E+13  0.00000E+00  0.00000E+00  0.00000E+00 -5.46908E+11
 OMEGA(3,1)    0.00000E+00  0.00000E+00  0.00000E+00  0.00000E+00  0.00000E+00  0.00000E+00  0.00000E+00  0.00000E+00  0.00000E+00  0.00000E+00  0.00000E+00  0.00000E+00  0.00000E+00  0.00000E+00  0.00000E+00  0.00000E+00  0.00000E+00  0.00000E+00  0.00000E+00  0.00000E+00
 OMEGA(3,2)    0.00000E+00  0.00000E+00  0.00000E+00  0.00000E+00  0.00000E+00  0.00000E+00  0.00000E+00  0.00000E+00  0.00000E+00  0.00000E+00  0.00000E+00  0.00000E+00  0.00000E+00  0.00000E+00  0.00000E+00  0.00000E+00  0.00000E+00  0.00000E+00  0.00000E+00  0.00000E+00
 OMEGA(3,3)   -1.88270E+11  1.05264E+10 -5.95172E+13 -3.12815E+15 -1.25755E+16  1.00506E+15  7.82263E+13 -1.36041E+13  0.00000E+00  1.59217E+14  2.24474E+13  0.00000E+00  5.07963E+13  0.00000E+00  0.00000E+00  1.86249E+13  0.00000E+00  0.00000E+00  0.00000E+00 -2.00531E+11
 OMEGA(4,1)    0.00000E+00  0.00000E+00  0.00000E+00  0.00000E+00  0.00000E+00  0.00000E+00  0.00000E+00  0.00000E+00  0.00000E+00  0.00000E+00  0.00000E+00  0.00000E+00  0.00000E+00  0.00000E+00  0.00000E+00  0.00000E+00  0.00000E+00  0.00000E+00  0.00000E+00  0.00000E+00
 OMEGA(4,2)    0.00000E+00  0.00000E+00  0.00000E+00  0.00000E+00  0.00000E+00  0.00000E+00  0.00000E+00  0.00000E+00  0.00000E+00  0.00000E+00  0.00000E+00  0.00000E+00  0.00000E+00  0.00000E+00  0.00000E+00  0.00000E+00  0.00000E+00  0.00000E+00  0.00000E+00  0.00000E+00
 OMEGA(4,3)    0.00000E+00  0.00000E+00  0.00000E+00  0.00000E+00  0.00000E+00  0.00000E+00  0.00000E+00  0.00000E+00  0.00000E+00  0.00000E+00  0.00000E+00  0.00000E+00  0.00000E+00  0.00000E+00  0.00000E+00  0.00000E+00  0.00000E+00  0.00000E+00  0.00000E+00  0.00000E+00
 OMEGA(4,4)    2.02836E+09 -1.13330E+08  6.40829E+11  3.36801E+13  1.35402E+14 -1.08215E+13 -8.42277E+11  1.48433E+11  0.00000E+00 -1.72861E+12 -2.41686E+11  0.00000E+00 -5.46908E+11  0.00000E+00  0.00000E+00 -2.00531E+11  0.00000E+00  0.00000E+00  0.00000E+00  2.15921E+09
