TABLE NO.     1: First Order Conditional Estimation with Interaction: Problem=1 Subproblem=0 Superproblem1=0 Iteration1=0 Superproblem2=0 Iteration2=0
 NAME         THETA1       THETA2       THETA3       THETA4       THETA5       THETA6       THETA7       SIGMA(1,1)   SIGMA(2,1)   SIGMA(2,2)   OMEGA(1,1)   OMEGA(2,1)   OMEGA(2,2)   OMEGA(3,1)   OMEGA(3,2)   OMEGA(3,3)   OMEGA(4,1)   OMEGA(4,2)   OMEGA(4,3)   OMEGA(4,4)
 THETA1        1.30724E+11  3.76902E+08 -4.39673E+10  2.12197E+08 -4.28094E+08 -8.94335E+05  1.24617E+05 -5.06227E+04  0.00000E+00 -7.76623E+02 -1.15009E+07  0.00000E+00  1.01898E+08  0.00000E+00  0.00000E+00  5.86218E+06  0.00000E+00  0.00000E+00  0.00000E+00  2.21239E+07
 THETA2        3.76902E+08  1.08668E+06 -1.26766E+08  6.11803E+05 -1.23427E+06 -2.57853E+03  3.59294E+02 -1.45954E+02  0.00000E+00 -2.23915E+00 -3.31593E+04  0.00000E+00  2.93792E+05  0.00000E+00  0.00000E+00  1.69017E+04  0.00000E+00  0.00000E+00  0.00000E+00  6.37873E+04
 THETA3       -4.39673E+10 -1.26766E+08  1.47878E+10 -7.13694E+07  1.43983E+08  3.00797E+05 -4.19131E+04  1.70262E+04  0.00000E+00  2.61206E+02  3.86817E+06  0.00000E+00 -3.42721E+07  0.00000E+00  0.00000E+00 -1.97166E+06  0.00000E+00  0.00000E+00  0.00000E+00 -7.44106E+06
 THETA4        2.12197E+08  6.11803E+05 -7.13694E+07  3.44447E+05 -6.94899E+05 -1.45172E+03  2.02283E+02 -8.21727E+01  0.00000E+00 -1.26065E+00 -1.86688E+04  0.00000E+00  1.65406E+05  0.00000E+00  0.00000E+00  9.51572E+03  0.00000E+00  0.00000E+00  0.00000E+00  3.59124E+04
 THETA5       -4.28094E+08 -1.23427E+06  1.43983E+08 -6.94899E+05  1.40191E+06  2.92875E+03 -4.08093E+02  1.65778E+02  0.00000E+00  2.54327E+00  3.76630E+04  0.00000E+00 -3.33695E+05  0.00000E+00  0.00000E+00 -1.91973E+04  0.00000E+00  0.00000E+00  0.00000E+00 -7.24510E+04
 THETA6       -8.94335E+05 -2.57853E+03  3.00797E+05 -1.45172E+03  2.92875E+03  6.11848E+00 -8.52552E-01  3.46329E-01  0.00000E+00  5.31317E-03  7.86822E+01  0.00000E+00 -6.97125E+02  0.00000E+00  0.00000E+00 -4.01053E+01  0.00000E+00  0.00000E+00  0.00000E+00 -1.51358E+02
 THETA7        1.24617E+05  3.59294E+02 -4.19131E+04  2.02283E+02 -4.08093E+02 -8.52552E-01  1.18795E-01 -4.82576E-02  0.00000E+00 -7.40338E-04 -1.09636E+01  0.00000E+00  9.71377E+01  0.00000E+00  0.00000E+00  5.58829E+00  0.00000E+00  0.00000E+00  0.00000E+00  2.10903E+01
 SIGMA(1,1)   -5.06227E+04 -1.45954E+02  1.70262E+04 -8.21727E+01  1.65778E+02  3.46329E-01 -4.82576E-02  1.96035E-02  0.00000E+00  3.00745E-04  4.45370E+00  0.00000E+00 -3.94599E+01  0.00000E+00  0.00000E+00 -2.27011E+00  0.00000E+00  0.00000E+00  0.00000E+00 -8.56742E+00
 SIGMA(2,1)    0.00000E+00  0.00000E+00  0.00000E+00  0.00000E+00  0.00000E+00  0.00000E+00  0.00000E+00  0.00000E+00  0.00000E+00  0.00000E+00  0.00000E+00  0.00000E+00  0.00000E+00  0.00000E+00  0.00000E+00  0.00000E+00  0.00000E+00  0.00000E+00  0.00000E+00  0.00000E+00
 SIGMA(2,2)   -7.76623E+02 -2.23915E+00  2.61206E+02 -1.26065E+00  2.54327E+00  5.31317E-03 -7.40338E-04  3.00745E-04  0.00000E+00  4.61387E-06  6.83261E-02  0.00000E+00 -6.05370E-01  0.00000E+00  0.00000E+00 -3.48267E-02  0.00000E+00  0.00000E+00  0.00000E+00 -1.31436E-01
 OMEGA(1,1)   -1.15009E+07 -3.31593E+04  3.86817E+06 -1.86688E+04  3.76630E+04  7.86822E+01 -1.09636E+01  4.45370E+00  0.00000E+00  6.83261E-02  1.01183E+03  0.00000E+00 -8.96486E+03  0.00000E+00  0.00000E+00 -5.15745E+02  0.00000E+00  0.00000E+00  0.00000E+00 -1.94643E+03
 OMEGA(2,1)    0.00000E+00  0.00000E+00  0.00000E+00  0.00000E+00  0.00000E+00  0.00000E+00  0.00000E+00  0.00000E+00  0.00000E+00  0.00000E+00  0.00000E+00  0.00000E+00  0.00000E+00  0.00000E+00  0.00000E+00  0.00000E+00  0.00000E+00  0.00000E+00  0.00000E+00  0.00000E+00
 OMEGA(2,2)    1.01898E+08  2.93792E+05 -3.42721E+07  1.65406E+05 -3.33695E+05 -6.97125E+02  9.71377E+01 -3.94599E+01  0.00000E+00 -6.05370E-01 -8.96486E+03  0.00000E+00  7.94288E+04  0.00000E+00  0.00000E+00  4.56951E+03  0.00000E+00  0.00000E+00  0.00000E+00  1.72454E+04
 OMEGA(3,1)    0.00000E+00  0.00000E+00  0.00000E+00  0.00000E+00  0.00000E+00  0.00000E+00  0.00000E+00  0.00000E+00  0.00000E+00  0.00000E+00  0.00000E+00  0.00000E+00  0.00000E+00  0.00000E+00  0.00000E+00  0.00000E+00  0.00000E+00  0.00000E+00  0.00000E+00  0.00000E+00
 OMEGA(3,2)    0.00000E+00  0.00000E+00  0.00000E+00  0.00000E+00  0.00000E+00  0.00000E+00  0.00000E+00  0.00000E+00  0.00000E+00  0.00000E+00  0.00000E+00  0.00000E+00  0.00000E+00  0.00000E+00  0.00000E+00  0.00000E+00  0.00000E+00  0.00000E+00  0.00000E+00  0.00000E+00
 OMEGA(3,3)    5.86218E+06  1.69017E+04 -1.97166E+06  9.51572E+03 -1.91973E+04 -4.01053E+01  5.58829E+00 -2.27011E+00  0.00000E+00 -3.48267E-02 -5.15745E+02  0.00000E+00  4.56951E+03  0.00000E+00  0.00000E+00  2.62883E+02  0.00000E+00  0.00000E+00  0.00000E+00  9.92121E+02
 OMEGA(4,1)    0.00000E+00  0.00000E+00  0.00000E+00  0.00000E+00  0.00000E+00  0.00000E+00  0.00000E+00  0.00000E+00  0.00000E+00  0.00000E+00  0.00000E+00  0.00000E+00  0.00000E+00  0.00000E+00  0.00000E+00  0.00000E+00  0.00000E+00  0.00000E+00  0.00000E+00  0.00000E+00
 OMEGA(4,2)    0.00000E+00  0.00000E+00  0.00000E+00  0.00000E+00  0.00000E+00  0.00000E+00  0.00000E+00  0.00000E+00  0.00000E+00  0.00000E+00  0.00000E+00  0.00000E+00  0.00000E+00  0.00000E+00  0.00000E+00  0.00000E+00  0.00000E+00  0.00000E+00  0.00000E+00  0.00000E+00
 OMEGA(4,3)    0.00000E+00  0.00000E+00  0.00000E+00  0.00000E+00  0.00000E+00  0.00000E+00  0.00000E+00  0.00000E+00  0.00000E+00  0.00000E+00  0.00000E+00  0.00000E+00  0.00000E+00  0.00000E+00  0.00000E+00  0.00000E+00  0.00000E+00  0.00000E+00  0.00000E+00  0.00000E+00
 OMEGA(4,4)    2.21239E+07  6.37873E+04 -7.44106E+06  3.59124E+04 -7.24510E+04 -1.51358E+02  2.10903E+01 -8.56742E+00  0.00000E+00 -1.31436E-01 -1.94643E+03  0.00000E+00  1.72454E+04  0.00000E+00  0.00000E+00  9.92121E+02  0.00000E+00  0.00000E+00  0.00000E+00  3.74428E+03
