TABLE NO.     1: First Order Conditional Estimation with Interaction: Problem=1 Subproblem=0 Superproblem1=0 Iteration1=0 Superproblem2=0 Iteration2=0
 NAME         THETA1       THETA2       THETA3       THETA4       THETA5       THETA6       THETA7       SIGMA(1,1)   SIGMA(2,1)   SIGMA(2,2)   OMEGA(1,1)   OMEGA(2,1)   OMEGA(2,2)   OMEGA(3,1)   OMEGA(3,2)   OMEGA(3,3)   OMEGA(4,1)   OMEGA(4,2)   OMEGA(4,3)   OMEGA(4,4)
 THETA1        1.20227E-01 -9.98850E-01  9.99144E-01 -9.98348E-01 -9.99060E-01  9.98949E-01 -9.98874E-01 -9.98862E-01  0.00000E+00 -9.99148E-01  1.51648E-01  0.00000E+00 -1.20515E-01  0.00000E+00  0.00000E+00  3.15247E-01  0.00000E+00  0.00000E+00  0.00000E+00  1.40108E-01
 THETA2       -9.98850E-01  1.49577E+01 -9.99949E-01  9.99880E-01  9.99935E-01 -9.99978E-01  9.99967E-01  9.99896E-01  0.00000E+00  9.99887E-01 -1.07701E-01  0.00000E+00  7.68339E-02  0.00000E+00  0.00000E+00 -2.71532E-01  0.00000E+00  0.00000E+00  0.00000E+00 -9.62757E-02
 THETA3        9.99144E-01 -9.99949E-01  1.44290E-01 -9.99798E-01 -9.99994E-01  9.99987E-01 -9.99976E-01 -9.99882E-01  0.00000E+00 -9.99915E-01  1.14514E-01  0.00000E+00 -8.36821E-02  0.00000E+00  0.00000E+00  2.77926E-01  0.00000E+00  0.00000E+00  0.00000E+00  1.03106E-01
 THETA4       -9.98348E-01  9.99880E-01 -9.99798E-01  8.07602E-04  9.99827E-01 -9.99879E-01  9.99906E-01  9.99919E-01  0.00000E+00  9.99837E-01 -9.73772E-02  0.00000E+00  6.66357E-02  0.00000E+00  0.00000E+00 -2.60956E-01  0.00000E+00  0.00000E+00  0.00000E+00 -8.60105E-02
 THETA5       -9.99060E-01  9.99935E-01 -9.99994E-01  9.99827E-01  1.63282E-03 -9.99988E-01  9.99986E-01  9.99896E-01  0.00000E+00  9.99916E-01 -1.12769E-01  0.00000E+00  8.19863E-02  0.00000E+00  0.00000E+00 -2.76002E-01  0.00000E+00  0.00000E+00  0.00000E+00 -1.01385E-01
 THETA6        9.98949E-01 -9.99978E-01  9.99987E-01 -9.99879E-01 -9.99988E-01  1.99248E-03 -9.99997E-01 -9.99918E-01  0.00000E+00 -9.99920E-01  1.09781E-01  0.00000E+00 -7.89738E-02  0.00000E+00  0.00000E+00  2.73243E-01  0.00000E+00  0.00000E+00  0.00000E+00  9.83850E-02
 THETA7       -9.98874E-01  9.99967E-01 -9.99976E-01  9.99906E-01  9.99986E-01 -9.99997E-01  5.52594E-03  9.99930E-01  0.00000E+00  9.99919E-01 -1.08154E-01  0.00000E+00  7.73780E-02  0.00000E+00  0.00000E+00 -2.71518E-01  0.00000E+00  0.00000E+00  0.00000E+00 -9.67727E-02
 SIGMA(1,1)   -9.98862E-01  9.99896E-01 -9.99882E-01  9.99919E-01  9.99896E-01 -9.99918E-01  9.99930E-01  3.21642E-04  0.00000E+00  9.99979E-01 -1.05854E-01  0.00000E+00  7.49396E-02  0.00000E+00  0.00000E+00 -2.69873E-01  0.00000E+00  0.00000E+00  0.00000E+00 -9.43887E-02
 SIGMA(2,1)    0.00000E+00  0.00000E+00  0.00000E+00  0.00000E+00  0.00000E+00  0.00000E+00  0.00000E+00  0.00000E+00  0.00000E+00  0.00000E+00  0.00000E+00  0.00000E+00  0.00000E+00  0.00000E+00  0.00000E+00  0.00000E+00  0.00000E+00  0.00000E+00  0.00000E+00  0.00000E+00
 SIGMA(2,2)   -9.99148E-01  9.99887E-01 -9.99915E-01  9.99837E-01  9.99916E-01 -9.99920E-01  9.99919E-01  9.99979E-01  0.00000E+00  1.49868E-04 -1.11998E-01  0.00000E+00  8.10342E-02  0.00000E+00  0.00000E+00 -2.76055E-01  0.00000E+00  0.00000E+00  0.00000E+00 -1.00512E-01
 OMEGA(1,1)    1.51648E-01 -1.07701E-01  1.14514E-01 -9.73772E-02 -1.12769E-01  1.09781E-01 -1.08154E-01 -1.05854E-01  0.00000E+00 -1.11998E-01  3.90139E-02  0.00000E+00 -9.98728E-01  0.00000E+00  0.00000E+00  9.68182E-01  0.00000E+00  0.00000E+00  0.00000E+00  9.99533E-01
 OMEGA(2,1)    0.00000E+00  0.00000E+00  0.00000E+00  0.00000E+00  0.00000E+00  0.00000E+00  0.00000E+00  0.00000E+00  0.00000E+00  0.00000E+00  0.00000E+00  0.00000E+00  0.00000E+00  0.00000E+00  0.00000E+00  0.00000E+00  0.00000E+00  0.00000E+00  0.00000E+00  0.00000E+00
 OMEGA(2,2)   -1.20515E-01  7.68339E-02 -8.36821E-02  6.66357E-02  8.19863E-02 -7.89738E-02  7.73780E-02  7.49396E-02  0.00000E+00  8.10342E-02 -9.98728E-01  0.00000E+00  3.18700E-02  0.00000E+00  0.00000E+00 -9.55158E-01  0.00000E+00  0.00000E+00  0.00000E+00 -9.99611E-01
 OMEGA(3,1)    0.00000E+00  0.00000E+00  0.00000E+00  0.00000E+00  0.00000E+00  0.00000E+00  0.00000E+00  0.00000E+00  0.00000E+00  0.00000E+00  0.00000E+00  0.00000E+00  0.00000E+00  0.00000E+00  0.00000E+00  0.00000E+00  0.00000E+00  0.00000E+00  0.00000E+00  0.00000E+00
 OMEGA(3,2)    0.00000E+00  0.00000E+00  0.00000E+00  0.00000E+00  0.00000E+00  0.00000E+00  0.00000E+00  0.00000E+00  0.00000E+00  0.00000E+00  0.00000E+00  0.00000E+00  0.00000E+00  0.00000E+00  0.00000E+00  0.00000E+00  0.00000E+00  0.00000E+00  0.00000E+00  0.00000E+00
 OMEGA(3,3)    3.15247E-01 -2.71532E-01  2.77926E-01 -2.60956E-01 -2.76002E-01  2.73243E-01 -2.71518E-01 -2.69873E-01  0.00000E+00 -2.76055E-01  9.68182E-01  0.00000E+00 -9.55158E-01  0.00000E+00  0.00000E+00  1.63761E-02  0.00000E+00  0.00000E+00  0.00000E+00  9.62776E-01
 OMEGA(4,1)    0.00000E+00  0.00000E+00  0.00000E+00  0.00000E+00  0.00000E+00  0.00000E+00  0.00000E+00  0.00000E+00  0.00000E+00  0.00000E+00  0.00000E+00  0.00000E+00  0.00000E+00  0.00000E+00  0.00000E+00  0.00000E+00  0.00000E+00  0.00000E+00  0.00000E+00  0.00000E+00
 OMEGA(4,2)    0.00000E+00  0.00000E+00  0.00000E+00  0.00000E+00  0.00000E+00  0.00000E+00  0.00000E+00  0.00000E+00  0.00000E+00  0.00000E+00  0.00000E+00  0.00000E+00  0.00000E+00  0.00000E+00  0.00000E+00  0.00000E+00  0.00000E+00  0.00000E+00  0.00000E+00  0.00000E+00
 OMEGA(4,3)    0.00000E+00  0.00000E+00  0.00000E+00  0.00000E+00  0.00000E+00  0.00000E+00  0.00000E+00  0.00000E+00  0.00000E+00  0.00000E+00  0.00000E+00  0.00000E+00  0.00000E+00  0.00000E+00  0.00000E+00  0.00000E+00  0.00000E+00  0.00000E+00  0.00000E+00  0.00000E+00
 OMEGA(4,4)    1.40108E-01 -9.62757E-02  1.03106E-01 -8.60105E-02 -1.01385E-01  9.83850E-02 -9.67727E-02 -9.43887E-02  0.00000E+00 -1.00512E-01  9.99533E-01  0.00000E+00 -9.99611E-01  0.00000E+00  0.00000E+00  9.62776E-01  0.00000E+00  0.00000E+00  0.00000E+00  1.95747E-01
