TABLE NO.     1: First Order Conditional Estimation with Interaction: Problem=1 Subproblem=0 Superproblem1=0 Iteration1=0 Superproblem2=0 Iteration2=0
 NAME         THETA1       THETA2       THETA3       THETA4       THETA5       THETA6       THETA7       SIGMA(1,1)   SIGMA(2,1)   SIGMA(2,2)   OMEGA(1,1)   OMEGA(2,1)   OMEGA(2,2)   OMEGA(3,1)   OMEGA(3,2)   OMEGA(3,3)   OMEGA(4,1)   OMEGA(4,2)   OMEGA(4,3)   OMEGA(4,4)
 THETA1        3.66603E-01  9.99989E-01 -9.99371E-01  9.99999E-01  9.98944E-01 -9.99999E-01 -9.99999E-01  9.99992E-01  0.00000E+00  9.99986E-01 -8.93446E-01  0.00000E+00 -4.66481E-02  0.00000E+00  0.00000E+00 -8.88912E-02  0.00000E+00  0.00000E+00  0.00000E+00  7.75605E-01
 THETA2        9.99989E-01  2.30966E+00 -9.99330E-01  9.99991E-01  9.98893E-01 -9.99991E-01 -9.99992E-01  9.99989E-01  0.00000E+00  9.99986E-01 -8.93191E-01  0.00000E+00 -4.47776E-02  0.00000E+00  0.00000E+00 -9.04729E-02  0.00000E+00  0.00000E+00  0.00000E+00  7.74902E-01
 THETA3       -9.99371E-01 -9.99330E-01  2.21198E-01 -9.99392E-01 -9.99945E-01  9.99348E-01  9.99337E-01 -9.99260E-01  0.00000E+00 -9.99240E-01  9.08589E-01  0.00000E+00  4.92464E-02  0.00000E+00  0.00000E+00  5.85140E-02  0.00000E+00  0.00000E+00  0.00000E+00 -7.97149E-01
 THETA4        9.99999E-01  9.99991E-01 -9.99392E-01  5.86694E-04  9.98971E-01 -9.99999E-01 -9.99998E-01  9.99989E-01  0.00000E+00  9.99982E-01 -8.93806E-01  0.00000E+00 -4.53333E-02  0.00000E+00  0.00000E+00 -8.90391E-02  0.00000E+00  0.00000E+00  0.00000E+00  7.75852E-01
 THETA5        9.98944E-01  9.98893E-01 -9.99945E-01  9.98971E-01  6.96136E-04 -9.98915E-01 -9.98900E-01  9.98803E-01  0.00000E+00  9.98778E-01 -9.12832E-01  0.00000E+00 -5.01794E-02  0.00000E+00  0.00000E+00 -4.94372E-02  0.00000E+00  0.00000E+00  0.00000E+00  8.03340E-01
 THETA6       -9.99999E-01 -9.99991E-01  9.99348E-01 -9.99999E-01 -9.98915E-01  8.60295E-04  9.99999E-01 -9.99993E-01  0.00000E+00 -9.99987E-01  8.93223E-01  0.00000E+00  4.55167E-02  0.00000E+00  0.00000E+00  8.99946E-02  0.00000E+00  0.00000E+00  0.00000E+00 -7.75089E-01
 THETA7       -9.99999E-01 -9.99992E-01  9.99337E-01 -9.99998E-01 -9.98900E-01  9.99999E-01  1.85060E-02 -9.99994E-01  0.00000E+00 -9.99988E-01  8.93074E-01  0.00000E+00  4.60183E-02  0.00000E+00  0.00000E+00  8.99559E-02  0.00000E+00  0.00000E+00  0.00000E+00 -7.74974E-01
 SIGMA(1,1)    9.99992E-01  9.99989E-01 -9.99260E-01  9.99989E-01  9.98803E-01 -9.99993E-01 -9.99994E-01  2.77187E-04  0.00000E+00  9.99999E-01 -8.92122E-01  0.00000E+00 -4.69105E-02  0.00000E+00  0.00000E+00 -9.11388E-02  0.00000E+00  0.00000E+00  0.00000E+00  7.73842E-01
 SIGMA(2,1)    0.00000E+00  0.00000E+00  0.00000E+00  0.00000E+00  0.00000E+00  0.00000E+00  0.00000E+00  0.00000E+00  0.00000E+00  0.00000E+00  0.00000E+00  0.00000E+00  0.00000E+00  0.00000E+00  0.00000E+00  0.00000E+00  0.00000E+00  0.00000E+00  0.00000E+00  0.00000E+00
 SIGMA(2,2)    9.99986E-01  9.99986E-01 -9.99240E-01  9.99982E-01  9.98778E-01 -9.99987E-01 -9.99988E-01  9.99999E-01  0.00000E+00  2.33836E-05 -8.91955E-01  0.00000E+00 -4.66058E-02  0.00000E+00  0.00000E+00 -9.16215E-02  0.00000E+00  0.00000E+00  0.00000E+00  7.73559E-01
 OMEGA(1,1)   -8.93446E-01 -8.93191E-01  9.08589E-01 -8.93806E-01 -9.12832E-01  8.93223E-01  8.93074E-01 -8.92122E-01  0.00000E+00 -8.91955E-01  8.07060E-03  0.00000E+00  1.32716E-02  0.00000E+00  0.00000E+00 -2.73445E-01  0.00000E+00  0.00000E+00  0.00000E+00 -9.62737E-01
 OMEGA(2,1)    0.00000E+00  0.00000E+00  0.00000E+00  0.00000E+00  0.00000E+00  0.00000E+00  0.00000E+00  0.00000E+00  0.00000E+00  0.00000E+00  0.00000E+00  0.00000E+00  0.00000E+00  0.00000E+00  0.00000E+00  0.00000E+00  0.00000E+00  0.00000E+00  0.00000E+00  0.00000E+00
 OMEGA(2,2)   -4.66481E-02 -4.47776E-02  4.92464E-02 -4.53333E-02 -5.01794E-02  4.55167E-02  4.60183E-02 -4.69105E-02  0.00000E+00 -4.66058E-02  1.32716E-02  0.00000E+00  8.03441E-04  0.00000E+00  0.00000E+00 -5.55297E-01  0.00000E+00  0.00000E+00  0.00000E+00 -1.87926E-01
 OMEGA(3,1)    0.00000E+00  0.00000E+00  0.00000E+00  0.00000E+00  0.00000E+00  0.00000E+00  0.00000E+00  0.00000E+00  0.00000E+00  0.00000E+00  0.00000E+00  0.00000E+00  0.00000E+00  0.00000E+00  0.00000E+00  0.00000E+00  0.00000E+00  0.00000E+00  0.00000E+00  0.00000E+00
 OMEGA(3,2)    0.00000E+00  0.00000E+00  0.00000E+00  0.00000E+00  0.00000E+00  0.00000E+00  0.00000E+00  0.00000E+00  0.00000E+00  0.00000E+00  0.00000E+00  0.00000E+00  0.00000E+00  0.00000E+00  0.00000E+00  0.00000E+00  0.00000E+00  0.00000E+00  0.00000E+00  0.00000E+00
 OMEGA(3,3)   -8.88912E-02 -9.04729E-02  5.85140E-02 -8.90391E-02 -4.94372E-02  8.99946E-02  8.99559E-02 -9.11388E-02  0.00000E+00 -9.16215E-02 -2.73445E-01  0.00000E+00 -5.55297E-01  0.00000E+00  0.00000E+00  3.62810E-03  0.00000E+00  0.00000E+00  0.00000E+00  5.17806E-01
 OMEGA(4,1)    0.00000E+00  0.00000E+00  0.00000E+00  0.00000E+00  0.00000E+00  0.00000E+00  0.00000E+00  0.00000E+00  0.00000E+00  0.00000E+00  0.00000E+00  0.00000E+00  0.00000E+00  0.00000E+00  0.00000E+00  0.00000E+00  0.00000E+00  0.00000E+00  0.00000E+00  0.00000E+00
 OMEGA(4,2)    0.00000E+00  0.00000E+00  0.00000E+00  0.00000E+00  0.00000E+00  0.00000E+00  0.00000E+00  0.00000E+00  0.00000E+00  0.00000E+00  0.00000E+00  0.00000E+00  0.00000E+00  0.00000E+00  0.00000E+00  0.00000E+00  0.00000E+00  0.00000E+00  0.00000E+00  0.00000E+00
 OMEGA(4,3)    0.00000E+00  0.00000E+00  0.00000E+00  0.00000E+00  0.00000E+00  0.00000E+00  0.00000E+00  0.00000E+00  0.00000E+00  0.00000E+00  0.00000E+00  0.00000E+00  0.00000E+00  0.00000E+00  0.00000E+00  0.00000E+00  0.00000E+00  0.00000E+00  0.00000E+00  0.00000E+00
 OMEGA(4,4)    7.75605E-01  7.74902E-01 -7.97149E-01  7.75852E-01  8.03340E-01 -7.75089E-01 -7.74974E-01  7.73842E-01  0.00000E+00  7.73559E-01 -9.62737E-01  0.00000E+00 -1.87926E-01  0.00000E+00  0.00000E+00  5.17806E-01  0.00000E+00  0.00000E+00  0.00000E+00  3.19753E-01
