TABLE NO.     1: First Order Conditional Estimation with Interaction: Problem=1 Subproblem=0 Superproblem1=0 Iteration1=0 Superproblem2=0 Iteration2=0
 NAME         THETA1       THETA2       THETA3       THETA4       THETA5       THETA6       THETA7       SIGMA(1,1)   SIGMA(2,1)   SIGMA(2,2)   OMEGA(1,1)   OMEGA(2,1)   OMEGA(2,2)   OMEGA(3,1)   OMEGA(3,2)   OMEGA(3,3)
 THETA1        3.39751E+01 -5.68995E+01  1.39314E+03  6.22026E+06 -3.15012E+05 -1.39958E+04 -1.95405E+06  9.38595E+11  0.00000E+00 -1.87911E+11 -2.39852E+07  2.27882E+08 -5.33501E+08 -3.27699E+08  1.52846E+09 -1.09359E+09
 THETA2       -5.68995E+01  9.92806E+01 -3.08689E+03 -1.05710E+07  2.32714E+05 -1.84775E+03  3.35154E+06 -2.17701E+12  0.00000E+00  4.35848E+11  5.57053E+07 -5.29284E+08  1.23920E+09  7.61178E+08 -3.55032E+09  2.54020E+09
 THETA3        1.39314E+03 -3.08689E+03  2.01149E+05  2.84200E+08  4.29452E+07  4.21751E+06 -9.51092E+07  1.53265E+14  0.00000E+00 -3.06844E+13 -3.93021E+09  3.73464E+10 -8.74473E+10 -5.37155E+10  2.50544E+11 -1.79261E+11
 THETA4        6.22026E+06 -1.05710E+07  2.84200E+08  1.14475E+12 -4.63060E+10 -1.58746E+09 -3.60801E+11  1.95179E+17  0.00000E+00 -3.90756E+16 -4.99046E+12  4.74153E+13 -1.11008E+14 -6.81862E+13  3.18037E+14 -2.27550E+14
 THETA5       -3.15012E+05  2.32714E+05  4.29452E+07 -4.63060E+10  2.47296E+10  2.00020E+09  1.22722E+10  3.60675E+16  0.00000E+00 -7.22090E+15 -9.27074E+11  8.81031E+12 -2.06319E+13 -1.26736E+13  5.91138E+13 -4.22955E+13
 THETA6       -1.39958E+04 -1.84775E+03  4.21751E+06 -1.58746E+09  2.00020E+09  1.66184E+08  3.03616E+08  3.45309E+15  0.00000E+00 -6.91326E+14 -8.87038E+10  8.42962E+11 -1.97398E+12 -1.21256E+12  5.65574E+12 -4.04664E+12
 THETA7       -1.95405E+06  3.35154E+06 -9.51092E+07 -3.60801E+11  1.22722E+10  3.03616E+08  1.13953E+11 -6.59835E+16  0.00000E+00  1.32102E+16  1.68761E+12 -1.60345E+13  3.75403E+13  2.30590E+13 -1.07553E+14  7.69523E+13
 SIGMA(1,1)    9.38595E+11 -2.17701E+12  1.53265E+14  1.95179E+17  3.60675E+16  3.45309E+15 -6.59835E+16  1.17846E+23  0.00000E+00 -2.35934E+22 -3.02253E+18  2.87215E+19 -6.72527E+19 -4.13108E+19  1.92685E+20 -1.37864E+20
 SIGMA(2,1)    0.00000E+00  0.00000E+00  0.00000E+00  0.00000E+00  0.00000E+00  0.00000E+00  0.00000E+00  0.00000E+00  0.00000E+00  0.00000E+00  0.00000E+00  0.00000E+00  0.00000E+00  0.00000E+00  0.00000E+00  0.00000E+00
 SIGMA(2,2)   -1.87911E+11  4.35848E+11 -3.06844E+13 -3.90756E+16 -7.22090E+15 -6.91326E+14  1.32102E+16 -2.35934E+22  0.00000E+00  4.72351E+21  6.05126E+17 -5.75019E+18  1.34643E+19  8.27062E+18 -3.85765E+19  2.76011E+19
 OMEGA(1,1)   -2.39852E+07  5.57053E+07 -3.93021E+09 -4.99046E+12 -9.27074E+11 -8.87038E+10  1.68761E+12 -3.02253E+18  0.00000E+00  6.05126E+17  7.75235E+13 -7.36665E+14  1.72493E+15  1.05956E+15 -4.94209E+15  3.53601E+15
 OMEGA(2,1)    2.27882E+08 -5.29284E+08  3.73464E+10  4.74153E+13  8.81031E+12  8.42962E+11 -1.60345E+13  2.87215E+19  0.00000E+00 -5.75019E+18 -7.36665E+14  7.00014E+15 -1.63911E+16 -1.00685E+16  4.69621E+16 -3.36009E+16
 OMEGA(2,2)   -5.33501E+08  1.23920E+09 -8.74473E+10 -1.11008E+14 -2.06319E+13 -1.97398E+12  3.75403E+13 -6.72527E+19  0.00000E+00  1.34643E+19  1.72493E+15 -1.63911E+16  3.83806E+16  2.35758E+16 -1.09964E+17  7.86780E+16
 OMEGA(3,1)   -3.27699E+08  7.61178E+08 -5.37155E+10 -6.81862E+13 -1.26736E+13 -1.21256E+12  2.30590E+13 -4.13108E+19  0.00000E+00  8.27062E+18  1.05956E+15 -1.00685E+16  2.35758E+16  1.44817E+16 -6.75466E+16  4.83289E+16
 OMEGA(3,2)    1.52846E+09 -3.55032E+09  2.50544E+11  3.18037E+14  5.91138E+13  5.65574E+12 -1.07553E+14  1.92685E+20  0.00000E+00 -3.85765E+19 -4.94209E+15  4.69621E+16 -1.09964E+17 -6.75466E+16  3.15056E+17 -2.25420E+17
 OMEGA(3,3)   -1.09359E+09  2.54020E+09 -1.79261E+11 -2.27550E+14 -4.22955E+13 -4.04664E+12  7.69523E+13 -1.37864E+20  0.00000E+00  2.76011E+19  3.53601E+15 -3.36009E+16  7.86780E+16  4.83289E+16 -2.25420E+17  1.61285E+17
