TABLE NO.     1: First Order Conditional Estimation with Interaction: Problem=1 Subproblem=0 Superproblem1=0 Iteration1=0 Superproblem2=0 Iteration2=0
 NAME         THETA1       THETA2       THETA3       THETA4       THETA5       THETA6       THETA7       SIGMA(1,1)   SIGMA(2,1)   SIGMA(2,2)   OMEGA(1,1)   OMEGA(2,1)   OMEGA(2,2)   OMEGA(3,1)   OMEGA(3,2)   OMEGA(3,3)
 THETA1        1.46142E+05  5.73743E+04 -4.66940E+02 -1.90590E+01  3.96860E+00  1.47780E+01  2.74031E+01 -8.60924E-02  0.00000E+00 -1.08184E+00 -1.35463E+01 -2.94631E+01 -4.60256E+01  1.34708E+01  1.77227E+01  2.69015E-01
 THETA2        5.73743E+04  2.58392E+04 -2.56860E+02 -7.80596E+00  1.42870E+00  5.87328E+00  1.34190E+01 -3.03914E-02  0.00000E+00 -1.71815E-01 -9.90758E+00 -1.95289E+01 -2.97590E+01  7.27400E+00  9.26722E+00  3.17638E-02
 THETA3       -4.66940E+02 -2.56860E+02  1.44593E+02 -8.04849E-02  1.98166E-01 -6.68632E-01 -2.02857E+00  1.22607E-03  0.00000E+00 -5.66308E-02  2.92380E-02 -4.02964E-02 -1.20342E-01  9.21585E-02  1.89899E-01 -1.22625E-01
 THETA4       -1.90590E+01 -7.80596E+00 -8.04849E-02  3.54390E-03 -1.27520E-03 -2.94724E-03 -4.45286E-03  1.37089E-05  0.00000E+00 -8.02528E-05  3.07709E-03  6.23616E-03  9.69510E-03 -2.57772E-03 -3.22366E-03 -1.99845E-04
 THETA5        3.96860E+00  1.42870E+00  1.98166E-01 -1.27520E-03  1.04126E-03  6.61004E-04 -9.02768E-04 -6.14056E-06  0.00000E+00 -5.29778E-05  4.99377E-04  1.33829E-04 -3.06956E-04  4.06983E-04  6.01840E-04  1.01284E-04
 THETA6        1.47780E+01  5.87328E+00 -6.68632E-01 -2.94724E-03  6.61004E-04  1.02633E-02  2.30711E-02 -2.55387E-05  0.00000E+00 -6.87633E-05  7.93310E-04 -1.19768E-04 -1.43270E-03  3.03292E-04 -4.96451E-04  1.42781E-03
 THETA7        2.74031E+01  1.34190E+01 -2.02857E+00 -4.45286E-03 -9.02768E-04  2.30711E-02  6.68894E-02 -5.91606E-05  0.00000E+00 -4.73328E-04  5.28913E-03  5.23483E-03  4.50537E-03 -2.34469E-03 -6.08683E-03  3.72955E-03
 SIGMA(1,1)   -8.60924E-02 -3.03914E-02  1.22607E-03  1.37089E-05 -6.14056E-06 -2.55387E-05 -5.91606E-05  5.44078E-07  0.00000E+00 -8.31658E-07 -3.26280E-05 -4.25050E-05 -5.07545E-05  6.95276E-06  1.26127E-05 -1.82339E-05
 SIGMA(2,1)    0.00000E+00  0.00000E+00  0.00000E+00  0.00000E+00  0.00000E+00  0.00000E+00  0.00000E+00  0.00000E+00  0.00000E+00  0.00000E+00  0.00000E+00  0.00000E+00  0.00000E+00  0.00000E+00  0.00000E+00  0.00000E+00
 SIGMA(2,2)   -1.08184E+00 -1.71815E-01 -5.66308E-02 -8.02528E-05 -5.29778E-05 -6.87633E-05 -4.73328E-04 -8.31658E-07  0.00000E+00  3.52025E-04 -1.75238E-03 -2.48758E-03 -3.31548E-03  5.99467E-04  6.95946E-04  1.25561E-04
 OMEGA(1,1)   -1.35463E+01 -9.90758E+00  2.92380E-02  3.07709E-03  4.99377E-04  7.93310E-04  5.28913E-03 -3.26280E-05  0.00000E+00 -1.75238E-03  4.50886E-02  6.60038E-02  8.73912E-02 -1.66809E-02 -2.21533E-02  1.22505E-03
 OMEGA(2,1)   -2.94631E+01 -1.95289E+01 -4.02964E-02  6.23616E-03  1.33829E-04 -1.19768E-04  5.23483E-03 -4.25050E-05  0.00000E+00 -2.48758E-03  6.60038E-02  9.96915E-02  1.34522E-01 -2.65341E-02 -3.48266E-02  1.95245E-03
 OMEGA(2,2)   -4.60256E+01 -2.97590E+01 -1.20342E-01  9.69510E-03 -3.06956E-04 -1.43270E-03  4.50537E-03 -5.07545E-05  0.00000E+00 -3.31548E-03  8.73912E-02  1.34522E-01  1.84118E-01 -3.68451E-02 -4.81443E-02  2.75515E-03
 OMEGA(3,1)    1.34708E+01  7.27400E+00  9.21585E-02 -2.57772E-03  4.06983E-04  3.03292E-04 -2.34469E-03  6.95276E-06  0.00000E+00  5.99467E-04 -1.66809E-02 -2.65341E-02 -3.68451E-02  1.05650E-02  1.43188E-02 -8.79025E-04
 OMEGA(3,2)    1.77227E+01  9.26722E+00  1.89899E-01 -3.22366E-03  6.01840E-04 -4.96451E-04 -6.08683E-03  1.26127E-05  0.00000E+00  6.95946E-04 -2.21533E-02 -3.48266E-02 -4.81443E-02  1.43188E-02  2.02260E-02 -1.80514E-03
 OMEGA(3,3)    2.69015E-01  3.17638E-02 -1.22625E-01 -1.99845E-04  1.01284E-04  1.42781E-03  3.72955E-03 -1.82339E-05  0.00000E+00  1.25561E-04  1.22505E-03  1.95245E-03  2.75515E-03 -8.79025E-04 -1.80514E-03  2.16870E-03
