TABLE NO.     1: First Order Conditional Estimation with Interaction: Problem=1 Subproblem=0 Superproblem1=0 Iteration1=0 Superproblem2=0 Iteration2=0
 NAME         THETA1       THETA2       THETA3       THETA4       THETA5       THETA6       THETA7       SIGMA(1,1)   SIGMA(2,1)   SIGMA(2,2)   OMEGA(1,1)   OMEGA(2,1)   OMEGA(2,2)   OMEGA(3,1)   OMEGA(3,2)   OMEGA(3,3)
 THETA1        3.82285E+02  9.33663E-01 -1.01578E-01 -8.37476E-01  3.21715E-01  3.81580E-01  2.77162E-01 -3.05314E-01  0.00000E+00 -1.50830E-01 -1.66878E-01 -2.44097E-01 -2.80585E-01  3.42825E-01  3.25977E-01  1.51109E-02
 THETA2        9.33663E-01  1.60746E+02 -1.32887E-01 -8.15728E-01  2.75436E-01  3.60659E-01  3.22776E-01 -2.56318E-01  0.00000E+00 -5.69684E-02 -2.90265E-01 -3.84776E-01 -4.31450E-01  4.40249E-01  4.05372E-01  4.24320E-03
 THETA3       -1.01578E-01 -1.32887E-01  1.20247E+01 -1.12434E-01  5.10712E-01 -5.48871E-01 -6.52285E-01  1.38233E-01  0.00000E+00 -2.51011E-01  1.14509E-02 -1.06136E-02 -2.33236E-02  7.45635E-02  1.11043E-01 -2.18980E-01
 THETA4       -8.37476E-01 -8.15728E-01 -1.12434E-01  5.95307E-02 -6.63834E-01 -4.88688E-01 -2.89214E-01  3.12199E-01  0.00000E+00 -7.18509E-02  2.43425E-01  3.31778E-01  3.79545E-01 -4.21270E-01 -3.80761E-01 -7.20863E-02
 THETA5        3.21715E-01  2.75436E-01  5.10712E-01 -6.63834E-01  3.22686E-02  2.02200E-01 -1.08173E-01 -2.57987E-01  0.00000E+00 -8.75039E-02  7.28812E-02  1.31353E-02 -2.21691E-02  1.22705E-01  1.31143E-01  6.74000E-02
 THETA6        3.81580E-01  3.60659E-01 -5.48871E-01 -4.88688E-01  2.02200E-01  1.01308E-01  8.80533E-01 -3.41762E-01  0.00000E+00 -3.61765E-02  3.68779E-02 -3.74428E-03 -3.29581E-02  2.91261E-02 -3.44570E-02  3.02640E-01
 THETA7        2.77162E-01  3.22776E-01 -6.52285E-01 -2.89214E-01 -1.08173E-01  8.80533E-01  2.58630E-01 -3.10115E-01  0.00000E+00 -9.75431E-02  9.63101E-02  6.41054E-02  4.05979E-02 -8.82008E-02 -1.65485E-01  3.09655E-01
 SIGMA(1,1)   -3.05314E-01 -2.56318E-01  1.38233E-01  3.12199E-01 -2.57987E-01 -3.41762E-01 -3.10115E-01  7.37617E-04  0.00000E+00 -6.00934E-02 -2.08318E-01 -1.82507E-01 -1.60360E-01  9.17046E-02  1.20233E-01 -5.30821E-01
 SIGMA(2,1)    0.00000E+00  0.00000E+00  0.00000E+00  0.00000E+00  0.00000E+00  0.00000E+00  0.00000E+00  0.00000E+00  0.00000E+00  0.00000E+00  0.00000E+00  0.00000E+00  0.00000E+00  0.00000E+00  0.00000E+00  0.00000E+00
 SIGMA(2,2)   -1.50830E-01 -5.69684E-02 -2.51011E-01 -7.18509E-02 -8.75039E-02 -3.61765E-02 -9.75431E-02 -6.00934E-02  0.00000E+00  1.87623E-02 -4.39854E-01 -4.19916E-01 -4.11823E-01  3.10845E-01  2.60816E-01  1.43704E-01
 OMEGA(1,1)   -1.66878E-01 -2.90265E-01  1.14509E-02  2.43425E-01  7.28812E-02  3.68779E-02  9.63101E-02 -2.08318E-01  0.00000E+00 -4.39854E-01  2.12341E-01  9.84479E-01  9.59148E-01 -7.64277E-01 -7.33583E-01  1.23885E-01
 OMEGA(2,1)   -2.44097E-01 -3.84776E-01 -1.06136E-02  3.31778E-01  1.31353E-02 -3.74428E-03  6.41054E-02 -1.82507E-01  0.00000E+00 -4.19916E-01  9.84479E-01  3.15740E-01  9.92920E-01 -8.17598E-01 -7.75581E-01  1.32786E-01
 OMEGA(2,2)   -2.80585E-01 -4.31450E-01 -2.33236E-02  3.79545E-01 -2.21691E-02 -3.29581E-02  4.05979E-02 -1.60360E-01  0.00000E+00 -4.11823E-01  9.59148E-01  9.92920E-01  4.29090E-01 -8.35403E-01 -7.88934E-01  1.37879E-01
 OMEGA(3,1)    3.42825E-01  4.40249E-01  7.45635E-02 -4.21270E-01  1.22705E-01  2.91261E-02 -8.82008E-02  9.17046E-02  0.00000E+00  3.10845E-01 -7.64277E-01 -8.17598E-01 -8.35403E-01  1.02786E-01  9.79527E-01 -1.83640E-01
 OMEGA(3,2)    3.25977E-01  4.05372E-01  1.11043E-01 -3.80761E-01  1.31143E-01 -3.44570E-02 -1.65485E-01  1.20233E-01  0.00000E+00  2.60816E-01 -7.33583E-01 -7.75581E-01 -7.88934E-01  9.79527E-01  1.42218E-01 -2.72555E-01
 OMEGA(3,3)    1.51109E-02  4.24320E-03 -2.18980E-01 -7.20863E-02  6.74000E-02  3.02640E-01  3.09655E-01 -5.30821E-01  0.00000E+00  1.43704E-01  1.23885E-01  1.32786E-01  1.37879E-01 -1.83640E-01 -2.72555E-01  4.65693E-02
