TABLE NO.     1: First Order Conditional Estimation with Interaction: Problem=1 Subproblem=0 Superproblem1=0 Iteration1=0 Superproblem2=0 Iteration2=0
 NAME         THETA1       THETA2       THETA3       THETA4       THETA5       THETA6       THETA7       SIGMA(1,1)   SIGMA(2,1)   SIGMA(2,2)   OMEGA(1,1)   OMEGA(2,1)   OMEGA(2,2)   OMEGA(3,1)   OMEGA(3,2)   OMEGA(3,3)
 THETA1        1.04977E+00 -5.10062E-02  1.78363E+01  9.31645E+03  5.34655E+03  4.68849E+02  8.11808E+02  6.67750E+04  0.00000E+00  1.02793E+04  2.58997E+02 -4.46585E+02  1.89701E+02 -5.11111E+02  4.43857E+02 -7.35751E+01
 THETA2       -5.10062E-02  3.29643E-03 -8.59862E-01 -4.50155E+02 -2.59220E+02 -2.19696E+01 -3.94592E+01 -3.23074E+03  0.00000E+00 -4.96610E+02 -1.28544E+01  2.16102E+01 -8.93817E+00  2.49267E+01 -2.15673E+01  3.50855E+00
 THETA3        1.78363E+01 -8.59862E-01  3.03144E+02  1.58314E+05  9.08381E+04  7.97568E+03  1.37932E+04  1.13466E+06  0.00000E+00  1.74685E+05  4.40254E+03 -7.59524E+03  3.22845E+03 -8.68799E+03  7.54472E+03 -1.25023E+03
 THETA4        9.31645E+03 -4.50155E+02  1.58314E+05  8.26901E+07  4.74522E+07  4.16347E+06  7.20464E+06  5.92643E+08  0.00000E+00  9.12354E+07  2.29818E+06 -3.96413E+06  1.68453E+06 -4.53578E+06  3.93922E+06 -6.53277E+05
 THETA5        5.34655E+03 -2.59220E+02  9.08381E+04  4.74522E+07  2.72361E+07  2.38699E+06  4.13499E+06  3.40108E+08  0.00000E+00  5.23540E+07  1.31778E+06 -2.27297E+06  9.65672E+05 -2.60190E+06  2.25986E+06 -3.75037E+05
 THETA6        4.68849E+02 -2.19696E+01  7.97568E+03  4.16347E+06  2.38699E+06  2.11246E+05  3.62266E+05  2.98306E+07  0.00000E+00  4.59415E+06  1.15966E+05 -2.00347E+05  8.53215E+04 -2.28450E+05  1.98367E+05 -3.29490E+04
 THETA7        8.11808E+02 -3.94592E+01  1.37932E+04  7.20464E+06  4.13499E+06  3.62266E+05  6.27931E+05  5.16413E+07  0.00000E+00  7.94939E+06  2.00288E+05 -3.45377E+05  1.46716E+05 -3.95407E+05  3.43381E+05 -5.68903E+04
 SIGMA(1,1)    6.67750E+04 -3.23074E+03  1.13466E+06  5.92643E+08  3.40108E+08  2.98306E+07  5.16413E+07  4.25107E+09  0.00000E+00  6.53921E+08  1.64693E+07 -2.84001E+07  1.20673E+07 -3.25292E+07  2.82494E+07 -4.65377E+06
 SIGMA(2,1)    0.00000E+00  0.00000E+00  0.00000E+00  0.00000E+00  0.00000E+00  0.00000E+00  0.00000E+00  0.00000E+00  0.00000E+00  0.00000E+00  0.00000E+00  0.00000E+00  0.00000E+00  0.00000E+00  0.00000E+00  0.00000E+00
 SIGMA(2,2)    1.02793E+04 -4.96610E+02  1.74685E+05  9.12354E+07  5.23540E+07  4.59415E+06  7.94939E+06  6.53921E+08  0.00000E+00  1.00671E+08  2.53764E+06 -4.37684E+06  1.86002E+06 -5.00697E+06  4.34798E+06 -7.20675E+05
 OMEGA(1,1)    2.58997E+02 -1.28544E+01  4.40254E+03  2.29818E+06  1.31778E+06  1.15966E+05  2.00288E+05  1.64693E+07  0.00000E+00  2.53764E+06  6.93323E+04 -1.17789E+05  4.96686E+04 -1.29146E+05  1.11405E+05 -1.78499E+04
 OMEGA(2,1)   -4.46585E+02  2.16102E+01 -7.59524E+03 -3.96413E+06 -2.27297E+06 -2.00347E+05 -3.45377E+05 -2.84001E+07  0.00000E+00 -4.37684E+06 -1.17789E+05  2.01875E+05 -8.56945E+04  2.21264E+05 -1.91255E+05  3.11092E+04
 OMEGA(2,2)    1.89701E+02 -8.93817E+00  3.22845E+03  1.68453E+06  9.65672E+05  8.53215E+04  1.46716E+05  1.20673E+07  0.00000E+00  1.86002E+06  4.96686E+04 -8.56945E+04  3.65961E+04 -9.35345E+04  8.10165E+04 -1.33159E+04
 OMEGA(3,1)   -5.11111E+02  2.49267E+01 -8.68799E+03 -4.53578E+06 -2.60190E+06 -2.28450E+05 -3.95407E+05 -3.25292E+07  0.00000E+00 -5.00697E+06 -1.29146E+05  2.21264E+05 -9.35345E+04  2.55365E+05 -2.20314E+05  3.48232E+04
 OMEGA(3,2)    4.43857E+02 -2.15673E+01  7.54472E+03  3.93922E+06  2.25986E+06  1.98367E+05  3.43381E+05  2.82494E+07  0.00000E+00  4.34798E+06  1.11405E+05 -1.91255E+05  8.10165E+04 -2.20314E+05  1.90558E+05 -3.03799E+04
 OMEGA(3,3)   -7.35751E+01  3.50855E+00 -1.25023E+03 -6.53277E+05 -3.75037E+05 -3.29490E+04 -5.68903E+04 -4.65377E+06  0.00000E+00 -7.20675E+05 -1.78499E+04  3.11092E+04 -1.33159E+04  3.48232E+04 -3.03799E+04  6.10569E+03
