TABLE NO.     1: First Order Conditional Estimation with Interaction: Problem=1 Subproblem=0 Superproblem1=0 Iteration1=0 Superproblem2=0 Iteration2=0
 NAME         THETA1       THETA2       THETA3       THETA4       THETA5       THETA6       THETA7       SIGMA(1,1)   SIGMA(2,1)   SIGMA(2,2)   OMEGA(1,1)   OMEGA(2,1)   OMEGA(2,2)   OMEGA(3,1)   OMEGA(3,2)   OMEGA(3,3)
 THETA1        1.69361E+03  9.95577E-01 -7.23294E-01  6.91138E-01 -7.14194E-01 -6.63691E-01 -6.90419E-02  5.82058E-01  0.00000E+00 -8.77846E-01  2.44602E-01 -2.78366E-01 -5.48040E-01  7.10539E-01  6.49087E-01 -9.42903E-02
 THETA2        9.95577E-01  6.36877E+02 -6.99158E-01  6.67443E-01 -6.89267E-01 -6.34561E-01 -2.63301E-02  5.61624E-01  0.00000E+00 -8.87058E-01  2.07989E-01 -3.22023E-01 -5.89430E-01  7.32533E-01  6.68727E-01 -9.34359E-02
 THETA3       -7.23294E-01 -6.99158E-01  1.65065E+02 -9.76022E-01  9.98043E-01  9.86345E-01  6.03544E-01 -8.01207E-01  0.00000E+00  7.72823E-01 -3.37949E-01  6.05773E-02  2.98868E-01 -3.83160E-01 -3.23237E-01  2.74084E-02
 THETA4        6.91138E-01  6.67443E-01 -9.76022E-01  1.14044E+00 -9.86520E-01 -9.86557E-01 -5.18527E-01  7.52326E-01  0.00000E+00 -7.12968E-01  3.66252E-01 -3.75588E-03 -2.34993E-01  3.27681E-01  2.59948E-01  2.51724E-02
 THETA5       -7.14194E-01 -6.89267E-01  9.98043E-01 -9.86520E-01  8.14231E-01  9.92295E-01  5.91888E-01 -7.95003E-01  0.00000E+00  7.56948E-01 -3.40853E-01  4.88575E-02  2.84263E-01 -3.70184E-01 -3.08865E-01  1.99023E-02
 THETA6       -6.63691E-01 -6.34561E-01  9.86345E-01 -9.86557E-01  9.92295E-01  5.43483E-01  6.43213E-01 -7.73608E-01  0.00000E+00  6.84678E-01 -3.41788E-01  7.05553E-03  2.24711E-01 -3.27574E-01 -2.74106E-01  1.52620E-02
 THETA7       -6.90419E-02 -2.63301E-02  6.03544E-01 -5.18527E-01  5.91888E-01  6.43213E-01  3.73206E-01 -5.18976E-01  0.00000E+00  1.46009E-01 -1.11552E-01 -9.32810E-02 -6.11299E-02  5.38285E-03 -2.59661E-02  1.23589E-01
 SIGMA(1,1)    5.82058E-01  5.61624E-01 -8.01207E-01  7.52326E-01 -7.95003E-01 -7.73608E-01 -5.18976E-01  1.11014E-03  0.00000E+00 -6.66546E-01  2.15239E-01 -1.02651E-01 -2.83286E-01  2.84108E-01  2.40625E-01 -2.57125E-01
 SIGMA(2,1)    0.00000E+00  0.00000E+00  0.00000E+00  0.00000E+00  0.00000E+00  0.00000E+00  0.00000E+00  0.00000E+00  0.00000E+00  0.00000E+00  0.00000E+00  0.00000E+00  0.00000E+00  0.00000E+00  0.00000E+00  0.00000E+00
 SIGMA(2,2)   -8.77846E-01 -8.87058E-01  7.72823E-01 -7.12968E-01  7.56948E-01  6.84678E-01  1.46009E-01 -6.66546E-01  0.00000E+00  1.19486E-02 -2.33978E-01  3.09944E-01  5.89368E-01 -5.71267E-01 -4.93720E-01  1.12640E-01
 OMEGA(1,1)    2.44602E-01  2.07989E-01 -3.37949E-01  3.66252E-01 -3.40853E-01 -3.41788E-01 -1.11552E-01  2.15239E-01  0.00000E+00 -2.33978E-01  2.02884E-01  8.39573E-01  6.17653E-01 -3.39936E-01 -3.76170E-01  1.32246E-01
 OMEGA(2,1)   -2.78366E-01 -3.22023E-01  6.05773E-02 -3.75588E-03  4.88575E-02  7.05553E-03 -9.32810E-02 -1.02651E-01  0.00000E+00  3.09944E-01  8.39573E-01  2.99972E-01  9.44820E-01 -7.22283E-01 -7.13942E-01  1.85753E-01
 OMEGA(2,2)   -5.48040E-01 -5.89430E-01  2.98868E-01 -2.34993E-01  2.84263E-01  2.24711E-01 -6.11299E-02 -2.83286E-01  0.00000E+00  5.89368E-01  6.17653E-01  9.44820E-01  4.67345E-01 -8.37491E-01 -8.04623E-01  1.90478E-01
 OMEGA(3,1)    7.10539E-01  7.32533E-01 -3.83160E-01  3.27681E-01 -3.70184E-01 -3.27574E-01  5.38285E-03  2.84108E-01  0.00000E+00 -5.71267E-01 -3.39936E-01 -7.22283E-01 -8.37491E-01  1.38452E-01  9.84221E-01 -2.13443E-01
 OMEGA(3,2)    6.49087E-01  6.68727E-01 -3.23237E-01  2.59948E-01 -3.08865E-01 -2.74106E-01 -2.59661E-02  2.40625E-01  0.00000E+00 -4.93720E-01 -3.76170E-01 -7.13942E-01 -8.04623E-01  9.84221E-01  1.82329E-01 -2.90688E-01
 OMEGA(3,3)   -9.42903E-02 -9.34359E-02  2.74084E-02  2.51724E-02  1.99023E-02  1.52620E-02  1.23589E-01 -2.57125E-01  0.00000E+00  1.12640E-01  1.32246E-01  1.85753E-01  1.90478E-01 -2.13443E-01 -2.90688E-01  4.66877E-02
