TABLE NO.     1: First Order Conditional Estimation with Interaction: Problem=1 Subproblem=0 Superproblem1=0 Iteration1=0 Superproblem2=0 Iteration2=0
 NAME         THETA1       THETA2       THETA3       THETA4       THETA5       THETA6       THETA7       SIGMA(1,1)   SIGMA(2,1)   SIGMA(2,2)   OMEGA(1,1)   OMEGA(2,1)   OMEGA(2,2)   OMEGA(3,1)   OMEGA(3,2)   OMEGA(3,3)
 THETA1        1.00895E+04  5.28980E+03  3.91576E+05  1.41482E+08 -8.39997E+07  3.79849E+08 -1.24437E+08 -3.82522E+07  0.00000E+00  2.17455E+07 -6.26721E+04  1.58327E+05 -8.83516E+04  1.64539E+05 -1.43672E+05  1.51482E+04
 THETA2        5.28980E+03  2.77338E+03  2.05299E+05  7.41771E+07 -4.40400E+07  1.99150E+08 -6.52410E+07 -2.00552E+07  0.00000E+00  1.14009E+07 -3.28585E+04  8.30086E+04 -4.63213E+04  8.62661E+04 -7.53255E+04  7.94196E+03
 THETA3        3.91576E+05  2.05299E+05  1.51972E+07  5.49094E+09 -3.26005E+09  1.47420E+10 -4.82945E+09 -1.48458E+09  0.00000E+00  8.43949E+08 -2.43231E+06  6.14469E+06 -3.42894E+06  6.38581E+06 -5.57594E+06  5.87907E+05
 THETA4        1.41482E+08  7.41771E+07  5.49094E+09  1.98395E+12 -1.17790E+12  5.32650E+12 -1.74494E+12 -5.36398E+11  0.00000E+00  3.04930E+11 -8.78831E+08  2.22016E+09 -1.23892E+09  2.30728E+09 -2.01466E+09  2.12418E+08
 THETA5       -8.39997E+07 -4.40400E+07 -3.26005E+09 -1.17790E+12  6.99335E+11 -3.16241E+12  1.03600E+12  3.18467E+11  0.00000E+00 -1.81041E+11  5.21769E+08 -1.31814E+09  7.35565E+08 -1.36986E+09  1.19613E+09 -1.26116E+08
 THETA6        3.79849E+08  1.99150E+08  1.47420E+10  5.32650E+12 -3.16241E+12  1.43005E+13 -4.68481E+12 -1.44012E+12  0.00000E+00  8.18673E+11 -2.35948E+09  5.96067E+09 -3.32625E+09  6.19457E+09 -5.40895E+09  5.70298E+08
 THETA7       -1.24437E+08 -6.52410E+07 -4.82945E+09 -1.74494E+12  1.03600E+12 -4.68481E+12  1.53473E+12  4.71778E+11  0.00000E+00 -2.68195E+11  7.72958E+08 -1.95270E+09  1.08967E+09 -2.02932E+09  1.77196E+09 -1.86828E+08
 SIGMA(1,1)   -3.82522E+07 -2.00552E+07 -1.48458E+09 -5.36398E+11  3.18467E+11 -1.44012E+12  4.71778E+11  1.45029E+11  0.00000E+00 -8.24431E+10  2.37655E+08 -6.00293E+08  3.34963E+08 -6.23857E+08  5.44727E+08 -5.74078E+07
 SIGMA(2,1)    0.00000E+00  0.00000E+00  0.00000E+00  0.00000E+00  0.00000E+00  0.00000E+00  0.00000E+00  0.00000E+00  0.00000E+00  0.00000E+00  0.00000E+00  0.00000E+00  0.00000E+00  0.00000E+00  0.00000E+00  0.00000E+00
 SIGMA(2,2)    2.17455E+07  1.14009E+07  8.43949E+08  3.04930E+11 -1.81041E+11  8.18673E+11 -2.68195E+11 -8.24431E+10  0.00000E+00  4.68683E+10 -1.34936E+08  3.41101E+08 -1.90400E+08  3.54535E+08 -3.09615E+08  3.26507E+07
 OMEGA(1,1)   -6.26721E+04 -3.28585E+04 -2.43231E+06 -8.78831E+08  5.21769E+08 -2.35948E+09  7.72958E+08  2.37655E+08  0.00000E+00 -1.34936E+08  4.11697E+05 -1.00730E+06  5.53968E+05 -1.03549E+06  8.98205E+05 -9.34184E+04
 OMEGA(2,1)    1.58327E+05  8.30086E+04  6.14469E+06  2.22016E+09 -1.31814E+09  5.96067E+09 -1.95270E+09 -6.00293E+08  0.00000E+00  3.41101E+08 -1.00730E+06  2.51174E+06 -1.39346E+06  2.59563E+06 -2.26051E+06  2.37093E+05
 OMEGA(2,2)   -8.83516E+04 -4.63213E+04 -3.42894E+06 -1.23892E+09  7.35565E+08 -3.32625E+09  1.08967E+09  3.34963E+08  0.00000E+00 -1.90400E+08  5.53968E+05 -1.39346E+06  7.76162E+05 -1.44328E+06  1.25929E+06 -1.32567E+05
 OMEGA(3,1)    1.64539E+05  8.62661E+04  6.38581E+06  2.30728E+09 -1.36986E+09  6.19457E+09 -2.02932E+09 -6.23857E+08  0.00000E+00  3.54535E+08 -1.03549E+06  2.59563E+06 -1.44328E+06  2.69597E+06 -2.34942E+06  2.45842E+05
 OMEGA(3,2)   -1.43672E+05 -7.53255E+04 -5.57594E+06 -2.01466E+09  1.19613E+09 -5.40895E+09  1.77196E+09  5.44727E+08  0.00000E+00 -3.09615E+08  8.98205E+05 -2.26051E+06  1.25929E+06 -2.34942E+06  2.04950E+06 -2.14876E+05
 OMEGA(3,3)    1.51482E+04  7.94196E+03  5.87907E+05  2.12418E+08 -1.26116E+08  5.70298E+08 -1.86828E+08 -5.74078E+07  0.00000E+00  3.26507E+07 -9.34184E+04  2.37093E+05 -1.32567E+05  2.45842E+05 -2.14876E+05  2.36169E+04
