TABLE NO.     1: First Order Conditional Estimation with Interaction: Problem=1 Subproblem=0 Superproblem1=0 Iteration1=0 Superproblem2=0 Iteration2=0
 NAME         THETA1       THETA2       THETA3       THETA4       THETA5       THETA6       SIGMA(1,1)   SIGMA(2,1)   SIGMA(2,2)   OMEGA(1,1)   OMEGA(2,1)   OMEGA(2,2)   OMEGA(3,1)   OMEGA(3,2)   OMEGA(3,3)   OMEGA(4,1)   OMEGA(4,2)   OMEGA(4,3)   OMEGA(4,4)
 THETA1        4.42553E+02  9.03531E-01 -4.01461E-01 -1.08044E-01 -7.41043E-01 -3.74163E-01 -4.88508E-01  0.00000E+00  3.65899E-01  1.12013E-01  0.00000E+00 -5.96796E-01  0.00000E+00  0.00000E+00  1.16136E-01  0.00000E+00  0.00000E+00  0.00000E+00 -3.39209E-01
 THETA2        9.03531E-01  1.47206E+02 -3.35834E-01 -2.65779E-01 -8.30011E-01 -3.09673E-01 -4.79028E-01  0.00000E+00  3.75773E-01  1.02961E-02  0.00000E+00 -6.37959E-01  0.00000E+00  0.00000E+00 -2.05256E-03  0.00000E+00  0.00000E+00  0.00000E+00 -2.84477E-01
 THETA3       -4.01461E-01 -3.35834E-01  1.20581E+02 -1.80082E-01  6.56029E-01  9.98588E-01  5.87930E-01  0.00000E+00  5.87571E-02 -1.83459E-01  0.00000E+00  4.10295E-01  0.00000E+00  0.00000E+00  8.64019E-03  0.00000E+00  0.00000E+00  0.00000E+00  6.25974E-02
 THETA4       -1.08044E-01 -2.65779E-01 -1.80082E-01  1.35140E-01  1.54836E-01 -2.08887E-01  1.40077E-01  0.00000E+00  1.08922E-02 -3.07920E-02  0.00000E+00  2.77833E-01  0.00000E+00  0.00000E+00  1.75355E-02  0.00000E+00  0.00000E+00  0.00000E+00 -2.68607E-01
 THETA5       -7.41043E-01 -8.30011E-01  6.56029E-01  1.54836E-01  1.23077E-01  6.42830E-01  3.70062E-01  0.00000E+00 -2.86624E-01  1.27334E-02  0.00000E+00  5.44011E-01  0.00000E+00  0.00000E+00  6.19947E-02  0.00000E+00  0.00000E+00  0.00000E+00  1.74791E-01
 THETA6       -3.74163E-01 -3.09673E-01  9.98588E-01 -2.08887E-01  6.42830E-01  3.92936E-01  5.73510E-01  0.00000E+00  6.59717E-02 -1.81082E-01  0.00000E+00  3.90320E-01  0.00000E+00  0.00000E+00  6.75768E-03  0.00000E+00  0.00000E+00  0.00000E+00  5.33438E-02
 SIGMA(1,1)   -4.88508E-01 -4.79028E-01  5.87930E-01  1.40077E-01  3.70062E-01  5.73510E-01  6.09393E+00  0.00000E+00 -3.18219E-01 -3.50750E-01  0.00000E+00  5.99116E-01  0.00000E+00  0.00000E+00  3.02475E-02  0.00000E+00  0.00000E+00  0.00000E+00  2.51466E-01
 SIGMA(2,1)    0.00000E+00  0.00000E+00  0.00000E+00  0.00000E+00  0.00000E+00  0.00000E+00  0.00000E+00  0.00000E+00  0.00000E+00  0.00000E+00  0.00000E+00  0.00000E+00  0.00000E+00  0.00000E+00  0.00000E+00  0.00000E+00  0.00000E+00  0.00000E+00  0.00000E+00
 SIGMA(2,2)    3.65899E-01  3.75773E-01  5.87571E-02  1.08922E-02 -2.86624E-01  6.59717E-02 -3.18219E-01  0.00000E+00  1.85356E-02  9.61243E-02  0.00000E+00 -2.17482E-01  0.00000E+00  0.00000E+00 -2.24364E-01  0.00000E+00  0.00000E+00  0.00000E+00 -5.87516E-01
 OMEGA(1,1)    1.12013E-01  1.02961E-02 -1.83459E-01 -3.07920E-02  1.27334E-02 -1.81082E-01 -3.50750E-01  0.00000E+00  9.61243E-02  4.27654E-02  0.00000E+00 -8.99410E-02  0.00000E+00  0.00000E+00 -7.34548E-03  0.00000E+00  0.00000E+00  0.00000E+00 -9.59683E-02
 OMEGA(2,1)    0.00000E+00  0.00000E+00  0.00000E+00  0.00000E+00  0.00000E+00  0.00000E+00  0.00000E+00  0.00000E+00  0.00000E+00  0.00000E+00  0.00000E+00  0.00000E+00  0.00000E+00  0.00000E+00  0.00000E+00  0.00000E+00  0.00000E+00  0.00000E+00  0.00000E+00
 OMEGA(2,2)   -5.96796E-01 -6.37959E-01  4.10295E-01  2.77833E-01  5.44011E-01  3.90320E-01  5.99116E-01  0.00000E+00 -2.17482E-01 -8.99410E-02  0.00000E+00  6.73938E-02  0.00000E+00  0.00000E+00 -9.52251E-02  0.00000E+00  0.00000E+00  0.00000E+00  7.69797E-02
 OMEGA(3,1)    0.00000E+00  0.00000E+00  0.00000E+00  0.00000E+00  0.00000E+00  0.00000E+00  0.00000E+00  0.00000E+00  0.00000E+00  0.00000E+00  0.00000E+00  0.00000E+00  0.00000E+00  0.00000E+00  0.00000E+00  0.00000E+00  0.00000E+00  0.00000E+00  0.00000E+00
 OMEGA(3,2)    0.00000E+00  0.00000E+00  0.00000E+00  0.00000E+00  0.00000E+00  0.00000E+00  0.00000E+00  0.00000E+00  0.00000E+00  0.00000E+00  0.00000E+00  0.00000E+00  0.00000E+00  0.00000E+00  0.00000E+00  0.00000E+00  0.00000E+00  0.00000E+00  0.00000E+00
 OMEGA(3,3)    1.16136E-01 -2.05256E-03  8.64019E-03  1.75355E-02  6.19947E-02  6.75768E-03  3.02475E-02  0.00000E+00 -2.24364E-01 -7.34548E-03  0.00000E+00 -9.52251E-02  0.00000E+00  0.00000E+00  3.07596E-02  0.00000E+00  0.00000E+00  0.00000E+00  2.54548E-01
 OMEGA(4,1)    0.00000E+00  0.00000E+00  0.00000E+00  0.00000E+00  0.00000E+00  0.00000E+00  0.00000E+00  0.00000E+00  0.00000E+00  0.00000E+00  0.00000E+00  0.00000E+00  0.00000E+00  0.00000E+00  0.00000E+00  0.00000E+00  0.00000E+00  0.00000E+00  0.00000E+00
 OMEGA(4,2)    0.00000E+00  0.00000E+00  0.00000E+00  0.00000E+00  0.00000E+00  0.00000E+00  0.00000E+00  0.00000E+00  0.00000E+00  0.00000E+00  0.00000E+00  0.00000E+00  0.00000E+00  0.00000E+00  0.00000E+00  0.00000E+00  0.00000E+00  0.00000E+00  0.00000E+00
 OMEGA(4,3)    0.00000E+00  0.00000E+00  0.00000E+00  0.00000E+00  0.00000E+00  0.00000E+00  0.00000E+00  0.00000E+00  0.00000E+00  0.00000E+00  0.00000E+00  0.00000E+00  0.00000E+00  0.00000E+00  0.00000E+00  0.00000E+00  0.00000E+00  0.00000E+00  0.00000E+00
 OMEGA(4,4)   -3.39209E-01 -2.84477E-01  6.25974E-02 -2.68607E-01  1.74791E-01  5.33438E-02  2.51466E-01  0.00000E+00 -5.87516E-01 -9.59683E-02  0.00000E+00  7.69797E-02  0.00000E+00  0.00000E+00  2.54548E-01  0.00000E+00  0.00000E+00  0.00000E+00  1.82891E-01
