TABLE NO.     1: First Order Conditional Estimation with Interaction: Problem=1 Subproblem=0 Superproblem1=0 Iteration1=0 Superproblem2=0 Iteration2=0
 NAME         THETA1       THETA2       THETA3       THETA4       THETA5       THETA6       SIGMA(1,1)   SIGMA(2,1)   SIGMA(2,2)   OMEGA(1,1)   OMEGA(2,1)   OMEGA(2,2)   OMEGA(3,1)   OMEGA(3,2)   OMEGA(3,3)   OMEGA(4,1)   OMEGA(4,2)   OMEGA(4,3)   OMEGA(4,4)
 THETA1        4.33399E+02  8.99528E-01  1.80904E-01 -8.67014E-02 -7.32564E-01  2.23450E-01 -4.68478E-01  0.00000E+00  3.56875E-01  1.20734E-01  0.00000E+00 -5.90467E-01  0.00000E+00  0.00000E+00  1.06201E-01  0.00000E+00  0.00000E+00  0.00000E+00 -3.61042E-01
 THETA2        8.99528E-01  1.44141E+02  1.72795E-01 -2.45242E-01 -8.26473E-01  2.13391E-01 -4.67448E-01  0.00000E+00  3.66314E-01  1.39856E-02  0.00000E+00 -6.33121E-01  0.00000E+00  0.00000E+00 -1.44472E-02  0.00000E+00  0.00000E+00  0.00000E+00 -3.11147E-01
 THETA3        1.80904E-01  1.72795E-01  9.99149E+01 -6.70588E-01  6.47752E-03  9.95834E-01 -2.01920E-01  0.00000E+00 -5.90247E-01  6.54522E-02  0.00000E+00 -2.52245E-01  0.00000E+00  0.00000E+00  2.44657E-01  0.00000E+00  0.00000E+00  0.00000E+00  4.45532E-01
 THETA4       -8.67014E-02 -2.45242E-01 -6.70588E-01  1.29203E-01  1.38311E-01 -6.91662E-01  1.89732E-01  0.00000E+00  4.13281E-02 -3.32188E-02  0.00000E+00  2.76866E-01  0.00000E+00  0.00000E+00  1.51101E-02  0.00000E+00  0.00000E+00  0.00000E+00 -2.58381E-01
 THETA5       -7.32564E-01 -8.26473E-01  6.47752E-03  1.38311E-01  1.19799E-01 -1.78312E-02  3.01140E-01  0.00000E+00 -2.91130E-01  1.74211E-02  0.00000E+00  5.25225E-01  0.00000E+00  0.00000E+00  7.84446E-02  0.00000E+00  0.00000E+00  0.00000E+00  2.03121E-01
 THETA6        2.23450E-01  2.13391E-01  9.95834E-01 -6.91662E-01 -1.78312E-02  2.03000E-01 -2.23728E-01  0.00000E+00 -5.47906E-01  6.70623E-02  0.00000E+00 -2.78229E-01  0.00000E+00  0.00000E+00  2.28532E-01  0.00000E+00  0.00000E+00  0.00000E+00  4.04784E-01
 SIGMA(1,1)   -4.68478E-01 -4.67448E-01 -2.01920E-01  1.89732E-01  3.01140E-01 -2.23728E-01  5.80589E+00  0.00000E+00 -4.14741E-01 -3.25860E-01  0.00000E+00  5.32748E-01  0.00000E+00  0.00000E+00  9.01866E-02  0.00000E+00  0.00000E+00  0.00000E+00  3.95494E-01
 SIGMA(2,1)    0.00000E+00  0.00000E+00  0.00000E+00  0.00000E+00  0.00000E+00  0.00000E+00  0.00000E+00  0.00000E+00  0.00000E+00  0.00000E+00  0.00000E+00  0.00000E+00  0.00000E+00  0.00000E+00  0.00000E+00  0.00000E+00  0.00000E+00  0.00000E+00  0.00000E+00
 SIGMA(2,2)    3.56875E-01  3.66314E-01 -5.90247E-01  4.13281E-02 -2.91130E-01 -5.47906E-01 -4.14741E-01  0.00000E+00  1.94724E-02  1.43573E-01  0.00000E+00 -2.45604E-01  0.00000E+00  0.00000E+00 -2.40297E-01  0.00000E+00  0.00000E+00  0.00000E+00 -6.44713E-01
 OMEGA(1,1)    1.20734E-01  1.39856E-02  6.54522E-02 -3.32188E-02  1.74211E-02  6.70623E-02 -3.25860E-01  0.00000E+00  1.43573E-01  4.25790E-02  0.00000E+00 -7.46583E-02  0.00000E+00  0.00000E+00 -2.17338E-02  0.00000E+00  0.00000E+00  0.00000E+00 -1.31476E-01
 OMEGA(2,1)    0.00000E+00  0.00000E+00  0.00000E+00  0.00000E+00  0.00000E+00  0.00000E+00  0.00000E+00  0.00000E+00  0.00000E+00  0.00000E+00  0.00000E+00  0.00000E+00  0.00000E+00  0.00000E+00  0.00000E+00  0.00000E+00  0.00000E+00  0.00000E+00  0.00000E+00
 OMEGA(2,2)   -5.90467E-01 -6.33121E-01 -2.52245E-01  2.76866E-01  5.25225E-01 -2.78229E-01  5.32748E-01  0.00000E+00 -2.45604E-01 -7.46583E-02  0.00000E+00  6.51956E-02  0.00000E+00  0.00000E+00 -7.71909E-02  0.00000E+00  0.00000E+00  0.00000E+00  1.30234E-01
 OMEGA(3,1)    0.00000E+00  0.00000E+00  0.00000E+00  0.00000E+00  0.00000E+00  0.00000E+00  0.00000E+00  0.00000E+00  0.00000E+00  0.00000E+00  0.00000E+00  0.00000E+00  0.00000E+00  0.00000E+00  0.00000E+00  0.00000E+00  0.00000E+00  0.00000E+00  0.00000E+00
 OMEGA(3,2)    0.00000E+00  0.00000E+00  0.00000E+00  0.00000E+00  0.00000E+00  0.00000E+00  0.00000E+00  0.00000E+00  0.00000E+00  0.00000E+00  0.00000E+00  0.00000E+00  0.00000E+00  0.00000E+00  0.00000E+00  0.00000E+00  0.00000E+00  0.00000E+00  0.00000E+00
 OMEGA(3,3)    1.06201E-01 -1.44472E-02  2.44657E-01  1.51101E-02  7.84446E-02  2.28532E-01  9.01866E-02  0.00000E+00 -2.40297E-01 -2.17338E-02  0.00000E+00 -7.71909E-02  0.00000E+00  0.00000E+00  3.09861E-02  0.00000E+00  0.00000E+00  0.00000E+00  2.67487E-01
 OMEGA(4,1)    0.00000E+00  0.00000E+00  0.00000E+00  0.00000E+00  0.00000E+00  0.00000E+00  0.00000E+00  0.00000E+00  0.00000E+00  0.00000E+00  0.00000E+00  0.00000E+00  0.00000E+00  0.00000E+00  0.00000E+00  0.00000E+00  0.00000E+00  0.00000E+00  0.00000E+00
 OMEGA(4,2)    0.00000E+00  0.00000E+00  0.00000E+00  0.00000E+00  0.00000E+00  0.00000E+00  0.00000E+00  0.00000E+00  0.00000E+00  0.00000E+00  0.00000E+00  0.00000E+00  0.00000E+00  0.00000E+00  0.00000E+00  0.00000E+00  0.00000E+00  0.00000E+00  0.00000E+00
 OMEGA(4,3)    0.00000E+00  0.00000E+00  0.00000E+00  0.00000E+00  0.00000E+00  0.00000E+00  0.00000E+00  0.00000E+00  0.00000E+00  0.00000E+00  0.00000E+00  0.00000E+00  0.00000E+00  0.00000E+00  0.00000E+00  0.00000E+00  0.00000E+00  0.00000E+00  0.00000E+00
 OMEGA(4,4)   -3.61042E-01 -3.11147E-01  4.45532E-01 -2.58381E-01  2.03121E-01  4.04784E-01  3.95494E-01  0.00000E+00 -6.44713E-01 -1.31476E-01  0.00000E+00  1.30234E-01  0.00000E+00  0.00000E+00  2.67487E-01  0.00000E+00  0.00000E+00  0.00000E+00  1.89763E-01
