TABLE NO.     1: First Order Conditional Estimation with Interaction: Problem=1 Subproblem=0 Superproblem1=0 Iteration1=0 Superproblem2=0 Iteration2=0
 NAME         THETA1       THETA2       THETA3       THETA4       THETA5       THETA6       SIGMA(1,1)   SIGMA(2,1)   SIGMA(2,2)   OMEGA(1,1)   OMEGA(2,1)   OMEGA(2,2)   OMEGA(3,1)   OMEGA(3,2)   OMEGA(3,3)   OMEGA(4,1)   OMEGA(4,2)   OMEGA(4,3)   OMEGA(4,4)
 THETA1        1.87834E+05  5.61942E+04  7.83368E+03 -4.85497E+00 -3.80353E+01  1.96591E+01 -1.17881E+03  0.00000E+00  3.01178E+00  2.22799E+00  0.00000E+00 -1.66840E+01  0.00000E+00  0.00000E+00  1.42620E+00  0.00000E+00  0.00000E+00  0.00000E+00 -2.96932E+01
 THETA2        5.61942E+04  2.07768E+04  2.48858E+03 -4.56728E+00 -1.42715E+01  6.24398E+00 -3.91193E+02  0.00000E+00  1.02816E+00  8.58354E-02  0.00000E+00 -5.94968E+00  0.00000E+00  0.00000E+00 -6.45268E-02  0.00000E+00  0.00000E+00  0.00000E+00 -8.51072E+00
 THETA3        7.83368E+03  2.48858E+03  9.98299E+03 -8.65685E+00  7.75341E-02  2.01982E+01 -1.17133E+02  0.00000E+00 -1.14837E+00  2.78452E-01  0.00000E+00 -1.64313E+00  0.00000E+00  0.00000E+00  7.57450E-01  0.00000E+00  0.00000E+00  0.00000E+00  8.44735E+00
 THETA4       -4.85497E+00 -4.56728E+00 -8.65685E+00  1.66935E-02  2.14084E-03 -1.81411E-02  1.42326E-01  0.00000E+00  1.03977E-04 -1.82748E-04  0.00000E+00  2.33217E-03  0.00000E+00  0.00000E+00  6.04935E-05  0.00000E+00  0.00000E+00  0.00000E+00 -6.33498E-03
 THETA5       -3.80353E+01 -1.42715E+01  7.75341E-02  2.14084E-03  1.43518E-02 -4.33641E-04  2.09455E-01  0.00000E+00 -6.79141E-04  8.88636E-05  0.00000E+00  4.10220E-03  0.00000E+00  0.00000E+00  2.91194E-04  0.00000E+00  0.00000E+00  0.00000E+00  4.61763E-03
 THETA6        1.96591E+01  6.24398E+00  2.01982E+01 -1.81411E-02 -4.33641E-04  4.12090E-02 -2.63685E-01  0.00000E+00 -2.16582E-03  5.79657E-04  0.00000E+00 -3.68228E-03  0.00000E+00  0.00000E+00  1.43751E-03  0.00000E+00  0.00000E+00  0.00000E+00  1.55930E-02
 SIGMA(1,1)   -1.17881E+03 -3.91193E+02 -1.17133E+02  1.42326E-01  2.09455E-01 -2.63685E-01  3.37084E+01  0.00000E+00 -4.68884E-02 -8.05558E-02  0.00000E+00  2.01655E-01  0.00000E+00  0.00000E+00  1.62247E-02  0.00000E+00  0.00000E+00  0.00000E+00  4.35733E-01
 SIGMA(2,1)    0.00000E+00  0.00000E+00  0.00000E+00  0.00000E+00  0.00000E+00  0.00000E+00  0.00000E+00  0.00000E+00  0.00000E+00  0.00000E+00  0.00000E+00  0.00000E+00  0.00000E+00  0.00000E+00  0.00000E+00  0.00000E+00  0.00000E+00  0.00000E+00  0.00000E+00
 SIGMA(2,2)    3.01178E+00  1.02816E+00 -1.14837E+00  1.03977E-04 -6.79141E-04 -2.16582E-03 -4.68884E-02  0.00000E+00  3.79174E-04  1.19038E-04  0.00000E+00 -3.11798E-04  0.00000E+00  0.00000E+00 -1.44989E-04  0.00000E+00  0.00000E+00  0.00000E+00 -2.38230E-03
 OMEGA(1,1)    2.22799E+00  8.58354E-02  2.78452E-01 -1.82748E-04  8.88636E-05  5.79657E-04 -8.05558E-02  0.00000E+00  1.19038E-04  1.81297E-03  0.00000E+00 -2.07249E-04  0.00000E+00  0.00000E+00 -2.86746E-05  0.00000E+00  0.00000E+00  0.00000E+00 -1.06232E-03
 OMEGA(2,1)    0.00000E+00  0.00000E+00  0.00000E+00  0.00000E+00  0.00000E+00  0.00000E+00  0.00000E+00  0.00000E+00  0.00000E+00  0.00000E+00  0.00000E+00  0.00000E+00  0.00000E+00  0.00000E+00  0.00000E+00  0.00000E+00  0.00000E+00  0.00000E+00  0.00000E+00
 OMEGA(2,2)   -1.66840E+01 -5.94968E+00 -1.64313E+00  2.33217E-03  4.10220E-03 -3.68228E-03  2.01655E-01  0.00000E+00 -3.11798E-04 -2.07249E-04  0.00000E+00  4.25047E-03  0.00000E+00  0.00000E+00 -1.55938E-04  0.00000E+00  0.00000E+00  0.00000E+00  1.61122E-03
 OMEGA(3,1)    0.00000E+00  0.00000E+00  0.00000E+00  0.00000E+00  0.00000E+00  0.00000E+00  0.00000E+00  0.00000E+00  0.00000E+00  0.00000E+00  0.00000E+00  0.00000E+00  0.00000E+00  0.00000E+00  0.00000E+00  0.00000E+00  0.00000E+00  0.00000E+00  0.00000E+00
 OMEGA(3,2)    0.00000E+00  0.00000E+00  0.00000E+00  0.00000E+00  0.00000E+00  0.00000E+00  0.00000E+00  0.00000E+00  0.00000E+00  0.00000E+00  0.00000E+00  0.00000E+00  0.00000E+00  0.00000E+00  0.00000E+00  0.00000E+00  0.00000E+00  0.00000E+00  0.00000E+00
 OMEGA(3,3)    1.42620E+00 -6.45268E-02  7.57450E-01  6.04935E-05  2.91194E-04  1.43751E-03  1.62247E-02  0.00000E+00 -1.44989E-04 -2.86746E-05  0.00000E+00 -1.55938E-04  0.00000E+00  0.00000E+00  9.60137E-04  0.00000E+00  0.00000E+00  0.00000E+00  1.57283E-03
 OMEGA(4,1)    0.00000E+00  0.00000E+00  0.00000E+00  0.00000E+00  0.00000E+00  0.00000E+00  0.00000E+00  0.00000E+00  0.00000E+00  0.00000E+00  0.00000E+00  0.00000E+00  0.00000E+00  0.00000E+00  0.00000E+00  0.00000E+00  0.00000E+00  0.00000E+00  0.00000E+00
 OMEGA(4,2)    0.00000E+00  0.00000E+00  0.00000E+00  0.00000E+00  0.00000E+00  0.00000E+00  0.00000E+00  0.00000E+00  0.00000E+00  0.00000E+00  0.00000E+00  0.00000E+00  0.00000E+00  0.00000E+00  0.00000E+00  0.00000E+00  0.00000E+00  0.00000E+00  0.00000E+00
 OMEGA(4,3)    0.00000E+00  0.00000E+00  0.00000E+00  0.00000E+00  0.00000E+00  0.00000E+00  0.00000E+00  0.00000E+00  0.00000E+00  0.00000E+00  0.00000E+00  0.00000E+00  0.00000E+00  0.00000E+00  0.00000E+00  0.00000E+00  0.00000E+00  0.00000E+00  0.00000E+00
 OMEGA(4,4)   -2.96932E+01 -8.51072E+00  8.44735E+00 -6.33498E-03  4.61763E-03  1.55930E-02  4.35733E-01  0.00000E+00 -2.38230E-03 -1.06232E-03  0.00000E+00  1.61122E-03  0.00000E+00  0.00000E+00  1.57283E-03  0.00000E+00  0.00000E+00  0.00000E+00  3.60099E-02
