TABLE NO.     1: First Order Conditional Estimation with Interaction: Problem=1 Subproblem=0 Superproblem1=0 Iteration1=0 Superproblem2=0 Iteration2=0
 NAME         THETA1       THETA2       THETA3       THETA4       THETA5       THETA6       SIGMA(1,1)   SIGMA(2,1)   SIGMA(2,2)   OMEGA(1,1)   OMEGA(2,1)   OMEGA(2,2)   OMEGA(3,1)   OMEGA(3,2)   OMEGA(3,3)   OMEGA(4,1)   OMEGA(4,2)   OMEGA(4,3)   OMEGA(4,4)
 THETA1        2.25737E-01 -1.21731E-01 -3.81013E-01 -7.36986E+02  4.00831E+02 -5.75306E+02 -6.97151E+00  0.00000E+00 -5.72082E+03 -4.67162E+01  0.00000E+00 -1.34701E+01  0.00000E+00  0.00000E+00 -4.20184E+01  0.00000E+00  0.00000E+00  0.00000E+00  2.17619E+01
 THETA2       -1.21731E-01  6.60432E-02  2.05388E-01  3.97231E+02 -2.15829E+02  3.10006E+02  3.75747E+00  0.00000E+00  3.08291E+03  2.52940E+01  0.00000E+00  7.32393E+00  0.00000E+00  0.00000E+00  2.27063E+01  0.00000E+00  0.00000E+00  0.00000E+00 -1.17139E+01
 THETA3       -3.81013E-01  2.05388E-01  6.67611E-01  1.24451E+03 -6.76707E+02  9.60208E+02  1.17870E+01  0.00000E+00  9.66780E+03  7.84781E+01  0.00000E+00  2.25549E+01  0.00000E+00  0.00000E+00  6.98185E+01  0.00000E+00  0.00000E+00  0.00000E+00 -3.71010E+01
 THETA4       -7.36986E+02  3.97231E+02  1.24451E+03  2.40651E+06 -1.30880E+06  1.87835E+06  2.27641E+04  0.00000E+00  1.86803E+07  1.52431E+05  0.00000E+00  4.39865E+04  0.00000E+00  0.00000E+00  1.36934E+05  0.00000E+00  0.00000E+00  0.00000E+00 -7.10178E+04
 THETA5        4.00831E+02 -2.15829E+02 -6.76707E+02 -1.30880E+06  7.12102E+05 -1.02170E+06 -1.23807E+04  0.00000E+00 -1.01599E+07 -8.28880E+04  0.00000E+00 -2.39665E+04  0.00000E+00  0.00000E+00 -7.45907E+04  0.00000E+00  0.00000E+00  0.00000E+00  3.86557E+04
 THETA6       -5.75306E+02  3.10006E+02  9.60208E+02  1.87835E+06 -1.02170E+06  1.47141E+06  1.77624E+04  0.00000E+00  1.45778E+07  1.19126E+05  0.00000E+00  3.44451E+04  0.00000E+00  0.00000E+00  1.07371E+05  0.00000E+00  0.00000E+00  0.00000E+00 -5.52851E+04
 SIGMA(1,1)   -6.97151E+00  3.75747E+00  1.17870E+01  2.27641E+04 -1.23807E+04  1.77624E+04  2.15415E+02  0.00000E+00  1.76719E+05  1.44346E+03  0.00000E+00  4.14221E+02  0.00000E+00  0.00000E+00  1.29443E+03  0.00000E+00  0.00000E+00  0.00000E+00 -6.72669E+02
 SIGMA(2,1)    0.00000E+00  0.00000E+00  0.00000E+00  0.00000E+00  0.00000E+00  0.00000E+00  0.00000E+00  0.00000E+00  0.00000E+00  0.00000E+00  0.00000E+00  0.00000E+00  0.00000E+00  0.00000E+00  0.00000E+00  0.00000E+00  0.00000E+00  0.00000E+00  0.00000E+00
 SIGMA(2,2)   -5.72082E+03  3.08291E+03  9.66780E+03  1.86803E+07 -1.01599E+07  1.45778E+07  1.76719E+05  0.00000E+00  1.45016E+08  1.18292E+06  0.00000E+00  3.41615E+05  0.00000E+00  0.00000E+00  1.06303E+06  0.00000E+00  0.00000E+00  0.00000E+00 -5.51301E+05
 OMEGA(1,1)   -4.67162E+01  2.52940E+01  7.84781E+01  1.52431E+05 -8.28880E+04  1.19126E+05  1.44346E+03  0.00000E+00  1.18292E+06  1.03350E+04  0.00000E+00  2.75557E+03  0.00000E+00  0.00000E+00  8.72879E+03  0.00000E+00  0.00000E+00  0.00000E+00 -4.49936E+03
 OMEGA(2,1)    0.00000E+00  0.00000E+00  0.00000E+00  0.00000E+00  0.00000E+00  0.00000E+00  0.00000E+00  0.00000E+00  0.00000E+00  0.00000E+00  0.00000E+00  0.00000E+00  0.00000E+00  0.00000E+00  0.00000E+00  0.00000E+00  0.00000E+00  0.00000E+00  0.00000E+00
 OMEGA(2,2)   -1.34701E+01  7.32393E+00  2.25549E+01  4.39865E+04 -2.39665E+04  3.44451E+04  4.14221E+02  0.00000E+00  3.41615E+05  2.75557E+03  0.00000E+00  1.28945E+03  0.00000E+00  0.00000E+00  2.59812E+03  0.00000E+00  0.00000E+00  0.00000E+00 -1.27308E+03
 OMEGA(3,1)    0.00000E+00  0.00000E+00  0.00000E+00  0.00000E+00  0.00000E+00  0.00000E+00  0.00000E+00  0.00000E+00  0.00000E+00  0.00000E+00  0.00000E+00  0.00000E+00  0.00000E+00  0.00000E+00  0.00000E+00  0.00000E+00  0.00000E+00  0.00000E+00  0.00000E+00
 OMEGA(3,2)    0.00000E+00  0.00000E+00  0.00000E+00  0.00000E+00  0.00000E+00  0.00000E+00  0.00000E+00  0.00000E+00  0.00000E+00  0.00000E+00  0.00000E+00  0.00000E+00  0.00000E+00  0.00000E+00  0.00000E+00  0.00000E+00  0.00000E+00  0.00000E+00  0.00000E+00
 OMEGA(3,3)   -4.20184E+01  2.27063E+01  6.98185E+01  1.36934E+05 -7.45907E+04  1.07371E+05  1.29443E+03  0.00000E+00  1.06303E+06  8.72879E+03  0.00000E+00  2.59812E+03  0.00000E+00  0.00000E+00  9.18559E+03  0.00000E+00  0.00000E+00  0.00000E+00 -4.09469E+03
 OMEGA(4,1)    0.00000E+00  0.00000E+00  0.00000E+00  0.00000E+00  0.00000E+00  0.00000E+00  0.00000E+00  0.00000E+00  0.00000E+00  0.00000E+00  0.00000E+00  0.00000E+00  0.00000E+00  0.00000E+00  0.00000E+00  0.00000E+00  0.00000E+00  0.00000E+00  0.00000E+00
 OMEGA(4,2)    0.00000E+00  0.00000E+00  0.00000E+00  0.00000E+00  0.00000E+00  0.00000E+00  0.00000E+00  0.00000E+00  0.00000E+00  0.00000E+00  0.00000E+00  0.00000E+00  0.00000E+00  0.00000E+00  0.00000E+00  0.00000E+00  0.00000E+00  0.00000E+00  0.00000E+00
 OMEGA(4,3)    0.00000E+00  0.00000E+00  0.00000E+00  0.00000E+00  0.00000E+00  0.00000E+00  0.00000E+00  0.00000E+00  0.00000E+00  0.00000E+00  0.00000E+00  0.00000E+00  0.00000E+00  0.00000E+00  0.00000E+00  0.00000E+00  0.00000E+00  0.00000E+00  0.00000E+00
 OMEGA(4,4)    2.17619E+01 -1.17139E+01 -3.71010E+01 -7.10178E+04  3.86557E+04 -5.52851E+04 -6.72669E+02  0.00000E+00 -5.51301E+05 -4.49936E+03  0.00000E+00 -1.27308E+03  0.00000E+00  0.00000E+00 -4.09469E+03  0.00000E+00  0.00000E+00  0.00000E+00  2.16636E+03
