TABLE NO.     1: First Order Conditional Estimation with Interaction: Problem=1 Subproblem=0 Superproblem1=0 Iteration1=0 Superproblem2=0 Iteration2=0
 NAME         THETA1       THETA2       THETA3       THETA4       THETA5       THETA6       SIGMA(1,1)   SIGMA(2,1)   SIGMA(2,2)   OMEGA(1,1)   OMEGA(2,1)   OMEGA(2,2)   OMEGA(3,1)   OMEGA(3,2)   OMEGA(3,3)   OMEGA(4,1)   OMEGA(4,2)   OMEGA(4,3)   OMEGA(4,4)
 THETA1        1.28538E-01 -2.70229E+00 -8.08656E+00  8.55625E+02 -3.88164E+03  3.43049E+03 -3.92706E+01  0.00000E+00 -6.27754E+03 -9.74763E-01  0.00000E+00 -2.31163E+00  0.00000E+00  0.00000E+00  6.20789E+00  0.00000E+00  0.00000E+00  0.00000E+00  8.77973E+00
 THETA2       -2.70229E+00  5.68276E+01  1.70077E+02 -1.79946E+04  8.16318E+04 -7.21484E+04  8.25867E+02  0.00000E+00  1.32016E+05  1.97109E+01  0.00000E+00  4.87222E+01  0.00000E+00  0.00000E+00 -1.32395E+02  0.00000E+00  0.00000E+00  0.00000E+00 -1.84610E+02
 THETA3       -8.08656E+00  1.70077E+02  5.09089E+02 -5.38579E+04  2.44316E+05 -2.15953E+05  2.47173E+03  0.00000E+00  3.95108E+05  5.79094E+01  0.00000E+00  1.45247E+02  0.00000E+00  0.00000E+00 -3.98357E+02  0.00000E+00  0.00000E+00  0.00000E+00 -5.53085E+02
 THETA4        8.55625E+02 -1.79946E+04 -5.38579E+04  5.69825E+06 -2.58492E+07  2.28468E+07 -2.61516E+05  0.00000E+00 -4.18037E+07 -6.15268E+03  0.00000E+00 -1.54200E+04  0.00000E+00  0.00000E+00  4.19887E+04  0.00000E+00  0.00000E+00  0.00000E+00  5.85008E+04
 THETA5       -3.88164E+03  8.16318E+04  2.44316E+05 -2.58492E+07  1.17263E+08 -1.03641E+08  1.18635E+06  0.00000E+00  1.89641E+08  2.81059E+04  0.00000E+00  6.98599E+04  0.00000E+00  0.00000E+00 -1.90476E+05  0.00000E+00  0.00000E+00  0.00000E+00 -2.65203E+05
 THETA6        3.43049E+03 -7.21484E+04 -2.15953E+05  2.28468E+07 -1.03641E+08  9.16069E+07 -1.04853E+06  0.00000E+00 -1.67609E+08 -2.46442E+04  0.00000E+00 -6.16591E+04  0.00000E+00  0.00000E+00  1.68779E+05  0.00000E+00  0.00000E+00  0.00000E+00  2.34563E+05
 SIGMA(1,1)   -3.92706E+01  8.25867E+02  2.47173E+03 -2.61516E+05  1.18635E+06 -1.04853E+06  1.20023E+04  0.00000E+00  1.91859E+06  2.86566E+02  0.00000E+00  7.04769E+02  0.00000E+00  0.00000E+00 -1.92634E+03  0.00000E+00  0.00000E+00  0.00000E+00 -2.68334E+03
 SIGMA(2,1)    0.00000E+00  0.00000E+00  0.00000E+00  0.00000E+00  0.00000E+00  0.00000E+00  0.00000E+00  0.00000E+00  0.00000E+00  0.00000E+00  0.00000E+00  0.00000E+00  0.00000E+00  0.00000E+00  0.00000E+00  0.00000E+00  0.00000E+00  0.00000E+00  0.00000E+00
 SIGMA(2,2)   -6.27754E+03  1.32016E+05  3.95108E+05 -4.18037E+07  1.89641E+08 -1.67609E+08  1.91859E+06  0.00000E+00  3.06696E+08  4.54818E+04  0.00000E+00  1.13066E+05  0.00000E+00  0.00000E+00 -3.07482E+05  0.00000E+00  0.00000E+00  0.00000E+00 -4.28622E+05
 OMEGA(1,1)   -9.74763E-01  1.97109E+01  5.79094E+01 -6.15268E+03  2.81059E+04 -2.46442E+04  2.86566E+02  0.00000E+00  4.54818E+04  7.02364E+02  0.00000E+00 -2.81238E+01  0.00000E+00  0.00000E+00  9.06821E+00  0.00000E+00  0.00000E+00  0.00000E+00 -5.63736E+01
 OMEGA(2,1)    0.00000E+00  0.00000E+00  0.00000E+00  0.00000E+00  0.00000E+00  0.00000E+00  0.00000E+00  0.00000E+00  0.00000E+00  0.00000E+00  0.00000E+00  0.00000E+00  0.00000E+00  0.00000E+00  0.00000E+00  0.00000E+00  0.00000E+00  0.00000E+00  0.00000E+00
 OMEGA(2,2)   -2.31163E+00  4.87222E+01  1.45247E+02 -1.54200E+04  6.98599E+04 -6.16591E+04  7.04769E+02  0.00000E+00  1.13066E+05 -2.81238E+01  0.00000E+00  5.41914E+02  0.00000E+00  0.00000E+00 -1.61305E+01  0.00000E+00  0.00000E+00  0.00000E+00 -1.35357E+02
 OMEGA(3,1)    0.00000E+00  0.00000E+00  0.00000E+00  0.00000E+00  0.00000E+00  0.00000E+00  0.00000E+00  0.00000E+00  0.00000E+00  0.00000E+00  0.00000E+00  0.00000E+00  0.00000E+00  0.00000E+00  0.00000E+00  0.00000E+00  0.00000E+00  0.00000E+00  0.00000E+00
 OMEGA(3,2)    0.00000E+00  0.00000E+00  0.00000E+00  0.00000E+00  0.00000E+00  0.00000E+00  0.00000E+00  0.00000E+00  0.00000E+00  0.00000E+00  0.00000E+00  0.00000E+00  0.00000E+00  0.00000E+00  0.00000E+00  0.00000E+00  0.00000E+00  0.00000E+00  0.00000E+00
 OMEGA(3,3)    6.20789E+00 -1.32395E+02 -3.98357E+02  4.19887E+04 -1.90476E+05  1.68779E+05 -1.92634E+03  0.00000E+00 -3.07482E+05  9.06821E+00  0.00000E+00 -1.61305E+01  0.00000E+00  0.00000E+00  1.71977E+03  0.00000E+00  0.00000E+00  0.00000E+00  3.75975E+02
 OMEGA(4,1)    0.00000E+00  0.00000E+00  0.00000E+00  0.00000E+00  0.00000E+00  0.00000E+00  0.00000E+00  0.00000E+00  0.00000E+00  0.00000E+00  0.00000E+00  0.00000E+00  0.00000E+00  0.00000E+00  0.00000E+00  0.00000E+00  0.00000E+00  0.00000E+00  0.00000E+00
 OMEGA(4,2)    0.00000E+00  0.00000E+00  0.00000E+00  0.00000E+00  0.00000E+00  0.00000E+00  0.00000E+00  0.00000E+00  0.00000E+00  0.00000E+00  0.00000E+00  0.00000E+00  0.00000E+00  0.00000E+00  0.00000E+00  0.00000E+00  0.00000E+00  0.00000E+00  0.00000E+00
 OMEGA(4,3)    0.00000E+00  0.00000E+00  0.00000E+00  0.00000E+00  0.00000E+00  0.00000E+00  0.00000E+00  0.00000E+00  0.00000E+00  0.00000E+00  0.00000E+00  0.00000E+00  0.00000E+00  0.00000E+00  0.00000E+00  0.00000E+00  0.00000E+00  0.00000E+00  0.00000E+00
 OMEGA(4,4)    8.77973E+00 -1.84610E+02 -5.53085E+02  5.85008E+04 -2.65203E+05  2.34563E+05 -2.68334E+03  0.00000E+00 -4.28622E+05 -5.63736E+01  0.00000E+00 -1.35357E+02  0.00000E+00  0.00000E+00  3.75975E+02  0.00000E+00  0.00000E+00  0.00000E+00  6.63761E+02
