TABLE NO.     1: First Order Conditional Estimation with Interaction: Problem=1 Subproblem=0 Superproblem1=0 Iteration1=0 Superproblem2=0 Iteration2=0
 NAME         THETA1       THETA2       THETA3       THETA4       THETA5       THETA6       THETA7       THETA8       THETA9       SIGMA(1,1)   SIGMA(2,1)   SIGMA(2,2)   OMEGA(1,1)
 THETA1        8.44260E+02  9.43309E-01 -5.60316E-01 -5.46849E-01 -4.63842E-01 -3.98897E-01 -3.07919E-01  4.60439E-01 -1.85558E-02  0.00000E+00  0.00000E+00 -7.53129E-02 -2.45924E-01
 THETA2        9.43309E-01  8.79952E+01 -5.94713E-01 -6.05359E-01 -6.65413E-01 -4.32717E-01 -3.47346E-01  4.61571E-01 -1.38734E-01  0.00000E+00  0.00000E+00 -6.36971E-02 -1.84111E-01
 THETA3       -5.60316E-01 -5.94713E-01  7.41031E+00  9.83063E-01  4.61285E-01  6.66875E-01  3.31949E-01 -8.13697E-01  4.94892E-01  0.00000E+00  0.00000E+00 -2.34024E-02  1.77714E-01
 THETA4       -5.46849E-01 -6.05359E-01  9.83063E-01  1.93505E-01  4.95191E-01  7.22260E-01  3.74320E-01 -8.13523E-01  4.99761E-01  0.00000E+00  0.00000E+00 -8.43851E-03  1.52488E-01
 THETA5       -4.63842E-01 -6.65413E-01  4.61285E-01  4.95191E-01  7.15522E-01  1.18288E-01  5.48840E-02 -1.34944E-01  5.92062E-01  0.00000E+00  0.00000E+00  1.15832E-01  2.29232E-01
 THETA6       -3.98897E-01 -4.32717E-01  6.66875E-01  7.22260E-01  1.18288E-01  1.31600E+00  5.96400E-01 -9.36719E-01 -1.41056E-01  0.00000E+00  0.00000E+00  1.11455E-01 -2.48291E-03
 THETA7       -3.07919E-01 -3.47346E-01  3.31949E-01  3.74320E-01  5.48840E-02  5.96400E-01  2.40100E-01 -5.03130E-01 -1.78628E-01  0.00000E+00  0.00000E+00  5.85699E-02  4.71558E-02
 THETA8        4.60439E-01  4.61571E-01 -8.13697E-01 -8.13523E-01 -1.34944E-01 -9.36719E-01 -5.03130E-01  1.21639E+00  4.42762E-02  0.00000E+00  0.00000E+00 -6.44050E-02 -8.05802E-02
 THETA9       -1.85558E-02 -1.38734E-01  4.94892E-01  4.99761E-01  5.92062E-01 -1.41056E-01 -1.78628E-01  4.42762E-02  7.94194E-02  0.00000E+00  0.00000E+00 -8.63728E-02  1.08528E-01
 SIGMA(1,1)    0.00000E+00  0.00000E+00  0.00000E+00  0.00000E+00  0.00000E+00  0.00000E+00  0.00000E+00  0.00000E+00  0.00000E+00  0.00000E+00  0.00000E+00  0.00000E+00  0.00000E+00
 SIGMA(2,1)    0.00000E+00  0.00000E+00  0.00000E+00  0.00000E+00  0.00000E+00  0.00000E+00  0.00000E+00  0.00000E+00  0.00000E+00  0.00000E+00  0.00000E+00  0.00000E+00  0.00000E+00
 SIGMA(2,2)   -7.53129E-02 -6.36971E-02 -2.34024E-02 -8.43851E-03  1.15832E-01  1.11455E-01  5.85699E-02 -6.44050E-02 -8.63728E-02  0.00000E+00  0.00000E+00  1.75617E-02  1.39311E-01
 OMEGA(1,1)   -2.45924E-01 -1.84111E-01  1.77714E-01  1.52488E-01  2.29232E-01 -2.48291E-03  4.71558E-02 -8.05802E-02  1.08528E-01  0.00000E+00  0.00000E+00  1.39311E-01  6.20387E-02
