TABLE NO.     1: First Order Conditional Estimation with Interaction: Problem=1 Subproblem=0 Superproblem1=0 Iteration1=0 Superproblem2=0 Iteration2=0
 NAME         THETA1       THETA2       THETA3       THETA4       THETA5       THETA6       THETA7       THETA8       THETA9       SIGMA(1,1)   SIGMA(2,1)   SIGMA(2,2)   OMEGA(1,1)
 THETA1        6.85493E-07  1.70153E-05  1.85935E-03 -2.36865E-02  1.21042E-03  4.08215E-03 -2.03769E-03  9.64406E-03 -5.87870E-02  0.00000E+00  0.00000E+00 -1.51188E-02 -6.07310E-04
 THETA2        1.70153E-05  5.05612E-04  3.58812E-02 -5.85080E-02  3.58082E-02  6.69732E-02 -4.94235E-02  2.20065E-01 -1.72487E+00  0.00000E+00  0.00000E+00 -2.12704E-01 -2.25293E-02
 THETA3        1.85935E-03  3.58812E-02  6.31055E+00 -1.29563E+02  2.57219E+00  1.53107E+01 -5.66972E+00  2.85423E+01 -1.26681E+02  0.00000E+00  0.00000E+00 -6.10651E+01 -7.27624E-01
 THETA4       -2.36865E-02 -5.85080E-02 -1.29563E+02  4.18506E+03 -5.17752E+00 -3.59504E+02  7.77611E+01 -4.56090E+02  3.42014E+02  0.00000E+00  0.00000E+00  1.55620E+03 -2.64180E+01
 THETA5        1.21042E-03  3.58082E-02  2.57219E+00 -5.17752E+00  2.53625E+00  4.83019E+00 -3.51808E+00  1.56919E+01 -1.22193E+02  0.00000E+00  0.00000E+00 -1.54430E+01 -1.58838E+00
 THETA6        4.08215E-03  6.69732E-02  1.53107E+01 -3.59504E+02  4.83019E+00  3.84841E+01 -1.26116E+01  6.54024E+01 -2.40465E+02  0.00000E+00  0.00000E+00 -1.57113E+02 -5.40719E-01
 THETA7       -2.03769E-03 -4.94235E-02 -5.66972E+00  7.77611E+01 -3.51808E+00 -1.26116E+01  6.07329E+00 -2.89361E+01  1.71061E+02  0.00000E+00  0.00000E+00  4.71993E+01  1.70179E+00
 THETA8        9.64406E-03  2.20065E-01  2.85423E+01 -4.56090E+02  1.56919E+01  6.54024E+01 -2.89361E+01  1.40163E+02 -7.65418E+02  0.00000E+00  0.00000E+00 -2.50427E+02 -6.81436E+00
 THETA9       -5.87870E-02 -1.72487E+00 -1.26681E+02  3.42014E+02 -1.22193E+02 -2.40465E+02  1.71061E+02 -7.65418E+02  5.88916E+03  0.00000E+00  0.00000E+00  7.77832E+02  7.58682E+01
 SIGMA(1,1)    0.00000E+00  0.00000E+00  0.00000E+00  0.00000E+00  0.00000E+00  0.00000E+00  0.00000E+00  0.00000E+00  0.00000E+00  0.00000E+00  0.00000E+00  0.00000E+00  0.00000E+00
 SIGMA(2,1)    0.00000E+00  0.00000E+00  0.00000E+00  0.00000E+00  0.00000E+00  0.00000E+00  0.00000E+00  0.00000E+00  0.00000E+00  0.00000E+00  0.00000E+00  0.00000E+00  0.00000E+00
 SIGMA(2,2)   -1.51188E-02 -2.12704E-01 -6.10651E+01  1.55620E+03 -1.54430E+01 -1.57113E+02  4.71993E+01 -2.50427E+02  7.77832E+02  0.00000E+00  0.00000E+00  6.50895E+02 -1.16158E+00
 OMEGA(1,1)   -6.07310E-04 -2.25293E-02 -7.27624E-01 -2.64180E+01 -1.58838E+00 -5.40719E-01  1.70179E+00 -6.81436E+00  7.58682E+01  0.00000E+00  0.00000E+00 -1.16158E+00  1.20549E+00
