TABLE NO.     1: First Order Conditional Estimation with Interaction: Problem=1 Subproblem=0 Superproblem1=0 Iteration1=0 Superproblem2=0 Iteration2=0
 NAME         THETA1       THETA2       THETA3       THETA4       THETA5       THETA6       THETA7       THETA8       THETA9       SIGMA(1,1)   SIGMA(2,1)   SIGMA(2,2)   OMEGA(1,1)
 THETA1        1.15047E+03  9.63644E-01  3.95766E-01  3.19237E-01 -6.18885E-01 -5.26501E-01  2.35278E-01  8.34767E-01  8.47613E-01 -7.50908E-01  0.00000E+00  5.46632E-02 -2.56615E-01
 THETA2        9.63644E-01  1.15747E+02  3.42439E-01  2.36352E-01 -7.59727E-01 -5.06248E-01  1.69682E-01  7.43486E-01  7.56531E-01 -6.84534E-01  0.00000E+00  6.29137E-02 -2.20852E-01
 THETA3        3.95766E-01  3.42439E-01  9.89627E+00  8.81201E-01 -2.33902E-01 -8.28071E-01 -1.72998E-01  1.54998E-01  1.83378E-01 -5.20347E-01  0.00000E+00  1.84425E-01 -2.96697E-01
 THETA4        3.19237E-01  2.36352E-01  8.81201E-01  4.20618E-01 -5.89439E-02 -6.42987E-01 -2.98130E-02  7.79716E-02  1.02292E-01 -4.46360E-01  0.00000E+00  1.43246E-01 -2.36566E-01
 THETA5       -6.18885E-01 -7.59727E-01 -2.33902E-01 -5.89439E-02  6.80539E-01  4.80263E-01  2.75697E-01 -2.61718E-01 -2.86851E-01  4.72926E-01  0.00000E+00  2.21794E-02  3.20947E-01
 THETA6       -5.26501E-01 -5.06248E-01 -8.28071E-01 -6.42987E-01  4.80263E-01  7.55746E-02  5.09797E-01 -2.21763E-01 -2.64128E-01  6.84559E-01  0.00000E+00 -2.40915E-01  3.02197E-01
 THETA7        2.35278E-01  1.69682E-01 -1.72998E-01 -2.98130E-02  2.75697E-01  5.09797E-01  1.31946E-01  4.42444E-01  3.98313E-01  1.75806E-01  0.00000E+00 -1.01546E-01  1.29530E-01
 THETA8        8.34767E-01  7.43486E-01  1.54998E-01  7.79716E-02 -2.61718E-01 -2.21763E-01  4.42444E-01  5.99154E-09  9.98546E-01 -7.24702E-01  0.00000E+00 -2.85506E-01 -1.26332E-01
 THETA9        8.47613E-01  7.56531E-01  1.83378E-01  1.02292E-01 -2.86851E-01 -2.64128E-01  3.98313E-01  9.98546E-01  3.44316E-11 -7.59317E-01  0.00000E+00 -2.85566E-01 -1.41932E-01
 SIGMA(1,1)   -7.50908E-01 -6.84534E-01 -5.20347E-01 -4.46360E-01  4.72926E-01  6.84559E-01  1.75806E-01 -7.24702E-01 -7.59317E-01  9.48408E-11  0.00000E+00  3.37795E-01  2.82831E-01
 SIGMA(2,1)    0.00000E+00  0.00000E+00  0.00000E+00  0.00000E+00  0.00000E+00  0.00000E+00  0.00000E+00  0.00000E+00  0.00000E+00  0.00000E+00  0.00000E+00  0.00000E+00  0.00000E+00
 SIGMA(2,2)    5.46632E-02  6.29137E-02  1.84425E-01  1.43246E-01  2.21794E-02 -2.40915E-01 -1.01546E-01 -2.85506E-01 -2.85566E-01  3.37795E-01  0.00000E+00  1.84742E-02  1.00348E-01
 OMEGA(1,1)   -2.56615E-01 -2.20852E-01 -2.96697E-01 -2.36566E-01  3.20947E-01  3.02197E-01  1.29530E-01 -1.26332E-01 -1.41932E-01  2.82831E-01  0.00000E+00  1.00348E-01  6.81233E-02
