TABLE NO.     1: First Order Conditional Estimation with Interaction: Problem=1 Subproblem=0 Superproblem1=0 Iteration1=0 Superproblem2=0 Iteration2=0
 NAME         THETA1       THETA2       THETA3       THETA4       THETA5       THETA6       THETA7       THETA8       THETA9       SIGMA(1,1)   SIGMA(2,1)   SIGMA(2,2)   OMEGA(1,1)
 THETA1        7.12775E+05  7.00792E+04 -3.50546E+03 -8.93379E+01 -2.80201E+02 -4.43194E+02 -6.24172E+01  4.72847E+02 -1.24418E+00  0.00000E+00  0.00000E+00 -1.11664E+00 -1.28807E+01
 THETA2        7.00792E+04  7.74315E+03 -3.87795E+02 -1.03077E+01 -4.18960E+01 -5.01095E+01 -7.33860E+00  4.94050E+01 -9.69547E-01  0.00000E+00  0.00000E+00 -9.84341E-02 -1.00508E+00
 THETA3       -3.50546E+03 -3.87795E+02  5.49127E+01  1.40964E+00  2.44584E+00  6.50336E+00  5.90608E-01 -7.33453E+00  2.91255E-01  0.00000E+00  0.00000E+00 -3.04553E-03  8.16997E-02
 THETA4       -8.93379E+01 -1.03077E+01  1.40964E+00  3.74441E-02  6.85626E-02  1.83926E-01  1.73911E-02 -1.91485E-01  7.68035E-03  0.00000E+00  0.00000E+00 -2.86764E-05  1.83059E-03
 THETA5       -2.80201E+02 -4.18960E+01  2.44584E+00  6.85626E-02  5.11971E-01  1.11384E-01  9.42890E-03 -1.17449E-01  3.36447E-02  0.00000E+00  0.00000E+00  1.45553E-03  1.01756E-02
 THETA6       -4.43194E+02 -5.01095E+01  6.50336E+00  1.83926E-01  1.11384E-01  1.73187E+00  1.88446E-01 -1.49948E+00 -1.47427E-02  0.00000E+00  0.00000E+00  2.57586E-03 -2.02713E-04
 THETA7       -6.24172E+01 -7.33860E+00  5.90608E-01  1.73911E-02  9.42890E-03  1.88446E-01  5.76480E-02 -1.46942E-01 -3.40618E-03  0.00000E+00  0.00000E+00  2.46964E-04  7.02409E-04
 THETA8        4.72847E+02  4.94050E+01 -7.33453E+00 -1.91485E-01 -1.17449E-01 -1.49948E+00 -1.46942E-01  1.47961E+00  4.27731E-03  0.00000E+00  0.00000E+00 -1.37581E-03 -6.08085E-03
 THETA9       -1.24418E+00 -9.69547E-01  2.91255E-01  7.68035E-03  3.36447E-02 -1.47427E-02 -3.40618E-03  4.27731E-03  6.30745E-03  0.00000E+00  0.00000E+00 -1.20468E-04  5.34727E-04
 SIGMA(1,1)    0.00000E+00  0.00000E+00  0.00000E+00  0.00000E+00  0.00000E+00  0.00000E+00  0.00000E+00  0.00000E+00  0.00000E+00  0.00000E+00  0.00000E+00  0.00000E+00  0.00000E+00
 SIGMA(2,1)    0.00000E+00  0.00000E+00  0.00000E+00  0.00000E+00  0.00000E+00  0.00000E+00  0.00000E+00  0.00000E+00  0.00000E+00  0.00000E+00  0.00000E+00  0.00000E+00  0.00000E+00
 SIGMA(2,2)   -1.11664E+00 -9.84341E-02 -3.04553E-03 -2.86764E-05  1.45553E-03  2.57586E-03  2.46964E-04 -1.37581E-03 -1.20468E-04  0.00000E+00  0.00000E+00  3.08414E-04  1.51780E-04
 OMEGA(1,1)   -1.28807E+01 -1.00508E+00  8.16997E-02  1.83059E-03  1.01756E-02 -2.02713E-04  7.02409E-04 -6.08085E-03  5.34727E-04  0.00000E+00  0.00000E+00  1.51780E-04  3.84880E-03
