TABLE NO.     1: First Order Conditional Estimation with Interaction: Problem=1 Subproblem=0 Superproblem1=0 Iteration1=0 Superproblem2=0 Iteration2=0
 NAME         THETA1       THETA2       THETA3       THETA4       THETA5       THETA6       THETA7       THETA8       THETA9       SIGMA(1,1)   SIGMA(2,1)   SIGMA(2,2)   OMEGA(1,1)
 THETA1        2.21008E-05 -1.65364E-04  3.08749E-03 -3.98494E-02 -4.62854E-03  9.64022E-03 -3.52037E-03  1.86417E-02 -1.05710E-01  0.00000E+00  0.00000E+00 -1.76889E-01 -2.60905E-02
 THETA2       -1.65364E-04  5.47508E-03  1.80881E-01 -2.81330E-01  2.90807E-01  3.01335E-01 -2.75059E-01  1.11501E+00 -8.60740E+00  0.00000E+00  0.00000E+00  4.84274E-01  1.13843E-01
 THETA3        3.08749E-03  1.80881E-01  2.40304E+01 -3.60251E+02  8.31597E+00  5.39150E+01 -2.81586E+01  1.22607E+02 -6.12363E+02  0.00000E+00  0.00000E+00 -2.38527E+02  4.24709E-01
 THETA4       -3.98494E-02 -2.81330E-01 -3.60251E+02  1.15225E+04  1.74581E+01 -9.94089E+02  2.49311E+02 -1.31420E+03  6.70006E+02  0.00000E+00  0.00000E+00  3.79266E+03 -2.78765E+01
 THETA5       -4.62854E-03  2.90807E-01  8.31597E+00  1.74581E+01  2.04404E+01  1.41527E+01 -1.35768E+01  5.50538E+01 -4.54845E+02  0.00000E+00  0.00000E+00  3.67712E+01 -5.12038E+00
 THETA6        9.64022E-03  3.01335E-01  5.39150E+01 -9.94089E+02  1.41527E+01  1.35033E+02 -6.13214E+01  2.68935E+02 -1.07837E+03  0.00000E+00  0.00000E+00 -5.41137E+02 -5.03686E+00
 THETA7       -3.52037E-03 -2.75059E-01 -2.81586E+01  2.49311E+02 -1.35768E+01 -6.13214E+01  4.13545E+01 -1.64628E+02  9.15608E+02  0.00000E+00  0.00000E+00  2.76097E+02 -1.55993E+00
 THETA8        1.86417E-02  1.11501E+00  1.22607E+02 -1.31420E+03  5.50538E+01  2.68935E+02 -1.64628E+02  6.84632E+02 -3.79084E+03  0.00000E+00  0.00000E+00 -1.19223E+03 -1.98027E+00
 THETA9       -1.05710E-01 -8.60740E+00 -6.12363E+02  6.70006E+02 -4.54845E+02 -1.07837E+03  9.15608E+02 -3.79084E+03  2.83886E+04  0.00000E+00  0.00000E+00  5.38654E+03  7.22095E+01
 SIGMA(1,1)    0.00000E+00  0.00000E+00  0.00000E+00  0.00000E+00  0.00000E+00  0.00000E+00  0.00000E+00  0.00000E+00  0.00000E+00  0.00000E+00  0.00000E+00  0.00000E+00  0.00000E+00
 SIGMA(2,1)    0.00000E+00  0.00000E+00  0.00000E+00  0.00000E+00  0.00000E+00  0.00000E+00  0.00000E+00  0.00000E+00  0.00000E+00  0.00000E+00  0.00000E+00  0.00000E+00  0.00000E+00
 SIGMA(2,2)   -1.76889E-01  4.84274E-01 -2.38527E+02  3.79266E+03  3.67712E+01 -5.41137E+02  2.76097E+02 -1.19223E+03  5.38654E+03  0.00000E+00  0.00000E+00  5.74282E+03  9.05305E+01
 OMEGA(1,1)   -2.60905E-02  1.13843E-01  4.24709E-01 -2.78765E+01 -5.12038E+00 -5.03686E+00 -1.55993E+00 -1.98027E+00  7.22095E+01  0.00000E+00  0.00000E+00  9.05305E+01  1.23805E+02
