TABLE NO.     1: First Order Conditional Estimation with Interaction: Problem=1 Subproblem=0 Superproblem1=0 Iteration1=0 Superproblem2=0 Iteration2=0
 NAME         THETA1       THETA2       THETA3       THETA4       THETA5       THETA6       THETA7       THETA8       THETA9       SIGMA(1,1)   SIGMA(2,1)   SIGMA(2,2)   OMEGA(1,1)
 THETA1        2.94103E+03 -2.58159E+02  1.25287E+05 -8.35058E+05  1.59231E+06  2.48674E+07 -2.06469E+07  9.22934E+15 -1.69125E+18 -2.49776E+16  0.00000E+00 -1.35506E+07 -6.23654E+03
 THETA2       -2.58159E+02  1.93924E+05 -1.64575E+05  2.83711E+07  1.92836E+07 -8.49297E+07 -5.37288E+07 -1.23600E+17  2.28351E+19  9.08749E+17  0.00000E+00 -1.16665E+09  2.48351E+07
 THETA3        1.25287E+05 -1.64575E+05  5.45886E+06 -5.79931E+07  5.24483E+07  1.12487E+09 -8.35534E+08  4.90420E+17 -9.00152E+19 -1.78212E+18  0.00000E+00  3.47766E+08 -1.99381E+07
 THETA4       -8.35058E+05  2.83711E+07 -5.79931E+07  4.36767E+09  2.38243E+09 -1.91358E+10 -2.24623E+09 -2.05403E+19  3.79108E+21  1.39401E+20  0.00000E+00 -1.66591E+11  3.62639E+09
 THETA5        1.59231E+06  1.92836E+07  5.24483E+07  2.38243E+09  2.80777E+09  5.17451E+09 -1.67418E+10 -7.30319E+18  1.35689E+21  7.72870E+19  0.00000E+00 -1.24319E+11  2.48429E+09
 THETA6        2.48674E+07 -8.49297E+07  1.12487E+09 -1.91358E+10  5.17451E+09  2.45575E+11 -1.50878E+11  1.30438E+20 -2.39815E+22 -5.98057E+20  0.00000E+00  3.83788E+11 -1.06505E+10
 THETA7       -2.06469E+07 -5.37288E+07 -8.35534E+08 -2.24623E+09 -1.67418E+10 -1.50878E+11  1.60868E+11 -2.96211E+19  5.37470E+21 -8.43476E+19  0.00000E+00  4.29665E+11 -7.07090E+09
 THETA8        9.22934E+15 -1.23600E+17  4.90420E+17 -2.05403E+19 -7.30319E+18  1.30438E+20 -2.96211E+19  1.06721E+29 -1.96739E+31 -6.52469E+29  0.00000E+00  6.97019E+20 -1.57462E+19
 THETA9       -1.69125E+18  2.28351E+19 -9.00152E+19  3.79108E+21  1.35689E+21 -2.39815E+22  5.37470E+21 -1.96739E+31  3.62692E+33  1.20431E+32  0.00000E+00 -1.28846E+23  2.90925E+21
 SIGMA(1,1)   -2.49776E+16  9.08749E+17 -1.78212E+18  1.39401E+20  7.72870E+19 -5.98057E+20 -8.43476E+19 -6.52469E+29  1.20431E+32  4.45065E+30  0.00000E+00 -5.34500E+21  1.16165E+20
 SIGMA(2,1)    0.00000E+00  0.00000E+00  0.00000E+00  0.00000E+00  0.00000E+00  0.00000E+00  0.00000E+00  0.00000E+00  0.00000E+00  0.00000E+00  0.00000E+00  0.00000E+00  0.00000E+00
 SIGMA(2,2)   -1.35506E+07 -1.16665E+09  3.47766E+08 -1.66591E+11 -1.24319E+11  3.83788E+11  4.29665E+11  6.97019E+20 -1.28846E+23 -5.34500E+21  0.00000E+00  7.09614E+12 -1.49547E+11
 OMEGA(1,1)   -6.23654E+03  2.48351E+07 -1.99381E+07  3.62639E+09  2.48429E+09 -1.06505E+10 -7.07090E+09 -1.57462E+19  2.90925E+21  1.16165E+20  0.00000E+00 -1.49547E+11  3.18087E+09
