TABLE NO.     1: First Order Conditional Estimation with Interaction: Problem=1 Subproblem=0 Superproblem1=0 Iteration1=0 Superproblem2=0 Iteration2=0
 NAME         THETA1       THETA2       THETA3       THETA4       THETA5       THETA6       THETA7       THETA8       THETA9       THETA10      SIGMA(1,1)   SIGMA(2,1)   SIGMA(2,2)   OMEGA(1,1)   OMEGA(2,1)   OMEGA(2,2)   OMEGA(3,1)   OMEGA(3,2)   OMEGA(3,3)   OMEGA(4,1)   OMEGA(4,2)   OMEGA(4,3)   OMEGA(4,4)
 THETA1        1.02090E-01 -1.70516E-01  5.66352E+00  6.32133E+02  5.29359E+01 -1.20583E+03 -3.36571E+02  4.56936E+02  5.20182E+02  3.83990E+03  5.03236E-01  0.00000E+00  3.45300E+04  4.46516E+00  0.00000E+00 -5.86714E+00  0.00000E+00  0.00000E+00  1.34832E+00  0.00000E+00  0.00000E+00  0.00000E+00  1.67254E+00
 THETA2       -1.70516E-01  2.86493E-01 -9.45952E+00 -1.05408E+03 -8.82399E+01  2.01326E+03  5.61591E+02 -7.62545E+02 -8.68067E+02 -6.40846E+03 -8.39950E-01  0.00000E+00 -5.76317E+04 -7.39974E+00  0.00000E+00  1.00443E+01  0.00000E+00  0.00000E+00 -1.67962E+00  0.00000E+00  0.00000E+00  0.00000E+00 -2.61747E+00
 THETA3        5.66352E+00 -9.45952E+00  3.14534E+02  3.50462E+04  2.93677E+03 -6.69329E+04 -1.86678E+04  2.53451E+04  2.88616E+04  2.12999E+05  2.79164E+01  0.00000E+00  1.91550E+06  2.44916E+02  0.00000E+00 -3.28945E+02  0.00000E+00  0.00000E+00  7.20651E+01  0.00000E+00  0.00000E+00  0.00000E+00  8.79502E+01
 THETA4        6.32133E+02 -1.05408E+03  3.50462E+04  3.91826E+06  3.27955E+05 -7.46511E+06 -2.08504E+06  2.83043E+06  3.22184E+06  2.37848E+07  3.11706E+03  0.00000E+00  2.13885E+08  2.80033E+04  0.00000E+00 -3.60497E+04  0.00000E+00  0.00000E+00  9.43963E+03  0.00000E+00  0.00000E+00  0.00000E+00  1.09449E+04
 THETA5        5.29359E+01 -8.82399E+01  2.93677E+03  3.27955E+05  2.74708E+04 -6.25357E+05 -1.74585E+05  2.37010E+05  2.69809E+05  1.99171E+06  2.61008E+02  0.00000E+00  1.79095E+07  2.32634E+03  0.00000E+00 -3.03199E+03  0.00000E+00  0.00000E+00  7.77397E+02  0.00000E+00  0.00000E+00  0.00000E+00  8.80063E+02
 THETA6       -1.20583E+03  2.01326E+03 -6.69329E+04 -7.46511E+06 -6.25357E+05  1.42476E+07  3.97545E+06 -5.39725E+06 -6.14512E+06 -4.53578E+07 -5.94446E+03  0.00000E+00 -4.07886E+08 -5.24792E+04  0.00000E+00  6.96091E+04  0.00000E+00  0.00000E+00 -1.61509E+04  0.00000E+00  0.00000E+00  0.00000E+00 -1.92377E+04
 THETA7       -3.36571E+02  5.61591E+02 -1.86678E+04 -2.08504E+06 -1.74585E+05  3.97545E+06  1.10997E+06 -1.50686E+06 -1.71527E+06 -1.26632E+07 -1.65948E+03  0.00000E+00 -1.13868E+08 -1.47947E+04  0.00000E+00  1.92538E+04  0.00000E+00  0.00000E+00 -4.84545E+03  0.00000E+00  0.00000E+00  0.00000E+00 -5.58459E+03
 THETA8        4.56936E+02 -7.62545E+02  2.53451E+04  2.83043E+06  2.37010E+05 -5.39725E+06 -1.50686E+06  2.04570E+06  2.32864E+06  1.71914E+07  2.25291E+03  0.00000E+00  1.54587E+08  2.00684E+04  0.00000E+00 -2.61639E+04  0.00000E+00  0.00000E+00  6.50576E+03  0.00000E+00  0.00000E+00  0.00000E+00  7.53639E+03
 THETA9        5.20182E+02 -8.68067E+02  2.88616E+04  3.22184E+06  2.69809E+05 -6.14512E+06 -1.71527E+06  2.32864E+06  2.65109E+06  1.95690E+07  2.56463E+03  0.00000E+00  1.75976E+08  2.27743E+04  0.00000E+00 -2.98940E+04  0.00000E+00  0.00000E+00  7.25355E+03  0.00000E+00  0.00000E+00  0.00000E+00  8.56630E+03
 THETA10       3.83990E+03 -6.40846E+03  2.12999E+05  2.37848E+07  1.99171E+06 -4.53578E+07 -1.26632E+07  1.71914E+07  1.95690E+07  1.44476E+08  1.89330E+04  0.00000E+00  1.29912E+09  1.68273E+05  0.00000E+00 -2.19671E+05  0.00000E+00  0.00000E+00  5.48229E+04  0.00000E+00  0.00000E+00  0.00000E+00  6.30142E+04
 SIGMA(1,1)    5.03236E-01 -8.39950E-01  2.79164E+01  3.11706E+03  2.61008E+02 -5.94446E+03 -1.65948E+03  2.25291E+03  2.56463E+03  1.89330E+04  2.48133E+00  0.00000E+00  1.70259E+05  2.20562E+01  0.00000E+00 -2.88644E+01  0.00000E+00  0.00000E+00  7.07171E+00  0.00000E+00  0.00000E+00  0.00000E+00  8.28431E+00
 SIGMA(2,1)    0.00000E+00  0.00000E+00  0.00000E+00  0.00000E+00  0.00000E+00  0.00000E+00  0.00000E+00  0.00000E+00  0.00000E+00  0.00000E+00  0.00000E+00  0.00000E+00  0.00000E+00  0.00000E+00  0.00000E+00  0.00000E+00  0.00000E+00  0.00000E+00  0.00000E+00  0.00000E+00  0.00000E+00  0.00000E+00  0.00000E+00
 SIGMA(2,2)    3.45300E+04 -5.76317E+04  1.91550E+06  2.13885E+08  1.79095E+07 -4.07886E+08 -1.13868E+08  1.54587E+08  1.75976E+08  1.29912E+09  1.70259E+05  0.00000E+00  1.16826E+10  1.51300E+06  0.00000E+00 -1.98038E+06  0.00000E+00  0.00000E+00  4.86932E+05  0.00000E+00  0.00000E+00  0.00000E+00  5.69352E+05
 OMEGA(1,1)    4.46516E+00 -7.39974E+00  2.44916E+02  2.80033E+04  2.32634E+03 -5.24792E+04 -1.47947E+04  2.00684E+04  2.27743E+04  1.68273E+05  2.20562E+01  0.00000E+00  1.51300E+06  5.12878E+02  0.00000E+00 -8.91516E+01  0.00000E+00  0.00000E+00  2.46716E+02  0.00000E+00  0.00000E+00  0.00000E+00  1.71677E+02
 OMEGA(2,1)    0.00000E+00  0.00000E+00  0.00000E+00  0.00000E+00  0.00000E+00  0.00000E+00  0.00000E+00  0.00000E+00  0.00000E+00  0.00000E+00  0.00000E+00  0.00000E+00  0.00000E+00  0.00000E+00  0.00000E+00  0.00000E+00  0.00000E+00  0.00000E+00  0.00000E+00  0.00000E+00  0.00000E+00  0.00000E+00  0.00000E+00
 OMEGA(2,2)   -5.86714E+00  1.00443E+01 -3.28945E+02 -3.60497E+04 -3.03199E+03  6.96091E+04  1.92538E+04 -2.61639E+04 -2.98940E+04 -2.19671E+05 -2.88644E+01  0.00000E+00 -1.98038E+06 -8.91516E+01  0.00000E+00  1.21404E+03  0.00000E+00  0.00000E+00  1.37490E+02  0.00000E+00  0.00000E+00  0.00000E+00  1.40657E+01
 OMEGA(3,1)    0.00000E+00  0.00000E+00  0.00000E+00  0.00000E+00  0.00000E+00  0.00000E+00  0.00000E+00  0.00000E+00  0.00000E+00  0.00000E+00  0.00000E+00  0.00000E+00  0.00000E+00  0.00000E+00  0.00000E+00  0.00000E+00  0.00000E+00  0.00000E+00  0.00000E+00  0.00000E+00  0.00000E+00  0.00000E+00  0.00000E+00
 OMEGA(3,2)    0.00000E+00  0.00000E+00  0.00000E+00  0.00000E+00  0.00000E+00  0.00000E+00  0.00000E+00  0.00000E+00  0.00000E+00  0.00000E+00  0.00000E+00  0.00000E+00  0.00000E+00  0.00000E+00  0.00000E+00  0.00000E+00  0.00000E+00  0.00000E+00  0.00000E+00  0.00000E+00  0.00000E+00  0.00000E+00  0.00000E+00
 OMEGA(3,3)    1.34832E+00 -1.67962E+00  7.20651E+01  9.43963E+03  7.77397E+02 -1.61509E+04 -4.84545E+03  6.50576E+03  7.25355E+03  5.48229E+04  7.07171E+00  0.00000E+00  4.86932E+05  2.46716E+02  0.00000E+00  1.37490E+02  0.00000E+00  0.00000E+00  1.57012E+03  0.00000E+00  0.00000E+00  0.00000E+00  1.46369E+02
 OMEGA(4,1)    0.00000E+00  0.00000E+00  0.00000E+00  0.00000E+00  0.00000E+00  0.00000E+00  0.00000E+00  0.00000E+00  0.00000E+00  0.00000E+00  0.00000E+00  0.00000E+00  0.00000E+00  0.00000E+00  0.00000E+00  0.00000E+00  0.00000E+00  0.00000E+00  0.00000E+00  0.00000E+00  0.00000E+00  0.00000E+00  0.00000E+00
 OMEGA(4,2)    0.00000E+00  0.00000E+00  0.00000E+00  0.00000E+00  0.00000E+00  0.00000E+00  0.00000E+00  0.00000E+00  0.00000E+00  0.00000E+00  0.00000E+00  0.00000E+00  0.00000E+00  0.00000E+00  0.00000E+00  0.00000E+00  0.00000E+00  0.00000E+00  0.00000E+00  0.00000E+00  0.00000E+00  0.00000E+00  0.00000E+00
 OMEGA(4,3)    0.00000E+00  0.00000E+00  0.00000E+00  0.00000E+00  0.00000E+00  0.00000E+00  0.00000E+00  0.00000E+00  0.00000E+00  0.00000E+00  0.00000E+00  0.00000E+00  0.00000E+00  0.00000E+00  0.00000E+00  0.00000E+00  0.00000E+00  0.00000E+00  0.00000E+00  0.00000E+00  0.00000E+00  0.00000E+00  0.00000E+00
 OMEGA(4,4)    1.67254E+00 -2.61747E+00  8.79502E+01  1.09449E+04  8.80063E+02 -1.92377E+04 -5.58459E+03  7.53639E+03  8.56630E+03  6.30142E+04  8.28431E+00  0.00000E+00  5.69352E+05  1.71677E+02  0.00000E+00  1.40657E+01  0.00000E+00  0.00000E+00  1.46369E+02  0.00000E+00  0.00000E+00  0.00000E+00  3.51718E+02
