TABLE NO.     1: First Order Conditional Estimation with Interaction: Problem=1 Subproblem=0 Superproblem1=0 Iteration1=0 Superproblem2=0 Iteration2=0
 NAME         THETA1       THETA2       THETA3       THETA4       THETA5       THETA6       THETA7       THETA8       THETA9       THETA10      SIGMA(1,1)   SIGMA(2,1)   SIGMA(2,2)   OMEGA(1,1)   OMEGA(2,1)   OMEGA(2,2)   OMEGA(3,1)   OMEGA(3,2)   OMEGA(3,3)   OMEGA(4,1)   OMEGA(4,2)   OMEGA(4,3)   OMEGA(4,4)
 THETA1        1.22141E+05  9.99947E-01 -9.99970E-01  9.99689E-01  9.99852E-01 -9.99980E-01  9.99971E-01  9.99982E-01 -9.99980E-01 -9.99981E-01  9.77803E-01  0.00000E+00 -9.96179E-01 -9.99214E-01  0.00000E+00 -9.99881E-01  0.00000E+00  0.00000E+00  9.99937E-01  0.00000E+00  0.00000E+00  0.00000E+00 -9.99947E-01
 THETA2        9.99947E-01  5.87684E+03 -9.99857E-01  9.99752E-01  9.99640E-01 -9.99882E-01  9.99864E-01  9.99927E-01 -9.99881E-01 -9.99883E-01  9.77534E-01  0.00000E+00 -9.96008E-01 -9.99047E-01  0.00000E+00 -9.99868E-01  0.00000E+00  0.00000E+00  9.99911E-01  0.00000E+00  0.00000E+00  0.00000E+00 -9.99885E-01
 THETA3       -9.99970E-01 -9.99857E-01  2.93156E+03 -9.99551E-01 -9.99920E-01  9.99997E-01 -9.99999E-01 -9.99956E-01  9.99998E-01  9.99997E-01 -9.78383E-01  0.00000E+00  9.96429E-01  9.99292E-01  0.00000E+00  9.99826E-01  0.00000E+00  0.00000E+00 -9.99876E-01  0.00000E+00  0.00000E+00  0.00000E+00  9.99919E-01
 THETA4        9.99689E-01  9.99752E-01 -9.99551E-01  4.43331E+00  9.99386E-01 -9.99615E-01  9.99587E-01  9.99784E-01 -9.99614E-01 -9.99619E-01  9.76175E-01  0.00000E+00 -9.95293E-01 -9.98870E-01  0.00000E+00 -9.99591E-01  0.00000E+00  0.00000E+00  9.99756E-01  0.00000E+00  0.00000E+00  0.00000E+00 -9.99755E-01
 THETA5        9.99852E-01  9.99640E-01 -9.99920E-01  9.99386E-01  5.98630E+01 -9.99911E-01  9.99915E-01  9.99852E-01 -9.99912E-01 -9.99912E-01  9.78047E-01  0.00000E+00 -9.96240E-01 -9.99235E-01  0.00000E+00 -9.99671E-01  0.00000E+00  0.00000E+00  9.99725E-01  0.00000E+00  0.00000E+00  0.00000E+00 -9.99817E-01
 THETA6       -9.99980E-01 -9.99882E-01  9.99997E-01 -9.99615E-01 -9.99911E-01  7.42078E+01 -9.99999E-01 -9.99974E-01  1.00000E+00  1.00000E+00 -9.78250E-01  0.00000E+00  9.96376E-01  9.99289E-01  0.00000E+00  9.99841E-01  0.00000E+00  0.00000E+00 -9.99898E-01  0.00000E+00  0.00000E+00  0.00000E+00  9.99937E-01
 THETA7        9.99971E-01  9.99864E-01 -9.99999E-01  9.99587E-01  9.99915E-01 -9.99999E-01  9.48765E+01  9.99965E-01 -9.99999E-01 -9.99999E-01  9.78294E-01  0.00000E+00 -9.96393E-01 -9.99296E-01  0.00000E+00 -9.99828E-01  0.00000E+00  0.00000E+00  9.99885E-01  0.00000E+00  0.00000E+00  0.00000E+00 -9.99929E-01
 THETA8        9.99982E-01  9.99927E-01 -9.99956E-01  9.99784E-01  9.99852E-01 -9.99974E-01  9.99965E-01  1.33265E+01 -9.99974E-01 -9.99976E-01  9.77701E-01  0.00000E+00 -9.96135E-01 -9.99237E-01  0.00000E+00 -9.99858E-01  0.00000E+00  0.00000E+00  9.99934E-01  0.00000E+00  0.00000E+00  0.00000E+00 -9.99958E-01
 THETA9       -9.99980E-01 -9.99881E-01  9.99998E-01 -9.99614E-01 -9.99912E-01  1.00000E+00 -9.99999E-01 -9.99974E-01  1.64672E-03  1.00000E+00 -9.78248E-01  0.00000E+00  9.96375E-01  9.99289E-01  0.00000E+00  9.99841E-01  0.00000E+00  0.00000E+00 -9.99898E-01  0.00000E+00  0.00000E+00  0.00000E+00  9.99937E-01
 THETA10      -9.99981E-01 -9.99883E-01  9.99997E-01 -9.99619E-01 -9.99912E-01  1.00000E+00 -9.99999E-01 -9.99976E-01  1.00000E+00  1.46814E-02 -9.78202E-01  0.00000E+00  9.96356E-01  9.99286E-01  0.00000E+00  9.99842E-01  0.00000E+00  0.00000E+00 -9.99900E-01  0.00000E+00  0.00000E+00  0.00000E+00  9.99938E-01
 SIGMA(1,1)    9.77803E-01  9.77534E-01 -9.78383E-01  9.76175E-01  9.78047E-01 -9.78250E-01  9.78294E-01  9.77701E-01 -9.78248E-01 -9.78202E-01  1.60955E+03  0.00000E+00 -9.92346E-01 -9.78889E-01  0.00000E+00 -9.77234E-01  0.00000E+00  0.00000E+00  9.77610E-01  0.00000E+00  0.00000E+00  0.00000E+00 -9.77578E-01
 SIGMA(2,1)    0.00000E+00  0.00000E+00  0.00000E+00  0.00000E+00  0.00000E+00  0.00000E+00  0.00000E+00  0.00000E+00  0.00000E+00  0.00000E+00  0.00000E+00  0.00000E+00  0.00000E+00  0.00000E+00  0.00000E+00  0.00000E+00  0.00000E+00  0.00000E+00  0.00000E+00  0.00000E+00  0.00000E+00  0.00000E+00  0.00000E+00
 SIGMA(2,2)   -9.96179E-01 -9.96008E-01  9.96429E-01 -9.95293E-01 -9.96240E-01  9.96376E-01 -9.96393E-01 -9.96135E-01  9.96375E-01  9.96356E-01 -9.92346E-01  0.00000E+00  4.82177E-02  9.96211E-01  0.00000E+00  9.95864E-01  0.00000E+00  0.00000E+00 -9.96050E-01  0.00000E+00  0.00000E+00  0.00000E+00  9.96062E-01
 OMEGA(1,1)   -9.99214E-01 -9.99047E-01  9.99292E-01 -9.98870E-01 -9.99235E-01  9.99289E-01 -9.99296E-01 -9.99237E-01  9.99289E-01  9.99286E-01 -9.78889E-01  0.00000E+00  9.96211E-01  1.65037E+00  0.00000E+00  9.98728E-01  0.00000E+00  0.00000E+00 -9.99212E-01  0.00000E+00  0.00000E+00  0.00000E+00  9.99183E-01
 OMEGA(2,1)    0.00000E+00  0.00000E+00  0.00000E+00  0.00000E+00  0.00000E+00  0.00000E+00  0.00000E+00  0.00000E+00  0.00000E+00  0.00000E+00  0.00000E+00  0.00000E+00  0.00000E+00  0.00000E+00  0.00000E+00  0.00000E+00  0.00000E+00  0.00000E+00  0.00000E+00  0.00000E+00  0.00000E+00  0.00000E+00  0.00000E+00
 OMEGA(2,2)   -9.99881E-01 -9.99868E-01  9.99826E-01 -9.99591E-01 -9.99671E-01  9.99841E-01 -9.99828E-01 -9.99858E-01  9.99841E-01  9.99842E-01 -9.77234E-01  0.00000E+00  9.95864E-01  9.98728E-01  0.00000E+00  9.07404E-01  0.00000E+00  0.00000E+00 -9.99851E-01  0.00000E+00  0.00000E+00  0.00000E+00  9.99810E-01
 OMEGA(3,1)    0.00000E+00  0.00000E+00  0.00000E+00  0.00000E+00  0.00000E+00  0.00000E+00  0.00000E+00  0.00000E+00  0.00000E+00  0.00000E+00  0.00000E+00  0.00000E+00  0.00000E+00  0.00000E+00  0.00000E+00  0.00000E+00  0.00000E+00  0.00000E+00  0.00000E+00  0.00000E+00  0.00000E+00  0.00000E+00  0.00000E+00
 OMEGA(3,2)    0.00000E+00  0.00000E+00  0.00000E+00  0.00000E+00  0.00000E+00  0.00000E+00  0.00000E+00  0.00000E+00  0.00000E+00  0.00000E+00  0.00000E+00  0.00000E+00  0.00000E+00  0.00000E+00  0.00000E+00  0.00000E+00  0.00000E+00  0.00000E+00  0.00000E+00  0.00000E+00  0.00000E+00  0.00000E+00  0.00000E+00
 OMEGA(3,3)    9.99937E-01  9.99911E-01 -9.99876E-01  9.99756E-01  9.99725E-01 -9.99898E-01  9.99885E-01  9.99934E-01 -9.99898E-01 -9.99900E-01  9.77610E-01  0.00000E+00 -9.96050E-01 -9.99212E-01  0.00000E+00 -9.99851E-01  0.00000E+00  0.00000E+00  3.50597E+00  0.00000E+00  0.00000E+00  0.00000E+00 -9.99926E-01
 OMEGA(4,1)    0.00000E+00  0.00000E+00  0.00000E+00  0.00000E+00  0.00000E+00  0.00000E+00  0.00000E+00  0.00000E+00  0.00000E+00  0.00000E+00  0.00000E+00  0.00000E+00  0.00000E+00  0.00000E+00  0.00000E+00  0.00000E+00  0.00000E+00  0.00000E+00  0.00000E+00  0.00000E+00  0.00000E+00  0.00000E+00  0.00000E+00
 OMEGA(4,2)    0.00000E+00  0.00000E+00  0.00000E+00  0.00000E+00  0.00000E+00  0.00000E+00  0.00000E+00  0.00000E+00  0.00000E+00  0.00000E+00  0.00000E+00  0.00000E+00  0.00000E+00  0.00000E+00  0.00000E+00  0.00000E+00  0.00000E+00  0.00000E+00  0.00000E+00  0.00000E+00  0.00000E+00  0.00000E+00  0.00000E+00
 OMEGA(4,3)    0.00000E+00  0.00000E+00  0.00000E+00  0.00000E+00  0.00000E+00  0.00000E+00  0.00000E+00  0.00000E+00  0.00000E+00  0.00000E+00  0.00000E+00  0.00000E+00  0.00000E+00  0.00000E+00  0.00000E+00  0.00000E+00  0.00000E+00  0.00000E+00  0.00000E+00  0.00000E+00  0.00000E+00  0.00000E+00  0.00000E+00
 OMEGA(4,4)   -9.99947E-01 -9.99885E-01  9.99919E-01 -9.99755E-01 -9.99817E-01  9.99937E-01 -9.99929E-01 -9.99958E-01  9.99937E-01  9.99938E-01 -9.77578E-01  0.00000E+00  9.96062E-01  9.99183E-01  0.00000E+00  9.99810E-01  0.00000E+00  0.00000E+00 -9.99926E-01  0.00000E+00  0.00000E+00  0.00000E+00  6.03094E+00
