TABLE NO.     1: First Order Conditional Estimation with Interaction: Problem=1 Subproblem=0 Superproblem1=0 Iteration1=0 Superproblem2=0 Iteration2=0
 NAME         THETA1       THETA2       THETA3       THETA4       THETA5       THETA6       THETA7       THETA8       THETA9       THETA10      SIGMA(1,1)   SIGMA(2,1)   SIGMA(2,2)   OMEGA(1,1)   OMEGA(2,1)   OMEGA(2,2)   OMEGA(3,1)   OMEGA(3,2)   OMEGA(3,3)   OMEGA(4,1)   OMEGA(4,2)   OMEGA(4,3)   OMEGA(4,4)
 THETA1        1.45301E+06  8.00117E+04  5.48779E+05 -1.43895E+02  5.30018E+02  4.60480E+03 -4.35111E+03 -4.78375E+02  4.11634E+02  1.49248E+02 -1.05219E+05  0.00000E+00  1.13576E+01  5.65505E+01  0.00000E+00 -5.58150E+01  0.00000E+00  0.00000E+00  1.48180E+01  0.00000E+00  0.00000E+00  0.00000E+00 -6.42766E+01
 THETA2        8.00117E+04  9.24521E+03  2.00674E+04  1.71470E+00 -3.26024E+01  1.63416E+02 -1.23806E+02  4.05259E+00 -8.61768E-01  6.25079E+00 -1.93516E+03  0.00000E+00  3.27788E-01  2.56955E+00  0.00000E+00 -3.36883E+00  0.00000E+00  0.00000E+00  8.63779E-01  0.00000E+00  0.00000E+00  0.00000E+00 -1.29472E+00
 THETA3        5.48779E+05  2.00674E+04  3.00802E+05 -7.15453E+01  3.69243E+02  2.51435E+03 -2.41201E+03 -2.31143E+02  2.15284E+02  7.84060E+01 -4.59023E+04  0.00000E+00  5.93801E+00  1.90936E+01  0.00000E+00 -2.31915E+01  0.00000E+00  0.00000E+00  3.77850E+00  0.00000E+00  0.00000E+00  0.00000E+00 -2.69166E+01
 THETA4       -1.43895E+02  1.71470E+00 -7.15453E+01  5.39585E-02 -1.86209E-01 -6.21367E-01  7.35904E-01  1.52490E-01 -1.16652E-01 -1.54909E-02  9.33418E+00  0.00000E+00 -1.73204E-03 -9.08087E-03  0.00000E+00  5.44239E-03  0.00000E+00  0.00000E+00 -5.58640E-04  0.00000E+00  0.00000E+00  0.00000E+00  1.00191E-02
 THETA5        5.30018E+02 -3.26024E+01  3.69243E+02 -1.86209E-01  1.14070E+00  3.16026E+00 -3.35629E+00 -5.70514E-01  4.77727E-01  8.93183E-02 -9.28147E+01  0.00000E+00  8.78456E-03  2.95182E-02  0.00000E+00 -1.86187E-02  0.00000E+00  0.00000E+00  1.29017E-03  0.00000E+00  0.00000E+00  0.00000E+00 -5.28628E-02
 THETA6        4.60480E+03  1.63416E+02  2.51435E+03 -6.21367E-01  3.16026E+00  2.10349E+01 -2.02376E+01 -1.98769E+00  1.85148E+00  6.54404E-01 -3.83108E+02  0.00000E+00  4.98084E-02  1.63156E-01  0.00000E+00 -1.93920E-01  0.00000E+00  0.00000E+00  3.17715E-02  0.00000E+00  0.00000E+00  0.00000E+00 -2.29394E-01
 THETA7       -4.35111E+03 -1.23806E+02 -2.41201E+03  7.35904E-01 -3.35629E+00 -2.02376E+01  2.04421E+01  2.45380E+00 -1.91645E+00 -6.04851E-01  3.55908E+02  0.00000E+00 -4.94160E-02 -1.65241E-01  0.00000E+00  1.82394E-01  0.00000E+00  0.00000E+00 -2.30924E-02  0.00000E+00  0.00000E+00  0.00000E+00  2.26478E-01
 THETA8       -4.78375E+02  4.05259E+00 -2.31143E+02  1.52490E-01 -5.70514E-01 -1.98769E+00  2.45380E+00  5.74826E-01 -3.10051E-01 -5.20498E-02  3.57199E+01  0.00000E+00 -5.72913E-03 -3.04761E-02  0.00000E+00  1.81993E-02  0.00000E+00  0.00000E+00 -1.50510E-04  0.00000E+00  0.00000E+00  0.00000E+00  3.57263E-02
 THETA9        4.11634E+02 -8.61768E-01  2.15284E+02 -1.16652E-01  4.77727E-01  1.85148E+00 -1.91645E+00 -3.10051E-01  3.15831E-01  5.40487E-02 -2.59881E+01  0.00000E+00  4.55680E-03  2.30962E-02  0.00000E+00 -1.58422E-02  0.00000E+00  0.00000E+00  3.17410E-03  0.00000E+00  0.00000E+00  0.00000E+00 -3.13881E-02
 THETA10       1.49248E+02  6.25079E+00  7.84060E+01 -1.54909E-02  8.93183E-02  6.54404E-01 -6.04851E-01 -5.20498E-02  5.40487E-02  2.14251E-02 -1.21641E+01  0.00000E+00  1.50115E-03  5.39565E-03  0.00000E+00 -6.40066E-03  0.00000E+00  0.00000E+00  1.14424E-03  0.00000E+00  0.00000E+00  0.00000E+00 -7.10973E-03
 SIGMA(1,1)   -1.05219E+05 -1.93516E+03 -4.59023E+04  9.33418E+00 -9.28147E+01 -3.83108E+02  3.55908E+02  3.57199E+01 -2.59881E+01 -1.21641E+01  9.77194E+04  0.00000E+00 -2.25940E+00 -6.72498E+00  0.00000E+00  3.39087E+00  0.00000E+00  0.00000E+00 -1.93677E-01  0.00000E+00  0.00000E+00  0.00000E+00  8.44366E+00
 SIGMA(2,1)    0.00000E+00  0.00000E+00  0.00000E+00  0.00000E+00  0.00000E+00  0.00000E+00  0.00000E+00  0.00000E+00  0.00000E+00  0.00000E+00  0.00000E+00  0.00000E+00  0.00000E+00  0.00000E+00  0.00000E+00  0.00000E+00  0.00000E+00  0.00000E+00  0.00000E+00  0.00000E+00  0.00000E+00  0.00000E+00  0.00000E+00
 SIGMA(2,2)    1.13576E+01  3.27788E-01  5.93801E+00 -1.73204E-03  8.78456E-03  4.98084E-02 -4.94160E-02 -5.72913E-03  4.55680E-03  1.50115E-03 -2.25940E+00  0.00000E+00  1.43101E-04  4.73860E-04  0.00000E+00 -4.51882E-04  0.00000E+00  0.00000E+00  6.30209E-05  0.00000E+00  0.00000E+00  0.00000E+00 -6.39147E-04
 OMEGA(1,1)    5.65505E+01  2.56955E+00  1.90936E+01 -9.08087E-03  2.95182E-02  1.63156E-01 -1.65241E-01 -3.04761E-02  2.30962E-02  5.39565E-03 -6.72498E+00  0.00000E+00  4.73860E-04  7.38871E-03  0.00000E+00 -2.80453E-03  0.00000E+00  0.00000E+00  9.92545E-05  0.00000E+00  0.00000E+00  0.00000E+00 -3.68148E-03
 OMEGA(2,1)    0.00000E+00  0.00000E+00  0.00000E+00  0.00000E+00  0.00000E+00  0.00000E+00  0.00000E+00  0.00000E+00  0.00000E+00  0.00000E+00  0.00000E+00  0.00000E+00  0.00000E+00  0.00000E+00  0.00000E+00  0.00000E+00  0.00000E+00  0.00000E+00  0.00000E+00  0.00000E+00  0.00000E+00  0.00000E+00  0.00000E+00
 OMEGA(2,2)   -5.58150E+01 -3.36883E+00 -2.31915E+01  5.44239E-03 -1.86187E-02 -1.93920E-01  1.82394E-01  1.81993E-02 -1.58422E-02 -6.40066E-03  3.39087E+00  0.00000E+00 -4.51882E-04 -2.80453E-03  0.00000E+00  3.68884E-03  0.00000E+00  0.00000E+00 -5.19064E-04  0.00000E+00  0.00000E+00  0.00000E+00  1.88808E-03
 OMEGA(3,1)    0.00000E+00  0.00000E+00  0.00000E+00  0.00000E+00  0.00000E+00  0.00000E+00  0.00000E+00  0.00000E+00  0.00000E+00  0.00000E+00  0.00000E+00  0.00000E+00  0.00000E+00  0.00000E+00  0.00000E+00  0.00000E+00  0.00000E+00  0.00000E+00  0.00000E+00  0.00000E+00  0.00000E+00  0.00000E+00  0.00000E+00
 OMEGA(3,2)    0.00000E+00  0.00000E+00  0.00000E+00  0.00000E+00  0.00000E+00  0.00000E+00  0.00000E+00  0.00000E+00  0.00000E+00  0.00000E+00  0.00000E+00  0.00000E+00  0.00000E+00  0.00000E+00  0.00000E+00  0.00000E+00  0.00000E+00  0.00000E+00  0.00000E+00  0.00000E+00  0.00000E+00  0.00000E+00  0.00000E+00
 OMEGA(3,3)    1.48180E+01  8.63779E-01  3.77850E+00 -5.58640E-04  1.29017E-03  3.17715E-02 -2.30924E-02 -1.50510E-04  3.17410E-03  1.14424E-03 -1.93677E-01  0.00000E+00  6.30209E-05  9.92545E-05  0.00000E+00 -5.19064E-04  0.00000E+00  0.00000E+00  1.10579E-03  0.00000E+00  0.00000E+00  0.00000E+00 -6.32896E-04
 OMEGA(4,1)    0.00000E+00  0.00000E+00  0.00000E+00  0.00000E+00  0.00000E+00  0.00000E+00  0.00000E+00  0.00000E+00  0.00000E+00  0.00000E+00  0.00000E+00  0.00000E+00  0.00000E+00  0.00000E+00  0.00000E+00  0.00000E+00  0.00000E+00  0.00000E+00  0.00000E+00  0.00000E+00  0.00000E+00  0.00000E+00  0.00000E+00
 OMEGA(4,2)    0.00000E+00  0.00000E+00  0.00000E+00  0.00000E+00  0.00000E+00  0.00000E+00  0.00000E+00  0.00000E+00  0.00000E+00  0.00000E+00  0.00000E+00  0.00000E+00  0.00000E+00  0.00000E+00  0.00000E+00  0.00000E+00  0.00000E+00  0.00000E+00  0.00000E+00  0.00000E+00  0.00000E+00  0.00000E+00  0.00000E+00
 OMEGA(4,3)    0.00000E+00  0.00000E+00  0.00000E+00  0.00000E+00  0.00000E+00  0.00000E+00  0.00000E+00  0.00000E+00  0.00000E+00  0.00000E+00  0.00000E+00  0.00000E+00  0.00000E+00  0.00000E+00  0.00000E+00  0.00000E+00  0.00000E+00  0.00000E+00  0.00000E+00  0.00000E+00  0.00000E+00  0.00000E+00  0.00000E+00
 OMEGA(4,4)   -6.42766E+01 -1.29472E+00 -2.69166E+01  1.00191E-02 -5.28628E-02 -2.29394E-01  2.26478E-01  3.57263E-02 -3.13881E-02 -7.10973E-03  8.44366E+00  0.00000E+00 -6.39147E-04 -3.68148E-03  0.00000E+00  1.88808E-03  0.00000E+00  0.00000E+00 -6.32896E-04  0.00000E+00  0.00000E+00  0.00000E+00  9.57696E-03
