TABLE NO.     1: First Order Conditional Estimation with Interaction: Problem=1 Subproblem=0 Superproblem1=0 Iteration1=0 Superproblem2=0 Iteration2=0
 NAME         THETA1       THETA2       THETA3       THETA4       THETA5       THETA6       THETA7       THETA8       THETA9       THETA10      SIGMA(1,1)   SIGMA(2,1)   SIGMA(2,2)   OMEGA(1,1)   OMEGA(2,1)   OMEGA(2,2)   OMEGA(3,1)   OMEGA(3,2)   OMEGA(3,3)   OMEGA(4,1)   OMEGA(4,2)   OMEGA(4,3)   OMEGA(4,4)
 THETA1        1.20541E+03  6.90337E-01  8.30086E-01 -5.13904E-01  4.11690E-01  8.32927E-01 -7.98367E-01 -5.23440E-01  6.07645E-01  8.45890E-01 -2.79234E-01  0.00000E+00  7.87644E-01  5.45781E-01  0.00000E+00 -7.62380E-01  0.00000E+00  0.00000E+00  3.69673E-01  0.00000E+00  0.00000E+00  0.00000E+00 -5.44885E-01
 THETA2        6.90337E-01  9.61520E+01  3.80533E-01  7.67717E-02 -3.17472E-01  3.70567E-01 -2.84787E-01  5.55911E-02 -1.59479E-02  4.44134E-01 -6.43824E-02  0.00000E+00  2.84979E-01  3.10895E-01  0.00000E+00 -5.76867E-01  0.00000E+00  0.00000E+00  2.70152E-01  0.00000E+00  0.00000E+00  0.00000E+00 -1.37595E-01
 THETA3        8.30086E-01  3.80533E-01  5.48454E+02 -5.61580E-01  6.30356E-01  9.99577E-01 -9.72691E-01 -5.55869E-01  6.98462E-01  9.76668E-01 -2.67734E-01  0.00000E+00  9.05065E-01  4.05007E-01  0.00000E+00 -6.96216E-01  0.00000E+00  0.00000E+00  2.07178E-01  0.00000E+00  0.00000E+00  0.00000E+00 -5.01494E-01
 THETA4       -5.13904E-01  7.67717E-02 -5.61580E-01  2.32290E-01 -7.50559E-01 -5.83241E-01  7.00694E-01  8.65853E-01 -8.93581E-01 -4.55601E-01  1.28545E-01  0.00000E+00 -6.23313E-01 -4.54793E-01  0.00000E+00  3.85758E-01  0.00000E+00  0.00000E+00 -7.23211E-02  0.00000E+00  0.00000E+00  0.00000E+00  4.40741E-01
 THETA5        4.11690E-01 -3.17472E-01  6.30356E-01 -7.50559E-01  1.06804E+00  6.45160E-01 -6.95040E-01 -7.04550E-01  7.95913E-01  5.71337E-01 -2.77997E-01  0.00000E+00  6.87563E-01  3.21528E-01  0.00000E+00 -2.87024E-01  0.00000E+00  0.00000E+00  3.63265E-02  0.00000E+00  0.00000E+00  0.00000E+00 -5.05766E-01
 THETA6        8.32927E-01  3.70567E-01  9.99577E-01 -5.83241E-01  6.45160E-01  4.58638E+00 -9.75946E-01 -5.71623E-01  7.18327E-01  9.74797E-01 -2.67215E-01  0.00000E+00  9.07844E-01  4.13855E-01  0.00000E+00 -6.96156E-01  0.00000E+00  0.00000E+00  2.08320E-01  0.00000E+00  0.00000E+00  0.00000E+00 -5.11091E-01
 THETA7       -7.98367E-01 -2.84787E-01 -9.72691E-01  7.00694E-01 -6.95040E-01 -9.75946E-01  4.52130E+00  7.15826E-01 -7.54236E-01 -9.13952E-01  2.51817E-01  0.00000E+00 -9.13657E-01 -4.25178E-01  0.00000E+00  6.64206E-01  0.00000E+00  0.00000E+00 -1.53592E-01  0.00000E+00  0.00000E+00  0.00000E+00  5.11856E-01
 THETA8       -5.23440E-01  5.55911E-02 -5.55869E-01  8.65853E-01 -7.04550E-01 -5.71623E-01  7.15826E-01  7.58173E-01 -7.27675E-01 -4.69018E-01  1.50713E-01  0.00000E+00 -6.31683E-01 -4.67634E-01  0.00000E+00  3.95222E-01  0.00000E+00  0.00000E+00 -5.96982E-03  0.00000E+00  0.00000E+00  0.00000E+00  4.81511E-01
 THETA9        6.07645E-01 -1.59479E-02  6.98462E-01 -8.93581E-01  7.95913E-01  7.18327E-01 -7.54236E-01 -7.27675E-01  5.61989E-01  6.57046E-01 -1.47930E-01  0.00000E+00  6.77814E-01  4.78111E-01  0.00000E+00 -4.64134E-01  0.00000E+00  0.00000E+00  1.69846E-01  0.00000E+00  0.00000E+00  0.00000E+00 -5.70720E-01
 THETA10       8.45890E-01  4.44134E-01  9.76668E-01 -4.55601E-01  5.71337E-01  9.74797E-01 -9.13952E-01 -4.69018E-01  6.57046E-01  1.46373E-01 -2.65843E-01  0.00000E+00  8.57319E-01  4.28843E-01  0.00000E+00 -7.19976E-01  0.00000E+00  0.00000E+00  2.35081E-01  0.00000E+00  0.00000E+00  0.00000E+00 -4.96338E-01
 SIGMA(1,1)   -2.79234E-01 -6.43824E-02 -2.67734E-01  1.28545E-01 -2.77997E-01 -2.67215E-01  2.51817E-01  1.50713E-01 -1.47930E-01 -2.65843E-01  3.12601E+02  0.00000E+00 -6.04202E-01 -2.50274E-01  0.00000E+00  1.78598E-01  0.00000E+00  0.00000E+00 -1.86317E-02  0.00000E+00  0.00000E+00  0.00000E+00  2.76011E-01
 SIGMA(2,1)    0.00000E+00  0.00000E+00  0.00000E+00  0.00000E+00  0.00000E+00  0.00000E+00  0.00000E+00  0.00000E+00  0.00000E+00  0.00000E+00  0.00000E+00  0.00000E+00  0.00000E+00  0.00000E+00  0.00000E+00  0.00000E+00  0.00000E+00  0.00000E+00  0.00000E+00  0.00000E+00  0.00000E+00  0.00000E+00  0.00000E+00
 SIGMA(2,2)    7.87644E-01  2.84979E-01  9.05065E-01 -6.23313E-01  6.87563E-01  9.07844E-01 -9.13657E-01 -6.31683E-01  6.77814E-01  8.57319E-01 -6.04202E-01  0.00000E+00  1.19625E-02  4.60834E-01  0.00000E+00 -6.21955E-01  0.00000E+00  0.00000E+00  1.58426E-01  0.00000E+00  0.00000E+00  0.00000E+00 -5.45966E-01
 OMEGA(1,1)    5.45781E-01  3.10895E-01  4.05007E-01 -4.54793E-01  3.21528E-01  4.13855E-01 -4.25178E-01 -4.67634E-01  4.78111E-01  4.28843E-01 -2.50274E-01  0.00000E+00  4.60834E-01  8.59576E-02  0.00000E+00 -5.37193E-01  0.00000E+00  0.00000E+00  3.47240E-02  0.00000E+00  0.00000E+00  0.00000E+00 -4.37647E-01
 OMEGA(2,1)    0.00000E+00  0.00000E+00  0.00000E+00  0.00000E+00  0.00000E+00  0.00000E+00  0.00000E+00  0.00000E+00  0.00000E+00  0.00000E+00  0.00000E+00  0.00000E+00  0.00000E+00  0.00000E+00  0.00000E+00  0.00000E+00  0.00000E+00  0.00000E+00  0.00000E+00  0.00000E+00  0.00000E+00  0.00000E+00  0.00000E+00
 OMEGA(2,2)   -7.62380E-01 -5.76867E-01 -6.96216E-01  3.85758E-01 -2.87024E-01 -6.96156E-01  6.64206E-01  3.95222E-01 -4.64134E-01 -7.19976E-01  1.78598E-01  0.00000E+00 -6.21955E-01 -5.37193E-01  0.00000E+00  6.07359E-02  0.00000E+00  0.00000E+00 -2.57004E-01  0.00000E+00  0.00000E+00  0.00000E+00  3.17660E-01
 OMEGA(3,1)    0.00000E+00  0.00000E+00  0.00000E+00  0.00000E+00  0.00000E+00  0.00000E+00  0.00000E+00  0.00000E+00  0.00000E+00  0.00000E+00  0.00000E+00  0.00000E+00  0.00000E+00  0.00000E+00  0.00000E+00  0.00000E+00  0.00000E+00  0.00000E+00  0.00000E+00  0.00000E+00  0.00000E+00  0.00000E+00  0.00000E+00
 OMEGA(3,2)    0.00000E+00  0.00000E+00  0.00000E+00  0.00000E+00  0.00000E+00  0.00000E+00  0.00000E+00  0.00000E+00  0.00000E+00  0.00000E+00  0.00000E+00  0.00000E+00  0.00000E+00  0.00000E+00  0.00000E+00  0.00000E+00  0.00000E+00  0.00000E+00  0.00000E+00  0.00000E+00  0.00000E+00  0.00000E+00  0.00000E+00
 OMEGA(3,3)    3.69673E-01  2.70152E-01  2.07178E-01 -7.23211E-02  3.63265E-02  2.08320E-01 -1.53592E-01 -5.96982E-03  1.69846E-01  2.35081E-01 -1.86317E-02  0.00000E+00  1.58426E-01  3.47240E-02  0.00000E+00 -2.57004E-01  0.00000E+00  0.00000E+00  3.32535E-02  0.00000E+00  0.00000E+00  0.00000E+00 -1.94483E-01
 OMEGA(4,1)    0.00000E+00  0.00000E+00  0.00000E+00  0.00000E+00  0.00000E+00  0.00000E+00  0.00000E+00  0.00000E+00  0.00000E+00  0.00000E+00  0.00000E+00  0.00000E+00  0.00000E+00  0.00000E+00  0.00000E+00  0.00000E+00  0.00000E+00  0.00000E+00  0.00000E+00  0.00000E+00  0.00000E+00  0.00000E+00  0.00000E+00
 OMEGA(4,2)    0.00000E+00  0.00000E+00  0.00000E+00  0.00000E+00  0.00000E+00  0.00000E+00  0.00000E+00  0.00000E+00  0.00000E+00  0.00000E+00  0.00000E+00  0.00000E+00  0.00000E+00  0.00000E+00  0.00000E+00  0.00000E+00  0.00000E+00  0.00000E+00  0.00000E+00  0.00000E+00  0.00000E+00  0.00000E+00  0.00000E+00
 OMEGA(4,3)    0.00000E+00  0.00000E+00  0.00000E+00  0.00000E+00  0.00000E+00  0.00000E+00  0.00000E+00  0.00000E+00  0.00000E+00  0.00000E+00  0.00000E+00  0.00000E+00  0.00000E+00  0.00000E+00  0.00000E+00  0.00000E+00  0.00000E+00  0.00000E+00  0.00000E+00  0.00000E+00  0.00000E+00  0.00000E+00  0.00000E+00
 OMEGA(4,4)   -5.44885E-01 -1.37595E-01 -5.01494E-01  4.40741E-01 -5.05766E-01 -5.11091E-01  5.11856E-01  4.81511E-01 -5.70720E-01 -4.96338E-01  2.76011E-01  0.00000E+00 -5.45966E-01 -4.37647E-01  0.00000E+00  3.17660E-01  0.00000E+00  0.00000E+00 -1.94483E-01  0.00000E+00  0.00000E+00  0.00000E+00  9.78620E-02
