TABLE NO.     1: First Order Conditional Estimation with Interaction: Problem=1 Subproblem=0 Superproblem1=0 Iteration1=0 Superproblem2=0 Iteration2=0
 NAME         THETA1       THETA2       THETA3       THETA4       THETA5       THETA6       THETA7       THETA8       THETA9       THETA10      SIGMA(1,1)   SIGMA(2,1)   SIGMA(2,2)   OMEGA(1,1)   OMEGA(2,1)   OMEGA(2,2)   OMEGA(3,1)   OMEGA(3,2)   OMEGA(3,3)   OMEGA(4,1)   OMEGA(4,2)   OMEGA(4,3)   OMEGA(4,4)
 THETA1        1.49185E+10  7.17767E+08 -3.58053E+08  5.41322E+05  7.31066E+06 -9.06366E+06  1.15880E+07  1.62769E+06 -2.01129E+02 -1.79317E+03  1.92229E+08  0.00000E+00 -5.86687E+03 -2.01419E+05  0.00000E+00 -1.10818E+05  0.00000E+00  0.00000E+00  4.28196E+05  0.00000E+00  0.00000E+00  0.00000E+00 -7.36587E+05
 THETA2        7.17767E+08  3.45373E+07 -1.72259E+07  2.60474E+04  3.51679E+05 -4.36056E+05  5.57498E+05  7.83122E+04 -9.67640E+00 -8.62700E+01  9.24657E+06  0.00000E+00 -2.82237E+02 -9.68970E+03  0.00000E+00 -5.33197E+03  0.00000E+00  0.00000E+00  2.06022E+04  0.00000E+00  0.00000E+00  0.00000E+00 -3.54388E+04
 THETA3       -3.58053E+08 -1.72259E+07  8.59404E+06 -1.29907E+04 -1.75478E+05  2.17544E+05 -2.78136E+05 -3.90658E+04  4.82746E+00  4.30392E+01 -4.61649E+06  0.00000E+00  1.40848E+02  4.83472E+03  0.00000E+00  2.65965E+03  0.00000E+00  0.00000E+00 -1.02767E+04  0.00000E+00  0.00000E+00  0.00000E+00  1.76786E+04
 THETA4        5.41322E+05  2.60474E+04 -1.29907E+04  1.96542E+01  2.65228E+02 -3.28860E+02  4.20443E+02  5.90679E+01 -7.29763E-03 -6.50622E-02  6.96563E+03  0.00000E+00 -2.12758E-01 -7.30831E+00  0.00000E+00 -4.02116E+00  0.00000E+00  0.00000E+00  1.55392E+01  0.00000E+00  0.00000E+00  0.00000E+00 -2.67305E+01
 THETA5        7.31066E+06  3.51679E+05 -1.75478E+05  2.65228E+02  3.58358E+03 -4.44191E+03  5.67911E+03  7.97648E+02 -9.85692E-02 -8.78793E-01  9.42373E+04  0.00000E+00 -2.87561E+00 -9.87202E+01  0.00000E+00 -5.43021E+01  0.00000E+00  0.00000E+00  2.09820E+02  0.00000E+00  0.00000E+00  0.00000E+00 -3.60964E+02
 THETA6       -9.06366E+06 -4.36056E+05  2.17544E+05 -3.28860E+02 -4.44191E+03  5.50680E+03 -7.04057E+03 -9.88908E+02  1.22200E-01  1.08947E+00 -1.16843E+05  0.00000E+00  3.56517E+00  1.22383E+02  0.00000E+00  6.73258E+01  0.00000E+00  0.00000E+00 -2.60144E+02  0.00000E+00  0.00000E+00  0.00000E+00  4.47515E+02
 THETA7        1.15880E+07  5.57498E+05 -2.78136E+05  4.20443E+02  5.67911E+03 -7.04057E+03  9.00154E+03  1.26433E+03 -1.56235E-01 -1.39291E+00  1.49394E+05  0.00000E+00 -4.55823E+00 -1.56471E+02  0.00000E+00 -8.60765E+01  0.00000E+00  0.00000E+00  3.32595E+02  0.00000E+00  0.00000E+00  0.00000E+00 -5.72154E+02
 THETA8        1.62769E+06  7.83122E+04 -3.90658E+04  5.90679E+01  7.97648E+02 -9.88908E+02  1.26433E+03  1.77596E+02 -2.19446E-02 -1.95647E-01  2.09714E+04  0.00000E+00 -6.40091E-01 -2.19769E+01  0.00000E+00 -1.20908E+01  0.00000E+00  0.00000E+00  4.67193E+01  0.00000E+00  0.00000E+00  0.00000E+00 -8.03682E+01
 THETA9       -2.01129E+02 -9.67640E+00  4.82746E+00 -7.29763E-03 -9.85692E-02  1.22200E-01 -1.56235E-01 -2.19446E-02  2.71170E-06  2.41762E-05 -2.59283E+00  0.00000E+00  7.91135E-05  2.71576E-03  0.00000E+00  1.49401E-03  0.00000E+00  0.00000E+00 -5.77278E-03  0.00000E+00  0.00000E+00  0.00000E+00  9.93068E-03
 THETA10      -1.79317E+03 -8.62700E+01  4.30392E+01 -6.50622E-02 -8.78793E-01  1.08947E+00 -1.39291E+00 -1.95647E-01  2.41762E-05  2.15542E-04 -2.31153E+01  0.00000E+00  7.05322E-04  2.42123E-02  0.00000E+00  1.33198E-02  0.00000E+00  0.00000E+00 -5.14672E-02  0.00000E+00  0.00000E+00  0.00000E+00  8.85370E-02
 SIGMA(1,1)    1.92229E+08  9.24657E+06 -4.61649E+06  6.96563E+03  9.42373E+04 -1.16843E+05  1.49394E+05  2.09714E+04 -2.59283E+00 -2.31153E+01  2.59065E+06  0.00000E+00 -7.70148E+01 -2.60027E+03  0.00000E+00 -1.42726E+03  0.00000E+00  0.00000E+00  5.51668E+03  0.00000E+00  0.00000E+00  0.00000E+00 -9.48945E+03
 SIGMA(2,1)    0.00000E+00  0.00000E+00  0.00000E+00  0.00000E+00  0.00000E+00  0.00000E+00  0.00000E+00  0.00000E+00  0.00000E+00  0.00000E+00  0.00000E+00  0.00000E+00  0.00000E+00  0.00000E+00  0.00000E+00  0.00000E+00  0.00000E+00  0.00000E+00  0.00000E+00  0.00000E+00  0.00000E+00  0.00000E+00  0.00000E+00
 SIGMA(2,2)   -5.86687E+03 -2.82237E+02  1.40848E+02 -2.12758E-01 -2.87561E+00  3.56517E+00 -4.55823E+00 -6.40091E-01  7.91135E-05  7.05322E-04 -7.70148E+01  0.00000E+00  2.32495E-03  7.92753E-02  0.00000E+00  4.35720E-02  0.00000E+00  0.00000E+00 -1.68382E-01  0.00000E+00  0.00000E+00  0.00000E+00  2.89653E-01
 OMEGA(1,1)   -2.01419E+05 -9.68970E+03  4.83472E+03 -7.30831E+00 -9.87202E+01  1.22383E+02 -1.56471E+02 -2.19769E+01  2.71576E-03  2.42123E-02 -2.60027E+03  0.00000E+00  7.92753E-02  2.72370E+00  0.00000E+00  1.49564E+00  0.00000E+00  0.00000E+00 -5.78156E+00  0.00000E+00  0.00000E+00  0.00000E+00  9.94512E+00
 OMEGA(2,1)    0.00000E+00  0.00000E+00  0.00000E+00  0.00000E+00  0.00000E+00  0.00000E+00  0.00000E+00  0.00000E+00  0.00000E+00  0.00000E+00  0.00000E+00  0.00000E+00  0.00000E+00  0.00000E+00  0.00000E+00  0.00000E+00  0.00000E+00  0.00000E+00  0.00000E+00  0.00000E+00  0.00000E+00  0.00000E+00  0.00000E+00
 OMEGA(2,2)   -1.10818E+05 -5.33197E+03  2.65965E+03 -4.02116E+00 -5.43021E+01  6.73258E+01 -8.60765E+01 -1.20908E+01  1.49401E-03  1.33198E-02 -1.42726E+03  0.00000E+00  4.35720E-02  1.49564E+00  0.00000E+00  8.23382E-01  0.00000E+00  0.00000E+00 -3.18085E+00  0.00000E+00  0.00000E+00  0.00000E+00  5.47146E+00
 OMEGA(3,1)    0.00000E+00  0.00000E+00  0.00000E+00  0.00000E+00  0.00000E+00  0.00000E+00  0.00000E+00  0.00000E+00  0.00000E+00  0.00000E+00  0.00000E+00  0.00000E+00  0.00000E+00  0.00000E+00  0.00000E+00  0.00000E+00  0.00000E+00  0.00000E+00  0.00000E+00  0.00000E+00  0.00000E+00  0.00000E+00  0.00000E+00
 OMEGA(3,2)    0.00000E+00  0.00000E+00  0.00000E+00  0.00000E+00  0.00000E+00  0.00000E+00  0.00000E+00  0.00000E+00  0.00000E+00  0.00000E+00  0.00000E+00  0.00000E+00  0.00000E+00  0.00000E+00  0.00000E+00  0.00000E+00  0.00000E+00  0.00000E+00  0.00000E+00  0.00000E+00  0.00000E+00  0.00000E+00  0.00000E+00
 OMEGA(3,3)    4.28196E+05  2.06022E+04 -1.02767E+04  1.55392E+01  2.09820E+02 -2.60144E+02  3.32595E+02  4.67193E+01 -5.77278E-03 -5.14672E-02  5.51668E+03  0.00000E+00 -1.68382E-01 -5.78156E+00  0.00000E+00 -3.18085E+00  0.00000E+00  0.00000E+00  1.22918E+01  0.00000E+00  0.00000E+00  0.00000E+00 -2.11427E+01
 OMEGA(4,1)    0.00000E+00  0.00000E+00  0.00000E+00  0.00000E+00  0.00000E+00  0.00000E+00  0.00000E+00  0.00000E+00  0.00000E+00  0.00000E+00  0.00000E+00  0.00000E+00  0.00000E+00  0.00000E+00  0.00000E+00  0.00000E+00  0.00000E+00  0.00000E+00  0.00000E+00  0.00000E+00  0.00000E+00  0.00000E+00  0.00000E+00
 OMEGA(4,2)    0.00000E+00  0.00000E+00  0.00000E+00  0.00000E+00  0.00000E+00  0.00000E+00  0.00000E+00  0.00000E+00  0.00000E+00  0.00000E+00  0.00000E+00  0.00000E+00  0.00000E+00  0.00000E+00  0.00000E+00  0.00000E+00  0.00000E+00  0.00000E+00  0.00000E+00  0.00000E+00  0.00000E+00  0.00000E+00  0.00000E+00
 OMEGA(4,3)    0.00000E+00  0.00000E+00  0.00000E+00  0.00000E+00  0.00000E+00  0.00000E+00  0.00000E+00  0.00000E+00  0.00000E+00  0.00000E+00  0.00000E+00  0.00000E+00  0.00000E+00  0.00000E+00  0.00000E+00  0.00000E+00  0.00000E+00  0.00000E+00  0.00000E+00  0.00000E+00  0.00000E+00  0.00000E+00  0.00000E+00
 OMEGA(4,4)   -7.36587E+05 -3.54388E+04  1.76786E+04 -2.67305E+01 -3.60964E+02  4.47515E+02 -5.72154E+02 -8.03682E+01  9.93068E-03  8.85370E-02 -9.48945E+03  0.00000E+00  2.89653E-01  9.94512E+00  0.00000E+00  5.47146E+00  0.00000E+00  0.00000E+00 -2.11427E+01  0.00000E+00  0.00000E+00  0.00000E+00  3.63723E+01
