TABLE NO.     1: First Order Conditional Estimation with Interaction: Problem=1 Subproblem=0 Superproblem1=0 Iteration1=0 Superproblem2=0 Iteration2=0
 NAME         THETA1       THETA2       THETA3       THETA4       THETA5       THETA6       SIGMA(1,1)   SIGMA(2,1)   SIGMA(2,2)   OMEGA(1,1)
 THETA1        9.94666E-02  4.25748E-02  2.14673E+00 -6.16452E+01  2.12508E+02  8.42639E+02 -6.32954E+04  0.00000E+00  2.93491E+02 -1.55105E+01
 THETA2        4.25748E-02  1.53092E+00  1.85518E+01 -1.75131E+02  1.91453E+03  6.70773E+02 -4.51881E+07  0.00000E+00  1.04830E+04  4.10262E+03
 THETA3        2.14673E+00  1.85518E+01  2.52130E+02 -3.06627E+03  2.58455E+04  2.17490E+04 -5.27996E+08  0.00000E+00  1.27114E+05  4.75883E+04
 THETA4       -6.16452E+01 -1.75131E+02 -3.06627E+03  5.28805E+04 -3.11026E+05 -5.52503E+05  4.48112E+09  0.00000E+00 -1.20061E+06 -3.94548E+05
 THETA5        2.12508E+02  1.91453E+03  2.58455E+04 -3.11026E+05  2.65284E+06  2.17390E+06 -5.46036E+10  0.00000E+00  1.31183E+07  4.92346E+06
 THETA6        8.42639E+02  6.70773E+02  2.17490E+04 -5.52503E+05  2.17390E+06  7.21520E+06 -9.77535E+09  0.00000E+00  4.60469E+06  7.08558E+05
 SIGMA(1,1)   -6.32954E+04 -4.51881E+07 -5.27996E+08  4.48112E+09 -5.46036E+10 -9.77535E+09  1.34988E+15  0.00000E+00 -3.09735E+11 -1.22839E+11
 SIGMA(2,1)    0.00000E+00  0.00000E+00  0.00000E+00  0.00000E+00  0.00000E+00  0.00000E+00  0.00000E+00  0.00000E+00  0.00000E+00  0.00000E+00
 SIGMA(2,2)    2.93491E+02  1.04830E+04  1.27114E+05 -1.20061E+06  1.31183E+07  4.60469E+06 -3.09735E+11  0.00000E+00  7.18556E+07  2.81259E+07
 OMEGA(1,1)   -1.55105E+01  4.10262E+03  4.75883E+04 -3.94548E+05  4.92346E+06  7.08558E+05 -1.22839E+11  0.00000E+00  2.81259E+07  1.11849E+07
