TABLE NO.     1: First Order Conditional Estimation with Interaction: Problem=1 Subproblem=0 Superproblem1=0 Iteration1=0 Superproblem2=0 Iteration2=0
 NAME         THETA1       THETA2       THETA3       THETA4       THETA5       THETA6       SIGMA(1,1)   SIGMA(2,1)   SIGMA(2,2)   OMEGA(1,1)
 THETA1        2.96254E+05  8.98050E+04  8.96122E+03 -4.29917E+01 -8.40798E+01  1.54238E+01 -3.46222E-05  0.00000E+00 -3.77041E+00  1.13501E-01
 THETA2        8.98050E+04  2.94165E+04  2.66509E+03 -1.49359E+01 -2.83120E+01  4.78252E+00 -8.24818E-06  0.00000E+00 -1.14720E+00  4.92179E-01
 THETA3        8.96122E+03  2.66509E+03  4.33922E+03  1.19295E+01 -4.55449E+00  4.96215E+00 -2.44851E-06  0.00000E+00 -2.62682E-01 -7.99693E-02
 THETA4       -4.29917E+01 -1.49359E+01  1.19295E+01  5.11281E-02  8.24623E-03  1.22080E-02 -6.32388E-09  0.00000E+00 -2.35071E-04 -8.65552E-04
 THETA5       -8.40798E+01 -2.83120E+01 -4.55449E+00  8.24623E-03  3.17017E-02 -6.64331E-03  1.15475E-08  0.00000E+00  1.34829E-03 -1.66026E-04
 THETA6        1.54238E+01  4.78252E+00  4.96215E+00  1.22080E-02 -6.64331E-03  5.89309E-03 -2.16779E-09  0.00000E+00 -2.92687E-04 -4.28431E-05
 SIGMA(1,1)   -3.46222E-05 -8.24818E-06 -2.44851E-06 -6.32388E-09  1.15475E-08 -2.16779E-09  8.50795E-14  0.00000E+00  5.51222E-09  2.81681E-09
 SIGMA(2,1)    0.00000E+00  0.00000E+00  0.00000E+00  0.00000E+00  0.00000E+00  0.00000E+00  0.00000E+00  0.00000E+00  0.00000E+00  0.00000E+00
 SIGMA(2,2)   -3.77041E+00 -1.14720E+00 -2.62682E-01 -2.35071E-04  1.34829E-03 -2.92687E-04  5.51222E-09  0.00000E+00  4.04086E-04  3.05691E-05
 OMEGA(1,1)    1.13501E-01  4.92179E-01 -7.99693E-02 -8.65552E-04 -1.66026E-04 -4.28431E-05  2.81681E-09  0.00000E+00  3.05691E-05  6.84064E-04
