TABLE NO.     1: First Order Conditional Estimation with Interaction: Problem=1 Subproblem=0 Superproblem1=0 Iteration1=0 Superproblem2=0 Iteration2=0
 NAME         THETA1       THETA2       THETA3       THETA4       THETA5       THETA6       SIGMA(1,1)   SIGMA(2,1)   SIGMA(2,2)   OMEGA(1,1)
 THETA1        2.46359E-01 -8.19510E-01 -6.58786E-01  5.15808E+02  3.09013E+02 -1.77325E+03  4.68774E+09  0.00000E+00 -6.52607E+04 -1.52983E+04
 THETA2       -8.19510E-01  2.74703E+00  2.08442E+00 -1.68780E+03 -1.03830E+03  5.91939E+03 -1.56388E+10  0.00000E+00  2.17748E+05  5.10527E+04
 THETA3       -6.58786E-01  2.08442E+00  2.34891E+00 -1.52699E+03 -7.68628E+02  4.61198E+03 -1.22917E+10  0.00000E+00  1.70960E+05  4.00288E+04
 THETA4        5.15808E+02 -1.68780E+03 -1.52699E+03  1.11828E+06  6.32580E+05 -3.68358E+06  9.75454E+12  0.00000E+00 -1.35757E+08 -3.18121E+07
 THETA5        3.09013E+02 -1.03830E+03 -7.68628E+02  6.32580E+05  3.93958E+05 -2.23769E+06  5.90709E+12  0.00000E+00 -8.22522E+07 -1.92865E+07
 THETA6       -1.77325E+03  5.91939E+03  4.61198E+03 -3.68358E+06 -2.23769E+06  1.28037E+07 -3.38026E+13  0.00000E+00  4.70617E+08  1.10333E+08
 SIGMA(1,1)    4.68774E+09 -1.56388E+10 -1.22917E+10  9.75454E+12  5.90709E+12 -3.38026E+13  8.93258E+19  0.00000E+00 -1.24363E+15 -2.91551E+14
 SIGMA(2,1)    0.00000E+00  0.00000E+00  0.00000E+00  0.00000E+00  0.00000E+00  0.00000E+00  0.00000E+00  0.00000E+00  0.00000E+00  0.00000E+00
 SIGMA(2,2)   -6.52607E+04  2.17748E+05  1.70960E+05 -1.35757E+08 -8.22522E+07  4.70617E+08 -1.24363E+15  0.00000E+00  1.73142E+10  4.05910E+09
 OMEGA(1,1)   -1.52983E+04  5.10527E+04  4.00288E+04 -3.18121E+07 -1.92865E+07  1.10333E+08 -2.91551E+14  0.00000E+00  4.05910E+09  9.51611E+08
