TABLE NO.     1: First Order Conditional Estimation with Interaction: Problem=1 Subproblem=0 Superproblem1=0 Iteration1=0 Superproblem2=0 Iteration2=0
 NAME         THETA1       THETA2       THETA3       THETA4       THETA5       THETA6       SIGMA(1,1)   SIGMA(2,1)   SIGMA(2,2)   OMEGA(1,1)
 THETA1        2.93458E+05  8.90386E+04 -3.23367E+03 -4.28181E+01 -8.31116E+01 -1.18439E+01 -2.49125E-03  0.00000E+00 -4.05418E+00  1.64842E-01
 THETA2        8.90386E+04  2.92144E+04 -9.39556E+02 -1.48790E+01 -2.80542E+01 -3.21614E+00 -7.34912E-04  0.00000E+00 -1.25137E+00  5.08634E-01
 THETA3       -3.23367E+03 -9.39556E+02  6.38934E+01  1.34255E+00  5.92551E-01  2.16703E-01  1.26148E-05  0.00000E+00 -2.39850E-03 -1.43304E-02
 THETA4       -4.28181E+01 -1.48790E+01  1.34255E+00  5.16490E-02  8.09556E-03  4.18719E-03  8.33887E-08  0.00000E+00 -2.13241E-04 -8.68735E-04
 THETA5       -8.31116E+01 -2.80542E+01  5.92551E-01  8.09556E-03  3.13958E-02  1.95033E-03  8.61306E-07  0.00000E+00  1.44685E-03 -1.83030E-04
 THETA6       -1.18439E+01 -3.21614E+00  2.16703E-01  4.18719E-03  1.95033E-03  8.21363E-04  4.93633E-08  0.00000E+00  1.44129E-05 -1.56956E-05
 SIGMA(1,1)   -2.49125E-03 -7.34912E-04  1.26148E-05  8.33887E-08  8.61306E-07  4.93633E-08  5.07109E-11  0.00000E+00  1.25640E-07  7.41177E-08
 SIGMA(2,1)    0.00000E+00  0.00000E+00  0.00000E+00  0.00000E+00  0.00000E+00  0.00000E+00  0.00000E+00  0.00000E+00  0.00000E+00  0.00000E+00
 SIGMA(2,2)   -4.05418E+00 -1.25137E+00 -2.39850E-03 -2.13241E-04  1.44685E-03  1.44129E-05  1.25640E-07  0.00000E+00  4.67556E-04  2.23863E-05
 OMEGA(1,1)    1.64842E-01  5.08634E-01 -1.43304E-02 -8.68735E-04 -1.83030E-04 -1.56956E-05  7.41177E-08  0.00000E+00  2.23863E-05  6.83349E-04
