TABLE NO.     1: First Order Conditional Estimation with Interaction: Problem=1 Subproblem=0 Superproblem1=0 Iteration1=0 Superproblem2=0 Iteration2=0
 NAME         THETA1       THETA2       THETA3       THETA4       THETA5       THETA6       THETA7       THETA8       THETA9       SIGMA(1,1)   SIGMA(2,1)   SIGMA(2,2)   OMEGA(1,1)
 THETA1        2.41072E+07  1.00000E+00  9.99129E-01  2.52549E-01  9.99967E-01 -4.77576E-01  5.18739E-01 -2.49436E-01 -9.38647E-01  9.99955E-01  0.00000E+00  9.99952E-01  9.75002E-01
 THETA2        1.00000E+00  8.50742E+06  9.99134E-01  2.52694E-01  9.99965E-01 -4.77500E-01  5.18839E-01 -2.49738E-01 -9.38827E-01  9.99952E-01  0.00000E+00  9.99947E-01  9.75090E-01
 THETA3        9.99129E-01  9.99134E-01  1.88909E+02  2.91357E-01  9.98932E-01 -4.72012E-01  5.52136E-01 -2.86426E-01 -9.34895E-01  9.98927E-01  0.00000E+00  9.98951E-01  9.73382E-01
 THETA4        2.52549E-01  2.52694E-01  2.91357E-01  1.82451E-01  2.47399E-01  1.78825E-01  9.47316E-01 -9.44801E-01 -1.73536E-01  2.47310E-01  0.00000E+00  2.48815E-01  2.19530E-01
 THETA5        9.99967E-01  9.99965E-01  9.98932E-01  2.47399E-01  5.82278E+00 -4.81235E-01  5.14484E-01 -2.43917E-01 -9.38425E-01  9.99997E-01  0.00000E+00  9.99972E-01  9.74996E-01
 THETA6       -4.77576E-01 -4.77500E-01 -4.72012E-01  1.78825E-01 -4.81235E-01  5.06063E-01  6.96318E-02 -1.08009E-01  4.18224E-01 -4.82035E-01  0.00000E+00 -4.79174E-01 -5.14192E-01
 THETA7        5.18739E-01  5.18839E-01  5.52136E-01  9.47316E-01  5.14484E-01  6.96318E-02  1.69980E-01 -8.72400E-01 -4.23738E-01  5.14495E-01  0.00000E+00  5.15762E-01  4.71048E-01
 THETA8       -2.49436E-01 -2.49738E-01 -2.86426E-01 -9.44801E-01 -2.43917E-01 -1.08009E-01 -8.72400E-01  2.28265E-01  2.49666E-01 -2.43261E-01  0.00000E+00 -2.44899E-01 -2.44171E-01
 THETA9       -9.38647E-01 -9.38827E-01 -9.34895E-01 -1.73536E-01 -9.38425E-01  4.18224E-01 -4.23738E-01  2.49666E-01  2.12399E-02 -9.37712E-01  0.00000E+00 -9.36805E-01 -9.45926E-01
 SIGMA(1,1)    9.99955E-01  9.99952E-01  9.98927E-01  2.47310E-01  9.99997E-01 -4.82035E-01  5.14495E-01 -2.43261E-01 -9.37712E-01  1.51674E-02  0.00000E+00  9.99972E-01  9.74884E-01
 SIGMA(2,1)    0.00000E+00  0.00000E+00  0.00000E+00  0.00000E+00  0.00000E+00  0.00000E+00  0.00000E+00  0.00000E+00  0.00000E+00  0.00000E+00  0.00000E+00  0.00000E+00  0.00000E+00
 SIGMA(2,2)    9.99952E-01  9.99947E-01  9.98951E-01  2.48815E-01  9.99972E-01 -4.79174E-01  5.15762E-01 -2.44899E-01 -9.36805E-01  9.99972E-01  0.00000E+00  6.71720E-01  9.73929E-01
 OMEGA(1,1)    9.75002E-01  9.75090E-01  9.73382E-01  2.19530E-01  9.74996E-01 -5.14192E-01  4.71048E-01 -2.44171E-01 -9.45926E-01  9.74884E-01  0.00000E+00  9.73929E-01  1.84067E-01
