TABLE NO.     1: First Order Conditional Estimation with Interaction: Problem=1 Subproblem=0 Superproblem1=0 Iteration1=0 Superproblem2=0 Iteration2=0
 NAME         THETA1       THETA2       THETA3       THETA4       THETA5       THETA6       THETA7       THETA8       THETA9       SIGMA(1,1)   SIGMA(2,1)   SIGMA(2,2)   OMEGA(1,1)
 THETA1        1.54392E-07  3.07550E-07  8.86751E-02  1.03780E-01 -1.13504E+00 -5.40338E-01  3.22841E+00  5.76165E+00 -4.68984E+01 -4.50473E+03  0.00000E+00  7.46106E+01  3.97524E+00
 THETA2        3.07550E-07  1.91068E-06  3.09747E-01  6.00819E-01 -8.81010E+00 -1.84731E+00  1.07524E+01  2.00020E+01 -1.69853E+02 -1.40361E+04  0.00000E+00  2.61915E+02  1.36640E+01
 THETA3        8.86751E-02  3.09747E-01  6.46690E+04  9.92394E+04 -1.31109E+06 -3.89911E+05  2.30110E+06  4.18871E+06 -3.47953E+07 -3.11500E+09  0.00000E+00  5.45290E+07  2.87618E+06
 THETA4        1.03780E-01  6.00819E-01  9.92394E+04  2.06489E+05 -2.85595E+06 -5.94023E+05  3.45212E+06  6.42389E+06 -5.46288E+07 -4.49736E+09  0.00000E+00  8.41560E+07  4.38915E+06
 THETA5       -1.13504E+00 -8.81010E+00 -1.31109E+06 -2.85595E+06  4.37741E+07  7.77166E+06 -4.48645E+07 -8.45242E+07  7.27523E+08  5.71702E+10  0.00000E+00 -1.11092E+09 -5.75915E+07
 THETA6       -5.40338E-01 -1.84731E+00 -3.89911E+05 -5.94023E+05  7.77166E+06  2.35271E+06 -1.38926E+07 -2.52629E+07  2.09667E+08  1.88315E+10  0.00000E+00 -3.28801E+08 -1.73507E+07
 THETA7        3.22841E+00  1.07524E+01  2.30110E+06  3.45212E+06 -4.48645E+07 -1.38926E+07  8.20964E+07  1.49114E+08 -1.23608E+09 -1.11484E+11  0.00000E+00  1.94013E+09  1.02440E+08
 THETA8        5.76165E+00  2.00020E+01  4.18871E+06  6.42389E+06 -8.45242E+07 -2.52629E+07  1.49114E+08  2.71348E+08 -2.25352E+09 -2.01924E+11  0.00000E+00  3.53223E+09  1.86334E+08
 THETA9       -4.68984E+01 -1.69853E+02 -3.47953E+07 -5.46288E+07  7.27523E+08  2.09667E+08 -1.23608E+09 -2.25352E+09  1.87529E+10  1.66857E+12  0.00000E+00 -2.93506E+10 -1.54683E+09
 SIGMA(1,1)   -4.50473E+03 -1.40361E+04 -3.11500E+09 -4.49736E+09  5.71702E+10  1.88315E+10 -1.11484E+11 -2.01924E+11  1.66857E+12  1.52145E+14  0.00000E+00 -2.62503E+12 -1.38809E+11
 SIGMA(2,1)    0.00000E+00  0.00000E+00  0.00000E+00  0.00000E+00  0.00000E+00  0.00000E+00  0.00000E+00  0.00000E+00  0.00000E+00  0.00000E+00  0.00000E+00  0.00000E+00  0.00000E+00
 SIGMA(2,2)    7.46106E+01  2.61915E+02  5.45290E+07  8.41560E+07 -1.11092E+09 -3.28801E+08  1.94013E+09  3.53223E+09 -2.93506E+10 -2.62503E+12  0.00000E+00  4.59869E+10  2.42531E+09
 OMEGA(1,1)    3.97524E+00  1.36640E+01  2.87618E+06  4.38915E+06 -5.75915E+07 -1.73507E+07  1.02440E+08  1.86334E+08 -1.54683E+09 -1.38809E+11  0.00000E+00  2.42531E+09  1.27969E+08
