TABLE NO.     1: First Order Conditional Estimation with Interaction: Problem=1 Subproblem=0 Superproblem1=0 Iteration1=0 Superproblem2=0 Iteration2=0
 NAME         THETA1       THETA2       THETA3       THETA4       THETA5       THETA6       THETA7       THETA8       THETA9       SIGMA(1,1)   SIGMA(2,1)   SIGMA(2,2)   OMEGA(1,1)
 THETA1        4.16823E-07 -1.54440E-06  4.02493E-03  1.37628E+01 -1.50345E-01 -6.61091E-01 -1.01411E+01  6.21471E+00 -2.26922E+01 -3.09970E+04  0.00000E+00  3.38098E+01  4.17036E-01
 THETA2       -1.54440E-06  5.72942E-06 -1.51211E-02 -5.09303E+01  5.08338E-01  2.46099E+00  3.75051E+01 -2.30706E+01  8.40606E+01  1.15340E+05  0.00000E+00 -1.26207E+02 -1.55103E+00
 THETA3        4.02493E-03 -1.51211E-02  4.55188E+01  1.30947E+05 -9.36120E+01 -6.71268E+03 -9.59012E+04  6.12999E+04 -2.18543E+05 -3.13568E+08  0.00000E+00  3.53790E+05  4.19562E+03
 THETA4        1.37628E+01 -5.09303E+01  1.30947E+05  4.55308E+08 -5.44993E+06 -2.17259E+07 -3.35723E+08  2.04883E+08 -7.49795E+08 -1.01922E+12  0.00000E+00  1.10770E+09  1.37121E+07
 THETA5       -1.50345E-01  5.08338E-01 -9.36120E+01 -5.44993E+06  4.09851E+05  1.57933E+05  4.19100E+06 -1.95549E+06  8.36788E+06  7.84739E+09  0.00000E+00 -5.67635E+06 -1.09321E+05
 THETA6       -6.61091E-01  2.46099E+00 -6.71268E+03 -2.17259E+07  1.57933E+05  1.06747E+06  1.59700E+07 -9.92813E+06  3.59639E+07  4.99558E+10  0.00000E+00 -5.51539E+07 -6.70849E+05
 THETA7       -1.01411E+01  3.75051E+01 -9.59012E+04 -3.35723E+08  4.19100E+06  1.59700E+07  2.47638E+08 -1.50836E+08  5.52575E+08  7.49446E+11  0.00000E+00 -8.13123E+08 -1.00841E+07
 THETA8        6.21471E+00 -2.30706E+01  6.12999E+04  2.04883E+08 -1.95549E+06 -9.92813E+06 -1.50836E+08  9.29521E+07 -3.38324E+08 -4.65210E+11  0.00000E+00  5.09833E+08  6.25222E+06
 THETA9       -2.26922E+01  8.40606E+01 -2.18543E+05 -7.49795E+08  8.36788E+06  3.59639E+07  5.52575E+08 -3.38324E+08  1.23594E+09  1.68643E+12  0.00000E+00 -1.83809E+09 -2.26796E+07
 SIGMA(1,1)   -3.09970E+04  1.15340E+05 -3.13568E+08 -1.01922E+12  7.84739E+09  4.99558E+10  7.49446E+11 -4.65210E+11  1.68643E+12  2.33879E+15  0.00000E+00 -2.57856E+12 -3.14110E+10
 SIGMA(2,1)    0.00000E+00  0.00000E+00  0.00000E+00  0.00000E+00  0.00000E+00  0.00000E+00  0.00000E+00  0.00000E+00  0.00000E+00  0.00000E+00  0.00000E+00  0.00000E+00  0.00000E+00
 SIGMA(2,2)    3.38098E+01 -1.26207E+02  3.53790E+05  1.10770E+09 -5.67635E+06 -5.51539E+07 -8.13123E+08  5.09833E+08 -1.83809E+09 -2.57856E+12  0.00000E+00  2.86686E+09  3.45964E+07
 OMEGA(1,1)    4.17036E-01 -1.55103E+00  4.19562E+03  1.37121E+07 -1.09321E+05 -6.70849E+05 -1.00841E+07  6.25222E+06 -2.26796E+07 -3.14110E+10  0.00000E+00  3.45964E+07  4.22930E+05
