dmp.txt <- structure(
	.Data = list(
		"coefficients" = list(
			"fixed" = c("CMultStdev" = 0.517757414203851, "tvVmax" = 5722.18195157353, "tvKm" = 2633.32766110163, "tvV" = 84.1557872204396, "tvKa" = 1.50883861985905, "K12" = 0.189025434169669, "K21" = 1.01624622106656, "K13" = 0.0248570491855541, "K31" = 0.0380185103249342, "CEps" = 0.499901125218056)
			, "random" = list("Subject" = matrix(
				as.numeric(c(
					 0.240185467284683,  0.568782054224824,  -0.399064709287483
					,  0.207882268343729,  -0.166995577084296,  0.112598995035361
					,  -0.291147865585446,  0.229656723522388,  0.622331316321015
					,  -0.533589430389573,  -0.206009665490308,  -0.358201200036253
					,  0.473106150932873,  0.259147197583313,  0.235654271278604
					,  -0.177653398137734,  -0.189050636460944,  -0.810855823998508
					,  0.190359146238225,  0.449117520625115,  0.200504749207276
					,  0.158549479075226,  -0.441830604550154,  -0.612128395422412
					,  0.209126498844188,  -0.0817293153180927,  0.256308036029757
					,  -1.09544202113976,  -0.435316858801481,  -0.400272855951547
					,  0.378516052899994,  -0.225674197591198,  -0.0174699040421228
					,  -0.351816022143766,  0.825427041774796,  0.189775120182571
					,  0.0668298703356016,  0.301572150778783,  0.0285413282197061
					,  0.543556502605483,  -0.154272330283052,  0.509609666047647
					,  0.663292298700886,  -0.126284995532521,  0.446199110908858
					,  -0.237615403237494,  0.289150047282437,  0.189994637620581
					,  0.676795561633762,  0.735528617822236,  0.227087679546654
					,  -0.257679692629388,  0.0934910383381415,  -0.239180027658074
					,  0.0379011547894354,  0.651715816237844,  0.237361794516088
					,  -0.184387520514533,  -0.140037393075158,  -0.259805093681508
					,  -0.858466313151639,  -0.248722957914822,  0.765631026680076
					,  0.276685011030619,  0.360196144249696,  -0.0465483246032433
					,  0.552229803426205,  0.333162730637138,  -0.0703659235706648
					,  -0.0227882515262038,  -0.0633696910716017,  0.148547435138975
					,  0.23884518392265,  0.035566150988652,  -0.156974578328477
					,  -0.0261085373517115,  -0.170593845973712,  0.0579625042688105
					,  0.20336379194522,  -0.502731843137924,  0.270125087793753
					,  -0.345009108823697,  0.2324390696048,  0.308340871674628
					,  0.0520406564133989,  0.000879379450634058,  -0.195475529398091
					,  -0.850682341188099,  0.0377819948295459,  -0.611702305636064
					,  0.580912428272308,  -0.315333603504222,  -0.168837588014155
					,  -0.510729942272971,  0.119400907541603,  -0.0161194473616196
					,  -0.59402860863845,  0.479943088872332,  -0.361446191116402
					,  -0.362109797065923,  -0.28462645091342,  -0.251941286489645
					,  0.495206402451557,  -0.489598396008834,  0.096611566838453
					,  0.18100300119016,  -0.139930466956827,  -0.169511214357451
					,  0.627011538492206,  0.199528766413751,  -0.126363458349455
					,  -0.214182592853164,  -0.0167087834015894,  -0.511814291030646
					,  0.252109961676323,  0.0318596408618176,  0.645013312982297
					,  0.113028546969325,  -0.579609757362741,  -0.656415799391031
					))
				, nrow = 60, ncol = 2
				, dimnames = list(
					as.character(c( "1", "2", "3", "4", "5", "6", "7", "8", "9", "10"
					  , "11", "12", "13", "14", "15", "16", "17", "18", "19", "20"
					  , "21", "22", "23", "24", "25", "26", "27", "28", "29", "30"
					  , "31", "32", "33", "34", "35", "36", "37", "38", "39", "40"
					  , "41", "42", "43", "44", "45", "46", "47", "48", "49", "50"
					  , "51", "52", "53", "54", "55", "56", "57", "58", "59", "60"))
					, as.character(c("nVmax", "nV"))
					)
				))
			)
		, "logLik" = c(-3212.76)
		, "nObs" = c(480)
		, "nSubj" = c(60)
		, "nParm" = c(13)
		, "returnCode" = c(3)
		, "omega" = matrix(
			as.numeric(c(0.233424757330287, 0.0596263070158346, 0.0596263070158346, 0.214739892308453))
			, nrow = 2, ncol = 2
			, dimnames = list(
				as.character(c("nVmax", "nV"))
				, as.character(c("nVmax", "nV"))
				)
			)
		, "eta" = matrix(
			as.numeric(c(0.051869073779088, -0.0373903537024593, 0.156366203636569, 0.136190271678183, 0.395431667468058, 0.369039661389102, 0.18153900343693, 0.203626724544954))
			, nrow = 2, ncol = 4
			, dimnames = list(
				as.character(c("nVmax", "nV"))
				, as.character(c("mean", "var", "sd", "shrinkage"))
				)
			)
		, "eta_shrinkage" = list("Subject" = matrix(
			as.numeric(c(
				 0.0860095949632235,  0.102156055626642,  0.67472772092903
				,  0.211273847003157,  0.42681440708234,  0.156815133034187
				,  0.549416048893015,  0.23243670482365,  0.110102620067944
				,  0.417330833351706,  0.234941411617149,  0.441894267927843
				,  0.145145003276208,  0.146333684232105,  0.121978482342067
				,  0.250252521072303,  0.23811308178427,  0.544125382476454
				,  0.203496314007557,  0.0939418272973169,  0.239097250430529
				,  0.122431069325078,  0.479440895062411,  0.566784501838201
				,  0.171896507191487,  0.24791194386423,  0.119158032521504
				,  0.32866804002699,  0.376720972551042,  0.167181517377129
				,  0.244027099933535,  0.182130205762788,  0.176634865441103
				,  0.193811023041601,  0.109273032624469,  0.163607677393326
				,  0.102776827787665,  0.263578211003972,  0.137291858170365
				,  0.0963474730652285,  0.188418625405036,  0.103443824259359
				,  0.164655931760857,  0.136639413310046,  0.133878526137662
				,  0.380449089067094,  0.129775714417427,  0.130958982234802
				,  0.193703746900663,  0.122771804606996,  0.136816553870413
				,  0.226472088617015,  0.191509490803985,  0.142726754940879
				,  0.283703788979061,  0.113479196692001,  0.338893057067733
				,  0.311655929044628,  0.12549265593272,  0.131232949326077
				,  0.227745786772643,  0.239699497903448,  0.17889749555245
				,  0.225240470511409,  0.207907262720184,  0.225663792311648
				,  0.195096730320888,  0.227964935244047,  0.238487649274568
				,  0.202647853585307,  0.214440378676716,  0.205340335833743
				,  0.23203759686501,  0.225468414847335,  0.22963532413444
				,  0.219746536546408,  0.224421248823187,  0.191681556246478
				,  0.228795728696643,  0.23761549345829,  0.22909145947092
				,  0.225142542806829,  0.203110314952915,  0.189505287015612
				,  0.22830344055371,  0.229556627447585,  0.22850308690322
				,  0.202187903945919,  0.210135161125957,  0.223753901050176
				,  0.230879195308878,  0.217695987403216,  0.233374479368046
				,  0.223177099437311,  0.248607698629383,  0.221960978716105
				,  0.22519826852118,  0.222643916776611,  0.224163067815365
				,  0.232538572406715,  0.224922681249436,  0.244933390009379
				,  0.242548495312957,  0.223318098836453,  0.230514896676005
				,  0.21376255682482,  0.227502928917291,  0.228928746255984
				,  0.228941085572517,  0.235759544026164,  0.231553384103017
				,  0.220043156765689,  0.226952434408076,  0.210922165918907
				,  0.223161017704888,  0.243736245883456,  0.214409051393071
				,  0.216659206939953,  0.22264559197088,  0.223822674820686
				))
			, nrow = 60, ncol = 2
			, dimnames = list(
				as.character(c( "1", "2", "3", "4", "5", "6", "7", "8", "9", "10"
				  , "11", "12", "13", "14", "15", "16", "17", "18", "19", "20"
				  , "21", "22", "23", "24", "25", "26", "27", "28", "29", "30"
				  , "31", "32", "33", "34", "35", "36", "37", "38", "39", "40"
				  , "41", "42", "43", "44", "45", "46", "47", "48", "49", "50"
				  , "51", "52", "53", "54", "55", "56", "57", "58", "59", "60"))
				, as.character(c("nVmax_shrinkage", "nV_shrinkage"))
				)
			))
		, "sigma" = matrix(
			as.numeric(c(0.249901134994278))
			, nrow = 1, ncol = 1
			, dimnames = list(
				as.character(c("CEps"))
				, as.character(c("CEps"))
				)
			)
		, "method" = "FOCE-ELS"
		, "varFix" = matrix(
			as.numeric(c(0.000973928987510157, 31.3658946254629, 14.6854189788053, 0.107179033603755, 0.0014032047346943, 0.00121561365969039, 0.0119583403724706, 3.5648983533397e-005, 7.28570113213063e-005, -0.0054021994503593, 31.3658946254629, 138838006.756845, 69700513.8179545, 14106.959195645, 184.860356062833, -392.559929775054, -1136.07197060025, -90.3802846045672, 10.2885259564639, 9702.14179247875, 14.6854189788053, 69700513.8179545, 36401405.440624, 6278.21020071973, 61.0898230468075, -195.902621024778, -724.244509117342, -48.957258789055, 3.76322177922839, 4330.36763317181, 0.107179033603755, 14106.959195645, 6278.21020071973, 91.7687733030889, 1.41480502983859, 0.687898659625567, 7.99060644343433, -0.0140006781114415, 0.0107492620576121, -9.27062662218628, 0.0014032047346943, 184.860356062833, 61.0898230468075, 1.41480502983859, 0.0652285738607689, 0.031587297674287, 0.339324130223145, 0.000331943748550165, 0.00117010353513577, -0.273740347526655, 0.00121561365969039, -392.559929775054, -195.902621024778, 0.687898659625567, 0.031587297674287, 0.0330241886161691, 0.316943394886971, 0.00128287126324807, 0.00155563956397529, -0.12894855256448, 0.0119583403724706, -1136.07197060025, -724.244509117342, 7.99060644343433, 0.339324130223145, 0.316943394886971, 3.15602565808754, 0.00998873110405794, 0.0141728486999704, -1.14074036636921, 3.5648983533397e-005, -90.3802846045672, -48.957258789055, -0.0140006781114415, 0.000331943748550165, 0.00128287126324807, 0.00998873110405794, 0.000141190670179209, 9.38073639332219e-005, -0.00643232914234676, 7.28570113213063e-005, 10.2885259564639, 3.76322177922839, 0.0107492620576121, 0.00117010353513577, 0.00155563956397529, 0.0141728486999704, 9.38073639332219e-005, 0.000165022655968222, -0.00619912194385034, -0.0054021994503593, 9702.14179247875, 4330.36763317181, -9.27062662218628, -0.273740347526655, -0.12894855256448, -1.14074036636921, -0.00643232914234676, -0.00619912194385034, 35.8337437929563))
			, nrow = 10, ncol = 10
			, dimnames = list(
				as.character(c("CMultStdev", "tvVmax", "tvKm", "tvV", "tvKa", "K12", "K21", "K13", "K31", "CEps"))
				, as.character(c("CMultStdev", "tvVmax", "tvKm", "tvV", "tvKa", "K12", "K21", "K13", "K31", "CEps"))
				)
			)
		, "omegaSE" = matrix(
			as.numeric(c(0.171695214055325, 0.0789828093578436, 0.0789828093578436, 0.0776159615425051))
			, nrow = 2, ncol = 2, byrow = TRUE
			, dimnames = list(
				as.character(c("nVmax", "nV"))
				, as.character(c("nVmax", "nV"))
				)
			)
		, "Covariance" = matrix(
			as.numeric(c(0.00097392899, 31.365895, 14.685419, 0.10717903, 0.0014032047, 0.0012156137, 0.01195834, 3.5648984e-005, 7.2857011e-005, -0.0054021995, 0.00039430853, 0.00016444426, -5.0464177e-007, 31.365895, 1.3883801e+008,  69700514, 14106.959, 184.86036, -392.55993, -1136.072, -90.380285, 10.288526, 9702.1418, 164.48136, 509.16597, 309.17576, 14.685419,  69700514,  36401405, 6278.2102, 61.089823, -195.90262, -724.24451, -48.957259, 3.7632218, 4330.3676,  262.2434, 194.80059, 171.33204, 0.10717903, 14106.959, 6278.2102, 91.768773,  1.414805, 0.68789866, 7.9906064, -0.014000678, 0.010749262, -9.2706266, -0.015949372, 0.07667303, 0.041496332, 0.0014032047, 184.86036, 61.089823,  1.414805, 0.065228574, 0.031587298, 0.33932413, 0.00033194375, 0.0011701035, -0.27374035, -0.0011772386, 0.0014620257, -0.0018022137, 0.0012156137, -392.55993, -195.90262, 0.68789866, 0.031587298, 0.033024189, 0.31694339, 0.0012828713, 0.0015556396, -0.12894855, 1.702346e-005, -0.0016476555, -0.0028541533, 0.01195834, -1136.072, -724.24451, 7.9906064, 0.33932413, 0.31694339, 3.1560257, 0.0099887311, 0.014172849, -1.1407404, -0.019799694, 0.00017220189, -0.024211107, 3.5648984e-005, -90.380285, -48.957259, -0.014000678, 0.00033194375, 0.0012828713, 0.0099887311, 0.00014119067, 9.3807364e-005, -0.0064323291, -0.00055432202, -0.000144849, -0.00031283218, 7.2857011e-005, 10.288526, 3.7632218, 0.010749262, 0.0011701035, 0.0015556396, 0.014172849, 9.3807364e-005, 0.00016502266, -0.0061991219, -0.00014925512, 0.00013856703, -0.0001644856, -0.0054021995, 9702.1418, 4330.3676, -9.2706266, -0.27374035, -0.12894855, -1.1407404, -0.0064323291, -0.0061991219, 35.833744, -0.021286053, 0.018784143, 0.014648557, 0.00039430853, 164.48136,  262.2434, -0.015949372, -0.0011772386, 1.702346e-005, -0.019799694, -0.00055432202, -0.00014925512, -0.021286053, 0.029479247, -0.0069080651, 0.0024679435, 0.00016444426, 509.16597, 194.80059, 0.07667303, 0.0014620257, -0.0016476555, 0.00017220189, -0.000144849, 0.00013856703, 0.018784143, -0.0069080651, 0.0062382842, 0.0014439245, -5.0464177e-007, 309.17576, 171.33204, 0.041496332, -0.0018022137, -0.0028541533, -0.024211107, -0.00031283218, -0.0001644856, 0.014648557, 0.0024679435, 0.0014439245, 0.0060242375))
			, nrow = 13, ncol = 13
			, dimnames = list(
				as.character(c("CMultStdev", "tvVmax", "tvKm", "tvV", "tvKa", "K12", "K21", "K13", "K31", "stdev0", "nVmax-nVmax", "nV-nVmax", "nV-nV"))
				, as.character(c("CMultStdev", "tvVmax", "tvKm", "tvV", "tvKa", "K12", "K21", "K13", "K31", "stdev0", "nVmax-nVmax", "nV-nVmax", "nV-nV"))
				)
			)
		, "Correlation" = matrix(
			as.numeric(c(0.031207835, 0.085298196, 0.077994436, 0.3585079, 0.17605098, 0.21434623, 0.21569347, 0.096134773, 0.18173389, -0.028917509, 0.073589243, 0.066714848, -0.00020833801, 0.085298196, 11782.954, 0.98044383, 0.12497748, 0.061428606, -0.18333091, -0.054272696, -0.64553013, 0.067971552, 0.13755214, 0.081302579, 0.54710742,  0.338065, 0.077994436, 0.98044383, 6033.3577, 0.10862488, 0.039645222, -0.17867554, -0.067570304, -0.6828967, 0.04855444, 0.11990012, 0.25315547, 0.40878844, 0.36587142, 0.3585079, 0.12497748, 0.10862488, 9.5796019, 0.57826937, 0.39514903, 0.46952856, -0.12299816, 0.087349294, -0.16166482, -0.0096970119, 0.10133573, 0.055809894, 0.17605098, 0.061428606, 0.039645222, 0.57826937, 0.25539885, 0.68057729, 0.74786901, 0.10938117, 0.35664288, -0.17904978, -0.026846481, 0.072477546, -0.09091516, 0.21434623, -0.18333091, -0.17867554, 0.39514903, 0.68057729, 0.18172559, 0.98173746, 0.59410608, 0.66637871, -0.1185371, 0.000545599, -0.11479362, -0.20235324, 0.21569347, -0.054272696, -0.067570304, 0.46952856, 0.74786901, 0.98173746, 1.7765207, 0.47319164, 0.62103361, -0.10726807, -0.064912754, 0.0012272558, -0.1755874, 0.096134773, -0.64553013, -0.6828967, -0.12299816, 0.10938117, 0.59410608, 0.47319164, 0.011882368, 0.61455697, -0.090431382, -0.27170707, -0.15434051, -0.33920119, 0.18173389, 0.067971552, 0.04855444, 0.087349294, 0.35664288, 0.66637871, 0.62103361, 0.61455697, 0.012846114, -0.08061434, -0.067670482, 0.13657008, -0.16497003, -0.028917509, 0.13755214, 0.11990012, -0.16166482, -0.17904978, -0.1185371, -0.10726807, -0.090431382, -0.08061434, 5.9861293, -0.020710513, 0.039729464, 0.031528094, 0.073589243, 0.081302579, 0.25315547, -0.0096970119, -0.026846481, 0.000545599, -0.064912754, -0.27170707, -0.067670482, -0.020710513, 0.17169521, -0.50940787, 0.1851936, 0.066714848, 0.54710742, 0.40878844, 0.10133573, 0.072477546, -0.11479362, 0.0012272558, -0.15434051, 0.13657008, 0.039729464, -0.50940787, 0.078982809, 0.23553794, -0.00020833801,  0.338065, 0.36587142, 0.055809894, -0.09091516, -0.20235324, -0.1755874, -0.33920119, -0.16497003, 0.031528094, 0.1851936, 0.23553794, 0.077615962))
			, nrow = 13, ncol = 13
			, dimnames = list(
				as.character(c("CMultStdev", "tvVmax", "tvKm", "tvV", "tvKa", "K12", "K21", "K13", "K31", "stdev0", "nVmax-nVmax", "nV-nVmax", "nV-nV"))
				, as.character(c("CMultStdev", "tvVmax", "tvKm", "tvV", "tvKa", "K12", "K21", "K13", "K31", "stdev0", "nVmax-nVmax", "nV-nVmax", "nV-nV"))
				)
			)
		, "Inverse" = matrix(
			as.numeric(c(1371.4739, -0.010675346, 0.01636465, -2.1420545, -10.997017, -1053.0312, 102.68608, -263.33337, 1192.4661, 0.084459278, -44.455044, -21.534866, 49.881083, -0.010675346, 6.0375275e-006, -1.170714e-005, -0.00014142214, 0.0006261931, 0.68088589, -0.062039089, -2.0047602, -0.073093762, -0.00015525621, -0.0082970712, 0.0038982397, -0.0057424233, 0.01636465, -1.170714e-005, 2.2980376e-005, 0.00030158158, 0.00053557982, -1.3090831, 0.11891926, 4.0207794, 0.058946118, 0.00029432625, 0.014362453, -0.010470458, 0.0093750634, -2.1420545, -0.00014142214, 0.00030158158, 0.028529617, -0.1121744, -17.653298, 1.5271117, 73.744335, -3.8406752, 0.0063048798, 0.42902824, -0.56900325, -0.105785, -10.997017, 0.0006261931, 0.00053557982, -0.1121744,  63.80714,   548.309, -58.149744, -182.00539, -641.08171, 0.1665872, -42.35435, 32.359341, -19.198528, -1053.0312, 0.68088589, -1.3090831, -17.653298,   548.309, 104376.61, -9578.8681, -292823.06, -17997.127, -14.869417, -3208.0196, 3743.7807, -1717.8871, 102.68608, -0.062039089, 0.11891926, 1.5271117, -58.149744, -9578.8681, 880.98483, 26589.233, 1712.8343, 1.3292573, 298.28442, -343.54253, 160.74714, -263.33337, -2.0047602, 4.0207794, 73.744335, -182.00539, -292823.06, 26589.233, 943222.79, -7601.4201, 44.203064,  8440.771, -10458.103,   3814.84, 1192.4661, -0.073093762, 0.058946118, -3.8406752, -641.08171, -17997.127, 1712.8343, -7601.4201, 43083.525, 3.4019875, 749.48147, -1051.2565, 985.05379, 0.084459278, -0.00015525621, 0.00029432625, 0.0063048798, 0.1665872, -14.869417, 1.3292573, 44.203064, 3.4019875, 0.034472201, 0.10539101, 0.34353637, 0.080073841, -44.455044, -0.0082970712, 0.014362453, 0.42902824, -42.35435, -3208.0196, 298.28442,  8440.771, 749.48147, 0.10539101, 275.74714, -151.06161, 62.387519, -21.534866, 0.0038982397, -0.010470458, -0.56900325, 32.359341, 3743.7807, -343.54253, -10458.103, -1051.2565, 0.34353637, -151.06161, 826.90839, -204.57029, 49.881083, -0.0057424233, 0.0093750634, -0.105785, -19.198528, -1717.8871, 160.74714,   3814.84, 985.05379, 0.080073841, 62.387519, -204.57029, 269.48004))
			, nrow = 13, ncol = 13
			, dimnames = list(
				as.character(c("CMultStdev", "tvVmax", "tvKm", "tvV", "tvKa", "K12", "K21", "K13", "K31", "stdev0", "nVmax-nVmax", "nV-nVmax", "nV-nV"))
				, as.character(c("CMultStdev", "tvVmax", "tvKm", "tvV", "tvKa", "K12", "K21", "K13", "K31", "stdev0", "nVmax-nVmax", "nV-nVmax", "nV-nV"))
				)
			)
		, "LLTable" = data.frame(
			id = as.character(c( "1", "2", "3", "4", "5", "6", "7", "8", "9", "10", "11", "12", "13", "14", "15", "16", "17", "18", "19", "20", "21", "22", "23", "24", "25", "26", "27", "28", "29", "30", "31", "32", "33", "34", "35", "36", "37", "38", "39", "40", "41", "42", "43", "44", "45", "46", "47", "48", "49", "50", "51", "52", "53", "54", "55", "56", "57", "58", "59", "60"))
			, "LL" = c(-57.235642, -50.393178, -52.566466, -50.002808, -52.906871, -53.762912, -51.252818, -49.719817, -52.803228, -55.640393, -54.289708, -54.789742, -51.75084, -52.054545, -50.573555, -54.617712, -54.617768, -56.774097, -49.952188, -53.511759, -51.744083, -55.445614, -52.760112, -52.997011, -53.702741, -53.858657, -52.748997, -66.015588, -56.07691, -59.210559, -48.200169, -55.672296, -53.703391, -56.715494, -48.188184, -52.00828, -57.834373, -49.174613, -54.535541, -54.795918, -55.115858, -52.731086, -47.907445, -59.715641, -49.846842, -53.865582, -54.983907, -51.768899, -48.655696, -48.677293, -53.99292, -55.758662, -54.550114, -59.716426, -52.484269, -50.808795, -49.488297, -53.071016, -57.528899, -57.49077)
			) # end of LLTable
		, "residuals" = data.frame(
			  ID1 = as.character(c(  "",   "",   "",   "",   "",   "",   "",   "",   "",   "",   "",   "",   "",   "",   "",   "",   "",   "",   "",   "",   "",   "",   "",   "",   "",   "",   "",   "",   "",   "",   "",   "",   "",   "",   "",   "",   "",   "",   "",   "",   "",   "",   "",   "",   "",   "",   "",   "",   "",   "",   "",   "",   "",   "",   "",   "",   "",   "",   "",   "",   "",   "",   "",   "",   "",   "",   "",   "",   "",   "",   "",   "",   "",   "",   "",   "",   "",   "",   "",   "",   "",   "",   "",   "",   "",   "",   "",   "",   "",   "",   "",   "",   "",   "",   "",   "",   "",   "",   "",   "",   "",   "",   "",   "",   "",   "",   "",   "",   "",   "",   "",   "",   "",   "",   "",   "",   "",   "",   "",   "",   "",   "",   "",   "",   "",   "",   "",   "",   "",   "",   "",   "",   "",   "",   "",   "",   "",   "",   "",   "",   "",   "",   "",   "",   "",   "",   "",   "",   "",   "",   "",   "",   "",   "",   "",   "",   "",   "",   "",   "",   "",   "",   "",   "",   "",   "",   "",   "",   "",   "",   "",   "",   "",   "",   "",   "",   "",   "",   "",   "",   "",   "",   "",   "",   "",   "",   "",   "",   "",   "",   "",   "",   "",   "",   "",   "",   "",   "",   "",   "",   "",   "",   "",   "",   "",   "",   "",   "",   "",   "",   "",   "",   "",   "",   "",   "",   "",   "",   "",   "",   "",   "",   "",   "",   "",   "",   "",   "",   "",   "",   "",   "",   "",   "",   "",   "",   "",   "",   "",   "",   "",   "",   "",   "",   "",   "",   "",   "",   "",   "",   "",   "",   "",   "",   "",   "",   "",   "",   "",   "",   "",   "",   "",   "",   "",   "",   "",   "",   "",   "",   "",   "",   "",   "",   "",   "",   "",   "",   "",   "",   "",   "",   "",   "",   "",   "",   "",   "",   "",   "",   "",   "",   "",   "",   "",   "",   "",   "",   "",   "",   "",   "",   "",   "",   "",   "",   "",   "",   "",   "",   "",   "",   "",   "",   "",   "",   "",   "",   "",   "",   "",   "",   "",   "",   "",   "",   "",   "",   "",   "",   "",   "",   "",   "",   "",   "",   "",   "",   "",   "",   "",   "",   "",   "",   "",   "",   "",   "",   "",   "",   "",   "",   "",   "",   "",   "",   "",   "",   "",   "",   "",   "",   "",   "",   "",   "",   "",   "",   "",   "",   "",   "",   "",   "",   "",   "",   "",   "",   "",   "",   "",   "",   "",   "",   "",   "",   "",   "",   "",   "",   "",   "",   "",   "",   "",   "",   "",   "",   "",   "",   "",   "",   "",   "",   "",   "",   "",   "",   "",   "",   "",   "",   "",   "",   "",   "",   "",   "",   "",   "",   "",   "",   "",   "",   "",   "",   "",   "",   "",   "",   "",   "",   "",   "",   "",   "",   "",   "",   "",   "",   "",   "",   "",   "",   "",   "",   "",   "",   "",   "",   "",   "",   "",   "",   "",   "",   "",   "",   "",   "",   "",   "",   "",   "",   "",   "",   "",   "",   "",   "",   "",   "",   "",   "",   "",   "",   "",   "",   "",   ""))
			, ID2 = as.character(c(  "",   "",   "",   "",   "",   "",   "",   "",   "",   "",   "",   "",   "",   "",   "",   "",   "",   "",   "",   "",   "",   "",   "",   "",   "",   "",   "",   "",   "",   "",   "",   "",   "",   "",   "",   "",   "",   "",   "",   "",   "",   "",   "",   "",   "",   "",   "",   "",   "",   "",   "",   "",   "",   "",   "",   "",   "",   "",   "",   "",   "",   "",   "",   "",   "",   "",   "",   "",   "",   "",   "",   "",   "",   "",   "",   "",   "",   "",   "",   "",   "",   "",   "",   "",   "",   "",   "",   "",   "",   "",   "",   "",   "",   "",   "",   "",   "",   "",   "",   "",   "",   "",   "",   "",   "",   "",   "",   "",   "",   "",   "",   "",   "",   "",   "",   "",   "",   "",   "",   "",   "",   "",   "",   "",   "",   "",   "",   "",   "",   "",   "",   "",   "",   "",   "",   "",   "",   "",   "",   "",   "",   "",   "",   "",   "",   "",   "",   "",   "",   "",   "",   "",   "",   "",   "",   "",   "",   "",   "",   "",   "",   "",   "",   "",   "",   "",   "",   "",   "",   "",   "",   "",   "",   "",   "",   "",   "",   "",   "",   "",   "",   "",   "",   "",   "",   "",   "",   "",   "",   "",   "",   "",   "",   "",   "",   "",   "",   "",   "",   "",   "",   "",   "",   "",   "",   "",   "",   "",   "",   "",   "",   "",   "",   "",   "",   "",   "",   "",   "",   "",   "",   "",   "",   "",   "",   "",   "",   "",   "",   "",   "",   "",   "",   "",   "",   "",   "",   "",   "",   "",   "",   "",   "",   "",   "",   "",   "",   "",   "",   "",   "",   "",   "",   "",   "",   "",   "",   "",   "",   "",   "",   "",   "",   "",   "",   "",   "",   "",   "",   "",   "",   "",   "",   "",   "",   "",   "",   "",   "",   "",   "",   "",   "",   "",   "",   "",   "",   "",   "",   "",   "",   "",   "",   "",   "",   "",   "",   "",   "",   "",   "",   "",   "",   "",   "",   "",   "",   "",   "",   "",   "",   "",   "",   "",   "",   "",   "",   "",   "",   "",   "",   "",   "",   "",   "",   "",   "",   "",   "",   "",   "",   "",   "",   "",   "",   "",   "",   "",   "",   "",   "",   "",   "",   "",   "",   "",   "",   "",   "",   "",   "",   "",   "",   "",   "",   "",   "",   "",   "",   "",   "",   "",   "",   "",   "",   "",   "",   "",   "",   "",   "",   "",   "",   "",   "",   "",   "",   "",   "",   "",   "",   "",   "",   "",   "",   "",   "",   "",   "",   "",   "",   "",   "",   "",   "",   "",   "",   "",   "",   "",   "",   "",   "",   "",   "",   "",   "",   "",   "",   "",   "",   "",   "",   "",   "",   "",   "",   "",   "",   "",   "",   "",   "",   "",   "",   "",   "",   "",   "",   "",   "",   "",   "",   "",   "",   "",   "",   "",   "",   "",   "",   "",   "",   "",   "",   "",   "",   "",   "",   "",   "",   "",   "",   "",   "",   "",   "",   "",   "",   "",   "",   "",   "",   "",   "",   "",   "",   "",   "",   "",   "",   "",   "",   "",   "",   "",   "",   "",   "",   ""))
			, ID3 = as.character(c(  "",   "",   "",   "",   "",   "",   "",   "",   "",   "",   "",   "",   "",   "",   "",   "",   "",   "",   "",   "",   "",   "",   "",   "",   "",   "",   "",   "",   "",   "",   "",   "",   "",   "",   "",   "",   "",   "",   "",   "",   "",   "",   "",   "",   "",   "",   "",   "",   "",   "",   "",   "",   "",   "",   "",   "",   "",   "",   "",   "",   "",   "",   "",   "",   "",   "",   "",   "",   "",   "",   "",   "",   "",   "",   "",   "",   "",   "",   "",   "",   "",   "",   "",   "",   "",   "",   "",   "",   "",   "",   "",   "",   "",   "",   "",   "",   "",   "",   "",   "",   "",   "",   "",   "",   "",   "",   "",   "",   "",   "",   "",   "",   "",   "",   "",   "",   "",   "",   "",   "",   "",   "",   "",   "",   "",   "",   "",   "",   "",   "",   "",   "",   "",   "",   "",   "",   "",   "",   "",   "",   "",   "",   "",   "",   "",   "",   "",   "",   "",   "",   "",   "",   "",   "",   "",   "",   "",   "",   "",   "",   "",   "",   "",   "",   "",   "",   "",   "",   "",   "",   "",   "",   "",   "",   "",   "",   "",   "",   "",   "",   "",   "",   "",   "",   "",   "",   "",   "",   "",   "",   "",   "",   "",   "",   "",   "",   "",   "",   "",   "",   "",   "",   "",   "",   "",   "",   "",   "",   "",   "",   "",   "",   "",   "",   "",   "",   "",   "",   "",   "",   "",   "",   "",   "",   "",   "",   "",   "",   "",   "",   "",   "",   "",   "",   "",   "",   "",   "",   "",   "",   "",   "",   "",   "",   "",   "",   "",   "",   "",   "",   "",   "",   "",   "",   "",   "",   "",   "",   "",   "",   "",   "",   "",   "",   "",   "",   "",   "",   "",   "",   "",   "",   "",   "",   "",   "",   "",   "",   "",   "",   "",   "",   "",   "",   "",   "",   "",   "",   "",   "",   "",   "",   "",   "",   "",   "",   "",   "",   "",   "",   "",   "",   "",   "",   "",   "",   "",   "",   "",   "",   "",   "",   "",   "",   "",   "",   "",   "",   "",   "",   "",   "",   "",   "",   "",   "",   "",   "",   "",   "",   "",   "",   "",   "",   "",   "",   "",   "",   "",   "",   "",   "",   "",   "",   "",   "",   "",   "",   "",   "",   "",   "",   "",   "",   "",   "",   "",   "",   "",   "",   "",   "",   "",   "",   "",   "",   "",   "",   "",   "",   "",   "",   "",   "",   "",   "",   "",   "",   "",   "",   "",   "",   "",   "",   "",   "",   "",   "",   "",   "",   "",   "",   "",   "",   "",   "",   "",   "",   "",   "",   "",   "",   "",   "",   "",   "",   "",   "",   "",   "",   "",   "",   "",   "",   "",   "",   "",   "",   "",   "",   "",   "",   "",   "",   "",   "",   "",   "",   "",   "",   "",   "",   "",   "",   "",   "",   "",   "",   "",   "",   "",   "",   "",   "",   "",   "",   "",   "",   "",   "",   "",   "",   "",   "",   "",   "",   "",   "",   "",   "",   "",   "",   "",   "",   "",   "",   "",   "",   "",   "",   "",   "",   "",   "",   "",   "",   "",   "",   "",   ""))
			, ID4 = as.character(c(  "",   "",   "",   "",   "",   "",   "",   "",   "",   "",   "",   "",   "",   "",   "",   "",   "",   "",   "",   "",   "",   "",   "",   "",   "",   "",   "",   "",   "",   "",   "",   "",   "",   "",   "",   "",   "",   "",   "",   "",   "",   "",   "",   "",   "",   "",   "",   "",   "",   "",   "",   "",   "",   "",   "",   "",   "",   "",   "",   "",   "",   "",   "",   "",   "",   "",   "",   "",   "",   "",   "",   "",   "",   "",   "",   "",   "",   "",   "",   "",   "",   "",   "",   "",   "",   "",   "",   "",   "",   "",   "",   "",   "",   "",   "",   "",   "",   "",   "",   "",   "",   "",   "",   "",   "",   "",   "",   "",   "",   "",   "",   "",   "",   "",   "",   "",   "",   "",   "",   "",   "",   "",   "",   "",   "",   "",   "",   "",   "",   "",   "",   "",   "",   "",   "",   "",   "",   "",   "",   "",   "",   "",   "",   "",   "",   "",   "",   "",   "",   "",   "",   "",   "",   "",   "",   "",   "",   "",   "",   "",   "",   "",   "",   "",   "",   "",   "",   "",   "",   "",   "",   "",   "",   "",   "",   "",   "",   "",   "",   "",   "",   "",   "",   "",   "",   "",   "",   "",   "",   "",   "",   "",   "",   "",   "",   "",   "",   "",   "",   "",   "",   "",   "",   "",   "",   "",   "",   "",   "",   "",   "",   "",   "",   "",   "",   "",   "",   "",   "",   "",   "",   "",   "",   "",   "",   "",   "",   "",   "",   "",   "",   "",   "",   "",   "",   "",   "",   "",   "",   "",   "",   "",   "",   "",   "",   "",   "",   "",   "",   "",   "",   "",   "",   "",   "",   "",   "",   "",   "",   "",   "",   "",   "",   "",   "",   "",   "",   "",   "",   "",   "",   "",   "",   "",   "",   "",   "",   "",   "",   "",   "",   "",   "",   "",   "",   "",   "",   "",   "",   "",   "",   "",   "",   "",   "",   "",   "",   "",   "",   "",   "",   "",   "",   "",   "",   "",   "",   "",   "",   "",   "",   "",   "",   "",   "",   "",   "",   "",   "",   "",   "",   "",   "",   "",   "",   "",   "",   "",   "",   "",   "",   "",   "",   "",   "",   "",   "",   "",   "",   "",   "",   "",   "",   "",   "",   "",   "",   "",   "",   "",   "",   "",   "",   "",   "",   "",   "",   "",   "",   "",   "",   "",   "",   "",   "",   "",   "",   "",   "",   "",   "",   "",   "",   "",   "",   "",   "",   "",   "",   "",   "",   "",   "",   "",   "",   "",   "",   "",   "",   "",   "",   "",   "",   "",   "",   "",   "",   "",   "",   "",   "",   "",   "",   "",   "",   "",   "",   "",   "",   "",   "",   "",   "",   "",   "",   "",   "",   "",   "",   "",   "",   "",   "",   "",   "",   "",   "",   "",   "",   "",   "",   "",   "",   "",   "",   "",   "",   "",   "",   "",   "",   "",   "",   "",   "",   "",   "",   "",   "",   "",   "",   "",   "",   "",   "",   "",   "",   "",   "",   "",   "",   "",   "",   "",   "",   "",   "",   "",   "",   "",   "",   "",   "",   "",   "",   "",   "",   "",   "",   ""))
			, ID5 = as.character(c( "1",  "1",  "1",  "1",  "1",  "1",  "1",  "1",  "2",  "2",  "2",  "2",  "2",  "2",  "2",  "2",  "3",  "3",  "3",  "3",  "3",  "3",  "3",  "3",  "4",  "4",  "4",  "4",  "4",  "4",  "4",  "4",  "5",  "5",  "5",  "5",  "5",  "5",  "5",  "5",  "6",  "6",  "6",  "6",  "6",  "6",  "6",  "6",  "7",  "7",  "7",  "7",  "7",  "7",  "7",  "7",  "8",  "8",  "8",  "8",  "8",  "8",  "8",  "8",  "9",  "9",  "9",  "9",  "9",  "9",  "9",  "9", "10", "10", "10", "10", "10", "10", "10", "10", "11", "11", "11", "11", "11", "11", "11", "11", "12", "12", "12", "12", "12", "12", "12", "12", "13", "13", "13", "13", "13", "13", "13", "13", "14", "14", "14", "14", "14", "14", "14", "14", "15", "15", "15", "15", "15", "15", "15", "15", "16", "16", "16", "16", "16", "16", "16", "16", "17", "17", "17", "17", "17", "17", "17", "17", "18", "18", "18", "18", "18", "18", "18", "18", "19", "19", "19", "19", "19", "19", "19", "19", "20", "20", "20", "20", "20", "20", "20", "20", "21", "21", "21", "21", "21", "21", "21", "21", "22", "22", "22", "22", "22", "22", "22", "22", "23", "23", "23", "23", "23", "23", "23", "23", "24", "24", "24", "24", "24", "24", "24", "24", "25", "25", "25", "25", "25", "25", "25", "25", "26", "26", "26", "26", "26", "26", "26", "26", "27", "27", "27", "27", "27", "27", "27", "27", "28", "28", "28", "28", "28", "28", "28", "28", "29", "29", "29", "29", "29", "29", "29", "29", "30", "30", "30", "30", "30", "30", "30", "30", "31", "31", "31", "31", "31", "31", "31", "31", "32", "32", "32", "32", "32", "32", "32", "32", "33", "33", "33", "33", "33", "33", "33", "33", "34", "34", "34", "34", "34", "34", "34", "34", "35", "35", "35", "35", "35", "35", "35", "35", "36", "36", "36", "36", "36", "36", "36", "36", "37", "37", "37", "37", "37", "37", "37", "37", "38", "38", "38", "38", "38", "38", "38", "38", "39", "39", "39", "39", "39", "39", "39", "39", "40", "40", "40", "40", "40", "40", "40", "40", "41", "41", "41", "41", "41", "41", "41", "41", "42", "42", "42", "42", "42", "42", "42", "42", "43", "43", "43", "43", "43", "43", "43", "43", "44", "44", "44", "44", "44", "44", "44", "44", "45", "45", "45", "45", "45", "45", "45", "45", "46", "46", "46", "46", "46", "46", "46", "46", "47", "47", "47", "47", "47", "47", "47", "47", "48", "48", "48", "48", "48", "48", "48", "48", "49", "49", "49", "49", "49", "49", "49", "49", "50", "50", "50", "50", "50", "50", "50", "50", "51", "51", "51", "51", "51", "51", "51", "51", "52", "52", "52", "52", "52", "52", "52", "52", "53", "53", "53", "53", "53", "53", "53", "53", "54", "54", "54", "54", "54", "54", "54", "54", "55", "55", "55", "55", "55", "55", "55", "55", "56", "56", "56", "56", "56", "56", "56", "56", "57", "57", "57", "57", "57", "57", "57", "57", "58", "58", "58", "58", "58", "58", "58", "58", "59", "59", "59", "59", "59", "59", "59", "59", "60", "60", "60", "60", "60", "60", "60", "60"))
			, IVAR = c(0.64, 1.99, 6.43, 12.03, 22.28, 48.91, 80.15, 138.94, 0.51, 2.49, 6.29, 11.18, 25.51, 43.72, 84.69, 123.55, 0.48, 2, 6.04, 11.31, 22.67, 47.36, 103.04, 108, 0.53, 2.07, 6.67, 11.64, 24.9, 49.3, 90.93, 135.41, 0.56, 2.15, 7.03, 12.69, 21.12, 45.33, 84.94, 114.45, 0.47, 2.01, 5.48, 12.19, 22.48, 57.28, 103.13, 131.43, 0.52, 2.37, 5.63, 11.46, 27.7, 44.98, 94.03, 115.38, 0.48, 1.94, 6.3, 11.79, 22.82, 54.9, 93.96, 117.86, 0.5, 2.15, 5.96, 11.95, 22.42, 46.47, 96.58, 113.14, 0.53, 1.72, 6.19, 10.29, 23.29, 45.53, 89.94, 119.32, 0.41, 2.25, 5.08, 11.46, 21.47, 44.53, 118.28, 120.21, 0.44, 1.7, 6.28, 11.98, 23.25, 43.74, 82.73, 107.77, 0.55, 1.88, 5.22, 14.47, 25.04, 46.87, 106.72, 131.12, 0.47, 2.49, 5.85, 10.41, 23.66, 49.01, 120.92, 121.28, 0.52, 1.98, 5.8, 11.96, 25.97, 59.07, 106.39, 135.41, 0.44, 2.21, 6.13, 10.36, 25.28, 47.24, 111.14, 111.15, 0.48, 1.82, 5.89, 12.49, 22.31, 52.16, 85.08, 108.06, 0.58, 1.81, 6.25, 11.55, 25, 56.83, 112.51, 116.09, 0.4, 2.57, 6.41, 12.67, 23.97, 50.51, 94.43, 125.16, 0.48, 1.74, 6.62, 13.97, 23.27, 42.35, 102.37, 119.46, 0.42, 2, 5.63, 11.6, 21.38, 57.48, 92.87, 102.2, 0.51, 2.05, 5.44, 8.99, 22.51, 50.82, 95.43, 118.83, 0.53, 1.78, 6.7, 11.99, 25.76, 53.23, 98.17, 109.91, 0.56, 1.64, 5.68, 11.7, 23.6, 53.16, 97.32, 124.99, 0.5, 1.95, 6.43, 13.46, 18.87, 50.83, 99.67, 115, 0.55, 1.92, 5.83, 13.07, 28.5, 49.31, 92.03, 106.55, 0.48, 1.82, 5.85, 12.48, 22.04, 62.56, 97.51, 134.36, 0.4, 2.15, 5.26, 13.16, 24.97, 46.08, 109.59, 111.87, 0.47, 1.81, 5.61, 13.19, 25.06, 53.08, 92.33, 124.6, 0.51, 1.73, 7.17, 12.16, 25.91, 52.81, 95.52, 116.39, 0.55, 1.8, 7.31, 11.55, 28.32, 55.84, 96.8, 127, 0.45, 2.07, 6.66, 12.12, 22.93, 44.95, 95.66, 133.54, 0.48, 1.98, 5.27, 12.61, 27.35, 55.75, 99.54, 104.15, 0.52, 2.09, 5.79, 12.21, 22.01, 51.37, 92.91, 102.57, 0.48, 2.29, 5.8, 12.91, 26.38, 48.02, 92.68, 113.81, 0.54, 1.8, 6.15, 11.66, 19.14, 41.69, 105.21, 117.73, 0.54, 2.42, 6.95, 12.84, 24.93, 47.08, 112.41, 127.37, 0.44, 1.97, 4.95, 11.77, 18.52, 54.74, 90.09, 114.95, 0.49, 2.13, 6.42, 12.7, 22.66, 41.88, 92.34, 123.38, 0.46, 1.99, 5.34, 11.99, 24.31, 47.3, 94.44, 143.14, 0.54, 2.24, 5.47, 12.2, 26.94, 47.73, 77.59, 124.21, 0.41, 1.84, 6.85, 12.76, 26.77, 49.49, 94.95, 109.41, 0.59, 2.01, 5.59, 13.08, 26.72, 58.02, 90.38, 115.4, 0.48, 1.93, 5.78, 11.65, 27.72, 44.77, 92.34, 128.09, 0.56, 1.85, 5.7, 12.65, 26.57, 46.81, 83.21, 142.37, 0.58, 1.86, 5.96, 10.06, 25.41, 56.4, 81.5, 111, 0.47, 1.87, 4.9, 12.62, 20.59, 47.88, 101.86, 117.65, 0.55, 1.99, 5.62, 12.8, 22.98, 57.31, 95.82, 130.68, 0.51, 1.48, 5.23, 11.5, 24.58, 37.98, 105.69, 112.96, 0.46, 1.71, 5.19, 12.07, 25.25, 38.92, 86.83, 126.6, 0.48, 2.48, 6.8, 12.74, 24.01, 49.36, 89.46, 127.78, 0.58, 2.23, 5.53, 10.21, 23.74, 50.16, 105.18, 109.89, 0.52, 2.05, 6.76, 11.97, 23.16, 42.8, 91.16, 115.73, 0.63, 2.55, 5.9, 10.81, 19.7, 50.54, 86.08, 150.8, 0.46, 2.02, 8.78, 10.74, 24.75, 42.97, 99.4, 109.97, 0.5, 1.94, 5.33, 12.01, 26.5, 56.29, 83.69, 117.04, 0.56, 1.79, 4.66, 10.93, 21.79, 48.23, 92.2, 122.81, 0.48, 2.08, 5.78, 13.52, 22.29, 49.42, 87.87, 122.52, 0.5, 1.69, 5.91, 13.5, 25.69, 48.69, 85.21, 134.88, 0.5, 1.91, 7.07, 11.11, 24.74, 54.56, 101.96, 116.37)
			, TAD = c(0.64, 1.99, 6.43, 12.03, 22.28, 48.91, 80.15, 138.94, 0.51, 2.49, 6.29, 11.18, 25.51, 43.72, 84.69, 123.55, 0.48, 2, 6.04, 11.31, 22.67, 47.36, 103.04, 108, 0.53, 2.07, 6.67, 11.64, 24.9, 49.3, 90.93, 135.41, 0.56, 2.15, 7.03, 12.69, 21.12, 45.33, 84.94, 114.45, 0.47, 2.01, 5.48, 12.19, 22.48, 57.28, 103.13, 131.43, 0.52, 2.37, 5.63, 11.46, 27.7, 44.98, 94.03, 115.38, 0.48, 1.94, 6.3, 11.79, 22.82, 54.9, 93.96, 117.86, 0.5, 2.15, 5.96, 11.95, 22.42, 46.47, 96.58, 113.14, 0.53, 1.72, 6.19, 10.29, 23.29, 45.53, 89.94, 119.32, 0.41, 2.25, 5.08, 11.46, 21.47, 44.53, 118.28, 120.21, 0.44, 1.7, 6.28, 11.98, 23.25, 43.74, 82.73, 107.77, 0.55, 1.88, 5.22, 14.47, 25.04, 46.87, 106.72, 131.12, 0.47, 2.49, 5.85, 10.41, 23.66, 49.01, 120.92, 121.28, 0.52, 1.98, 5.8, 11.96, 25.97, 59.07, 106.39, 135.41, 0.44, 2.21, 6.13, 10.36, 25.28, 47.24, 111.14, 111.15, 0.48, 1.82, 5.89, 12.49, 22.31, 52.16, 85.08, 108.06, 0.58, 1.81, 6.25, 11.55, 25, 56.83, 112.51, 116.09, 0.4, 2.57, 6.41, 12.67, 23.97, 50.51, 94.43, 125.16, 0.48, 1.74, 6.62, 13.97, 23.27, 42.35, 102.37, 119.46, 0.42, 2, 5.63, 11.6, 21.38, 57.48, 92.87, 102.2, 0.51, 2.05, 5.44, 8.99, 22.51, 50.82, 95.43, 118.83, 0.53, 1.78, 6.7, 11.99, 25.76, 53.23, 98.17, 109.91, 0.56, 1.64, 5.68, 11.7, 23.6, 53.16, 97.32, 124.99, 0.5, 1.95, 6.43, 13.46, 18.87, 50.83, 99.67, 115, 0.55, 1.92, 5.83, 13.07, 28.5, 49.31, 92.03, 106.55, 0.48, 1.82, 5.85, 12.48, 22.04, 62.56, 97.51, 134.36, 0.4, 2.15, 5.26, 13.16, 24.97, 46.08, 109.59, 111.87, 0.47, 1.81, 5.61, 13.19, 25.06, 53.08, 92.33, 124.6, 0.51, 1.73, 7.17, 12.16, 25.91, 52.81, 95.52, 116.39, 0.55, 1.8, 7.31, 11.55, 28.32, 55.84, 96.8, 127, 0.45, 2.07, 6.66, 12.12, 22.93, 44.95, 95.66, 133.54, 0.48, 1.98, 5.27, 12.61, 27.35, 55.75, 99.54, 104.15, 0.52, 2.09, 5.79, 12.21, 22.01, 51.37, 92.91, 102.57, 0.48, 2.29, 5.8, 12.91, 26.38, 48.02, 92.68, 113.81, 0.54, 1.8, 6.15, 11.66, 19.14, 41.69, 105.21, 117.73, 0.54, 2.42, 6.95, 12.84, 24.93, 47.08, 112.41, 127.37, 0.44, 1.97, 4.95, 11.77, 18.52, 54.74, 90.09, 114.95, 0.49, 2.13, 6.42, 12.7, 22.66, 41.88, 92.34, 123.38, 0.46, 1.99, 5.34, 11.99, 24.31, 47.3, 94.44, 143.14, 0.54, 2.24, 5.47, 12.2, 26.94, 47.73, 77.59, 124.21, 0.41, 1.84, 6.85, 12.76, 26.77, 49.49, 94.95, 109.41, 0.59, 2.01, 5.59, 13.08, 26.72, 58.02, 90.38, 115.4, 0.48, 1.93, 5.78, 11.65, 27.72, 44.77, 92.34, 128.09, 0.56, 1.85, 5.7, 12.65, 26.57, 46.81, 83.21, 142.37, 0.58, 1.86, 5.96, 10.06, 25.41, 56.4, 81.5, 111, 0.47, 1.87, 4.9, 12.62, 20.59, 47.88, 101.86, 117.65, 0.55, 1.99, 5.62, 12.8, 22.98, 57.31, 95.82, 130.68, 0.51, 1.48, 5.23, 11.5, 24.58, 37.98, 105.69, 112.96, 0.46, 1.71, 5.19, 12.07, 25.25, 38.92, 86.83, 126.6, 0.48, 2.48, 6.8, 12.74, 24.01, 49.36, 89.46, 127.78, 0.58, 2.23, 5.53, 10.21, 23.74, 50.16, 105.18, 109.89, 0.52, 2.05, 6.76, 11.97, 23.16, 42.8, 91.16, 115.73, 0.63, 2.55, 5.9, 10.81, 19.7, 50.54, 86.08, 150.8, 0.46, 2.02, 8.78, 10.74, 24.75, 42.97, 99.4, 109.97, 0.5, 1.94, 5.33, 12.01, 26.5, 56.29, 83.69, 117.04, 0.56, 1.79, 4.66, 10.93, 21.79, 48.23, 92.2, 122.81, 0.48, 2.08, 5.78, 13.52, 22.29, 49.42, 87.87, 122.52, 0.5, 1.69, 5.91, 13.5, 25.69, 48.69, 85.21, 134.88, 0.5, 1.91, 7.07, 11.11, 24.74, 54.56, 101.96, 116.37)
