dmp.txt <- structure(
	.Data = list(
		"coefficients" = list(
			"fixed" = c("CMultStdev" = 0.510485848224243, "tvVmax" = 1386.68672348805, "tvKm" = 1481.03238543995, "tvV" = 14.1113531769172, "tvKa" = 1.32900078372108, "K12" = 2.02593753994649, "K21" = 3.33408611338329, "K13" = 0.0915492674071207, "K31" = 0.0527808491966347, "CEps" = 0.512566806027032)
			, "random" = list("Subject" = matrix(
				as.numeric(c(
					 0.00725692192414747,  -0.0474920844026187,  0.168073983104083
					,  -0.0369621509044668,  0.0269327762099961,  0.509111241267281
					,  0.618322508394558,  0.250409706652043,  -0.0862652841109864
					,  0.169439291224026,  -0.346669043559698,  -0.0594761180177023
					,  0.0771574097910109,  0.150707564758117,  -0.227903087887058
					,  0.265451040968918,  -0.31257475060855,  -0.187431815873639
					,  0.200690216428108,  -0.73100260083176,  0.179876924439364
					,  -0.365337625930508,  0.269901854870767,  -0.469393804844424
					,  0.269533887581803,  0.680701979734993,  0.543538202364535
					,  -0.795789466433325,  0.410910921407037,  0.827847013627685
					,  -1.04319790813633,  0.0791239518958359,  0.459361126572464
					,  0.140952199408985,  -0.0950764201885005,  0.549686376921808
					,  -0.392336403105666,  0.792634157287955,  0.614579008159694
					,  -0.146467972050488,  -0.117458852640935,  0.568681087851556
					,  0.191208308737695,  -0.941201433814235,  -0.127219116038791
					,  -0.21539866099903,  -0.848059782984864,  0.127084409468089
					,  0.305620852773459,  0.0645569958088838,  -0.191113398777989
					,  0.329062166827878,  -0.207074081381401,  0.616307538913352
					,  -0.0438582342665865,  0.0260889144442083,  -0.31841201693888
					,  -0.0446900446861755,  0.34933359936944,  -0.0274109388037322
					,  -0.669967345907906,  -0.205852966962636,  0.0127888284475599
					,  -0.524911036930413,  -0.0902618920121099,  0.0330843557308533
					,  0.0979094816093765,  -0.2315229888634,  0.107111207881179
					,  -0.277984841809467,  -0.0638997250069004,  0.32990502566363
					,  -0.0023222334537519,  0.386711355582879,  -0.13949547042505
					,  0.0132699270707827,  0.104452205992467,  -0.207896602145915
					,  -0.0267863910928353,  -0.308203395932693,  0.269825660686772
					,  -0.342996482516168,  -0.0813418921579907,  -0.160535552017255
					,  0.140715597255569,  0.302320774721894,  -0.432009847772782
					,  -0.420911136734803,  0.363367430700254,  0.177050718576066
					,  -0.812483785607426,  0.302246433289435,  0.33142966512401
					,  -0.168480500775143,  0.166818073603548,  0.581759437141167
					,  -0.125053878498025,  0.441231527444524,  0.156357519269781
					,  -0.0241075571703932,  -0.475386021740648,  0.308045673510248
					,  0.196701507594326,  -0.225675017216821,  0.220033444366329
					,  0.135340651777203,  -0.524649895989442,  0.276169400919082
					,  -0.051876822961699,  0.208825839000784,  0.277244770861052
					,  -0.272945793946543,  -0.163482014588624,  0.303747835513491
					,  0.38693092594563,  0.266493660985808,  -0.277797531432513
					,  -0.352254368538149,  0.0296394253599512,  -0.227887375070827
					))
				, nrow = 60, ncol = 2
				, dimnames = list(
					as.character(c( "1", "2", "3", "4", "5", "6", "7", "8", "9", "10"
					  , "11", "12", "13", "14", "15", "16", "17", "18", "19", "20"
					  , "21", "22", "23", "24", "25", "26", "27", "28", "29", "30"
					  , "31", "32", "33", "34", "35", "36", "37", "38", "39", "40"
					  , "41", "42", "43", "44", "45", "46", "47", "48", "49", "50"
					  , "51", "52", "53", "54", "55", "56", "57", "58", "59", "60"))
					, as.character(c("nVmax", "nV"))
					)
				))
			)
		, "logLik" = c(-3555.12)
		, "nObs" = c(420)
		, "nSubj" = c(60)
		, "nParm" = c(13)
		, "returnCode" = c(3)
		, "omega" = matrix(
			as.numeric(c(0.266155132861389, 0.0671437322058312, 0.0671437322058312, 0.123177499487716))
			, nrow = 2, ncol = 2
			, dimnames = list(
				as.character(c("nVmax", "nV"))
				, as.character(c("nVmax", "nV"))
				)
			)
		, "eta" = matrix(
			as.numeric(c(0.0402478506828573, -0.0160242000608779, 0.170089411169043, 0.0886236781544147, 0.412418975277621, 0.297697292823456, 0.200586982775292, 0.15177866190731))
			, nrow = 2, ncol = 4
			, dimnames = list(
				as.character(c("nVmax", "nV"))
				, as.character(c("mean", "var", "sd", "shrinkage"))
				)
			)
		, "eta_shrinkage" = list("Subject" = matrix(
			as.numeric(c(
				 0.179254824062677,  0.287193752451664,  0.242720690692087
				,  0.17655191550088,  0.197630755697966,  0.128996630166684
				,  0.107271457397087,  0.149541474986893,  0.367427230420502
				,  0.165114835068683,  0.477146700362724,  0.451478168859178
				,  0.250860170895018,  0.35547898056836,  0.385489964729606
				,  0.169595456141148,  0.431226680835855,  0.33209698475796
				,  0.217635432437015,  0.600324678859159,  0.253692877690114
				,  0.447486390060454,  0.205200989087022,  0.54944838420004
				,  0.216033671999594,  0.119700817753685,  0.0747913244990171
				,  0.553569437133073,  0.231168245792174,  0.106874104433273
				,  0.691109760196394,  0.361251066711971,  0.199911304579862
				,  0.158792888846835,  0.327820314459299,  0.223498040715163
				,  0.512651168868387,  0.13055434369512,  0.136182335087111
				,  0.383548381062209,  0.192726040534476,  0.161274397953721
				,  0.349496614970949,  0.667479541049752,  0.468880926086388
				,  0.394791951279967,  0.656894719260701,  0.347867259147958
				,  0.159208543798843,  0.337688027333927,  0.436240072521662
				,  0.145886161710893,  0.436876862608225,  0.14552742037362
				,  0.422776980268515,  0.37937963562733,  0.434237263064405
				,  0.206721862064129,  0.174095817794913,  0.234434747938522
				,  0.285510676517637,  0.283011563490137,  0.289546076976042
				,  0.28538124260852,  0.286258447055366,  0.296003016760417
				,  0.306969300795648,  0.291994007785223,  0.278497458630205
				,  0.288149293454463,  0.261267771350632,  0.271927908338402
				,  0.281432945234606,  0.284848711395403,  0.273777380174116
				,  0.298881969602066,  0.269903491156884,  0.274039463928797
				,  0.292386218153069,  0.247149861001637,  0.291703756447298
				,  0.263264585484928,  0.297654773366814,  0.25613672398744
				,  0.291968380012786,  0.305221438474804,  0.28894770207717
				,  0.248254789769363,  0.300677191898191,  0.31026424074337
				,  0.236312636196569,  0.285554763335197,  0.30622262907624
				,  0.28934040533212,  0.278344482413649,  0.306295690018231
				,  0.25981276703283,  0.309213182146322,  0.301827710013845
				,  0.274532034541389,  0.272471664900602,  0.311046335312469
				,  0.28626465677428,  0.241897588777494,  0.269949104434782
				,  0.273843386052394,  0.240535537913443,  0.287662215568559
				,  0.303868784416913,  0.285554613488815,  0.270333083852985
				,  0.299728643037898,  0.267294612602082,  0.308543567228449
				,  0.277923985317108,  0.279245699049003,  0.263161544165046
				,  0.28377695505149,  0.292976776814954,  0.285517895065555
				))
			, nrow = 60, ncol = 2
			, dimnames = list(
				as.character(c( "1", "2", "3", "4", "5", "6", "7", "8", "9", "10"
				  , "11", "12", "13", "14", "15", "16", "17", "18", "19", "20"
				  , "21", "22", "23", "24", "25", "26", "27", "28", "29", "30"
				  , "31", "32", "33", "34", "35", "36", "37", "38", "39", "40"
				  , "41", "42", "43", "44", "45", "46", "47", "48", "49", "50"
				  , "51", "52", "53", "54", "55", "56", "57", "58", "59", "60"))
				, as.character(c("nVmax_shrinkage", "nV_shrinkage"))
				)
			))
		, "sigma" = matrix(
			as.numeric(c(0.262724730640753))
			, nrow = 1, ncol = 1
			, dimnames = list(
				as.character(c("CEps"))
				, as.character(c("CEps"))
				)
			)
		, "method" = "FOCE-ELS"
		, "varFix" = matrix(
			as.numeric(c(0.00135261854543545, -20.7285495273665, -47.5074991843338, 0.127233714310706, 0.00357716673115527, -0.0448804448259427, -0.00203882684844282, -0.00027523229930546, 0.000114848511208078, 0.00807875966793924, -20.7285495273665, 2879137.20466867, 5707027.97230737, 1448.80953373943, -220.915658519488, -2514.03098471335, -3428.8169750428, -36.5211823927729, 5.37108146200529, -362.925528098443, -47.5074991843338, 5707027.97230737, 11497624.7965621, 1658.31699752157, -371.422714970519, -3827.98136379082, -5642.88929167671, -71.3406049581608, 6.03148492118762, -934.852546848422, 0.127233714310706, 1448.80953373943, 1658.31699752157, 481.773155976367, 1.81466176886663, -295.969970159439, -191.137160581449, -3.19081947802349, -0.0332906182509804, 88.0296790348112, 0.00357716673115527, -220.915658519488, -371.422714970519, 1.81466176886663, 1.18788675003544, 7.27654993450847, 12.2649109869288, -0.0265607126690487, -0.00840713364645313, -3.7062496849415, -0.0448804448259427, -2514.03098471335, -3827.98136379082, -295.969970159439, 7.27654993450847, 242.1364299905, 210.735893749879, 1.8675652948781, -0.0344613259525049, -83.2190660230841, -0.00203882684844282, -3428.8169750428, -5642.88929167671, -191.137160581449, 12.2649109869288, 210.735893749879, 221.036499586756, 1.13209317581462, -0.0688441440475641, -79.8107174749394, -0.00027523229930546, -36.5211823927729, -71.3406049581608, -3.19081947802349, -0.0265607126690487, 1.8675652948781, 1.13209317581462, 0.0221348865089868, 0.000560016143515351, -0.532987116985173, 0.000114848511208078, 5.37108146200529, 6.03148492118762, -0.0332906182509804, -0.00840713364645313, -0.0344613259525049, -0.0688441440475641, 0.000560016143515351, 0.000271509185893271, 0.0113964250648395, 0.00807875966793924, -362.925528098443, -934.852546848422, 88.0296790348112, -3.7062496849415, -83.2190660230841, -79.8107174749394, -0.532987116985173, 0.0113964250648395, 31.8114672704241))
			, nrow = 10, ncol = 10
			, dimnames = list(
				as.character(c("CMultStdev", "tvVmax", "tvKm", "tvV", "tvKa", "K12", "K21", "K13", "K31", "CEps"))
				, as.character(c("CMultStdev", "tvVmax", "tvKm", "tvV", "tvKa", "K12", "K21", "K13", "K31", "CEps"))
				)
			)
		, "omegaSE" = matrix(
			as.numeric(c(0.174930912969515, 0.055768762729466, 0.055768762729466, 0.0414522312701522))
			, nrow = 2, ncol = 2, byrow = TRUE
			, dimnames = list(
				as.character(c("nVmax", "nV"))
				, as.character(c("nVmax", "nV"))
				)
			)
		, "Covariance" = matrix(
			as.numeric(c(0.0013526185, -20.72855, -47.507499, 0.12723371, 0.0035771667, -0.044880445, -0.0020388268, -0.0002752323, 0.00011484851, 0.0080787597, -0.0019570431, -0.00049355689, 0.00020906157, -20.72855, 2879137.2,   5707028, 1448.8095, -220.91566, -2514.031, -3428.817, -36.521182, 5.3710815, -362.92553, 237.57558, 61.867224, -18.772919, -47.507499,   5707028,  11497625,  1658.317, -371.42271, -3827.9814, -5642.8893, -71.340605, 6.0314849, -934.85255, 477.04479, 128.55583, -38.477036, 0.12723371, 1448.8095,  1658.317, 481.77316, 1.8146618, -295.96997, -191.13716, -3.1908195, -0.033290618, 88.029679, 0.45448839, 0.063677856, 0.11755063, 0.0035771667, -220.91566, -371.42271, 1.8146618, 1.1878868, 7.2765499, 12.264911, -0.026560713, -0.0084071336, -3.7062497, 0.011215586, 0.0026442452, -0.0026775492, -0.044880445, -2514.031, -3827.9814, -295.96997, 7.2765499, 242.13643, 210.73589, 1.8675653, -0.034461326, -83.219066, -0.21646303, -0.025496171, -0.093354631, -0.0020388268, -3428.817, -5642.8893, -191.13716, 12.264911, 210.73589,  221.0365, 1.1320932, -0.068844144, -79.810717, -0.12014895, -0.013241414, -0.087414564, -0.0002752323, -36.521182, -71.340605, -3.1908195, -0.026560713, 1.8675653, 1.1320932, 0.022134887, 0.00056001614, -0.53298712, -0.0059146632, -0.0013999428, -0.00053075899, 0.00011484851, 5.3710815, 6.0314849, -0.033290618, -0.0084071336, -0.034461326, -0.068844144, 0.00056001614, 0.00027150919, 0.011396425, -0.00024912441, -0.00021951888, -2.5303893e-005, 0.0080787597, -362.92553, -934.85255, 88.029679, -3.7062497, -83.219066, -79.810717, -0.53298712, 0.011396425, 31.811467, -0.070175608, -0.018414097, 0.040133532, -0.0019570431, 237.57558, 477.04479, 0.45448839, 0.011215586, -0.21646303, -0.12014895, -0.0059146632, -0.00024912441, -0.070175608, 0.030600824, 0.0058644611, -0.0017587966, -0.00049355689, 61.867224, 128.55583, 0.063677856, 0.0026442452, -0.025496171, -0.013241414, -0.0013999428, -0.00021951888, -0.018414097, 0.0058644611, 0.0031101549, -8.1089652e-005, 0.00020906157, -18.772919, -38.477036, 0.11755063, -0.0026775492, -0.093354631, -0.087414564, -0.00053075899, -2.5303893e-005, 0.040133532, -0.0017587966, -8.1089652e-005, 0.0017182875))
			, nrow = 13, ncol = 13
			, dimnames = list(
				as.character(c("CMultStdev", "tvVmax", "tvKm", "tvV", "tvKa", "K12", "K21", "K13", "K31", "stdev0", "nVmax-nVmax", "nV-nVmax", "nV-nV"))
				, as.character(c("CMultStdev", "tvVmax", "tvKm", "tvV", "tvKa", "K12", "K21", "K13", "K31", "stdev0", "nVmax-nVmax", "nV-nVmax", "nV-nV"))
				)
			)
		, "Correlation" = matrix(
			as.numeric(c(0.036777963, -0.33216209, -0.38095216, 0.15761344, 0.089240911, -0.078422271, -0.0037287278, -0.05030059, 0.18951581, 0.038946207, -0.30419087, -0.24063486, 0.13713194, -0.33216209, 1696.8021, 0.99191568, 0.038900825, -0.11945595, -0.095215878, -0.1359193, -0.14466884, 0.19210483, -0.037922284, 0.80039443, 0.65379025, -0.26690254, -0.38095216, 0.99191568, 3390.8148, 0.022281385, -0.1005025, -0.07254971, -0.11193489, -0.14141454, 0.10795131, -0.048881801, 0.8042453, 0.67982435, -0.27374717, 0.15761344, 0.038900825, 0.022281385, 21.949332, 0.075855464, -0.8665553, -0.5857224, -0.97710736, -0.092046716, 0.71107592, 0.11836817, 0.052020692, 0.12919799, 0.089240911, -0.11945595, -0.1005025, 0.075855464, 1.0899022, 0.42905002, 0.75691112, -0.16379987, -0.46813183, -0.60291391, 0.058825806, 0.0435034, -0.059265511, -0.078422271, -0.095215878, -0.07254971, -0.8665553, 0.42905002, 15.560734, 0.91091205, 0.80669075, -0.13440321, -0.94820211, -0.079521966, -0.029380142, -0.14472978, -0.0037287278, -0.1359193, -0.11193489, -0.5857224, 0.75691112, 0.91091205, 14.867296, 0.51181325, -0.28102357, -0.95178174, -0.046197813, -0.015970236, -0.14184169, -0.05030059, -0.14466884, -0.14141454, -0.97710736, -0.16379987, 0.80669075, 0.51181325, 0.14877798, 0.22843868, -0.63516449, -0.22726095, -0.16872546, -0.086061873, 0.18951581, 0.19210483, 0.10795131, -0.092046716, -0.46813183, -0.13440321, -0.28102357, 0.22843868, 0.016477536, 0.12262655, -0.086428596, -0.23888485, -0.037046499, 0.038946207, -0.037922284, -0.048881801, 0.71107592, -0.60291391, -0.94820211, -0.95178174, -0.63516449, 0.12262655, 5.6401655, -0.0711259, -0.058542002, 0.17165941, -0.30419087, 0.80039443, 0.8042453, 0.11836817, 0.058825806, -0.079521966, -0.046197813, -0.22726095, -0.086428596, -0.0711259, 0.17493091, 0.60113296, -0.24254993, -0.24063486, 0.65379025, 0.67982435, 0.052020692, 0.0435034, -0.029380142, -0.015970236, -0.16872546, -0.23888485, -0.058542002, 0.60113296, 0.055768763, -0.035077329, 0.13713194, -0.26690254, -0.27374717, 0.12919799, -0.059265511, -0.14472978, -0.14184169, -0.086061873, -0.037046499, 0.17165941, -0.24254993, -0.035077329, 0.041452231))
			, nrow = 13, ncol = 13
			, dimnames = list(
				as.character(c("CMultStdev", "tvVmax", "tvKm", "tvV", "tvKa", "K12", "K21", "K13", "K31", "stdev0", "nVmax-nVmax", "nV-nVmax", "nV-nV"))
				, as.character(c("CMultStdev", "tvVmax", "tvKm", "tvV", "tvKa", "K12", "K21", "K13", "K31", "stdev0", "nVmax-nVmax", "nV-nVmax", "nV-nV"))
				)
			)
		, "Inverse" = matrix(
			as.numeric(c(1586.6082, -0.047328036, 0.015742354, -26.545387, -36.682872, -30.389535, 22.570521, -2363.1211,  2051.022, 5.4477851, 112.59253, -130.08029, 180.54115, -0.047328036, 6.8240865e-005, -3.040466e-005, -0.0013415535, 0.0039866069, -0.0058910194, 0.0038913804, 0.17678123, -0.94569824, 0.001617953, -0.027690759, -0.040741157, 0.018993209, 0.015742354, -3.040466e-005, 1.4723098e-005, 0.0010422961, 0.0042231528, 0.0024210305, -0.002091627, 0.030815132, 0.28030951, -0.0007868851, 0.0044538599, 0.0051623094, -0.0071771575, -26.545387, -0.0013415535, 0.0010422961, 1.7521253, -3.1238686, 2.9250573, -1.5038296, 82.683727, -53.295134, 0.10212315, -3.1355655, 3.4339777, -11.084215, -36.682872, 0.0039866069, 0.0042231528, -3.1238686, 150.79121, -10.893754, -5.693878,  978.0517, -752.85448,  0.246891, -25.360978, -1.8971176, -31.048751, -30.389535, -0.0058910194, 0.0024210305, 2.9250573, -10.893754, 7.0545182, -3.195683, -4.5933736, 163.13179, 0.99202681, 2.2777901, 16.342762, -21.919898, 22.570521, 0.0038913804, -0.002091627, -1.5038296, -5.693878, -3.195683, 2.4534815, -81.450667, -15.601873, -0.11058924,  1.845528, -8.9514891, 16.793423, -2363.1211, 0.17678123, 0.030815132, 82.683727,  978.0517, -4.5933736, -81.450667, 17804.007, -20751.713, -22.934169, -683.63449, -387.36719, -605.21637,  2051.022, -0.94569824, 0.28030951, -53.295134, -752.85448, 163.13179, -15.601873, -20751.713, 44528.225,  84.99742, 1377.5658, 2261.2776, 14.595144, 5.4477851, 0.001617953, -0.0007868851, 0.10212315,  0.246891, 0.99202681, -0.11058924, -22.934169,  84.99742, 1.6858452,   4.45292, 3.8427031, 0.5936666, 112.59253, -0.027690759, 0.0044538599, -3.1355655, -25.360978, 2.2777901,  1.845528, -683.63449, 1377.5658,   4.45292, 150.18867, 30.518425, 36.416583, -130.08029, -0.040741157, 0.0051623094, 3.4339777, -1.8971176, 16.342762, -8.9514891, -387.36719, 2261.2776, 3.8427031, 30.518425, 869.73314, -222.87761, 180.54115, 0.018993209, -0.0071771575, -11.084215, -31.048751, -21.919898, 16.793423, -605.21637, 14.595144, 0.5936666, 36.416583, -222.87761, 806.29189))
			, nrow = 13, ncol = 13
			, dimnames = list(
				as.character(c("CMultStdev", "tvVmax", "tvKm", "tvV", "tvKa", "K12", "K21", "K13", "K31", "stdev0", "nVmax-nVmax", "nV-nVmax", "nV-nV"))
				, as.character(c("CMultStdev", "tvVmax", "tvKm", "tvV", "tvKa", "K12", "K21", "K13", "K31", "stdev0", "nVmax-nVmax", "nV-nVmax", "nV-nV"))
				)
			)
		, "LLTable" = data.frame(
			id = as.character(c( "1", "2", "3", "4", "5", "6", "7", "8", "9", "10", "11", "12", "13", "14", "15", "16", "17", "18", "19", "20", "21", "22", "23", "24", "25", "26", "27", "28", "29", "30", "31", "32", "33", "34", "35", "36", "37", "38", "39", "40", "41", "42", "43", "44", "45", "46", "47", "48", "49", "50", "51", "52", "53", "54", "55", "56", "57", "58", "59", "60"))
			, "LL" = c(-66.139191, -60.670952, -58.691285, -64.105908, -60.236465, -56.946713, -57.845023, -58.552566, -57.468681, -61.253828, -60.152227, -57.300351, -57.886524, -56.515379, -59.932221, -58.373752, -58.673332, -59.956995, -58.330297, -62.390976, -55.345462, -62.779303, -58.254347, -64.111661, -58.100646, -54.156003, -62.554219, -65.078204, -55.81708, -55.456975, -70.339455, -55.983779, -56.824013, -58.350798, -57.282963, -54.47569, -59.143542, -52.982745, -55.149578, -58.771368, -65.535108, -55.028763, -56.715876, -66.084732, -57.427792, -58.065217, -66.947545, -55.84288, -61.55683, -56.420841, -57.671433, -62.768782, -59.173099, -54.356012, -56.031429, -57.378664, -61.421742, -61.621897, -59.977545, -62.709017)
			) # end of LLTable
		, "residuals" = data.frame(
			  ID1 = as.character(c(  "",   "",   "",   "",   "",   "",   "",   "",   "",   "",   "",   "",   "",   "",   "",   "",   "",   "",   "",   "",   "",   "",   "",   "",   "",   "",   "",   "",   "",   "",   "",   "",   "",   "",   "",   "",   "",   "",   "",   "",   "",   "",   "",   "",   "",   "",   "",   "",   "",   "",   "",   "",   "",   "",   "",   "",   "",   "",   "",   "",   "",   "",   "",   "",   "",   "",   "",   "",   "",   "",   "",   "",   "",   "",   "",   "",   "",   "",   "",   "",   "",   "",   "",   "",   "",   "",   "",   "",   "",   "",   "",   "",   "",   "",   "",   "",   "",   "",   "",   "",   "",   "",   "",   "",   "",   "",   "",   "",   "",   "",   "",   "",   "",   "",   "",   "",   "",   "",   "",   "",   "",   "",   "",   "",   "",   "",   "",   "",   "",   "",   "",   "",   "",   "",   "",   "",   "",   "",   "",   "",   "",   "",   "",   "",   "",   "",   "",   "",   "",   "",   "",   "",   "",   "",   "",   "",   "",   "",   "",   "",   "",   "",   "",   "",   "",   "",   "",   "",   "",   "",   "",   "",   "",   "",   "",   "",   "",   "",   "",   "",   "",   "",   "",   "",   "",   "",   "",   "",   "",   "",   "",   "",   "",   "",   "",   "",   "",   "",   "",   "",   "",   "",   "",   "",   "",   "",   "",   "",   "",   "",   "",   "",   "",   "",   "",   "",   "",   "",   "",   "",   "",   "",   "",   "",   "",   "",   "",   "",   "",   "",   "",   "",   "",   "",   "",   "",   "",   "",   "",   "",   "",   "",   "",   "",   "",   "",   "",   "",   "",   "",   "",   "",   "",   "",   "",   "",   "",   "",   "",   "",   "",   "",   "",   "",   "",   "",   "",   "",   "",   "",   "",   "",   "",   "",   "",   "",   "",   "",   "",   "",   "",   "",   "",   "",   "",   "",   "",   "",   "",   "",   "",   "",   "",   "",   "",   "",   "",   "",   "",   "",   "",   "",   "",   "",   "",   "",   "",   "",   "",   "",   "",   "",   "",   "",   "",   "",   "",   "",   "",   "",   "",   "",   "",   "",   "",   "",   "",   "",   "",   "",   "",   "",   "",   "",   "",   "",   "",   "",   "",   "",   "",   "",   "",   "",   "",   "",   "",   "",   "",   "",   "",   "",   "",   "",   "",   "",   "",   "",   "",   "",   "",   "",   "",   "",   "",   "",   "",   "",   "",   "",   "",   "",   "",   "",   "",   "",   "",   "",   "",   "",   "",   "",   "",   "",   "",   "",   "",   "",   "",   "",   "",   "",   "",   "",   "",   "",   "",   "",   "",   "",   "",   "",   "",   "",   "",   "",   "",   "",   "",   "",   "",   "",   "",   "",   "",   "",   "",   "",   "",   ""))
			, ID2 = as.character(c(  "",   "",   "",   "",   "",   "",   "",   "",   "",   "",   "",   "",   "",   "",   "",   "",   "",   "",   "",   "",   "",   "",   "",   "",   "",   "",   "",   "",   "",   "",   "",   "",   "",   "",   "",   "",   "",   "",   "",   "",   "",   "",   "",   "",   "",   "",   "",   "",   "",   "",   "",   "",   "",   "",   "",   "",   "",   "",   "",   "",   "",   "",   "",   "",   "",   "",   "",   "",   "",   "",   "",   "",   "",   "",   "",   "",   "",   "",   "",   "",   "",   "",   "",   "",   "",   "",   "",   "",   "",   "",   "",   "",   "",   "",   "",   "",   "",   "",   "",   "",   "",   "",   "",   "",   "",   "",   "",   "",   "",   "",   "",   "",   "",   "",   "",   "",   "",   "",   "",   "",   "",   "",   "",   "",   "",   "",   "",   "",   "",   "",   "",   "",   "",   "",   "",   "",   "",   "",   "",   "",   "",   "",   "",   "",   "",   "",   "",   "",   "",   "",   "",   "",   "",   "",   "",   "",   "",   "",   "",   "",   "",   "",   "",   "",   "",   "",   "",   "",   "",   "",   "",   "",   "",   "",   "",   "",   "",   "",   "",   "",   "",   "",   "",   "",   "",   "",   "",   "",   "",   "",   "",   "",   "",   "",   "",   "",   "",   "",   "",   "",   "",   "",   "",   "",   "",   "",   "",   "",   "",   "",   "",   "",   "",   "",   "",   "",   "",   "",   "",   "",   "",   "",   "",   "",   "",   "",   "",   "",   "",   "",   "",   "",   "",   "",   "",   "",   "",   "",   "",   "",   "",   "",   "",   "",   "",   "",   "",   "",   "",   "",   "",   "",   "",   "",   "",   "",   "",   "",   "",   "",   "",   "",   "",   "",   "",   "",   "",   "",   "",   "",   "",   "",   "",   "",   "",   "",   "",   "",   "",   "",   "",   "",   "",   "",   "",   "",   "",   "",   "",   "",   "",   "",   "",   "",   "",   "",   "",   "",   "",   "",   "",   "",   "",   "",   "",   "",   "",   "",   "",   "",   "",   "",   "",   "",   "",   "",   "",   "",   "",   "",   "",   "",   "",   "",   "",   "",   "",   "",   "",   "",   "",   "",   "",   "",   "",   "",   "",   "",   "",   "",   "",   "",   "",   "",   "",   "",   "",   "",   "",   "",   "",   "",   "",   "",   "",   "",   "",   "",   "",   "",   "",   "",   "",   "",   "",   "",   "",   "",   "",   "",   "",   "",   "",   "",   "",   "",   "",   "",   "",   "",   "",   "",   "",   "",   "",   "",   "",   "",   "",   "",   "",   "",   "",   "",   "",   "",   "",   "",   "",   "",   "",   "",   "",   "",   "",   "",   "",   "",   "",   "",   "",   "",   "",   "",   "",   "",   "",   "",   "",   ""))
			, ID3 = as.character(c(  "",   "",   "",   "",   "",   "",   "",   "",   "",   "",   "",   "",   "",   "",   "",   "",   "",   "",   "",   "",   "",   "",   "",   "",   "",   "",   "",   "",   "",   "",   "",   "",   "",   "",   "",   "",   "",   "",   "",   "",   "",   "",   "",   "",   "",   "",   "",   "",   "",   "",   "",   "",   "",   "",   "",   "",   "",   "",   "",   "",   "",   "",   "",   "",   "",   "",   "",   "",   "",   "",   "",   "",   "",   "",   "",   "",   "",   "",   "",   "",   "",   "",   "",   "",   "",   "",   "",   "",   "",   "",   "",   "",   "",   "",   "",   "",   "",   "",   "",   "",   "",   "",   "",   "",   "",   "",   "",   "",   "",   "",   "",   "",   "",   "",   "",   "",   "",   "",   "",   "",   "",   "",   "",   "",   "",   "",   "",   "",   "",   "",   "",   "",   "",   "",   "",   "",   "",   "",   "",   "",   "",   "",   "",   "",   "",   "",   "",   "",   "",   "",   "",   "",   "",   "",   "",   "",   "",   "",   "",   "",   "",   "",   "",   "",   "",   "",   "",   "",   "",   "",   "",   "",   "",   "",   "",   "",   "",   "",   "",   "",   "",   "",   "",   "",   "",   "",   "",   "",   "",   "",   "",   "",   "",   "",   "",   "",   "",   "",   "",   "",   "",   "",   "",   "",   "",   "",   "",   "",   "",   "",   "",   "",   "",   "",   "",   "",   "",   "",   "",   "",   "",   "",   "",   "",   "",   "",   "",   "",   "",   "",   "",   "",   "",   "",   "",   "",   "",   "",   "",   "",   "",   "",   "",   "",   "",   "",   "",   "",   "",   "",   "",   "",   "",   "",   "",   "",   "",   "",   "",   "",   "",   "",   "",   "",   "",   "",   "",   "",   "",   "",   "",   "",   "",   "",   "",   "",   "",   "",   "",   "",   "",   "",   "",   "",   "",   "",   "",   "",   "",   "",   "",   "",   "",   "",   "",   "",   "",   "",   "",   "",   "",   "",   "",   "",   "",   "",   "",   "",   "",   "",   "",   "",   "",   "",   "",   "",   "",   "",   "",   "",   "",   "",   "",   "",   "",   "",   "",   "",   "",   "",   "",   "",   "",   "",   "",   "",   "",   "",   "",   "",   "",   "",   "",   "",   "",   "",   "",   "",   "",   "",   "",   "",   "",   "",   "",   "",   "",   "",   "",   "",   "",   "",   "",   "",   "",   "",   "",   "",   "",   "",   "",   "",   "",   "",   "",   "",   "",   "",   "",   "",   "",   "",   "",   "",   "",   "",   "",   "",   "",   "",   "",   "",   "",   "",   "",   "",   "",   "",   "",   "",   "",   "",   "",   "",   "",   "",   "",   "",   "",   "",   "",   "",   "",   "",   "",   "",   "",   "",   "",   ""))
			, ID4 = as.character(c(  "",   "",   "",   "",   "",   "",   "",   "",   "",   "",   "",   "",   "",   "",   "",   "",   "",   "",   "",   "",   "",   "",   "",   "",   "",   "",   "",   "",   "",   "",   "",   "",   "",   "",   "",   "",   "",   "",   "",   "",   "",   "",   "",   "",   "",   "",   "",   "",   "",   "",   "",   "",   "",   "",   "",   "",   "",   "",   "",   "",   "",   "",   "",   "",   "",   "",   "",   "",   "",   "",   "",   "",   "",   "",   "",   "",   "",   "",   "",   "",   "",   "",   "",   "",   "",   "",   "",   "",   "",   "",   "",   "",   "",   "",   "",   "",   "",   "",   "",   "",   "",   "",   "",   "",   "",   "",   "",   "",   "",   "",   "",   "",   "",   "",   "",   "",   "",   "",   "",   "",   "",   "",   "",   "",   "",   "",   "",   "",   "",   "",   "",   "",   "",   "",   "",   "",   "",   "",   "",   "",   "",   "",   "",   "",   "",   "",   "",   "",   "",   "",   "",   "",   "",   "",   "",   "",   "",   "",   "",   "",   "",   "",   "",   "",   "",   "",   "",   "",   "",   "",   "",   "",   "",   "",   "",   "",   "",   "",   "",   "",   "",   "",   "",   "",   "",   "",   "",   "",   "",   "",   "",   "",   "",   "",   "",   "",   "",   "",   "",   "",   "",   "",   "",   "",   "",   "",   "",   "",   "",   "",   "",   "",   "",   "",   "",   "",   "",   "",   "",   "",   "",   "",   "",   "",   "",   "",   "",   "",   "",   "",   "",   "",   "",   "",   "",   "",   "",   "",   "",   "",   "",   "",   "",   "",   "",   "",   "",   "",   "",   "",   "",   "",   "",   "",   "",   "",   "",   "",   "",   "",   "",   "",   "",   "",   "",   "",   "",   "",   "",   "",   "",   "",   "",   "",   "",   "",   "",   "",   "",   "",   "",   "",   "",   "",   "",   "",   "",   "",   "",   "",   "",   "",   "",   "",   "",   "",   "",   "",   "",   "",   "",   "",   "",   "",   "",   "",   "",   "",   "",   "",   "",   "",   "",   "",   "",   "",   "",   "",   "",   "",   "",   "",   "",   "",   "",   "",   "",   "",   "",   "",   "",   "",   "",   "",   "",   "",   "",   "",   "",   "",   "",   "",   "",   "",   "",   "",   "",   "",   "",   "",   "",   "",   "",   "",   "",   "",   "",   "",   "",   "",   "",   "",   "",   "",   "",   "",   "",   "",   "",   "",   "",   "",   "",   "",   "",   "",   "",   "",   "",   "",   "",   "",   "",   "",   "",   "",   "",   "",   "",   "",   "",   "",   "",   "",   "",   "",   "",   "",   "",   "",   "",   "",   "",   "",   "",   "",   "",   "",   "",   "",   "",   "",   "",   "",   "",   "",   "",   "",   "",   ""))
			, ID5 = as.character(c( "1",  "1",  "1",  "1",  "1",  "1",  "1",  "2",  "2",  "2",  "2",  "2",  "2",  "2",  "3",  "3",  "3",  "3",  "3",  "3",  "3",  "4",  "4",  "4",  "4",  "4",  "4",  "4",  "5",  "5",  "5",  "5",  "5",  "5",  "5",  "6",  "6",  "6",  "6",  "6",  "6",  "6",  "7",  "7",  "7",  "7",  "7",  "7",  "7",  "8",  "8",  "8",  "8",  "8",  "8",  "8",  "9",  "9",  "9",  "9",  "9",  "9",  "9", "10", "10", "10", "10", "10", "10", "10", "11", "11", "11", "11", "11", "11", "11", "12", "12", "12", "12", "12", "12", "12", "13", "13", "13", "13", "13", "13", "13", "14", "14", "14", "14", "14", "14", "14", "15", "15", "15", "15", "15", "15", "15", "16", "16", "16", "16", "16", "16", "16", "17", "17", "17", "17", "17", "17", "17", "18", "18", "18", "18", "18", "18", "18", "19", "19", "19", "19", "19", "19", "19", "20", "20", "20", "20", "20", "20", "20", "21", "21", "21", "21", "21", "21", "21", "22", "22", "22", "22", "22", "22", "22", "23", "23", "23", "23", "23", "23", "23", "24", "24", "24", "24", "24", "24", "24", "25", "25", "25", "25", "25", "25", "25", "26", "26", "26", "26", "26", "26", "26", "27", "27", "27", "27", "27", "27", "27", "28", "28", "28", "28", "28", "28", "28", "29", "29", "29", "29", "29", "29", "29", "30", "30", "30", "30", "30", "30", "30", "31", "31", "31", "31", "31", "31", "31", "32", "32", "32", "32", "32", "32", "32", "33", "33", "33", "33", "33", "33", "33", "34", "34", "34", "34", "34", "34", "34", "35", "35", "35", "35", "35", "35", "35", "36", "36", "36", "36", "36", "36", "36", "37", "37", "37", "37", "37", "37", "37", "38", "38", "38", "38", "38", "38", "38", "39", "39", "39", "39", "39", "39", "39", "40", "40", "40", "40", "40", "40", "40", "41", "41", "41", "41", "41", "41", "41", "42", "42", "42", "42", "42", "42", "42", "43", "43", "43", "43", "43", "43", "43", "44", "44", "44", "44", "44", "44", "44", "45", "45", "45", "45", "45", "45", "45", "46", "46", "46", "46", "46", "46", "46", "47", "47", "47", "47", "47", "47", "47", "48", "48", "48", "48", "48", "48", "48", "49", "49", "49", "49", "49", "49", "49", "50", "50", "50", "50", "50", "50", "50", "51", "51", "51", "51", "51", "51", "51", "52", "52", "52", "52", "52", "52", "52", "53", "53", "53", "53", "53", "53", "53", "54", "54", "54", "54", "54", "54", "54", "55", "55", "55", "55", "55", "55", "55", "56", "56", "56", "56", "56", "56", "56", "57", "57", "57", "57", "57", "57", "57", "58", "58", "58", "58", "58", "58", "58", "59", "59", "59", "59", "59", "59", "59", "60", "60", "60", "60", "60", "60", "60"))
			, IVAR = c(0.64, 1.99, 6.43, 12.03, 22.28, 48.91, 80.15, 0.58, 2.03, 7.46, 12.58, 22.36, 51.02, 87.44, 0.44, 2.06, 5.74, 12, 24.18, 45.25, 90.69, 0.49, 2.25, 5.15, 12.73, 24.81, 53.38, 93.12, 0.52, 2.05, 5.68, 13.54, 26.95, 51.48, 112.51, 0.53, 1.76, 5.67, 10.62, 22.89, 45.11, 96.41, 0.46, 2.03, 5.62, 14.32, 25.78, 52.57, 99.76, 0.59, 1.88, 5.73, 13.85, 22.49, 47.01, 92.3, 0.48, 1.94, 6.3, 11.79, 22.82, 54.9, 93.96, 0.49, 1.98, 6.44, 11.91, 23.91, 44.84, 92.94, 0.5, 1.89, 6.33, 10.31, 24.75, 41.16, 93.15, 0.47, 1.87, 5.97, 9.91, 27, 40.64, 91.65, 0.45, 1.86, 7.39, 12.02, 21.1, 40.74, 100.42, 0.5, 1.94, 5.47, 10.34, 21.55, 53.05, 90.22, 0.44, 2.41, 6.26, 11.72, 26.68, 52.45, 90.24, 0.62, 1.95, 5.2, 11.83, 24.5, 60.46, 97.02, 0.52, 1.98, 5.8, 11.96, 25.97, 59.07, 106.39, 0.56, 1.77, 6.62, 12.27, 20.72, 50.57, 94.49, 0.58, 1.85, 5.75, 10.94, 23.58, 49.97, 89.23, 0.54, 1.77, 5.4, 13.86, 21.68, 50.02, 92.41, 0.52, 2.37, 7.03, 11.61, 19.1, 61.62, 102.62, 0.53, 2, 6.31, 11.8, 25.03, 46.12, 83.71, 0.55, 2.33, 5.82, 10.59, 25.59, 47.79, 80.72, 0.5, 1.88, 5.8, 10.69, 28.74, 46.44, 81.76, 0.51, 2.05, 5.44, 8.99, 22.51, 50.82, 95.43, 0.5, 2.12, 5.33, 13.39, 23.99, 51.52, 106.46, 0.51, 1.83, 6.74, 9.82, 22.73, 46.79, 94.42, 0.55, 2.03, 6.25, 11.92, 23.41, 51.46, 107.66, 0.39, 2.12, 6.23, 11.5, 26.39, 46.17, 93.31, 0.54, 2.38, 6.16, 11.5, 21.31, 46.44, 87.39, 0.49, 2.08, 5.51, 15.64, 24.38, 53.74, 76.36, 0.54, 1.75, 6.58, 12.49, 23.04, 54.8, 89.5, 0.47, 1.81, 5.61, 13.19, 25.06, 53.08, 92.33, 0.52, 2.05, 5.2, 14.34, 24.32, 51.82, 105.62, 0.5, 1.94, 6.56, 10.81, 29.23, 46.19, 113.27, 0.58, 2.02, 6.35, 10.83, 24.79, 53.28, 96.96, 0.48, 1.87, 5.98, 13.35, 22.87, 47.42, 84.35, 0.53, 2.28, 6.97, 13.02, 19.91, 50.37, 100.48, 0.48, 2.03, 5.5, 12.84, 23.23, 41.03, 92.54, 0.57, 1.93, 6.46, 13.19, 24.01, 46.34, 91.05, 0.54, 1.8, 6.15, 11.66, 19.14, 41.69, 105.21, 0.49, 2.17, 7.25, 13.91, 25.68, 49.86, 94.17, 0.59, 2.12, 5.34, 11.81, 19.81, 47.07, 74.08, 0.57, 1.88, 5.75, 11.8, 25.52, 51.37, 101.61, 0.47, 1.75, 5.77, 12.34, 22.1, 47.67, 85.42, 0.5, 2.03, 5.91, 11.8, 28.63, 51.8, 107.29, 0.46, 2.03, 6.73, 11.93, 19.4, 49.68, 79.35, 0.46, 2.28, 6.38, 13.38, 24.75, 47.47, 87.52, 0.59, 2.01, 5.59, 13.08, 26.72, 58.02, 90.38, 0.48, 1.92, 5.78, 11.57, 23.3, 55.44, 89.53, 0.48, 2.13, 6.71, 11.11, 22.81, 50.58, 106.28, 0.49, 1.73, 7.12, 13.85, 22.35, 47.69, 80.51, 0.53, 2.35, 5.09, 11.1, 22.51, 44.84, 78.34, 0.53, 1.72, 5.99, 12.73, 23.53, 52.48, 95.75, 0.47, 2.13, 5.75, 14.33, 23.96, 52.27, 97.99, 0.37, 1.74, 5.75, 12.29, 18.99, 52.85, 90.37, 0.46, 1.71, 5.19, 12.07, 25.25, 38.92, 86.83, 0.53, 1.91, 7.45, 13.59, 25.47, 48.02, 98.72, 0.47, 2.13, 6.96, 13.37, 22.13, 40.83, 94.95, 0.52, 2.29, 5.26, 12.45, 24.57, 54.09, 95.73)
			, TAD = c(0.64, 1.99, 6.43, 12.03, 22.28, 48.91, 80.15, 0.58, 2.03, 7.46, 12.58, 22.36, 51.02, 87.44, 0.44, 2.06, 5.74, 12, 24.18, 45.25, 90.69, 0.49, 2.25, 5.15, 12.73, 24.81, 53.38, 93.12, 0.52, 2.05, 5.68, 13.54, 26.95, 51.48, 112.51, 0.53, 1.76, 5.67, 10.62, 22.89, 45.11, 96.41, 0.46, 2.03, 5.62, 14.32, 25.78, 52.57, 99.76, 0.59, 1.88, 5.73, 13.85, 22.49, 47.01, 92.3, 0.48, 1.94, 6.3, 11.79, 22.82, 54.9, 93.96, 0.49, 1.98, 6.44, 11.91, 23.91, 44.84, 92.94, 0.5, 1.89, 6.33, 10.31, 24.75, 41.16, 93.15, 0.47, 1.87, 5.97, 9.91, 27, 40.64, 91.65, 0.45, 1.86, 7.39, 12.02, 21.1, 40.74, 100.42, 0.5, 1.94, 5.47, 10.34, 21.55, 53.05, 90.22, 0.44, 2.41, 6.26, 11.72, 26.68, 52.45, 90.24, 0.62, 1.95, 5.2, 11.83, 24.5, 60.46, 97.02, 0.52, 1.98, 5.8, 11.96, 25.97, 59.07, 106.39, 0.56, 1.77, 6.62, 12.27, 20.72, 50.57, 94.49, 0.58, 1.85, 5.75, 10.94, 23.58, 49.97, 89.23, 0.54, 1.77, 5.4, 13.86, 21.68, 50.02, 92.41, 0.52, 2.37, 7.03, 11.61, 19.1, 61.62, 102.62, 0.53, 2, 6.31, 11.8, 25.03, 46.12, 83.71, 0.55, 2.33, 5.82, 10.59, 25.59, 47.79, 80.72, 0.5, 1.88, 5.8, 10.69, 28.74, 46.44, 81.76, 0.51, 2.05, 5.44, 8.99, 22.51, 50.82, 95.43, 0.5, 2.12, 5.33, 13.39, 23.99, 51.52, 106.46, 0.51, 1.83, 6.74, 9.82, 22.73, 46.79, 94.42, 0.55, 2.03, 6.25, 11.92, 23.41, 51.46, 107.66, 0.39, 2.12, 6.23, 11.5, 26.39, 46.17, 93.31, 0.54, 2.38, 6.16, 11.5, 21.31, 46.44, 87.39, 0.49, 2.08, 5.51, 15.64, 24.38, 53.74, 76.36, 0.54, 1.75, 6.58, 12.49, 23.04, 54.8, 89.5, 0.47, 1.81, 5.61, 13.19, 25.06, 53.08, 92.33, 0.52, 2.05, 5.2, 14.34, 24.32, 51.82, 105.62, 0.5, 1.94, 6.56, 10.81, 29.23, 46.19, 113.27, 0.58, 2.02, 6.35, 10.83, 24.79, 53.28, 96.96, 0.48, 1.87, 5.98, 13.35, 22.87, 47.42, 84.35, 0.53, 2.28, 6.97, 13.02, 19.91, 50.37, 100.48, 0.48, 2.03, 5.5, 12.84, 23.23, 41.03, 92.54, 0.57, 1.93, 6.46, 13.19, 24.01, 46.34, 91.05, 0.54, 1.8, 6.15, 11.66, 19.14, 41.69, 105.21, 0.49, 2.17, 7.25, 13.91, 25.68, 49.86, 94.17, 0.59, 2.12, 5.34, 11.81, 19.81, 47.07, 74.08, 0.57, 1.88, 5.75, 11.8, 25.52, 51.37, 101.61, 0.47, 1.75, 5.77, 12.34, 22.1, 47.67, 85.42, 0.5, 2.03, 5.91, 11.8, 28.63, 51.8, 107.29, 0.46, 2.03, 6.73, 11.93, 19.4, 49.68, 79.35, 0.46, 2.28, 6.38, 13.38, 24.75, 47.47, 87.52, 0.59, 2.01, 5.59, 13.08, 26.72, 58.02, 90.38, 0.48, 1.92, 5.78, 11.57, 23.3, 55.44, 89.53, 0.48, 2.13, 6.71, 11.11, 22.81, 50.58, 106.28, 0.49, 1.73, 7.12, 13.85, 22.35, 47.69, 80.51, 0.53, 2.35, 5.09, 11.1, 22.51, 44.84, 78.34, 0.53, 1.72, 5.99, 12.73, 23.53, 52.48, 95.75, 0.47, 2.13, 5.75, 14.33, 23.96, 52.27, 97.99, 0.37, 1.74, 5.75, 12.29, 18.99, 52.85, 90.37, 0.46, 1.71, 5.19, 12.07, 25.25, 38.92, 86.83, 0.53, 1.91, 7.45, 13.59, 25.47, 48.02, 98.72, 0.47, 2.13, 6.96, 13.37, 22.13, 40.83, 94.95, 0.52, 2.29, 5.26, 12.45, 24.57, 54.09, 95.73)
