dmp.txt <- structure(
	.Data = list(
		"coefficients" = list(
			"fixed" = c("CMultStdev" = 0.532814839447971, "tvVmax" = 6253.56227682259, "tvKm" = 2221.27388755744, "tvV" = 73.0543212892136, "tvKa" = 1.40844497557148, "K12" = 0.342861061909203, "K21" = 1.9259501980869, "K13" = 0.054319163713844, "K31" = 0.0547975952815346, "CEps" = 0.499815156863655)
			, "random" = list("Subject" = matrix(
				as.numeric(c(
					 0.419159835454523,  -0.662523709882085,  -0.0503895902524706
					,  -0.121566133679021,  0.496130369576269,  -0.222075845268198
					,  0.00667662408593671,  -0.0541408025822386,  0.270781648480584
					,  -0.0911038853893112,  0.161511167992335,  -0.00526326569936702
					,  -0.0741198099670883,  -0.44880277796134,  0.181181062024108
					,  -0.537747989122312,  -0.202418656179629,  0.0281213792656896
					,  -0.00603872933985408,  0.211891923236724,  0.0381289534953531
					,  0.410799397976738,  0.0546800395875992,  -0.947754299596215
					,  -0.149434346858683,  0.0711699716680889,  0.153113622420395
					,  -0.198095913519411,  0.0181875154946383,  0.0612477015181414
					,  0.129155019006436,  -0.496964171165895,  0.240569281175421
					,  -0.0408446289909323,  0.258435592529621,  0.310727221702199
					,  0.302734987310804,  -0.424503034544277,  0.0904183576811054
					,  0.0247598750164895,  0.225296446592498,  -0.18761920077122
					,  -0.0755696056593237,  0.0950715881139721,  -0.224185199136834
					,  0.235070491228654,  0.0638467025858565,  -0.0101855209285081
					,  -0.164437993361941,  0.00410344101274939,  -0.370980449675938
					,  0.468571002866359,  0.0666860018461874,  0.201388784980951
					,  0.228623067708992,  0.154296422530645,  -0.543726779668029
					,  0.00681070012530827,  -0.564568377651289,  -0.111983473938449
					,  -0.0511701579388022,  0.63367566554301,  -0.0410627909810339
					,  -0.364890705101886,  0.181149424506423,  -0.26342294981038
					,  -0.362769767365089,  -0.202328190151387,  0.453095158456888
					,  -0.797439724697007,  0.448023331038355,  -0.529024787104947
					,  -0.2134357736959,  0.798279420710842,  -0.108976500722261
					,  0.252503602740044,  0.466602432501967,  0.354693968571679
					,  0.355806928282135,  0.386760328009253,  0.81360249057645
					,  -0.565324156346702,  0.0909128215194048,  -0.507157426013802
					,  -0.0557645350704824,  -0.0884471565493507,  -0.179086082288688
					,  -0.416728807961581,  -0.125052447683689,  0.0258957295265064
					,  0.0928344211792537,  0.147535804132521,  -0.895427917995125
					,  0.297011176176296,  -0.0447489689547968,  0.127784760267522
					,  0.320234660061363,  -1.0312429165384,  0.00308731682067668
					,  -0.432654143062559,  0.389893439339177,  -0.0898579150108687
					,  0.480890413513578,  0.34737438457851,  0.121822906051493
					,  -0.0301556670982467,  0.113419536879355,  0.520597780800934
					,  -0.534647337928636,  -0.160244473044494,  -1.18395915610904
					,  0.900969871705873,  -0.508214200337408,  -0.100721858821664
					,  -0.322024018253908,  -0.612179420008098,  0.136390932415447
					,  -0.545451245851342,  -0.233557999672627,  -0.0473512522081369
					,  -0.635749693722815,  0.635481895263902,  0.0962624114788603
					,  0.110125750064194,  -0.475322058690901,  0.0805364275282787
					,  -0.160824091164035,  0.0525910920074744,  -0.241459699985548
					,  0.183316547549722,  -0.151113807468401,  0.0279105479114748
					,  0.14704895387378,  0.430568540899682,  -0.156201927313558
					,  0.503800785596397,  0.189142003726541,  -0.0147947071457724
					,  0.0422593713171121,  -0.135380254752258,  -0.0304858955781644
					,  -0.435631810801363,  0.0162743937644995,  0.862932992610897
					,  0.169510796852943,  -0.00144189642666039,  -0.085181539444144
					,  0.0209851621884852,  -0.0576368745014287,  -0.0575707236023768
					,  -0.0629239056184118,  0.44212169666374,  -0.0565777843092723
					,  0.0308786545197615,  -0.103859944714855,  -0.175292332059814
					,  -0.224203156227255,  -0.174099003260468,  -0.110804004254347
					,  -0.0323799880639031,  -0.172242123147452,  0.0888635733007868
					,  0.0699318049608653,  -0.128659672148954,  0.184282506281506
					,  -0.161642461508647,  -0.0838638784977492,  0.0181713806137011
					,  -0.18353682106774,  -0.082487676788372,  -0.581007826077517
					,  -0.38880873408781,  -0.199127734323574,  -0.075000685001525
					,  -0.13239114636491,  -0.243806665727643,  0.504510337208309
					,  -0.142241888369199,  0.470558110848067,  0.143334555702813
					))
				, nrow = 60, ncol = 3
				, dimnames = list(
					as.character(c( "1", "2", "3", "4", "5", "6", "7", "8", "9", "10"
					  , "11", "12", "13", "14", "15", "16", "17", "18", "19", "20"
					  , "21", "22", "23", "24", "25", "26", "27", "28", "29", "30"
					  , "31", "32", "33", "34", "35", "36", "37", "38", "39", "40"
					  , "41", "42", "43", "44", "45", "46", "47", "48", "49", "50"
					  , "51", "52", "53", "54", "55", "56", "57", "58", "59", "60"))
					, as.character(c("nVmax", "nKm", "nV"))
					)
				))
			)
		, "logLik" = c(-3250.77)
		, "nObs" = c(480)
		, "nSubj" = c(60)
		, "nParm" = c(13)
		, "returnCode" = c(3)
		, "omega" = matrix(
			as.numeric(c(0.326194648709067, 0, 0, 0, 0.296305023441977, 0, 0, 0, 0.329835243399995))
			, nrow = 3, ncol = 3
			, dimnames = list(
				as.character(c("nVmax", "nKm", "nV"))
				, as.character(c("nVmax", "nKm", "nV"))
				)
			)
		, "eta" = matrix(
			as.numeric(c(-0.0216282999083081, -0.0397278624078897, -0.0105392019913842, 0.0816857261343969, 0.194123258714244, 0.072550233295506, 0.285807148501217, 0.440594210940457, 0.269351505092335, 0.499579985713985, 0.190588669838881, 0.531002122528608))
			, nrow = 3, ncol = 4
			, dimnames = list(
				as.character(c("nVmax", "nKm", "nV"))
				, as.character(c("mean", "var", "sd", "shrinkage"))
				)
			)
		, "eta_shrinkage" = list("Subject" = matrix(
			as.numeric(c(
				 0.411673713620732,  0.886391502531572,  0.485473087115942
				,  0.457620403376105,  0.443847287122429,  0.466587740778095
				,  0.432439699020677,  0.46481843317086,  0.484323850378943
				,  0.426984684519863,  0.493679379452375,  0.433499036052879
				,  0.47139220934465,  0.800281926486719,  0.452785779493692
				,  0.716998490614018,  0.622871099638109,  0.505513969166502
				,  0.519482932679188,  0.488677738219237,  0.593631474928173
				,  0.384792408751293,  0.483540514962353,  0.721431942833147
				,  0.498739913683675,  0.46563709775441,  0.452995096042129
				,  0.447036136737571,  0.459579288172124,  0.470487810047878
				,  0.472614247398271,  0.64867733714002,  0.391474882552676
				,  0.523610882041801,  0.457608004861092,  0.465747304608958
				,  0.473789731048723,  0.376368330057546,  0.464727813074694
				,  0.439142702880101,  0.486634279052737,  0.488912947365771
				,  0.558145900405701,  0.491281607123322,  0.528571189562173
				,  0.455636222505321,  0.476689915528449,  0.535900112689599
				,  0.418675262774883,  0.456252394009657,  0.299870785733396
				,  0.498844577975921,  0.414848060501972,  0.45936593742046
				,  0.434742816285789,  0.402237288859049,  0.690330436781875
				,  0.418193407922321,  0.579892701047798,  0.491180897065375
				,  0.19213403905645,  0.141167711662201,  0.187186998151411
				,  0.180051933803014,  0.196410684318255,  0.180599204561249
				,  0.185627631967834,  0.18679838244303,  0.190201441509813
				,  0.179259389562711,  0.181517208843373,  0.187311462072531
				,  0.182471834240044,  0.154988605051406,  0.18352061364193
				,  0.167992100985849,  0.185146858676067,  0.189446684004695
				,  0.189109068085166,  0.188875472971358,  0.189881402413177
				,  0.195191018742463,  0.193409296616974,  0.16369348513275
				,  0.186336326688376,  0.195643275802503,  0.182812425342915
				,  0.182291800926505,  0.186531608032546,  0.191502811439569
				,  0.190204286252084,  0.172776439762968,  0.198402610214991
				,  0.192842734129716,  0.192973416823572,  0.182213684086043
				,  0.186913149575164,  0.171569434527996,  0.184195126367327
				,  0.175696157021306,  0.190703277494791,  0.192610706418326
				,  0.193096174793253,  0.186637859111571,  0.180556878196449
				,  0.19222088592134,  0.183831617823033,  0.187061988544807
				,  0.175848382725727,  0.180345370618974,  0.179995055514969
				,  0.19137111661809,  0.184920293824636,  0.174214742746753
				,  0.190607612491727,  0.191740465706923,  0.168312992211559
				,  0.183203476064606,  0.178565642382882,  0.18906878543331
				,  0.589298191028845,  0.898192477145571,  0.599049054864738
				,  0.595123622908872,  0.582258211241812,  0.599030193919657
				,  0.599147253089739,  0.595874907114489,  0.580326825205251
				,  0.604245938118752,  0.580289730847723,  0.604079288831638
				,  0.590267589667938,  0.82040762704886,  0.581155997000043
				,  0.76076983549209,  0.684450202286822,  0.593073655394679
				,  0.602975931694536,  0.581005205420515,  0.651095510485429
				,  0.59535318344991,  0.592175318279738,  0.782720358024341
				,  0.607431282390954,  0.593236236984923,  0.583005751010581
				,  0.603966441486551,  0.590530295119514,  0.589479083782775
				,  0.58231140193135,  0.707584146348624,  0.599491817380895
				,  0.616204737883453,  0.583701444091274,  0.577752061221026
				,  0.573179152951553,  0.633300869084835,  0.587783959597922
				,  0.589559236557739,  0.58307889913664,  0.611702135539012
				,  0.631572694398545,  0.587019852098526,  0.616842944476255
				,  0.587031459931023,  0.588000645439326,  0.608513590581277
				,  0.607346693835142,  0.592824244428033,  0.613888770597884
				,  0.571551680121182,  0.601144209815091,  0.578533691749588
				,  0.591131511313654,  0.600788927756016,  0.74263205747408
				,  0.601071440497092,  0.670926890243309,  0.60111656171425
				))
			, nrow = 60, ncol = 3
			, dimnames = list(
				as.character(c( "1", "2", "3", "4", "5", "6", "7", "8", "9", "10"
				  , "11", "12", "13", "14", "15", "16", "17", "18", "19", "20"
				  , "21", "22", "23", "24", "25", "26", "27", "28", "29", "30"
				  , "31", "32", "33", "34", "35", "36", "37", "38", "39", "40"
				  , "41", "42", "43", "44", "45", "46", "47", "48", "49", "50"
				  , "51", "52", "53", "54", "55", "56", "57", "58", "59", "60"))
				, as.character(c("nVmax_shrinkage", "nKm_shrinkage", "nV_shrinkage"))
				)
			))
		, "sigma" = matrix(
			as.numeric(c(0.24981519103064))
			, nrow = 1, ncol = 1
			, dimnames = list(
				as.character(c("CEps"))
				, as.character(c("CEps"))
				)
			)
		, "method" = "FOCE-ELS"
		, "varFix" = matrix(
			as.numeric(c(0.000488868180876305, -10.1760150151778, -0.600129121794139, -0.0171325312373095, 0.000390115780588521, 2.57904526375135e-006, -0.000787851326795523, -2.38385600608859e-005, 3.88681174806214e-005, 0.000556065821291972, -10.1760150151778, 5129032.08653598, 1220877.5450293, -3370.82857382341, -179.032354327144, 56.4416529608869, 427.694347262624, 16.0891877166711, 12.9450952102458, 48.0308666225605, -0.600129121794139, 1220877.5450293, 441329.182363973, -583.674672534499, -42.4611747254221, 13.5530696313654, 83.4058867080023, 2.5516335968539, 2.99080243444873, 29.1633156641257, -0.0171325312373095, -3370.82857382341, -583.674672534499, 38.9180742848598, 0.717196736424504, -0.205167049475755, -0.630996323993763, -0.0581340996497218, -0.023558246716578, -0.162273617987883, 0.000390115780588521, -179.032354327144, -42.4611747254221, 0.717196736424504, 0.0290292934720874, -0.00534694461851122, -0.0179009857177286, -0.0016443639852216, -0.000748811744763368, 0.0029785371300178, 2.57904526375135e-006, 56.4416529608869, 13.5530696313654, -0.205167049475755, -0.00534694461851122, 0.0021238426083599, 0.007714941836306, 0.000564023519459, 0.000359344960527251, 0.002110518200969, -0.000787851326795523, 427.694347262624, 83.4058867080023, -0.630996323993763, -0.0179009857177286, 0.007714941836306, 0.0675891413101885, 0.00146146117939134, 0.00135390560247898, 0.017563104706292, -2.38385600608859e-005, 16.0891877166711, 2.5516335968539, -0.0581340996497218, -0.0016443639852216, 0.000564023519459, 0.00146146117939134, 0.000193016491665047, 0.000104857416789982, -1.31148582797398e-005, 3.88681174806214e-005, 12.9450952102458, 2.99080243444873, -0.023558246716578, -0.000748811744763368, 0.000359344960527251, 0.00135390560247898, 0.000104857416789982, 0.000113285562653067, 3.402413915389e-005, 0.000556065821291972, 48.0308666225605, 29.1633156641257, -0.162273617987883, 0.0029785371300178, 0.002110518200969, 0.017563104706292, -1.31148582797398e-005, 3.402413915389e-005, 0.0431387819679806))
			, nrow = 10, ncol = 10
			, dimnames = list(
				as.character(c("CMultStdev", "tvVmax", "tvKm", "tvV", "tvKa", "K12", "K21", "K13", "K31", "CEps"))
				, as.character(c("CMultStdev", "tvVmax", "tvKm", "tvV", "tvKa", "K12", "K21", "K13", "K31", "CEps"))
				)
			)
		, "omegaSE" = matrix(
			as.numeric(c(0.221531531203856, 0, 0, 0, 0.0526155255882611, 0, 0, 0, 0.23813760530914))
			, nrow = 3, ncol = 3, byrow = TRUE
			, dimnames = list(
				as.character(c("nVmax", "nKm", "nV"))
				, as.character(c("nVmax", "nKm", "nV"))
				)
			)
		, "Covariance" = matrix(
			as.numeric(c(0.00048886818, -10.176015, -0.60012912, -0.017132531, 0.00039011578, 2.5790453e-006, -0.00078785133, -2.383856e-005, 3.8868117e-005, 0.00055606582, 0.00088456356,         0, 6.8079323e-005,         0,         0, 0.00067330954, -10.176015, 5129032.1, 1220877.5, -3370.8286, -179.03235, 56.441653, 427.69435, 16.089188, 12.945095, 48.030867, -288.54215,         0, -16.821802,         0,         0, -408.2138, -0.60012912, 1220877.5, 441329.18, -583.67467, -42.461175,  13.55307, 83.405887, 2.5516336, 2.9908024, 29.163316, -16.563235,         0, -13.090523,         0,         0, -61.000559, -0.017132531, -3370.8286, -583.67467, 38.918074, 0.71719674, -0.20516705, -0.63099632, -0.0581341, -0.023558247, -0.16227362, 0.36813132,         0, 0.032965547,         0,         0, 0.41206688, 0.00039011578, -179.03235, -42.461175, 0.71719674, 0.029029293, -0.0053469446, -0.017900986, -0.001644364, -0.00074881174, 0.0029785371, 0.010434343,         0, 0.00068230574,         0,         0, 0.014373652, 2.5790453e-006, 56.441653,  13.55307, -0.20516705, -0.0053469446, 0.0021238426, 0.0077149418, 0.00056402352, 0.00035934496, 0.0021105182, -0.0041242655,         0, -0.00034219967,         0,         0, -0.005683223, -0.00078785133, 427.69435, 83.405887, -0.63099632, -0.017900986, 0.0077149418, 0.067589141, 0.0014614612, 0.0013539056, 0.017563105, -0.038937794,         0, 0.00023713335,         0,         0, -0.046806215, -2.383856e-005, 16.089188, 2.5516336, -0.0581341, -0.001644364, 0.00056402352, 0.0014614612, 0.00019301649, 0.00010485742, -1.3114858e-005, -0.0014026293,         0, -3.6384889e-005,         0,         0, -0.0017232418, 3.8868117e-005, 12.945095, 2.9908024, -0.023558247, -0.00074881174, 0.00035934496, 0.0013539056, 0.00010485742, 0.00011328556, 3.4024139e-005, -0.0010815589,         0, -5.5695393e-005,         0,         0, -0.0015263834, 0.00055606582, 48.030867, 29.163316, -0.16227362, 0.0029785371, 0.0021105182, 0.017563105, -1.3114858e-005, 3.4024139e-005, 0.043138782, 0.011313891,         0, 0.0011256153,         0,         0, 0.0075833175, 0.00088456356, -288.54215, -16.563235, 0.36813132, 0.010434343, -0.0041242655, -0.038937794, -0.0014026293, -0.0010815589, 0.011313891, 0.049076219,         0, -0.00098947641,         0,         0, 0.05004923,         0,         0,         0,         0,         0,         0,         0,         0,         0,         0,         0,         0,         0,         0,         0,         0, 6.8079323e-005, -16.821802, -13.090523, 0.032965547, 0.00068230574, -0.00034219967, 0.00023713335, -3.6384889e-005, -5.5695393e-005, 0.0011256153, -0.00098947641,         0, 0.0027683935,         0,         0, 4.2344797e-006,         0,         0,         0,         0,         0,         0,         0,         0,         0,         0,         0,         0,         0,         0,         0,         0,         0,         0,         0,         0,         0,         0,         0,         0,         0,         0,         0,         0,         0,         0,         0,         0, 0.00067330954, -408.2138, -61.000559, 0.41206688, 0.014373652, -0.005683223, -0.046806215, -0.0017232418, -0.0015263834, 0.0075833175, 0.05004923,         0, 4.2344797e-006,         0,         0, 0.056709519))
			, nrow = 16, ncol = 16
			, dimnames = list(
				as.character(c("CMultStdev", "tvVmax", "tvKm", "tvV", "tvKa", "K12", "K21", "K13", "K31", "stdev0", "nVmax-nVmax", "nKm-nVmax", "nKm-nKm", "nV-nVmax", "nV-nKm", "nV-nV"))
				, as.character(c("CMultStdev", "tvVmax", "tvKm", "tvV", "tvKa", "K12", "K21", "K13", "K31", "stdev0", "nVmax-nVmax", "nKm-nVmax", "nKm-nKm", "nV-nVmax", "nV-nKm", "nV-nV"))
				)
			)
		, "Correlation" = matrix(
			as.numeric(c(0.022110364, -0.20321892, -0.040857096, -0.12420812, 0.10355699, 0.0025310569, -0.13705975, -0.077604503, 0.16516208, 0.12108668, 0.18059163,         0, 0.05852015,         0,         0, 0.12787655, -0.20321892, 2264.7366, 0.81147113, -0.23858508, -0.46397607, 0.54078029, 0.72640251, 0.51135111, 0.53703212, 0.10211012, -0.57511674,         0, -0.14116951,         0,         0, -0.75690607, -0.040857096, 0.81147113, 664.32611, -0.14083606, -0.3751392, 0.44268538, 0.48292192, 0.27646476, 0.42297931, 0.21135943, -0.11254554,         0, -0.37450856,         0,         0, -0.38558889, -0.12420812, -0.23858508, -0.14083606, 6.2384352, 0.67475234, -0.71362618, -0.38905652, -0.67074597, -0.35479706, -0.12523863, 0.26637383,         0, 0.10043167,         0,         0, 0.27737292, 0.10355699, -0.46397607, -0.3751392, 0.67475234, 0.17037985, -0.68096735, -0.40412922, -0.69467635, -0.41292115, 0.084168744, 0.27644665,         0, 0.076110904,         0,         0, 0.35425902, 0.0025310569, 0.54078029, 0.44268538, -0.71362618, -0.68096735, 0.046085167, 0.64392165, 0.88092481, 0.73259358, 0.22049259, -0.40397074,         0, -0.14112518,         0,         0, -0.51785187, -0.13705975, 0.72640251, 0.48292192, -0.38905652, -0.40412922, 0.64392165, 0.25997912, 0.40462397, 0.48928583, 0.32525867, -0.67607882,         0, 0.017335655,         0,         0, -0.7560266, -0.077604503, 0.51135111, 0.27646476, -0.67074597, -0.69467635, 0.88092481, 0.40462397, 0.013893038, 0.70911172, -0.004544985, -0.45573265,         0, -0.049774847,         0,         0, -0.52086002, 0.16516208, 0.53703212, 0.42297931, -0.35479706, -0.41292115, 0.73259358, 0.48928583, 0.70911172, 0.010643569, 0.015390968, -0.45869853,         0, -0.099453042,         0,         0, -0.60221055, 0.12108668, 0.10211012, 0.21135943, -0.12523863, 0.084168744, 0.22049259, 0.32525867, -0.004544985, 0.015390968, 0.20769878, 0.24589093,         0, 0.10300117,         0,         0, 0.15331947, 0.18059163, -0.57511674, -0.11254554, 0.26637383, 0.27644665, -0.40397074, -0.67607882, -0.45573265, -0.45869853, 0.24589093, 0.22153153,         0, -0.084889892,         0,         0, 0.94871084,         0,         0,         0,         0,         0,         0,         0,         0,         0,         0,         0,         0,         0,         0,         0,         0, 0.05852015, -0.14116951, -0.37450856, 0.10043167, 0.076110904, -0.14112518, 0.017335655, -0.049774847, -0.099453042, 0.10300117, -0.084889892,         0, 0.052615526,         0,         0, 0.00033795444,         0,         0,         0,         0,         0,         0,         0,         0,         0,         0,         0,         0,         0,         0,         0,         0,         0,         0,         0,         0,         0,         0,         0,         0,         0,         0,         0,         0,         0,         0,         0,         0, 0.12787655, -0.75690607, -0.38558889, 0.27737292, 0.35425902, -0.51785187, -0.7560266, -0.52086002, -0.60221055, 0.15331947, 0.94871084,         0, 0.00033795444,         0,         0, 0.23813761))
			, nrow = 16, ncol = 16
			, dimnames = list(
				as.character(c("CMultStdev", "tvVmax", "tvKm", "tvV", "tvKa", "K12", "K21", "K13", "K31", "stdev0", "nVmax-nVmax", "nKm-nVmax", "nKm-nKm", "nV-nVmax", "nV-nKm", "nV-nV"))
				, as.character(c("CMultStdev", "tvVmax", "tvKm", "tvV", "tvKa", "K12", "K21", "K13", "K31", "stdev0", "nVmax-nVmax", "nKm-nVmax", "nKm-nKm", "nV-nVmax", "nV-nKm", "nV-nV"))
				)
			)
		, "Inverse" = matrix(
			as.numeric(c(3589.2953, -0.032551812, 0.10432622, 7.4054314, 28.786186, -2855.2331, 502.41947, 13011.292, -4335.0712, -110.88741, -272.36253,         0, -253.13423,         0,         0,  436.6358, -0.032551812, 1.323245e-005, -3.1301847e-005, -0.00019860922, -0.01389092, 0.66865851, -0.085548178, -2.3069991, 0.20079035, 0.009356456, -0.0047346967,         0, -0.0028181241,         0,         0, 0.0015623698, 0.10432622, -3.1301847e-005, 9.1776282e-005, 0.00041915712, 0.039286772, -1.5449983, 0.18730106, 5.3518168, -0.28634079, -0.019387913, -0.12350973,         0, 0.047632911,         0,         0, 0.12542835, 7.4054314, -0.00019860922, 0.00041915712, 0.09533969, -1.0582903, -3.732006, 1.3789897, 43.942242, -19.055161, 0.1258476, -1.6943821,         0, -1.3258239,         0,         0, 1.5739809, 28.786186, -0.01389092, 0.039286772, -1.0582903, 141.00263, -879.28606,  149.0731,  3718.179, -542.4809, -58.329629, 59.082233,         0, 39.831757,         0,         0, 2.8360518, -2855.2331, 0.66865851, -1.5449983, -3.732006, -879.28606, 43699.688, -5431.9984, -141617.44, 6938.3909, 658.98255, -1048.7288,         0, 591.21365,         0,         0, 52.025724, 502.41947, -0.085548178, 0.18730106, 1.3789897,  149.0731, -5431.9984, 785.05312, 18617.196, -1598.3701, -143.28771, 228.29479,         0, -85.944769,         0,         0, -24.130487, 13011.292, -2.3069991, 5.3518168, 43.942242,  3718.179, -141617.44, 18617.196, 497558.86, -49511.921, -2639.7719, 3536.0387,         0, -1690.7901,         0,         0, -73.183218, -4335.0712, 0.20079035, -0.28634079, -19.055161, -542.4809, 6938.3909, -1598.3701, -49511.921, 42097.459, 458.42567, -2664.237,         0, 381.20687,         0,         0,  2759.437, -110.88741, 0.009356456, -0.019387913, 0.1258476, -58.329629, 658.98255, -143.28771, -2639.7719, 458.42567, 80.233963, -101.10124,         0, -19.749694,         0,         0, 20.081557, -272.36253, -0.0047346967, -0.12350973, -1.6943821, 59.082233, -1048.7288, 228.29479, 3536.0387, -2664.237, -101.10124, 1451.4658,         0, -194.89477,         0,         0, -1314.7626,         0,         0,         0,         0,         0,         0,         0,         0,         0,         0,         0,         0,         0,         0,         0,         0, -253.13423, -0.0028181241, 0.047632911, -1.3258239, 39.831757, 591.21365, -85.944769, -1690.7901, 381.20687, -19.749694, -194.89477,         0, 585.54934,         0,         0,  155.2927,         0,         0,         0,         0,         0,         0,         0,         0,         0,         0,         0,         0,         0,         0,         0,         0,         0,         0,         0,         0,         0,         0,         0,         0,         0,         0,         0,         0,         0,         0,         0,         0,  436.6358, 0.0015623698, 0.12542835, 1.5739809, 2.8360518, 52.025724, -24.130487, -73.183218,  2759.437, 20.081557, -1314.7626,         0,  155.2927,         0,         0, 1361.4577))
			, nrow = 16, ncol = 16
			, dimnames = list(
				as.character(c("CMultStdev", "tvVmax", "tvKm", "tvV", "tvKa", "K12", "K21", "K13", "K31", "stdev0", "nVmax-nVmax", "nKm-nVmax", "nKm-nKm", "nV-nVmax", "nV-nKm", "nV-nV"))
				, as.character(c("CMultStdev", "tvVmax", "tvKm", "tvV", "tvKa", "K12", "K21", "K13", "K31", "stdev0", "nVmax-nVmax", "nKm-nVmax", "nKm-nKm", "nV-nVmax", "nV-nKm", "nV-nV"))
				)
			)
		, "LLTable" = data.frame(
			id = as.character(c( "1", "2", "3", "4", "5", "6", "7", "8", "9", "10", "11", "12", "13", "14", "15", "16", "17", "18", "19", "20", "21", "22", "23", "24", "25", "26", "27", "28", "29", "30", "31", "32", "33", "34", "35", "36", "37", "38", "39", "40", "41", "42", "43", "44", "45", "46", "47", "48", "49", "50", "51", "52", "53", "54", "55", "56", "57", "58", "59", "60"))
			, "LL" = c(-47.807958, -53.936905, -53.877044, -57.002057, -48.935524, -58.079547, -54.560069, -55.401455, -49.485323, -60.808489, -49.699591, -57.208102, -56.824225, -50.456976, -53.266791, -54.870763, -54.552317, -50.49755, -52.430389, -50.964966, -50.601629, -49.80189, -53.167454, -66.436083, -55.530643, -53.981492, -52.46146, -59.707892, -53.498126, -52.646401, -51.986107, -55.106149, -55.081158, -51.954853, -51.73582, -52.388438, -49.490901, -64.65672, -51.256075, -55.473488, -49.81449, -57.92662, -51.297064, -51.268905, -54.827305, -52.510941, -52.113431, -51.28956, -58.925411, -53.725422, -61.936746, -46.955457, -58.024478,  -54.1853, -53.883599, -55.381173, -57.043137, -55.366723, -59.427585, -57.233862)
			) # end of LLTable
		, "residuals" = data.frame(
			  ID1 = as.character(c(  "",   "",   "",   "",   "",   "",   "",   "",   "",   "",   "",   "",   "",   "",   "",   "",   "",   "",   "",   "",   "",   "",   "",   "",   "",   "",   "",   "",   "",   "",   "",   "",   "",   "",   "",   "",   "",   "",   "",   "",   "",   "",   "",   "",   "",   "",   "",   "",   "",   "",   "",   "",   "",   "",   "",   "",   "",   "",   "",   "",   "",   "",   "",   "",   "",   "",   "",   "",   "",   "",   "",   "",   "",   "",   "",   "",   "",   "",   "",   "",   "",   "",   "",   "",   "",   "",   "",   "",   "",   "",   "",   "",   "",   "",   "",   "",   "",   "",   "",   "",   "",   "",   "",   "",   "",   "",   "",   "",   "",   "",   "",   "",   "",   "",   "",   "",   "",   "",   "",   "",   "",   "",   "",   "",   "",   "",   "",   "",   "",   "",   "",   "",   "",   "",   "",   "",   "",   "",   "",   "",   "",   "",   "",   "",   "",   "",   "",   "",   "",   "",   "",   "",   "",   "",   "",   "",   "",   "",   "",   "",   "",   "",   "",   "",   "",   "",   "",   "",   "",   "",   "",   "",   "",   "",   "",   "",   "",   "",   "",   "",   "",   "",   "",   "",   "",   "",   "",   "",   "",   "",   "",   "",   "",   "",   "",   "",   "",   "",   "",   "",   "",   "",   "",   "",   "",   "",   "",   "",   "",   "",   "",   "",   "",   "",   "",   "",   "",   "",   "",   "",   "",   "",   "",   "",   "",   "",   "",   "",   "",   "",   "",   "",   "",   "",   "",   "",   "",   "",   "",   "",   "",   "",   "",   "",   "",   "",   "",   "",   "",   "",   "",   "",   "",   "",   "",   "",   "",   "",   "",   "",   "",   "",   "",   "",   "",   "",   "",   "",   "",   "",   "",   "",   "",   "",   "",   "",   "",   "",   "",   "",   "",   "",   "",   "",   "",   "",   "",   "",   "",   "",   "",   "",   "",   "",   "",   "",   "",   "",   "",   "",   "",   "",   "",   "",   "",   "",   "",   "",   "",   "",   "",   "",   "",   "",   "",   "",   "",   "",   "",   "",   "",   "",   "",   "",   "",   "",   "",   "",   "",   "",   "",   "",   "",   "",   "",   "",   "",   "",   "",   "",   "",   "",   "",   "",   "",   "",   "",   "",   "",   "",   "",   "",   "",   "",   "",   "",   "",   "",   "",   "",   "",   "",   "",   "",   "",   "",   "",   "",   "",   "",   "",   "",   "",   "",   "",   "",   "",   "",   "",   "",   "",   "",   "",   "",   "",   "",   "",   "",   "",   "",   "",   "",   "",   "",   "",   "",   "",   "",   "",   "",   "",   "",   "",   "",   "",   "",   "",   "",   "",   "",   "",   "",   "",   "",   "",   "",   "",   "",   "",   "",   "",   "",   "",   "",   "",   "",   "",   "",   "",   "",   "",   "",   "",   "",   "",   "",   "",   "",   "",   "",   "",   "",   "",   "",   "",   "",   "",   "",   "",   "",   "",   "",   "",   "",   "",   "",   "",   "",   "",   "",   "",   "",   "",   "",   "",   "",   "",   "",   "",   "",   "",   "",   "",   "",   "",   "",   "",   "",   "",   ""))
			, ID2 = as.character(c(  "",   "",   "",   "",   "",   "",   "",   "",   "",   "",   "",   "",   "",   "",   "",   "",   "",   "",   "",   "",   "",   "",   "",   "",   "",   "",   "",   "",   "",   "",   "",   "",   "",   "",   "",   "",   "",   "",   "",   "",   "",   "",   "",   "",   "",   "",   "",   "",   "",   "",   "",   "",   "",   "",   "",   "",   "",   "",   "",   "",   "",   "",   "",   "",   "",   "",   "",   "",   "",   "",   "",   "",   "",   "",   "",   "",   "",   "",   "",   "",   "",   "",   "",   "",   "",   "",   "",   "",   "",   "",   "",   "",   "",   "",   "",   "",   "",   "",   "",   "",   "",   "",   "",   "",   "",   "",   "",   "",   "",   "",   "",   "",   "",   "",   "",   "",   "",   "",   "",   "",   "",   "",   "",   "",   "",   "",   "",   "",   "",   "",   "",   "",   "",   "",   "",   "",   "",   "",   "",   "",   "",   "",   "",   "",   "",   "",   "",   "",   "",   "",   "",   "",   "",   "",   "",   "",   "",   "",   "",   "",   "",   "",   "",   "",   "",   "",   "",   "",   "",   "",   "",   "",   "",   "",   "",   "",   "",   "",   "",   "",   "",   "",   "",   "",   "",   "",   "",   "",   "",   "",   "",   "",   "",   "",   "",   "",   "",   "",   "",   "",   "",   "",   "",   "",   "",   "",   "",   "",   "",   "",   "",   "",   "",   "",   "",   "",   "",   "",   "",   "",   "",   "",   "",   "",   "",   "",   "",   "",   "",   "",   "",   "",   "",   "",   "",   "",   "",   "",   "",   "",   "",   "",   "",   "",   "",   "",   "",   "",   "",   "",   "",   "",   "",   "",   "",   "",   "",   "",   "",   "",   "",   "",   "",   "",   "",   "",   "",   "",   "",   "",   "",   "",   "",   "",   "",   "",   "",   "",   "",   "",   "",   "",   "",   "",   "",   "",   "",   "",   "",   "",   "",   "",   "",   "",   "",   "",   "",   "",   "",   "",   "",   "",   "",   "",   "",   "",   "",   "",   "",   "",   "",   "",   "",   "",   "",   "",   "",   "",   "",   "",   "",   "",   "",   "",   "",   "",   "",   "",   "",   "",   "",   "",   "",   "",   "",   "",   "",   "",   "",   "",   "",   "",   "",   "",   "",   "",   "",   "",   "",   "",   "",   "",   "",   "",   "",   "",   "",   "",   "",   "",   "",   "",   "",   "",   "",   "",   "",   "",   "",   "",   "",   "",   "",   "",   "",   "",   "",   "",   "",   "",   "",   "",   "",   "",   "",   "",   "",   "",   "",   "",   "",   "",   "",   "",   "",   "",   "",   "",   "",   "",   "",   "",   "",   "",   "",   "",   "",   "",   "",   "",   "",   "",   "",   "",   "",   "",   "",   "",   "",   "",   "",   "",   "",   "",   "",   "",   "",   "",   "",   "",   "",   "",   "",   "",   "",   "",   "",   "",   "",   "",   "",   "",   "",   "",   "",   "",   "",   "",   "",   "",   "",   "",   "",   "",   "",   "",   "",   "",   "",   "",   "",   "",   "",   "",   "",   "",   "",   "",   "",   "",   "",   "",   "",   "",   "",   "",   "",   "",   "",   ""))
			, ID3 = as.character(c(  "",   "",   "",   "",   "",   "",   "",   "",   "",   "",   "",   "",   "",   "",   "",   "",   "",   "",   "",   "",   "",   "",   "",   "",   "",   "",   "",   "",   "",   "",   "",   "",   "",   "",   "",   "",   "",   "",   "",   "",   "",   "",   "",   "",   "",   "",   "",   "",   "",   "",   "",   "",   "",   "",   "",   "",   "",   "",   "",   "",   "",   "",   "",   "",   "",   "",   "",   "",   "",   "",   "",   "",   "",   "",   "",   "",   "",   "",   "",   "",   "",   "",   "",   "",   "",   "",   "",   "",   "",   "",   "",   "",   "",   "",   "",   "",   "",   "",   "",   "",   "",   "",   "",   "",   "",   "",   "",   "",   "",   "",   "",   "",   "",   "",   "",   "",   "",   "",   "",   "",   "",   "",   "",   "",   "",   "",   "",   "",   "",   "",   "",   "",   "",   "",   "",   "",   "",   "",   "",   "",   "",   "",   "",   "",   "",   "",   "",   "",   "",   "",   "",   "",   "",   "",   "",   "",   "",   "",   "",   "",   "",   "",   "",   "",   "",   "",   "",   "",   "",   "",   "",   "",   "",   "",   "",   "",   "",   "",   "",   "",   "",   "",   "",   "",   "",   "",   "",   "",   "",   "",   "",   "",   "",   "",   "",   "",   "",   "",   "",   "",   "",   "",   "",   "",   "",   "",   "",   "",   "",   "",   "",   "",   "",   "",   "",   "",   "",   "",   "",   "",   "",   "",   "",   "",   "",   "",   "",   "",   "",   "",   "",   "",   "",   "",   "",   "",   "",   "",   "",   "",   "",   "",   "",   "",   "",   "",   "",   "",   "",   "",   "",   "",   "",   "",   "",   "",   "",   "",   "",   "",   "",   "",   "",   "",   "",   "",   "",   "",   "",   "",   "",   "",   "",   "",   "",   "",   "",   "",   "",   "",   "",   "",   "",   "",   "",   "",   "",   "",   "",   "",   "",   "",   "",   "",   "",   "",   "",   "",   "",   "",   "",   "",   "",   "",   "",   "",   "",   "",   "",   "",   "",   "",   "",   "",   "",   "",   "",   "",   "",   "",   "",   "",   "",   "",   "",   "",   "",   "",   "",   "",   "",   "",   "",   "",   "",   "",   "",   "",   "",   "",   "",   "",   "",   "",   "",   "",   "",   "",   "",   "",   "",   "",   "",   "",   "",   "",   "",   "",   "",   "",   "",   "",   "",   "",   "",   "",   "",   "",   "",   "",   "",   "",   "",   "",   "",   "",   "",   "",   "",   "",   "",   "",   "",   "",   "",   "",   "",   "",   "",   "",   "",   "",   "",   "",   "",   "",   "",   "",   "",   "",   "",   "",   "",   "",   "",   "",   "",   "",   "",   "",   "",   "",   "",   "",   "",   "",   "",   "",   "",   "",   "",   "",   "",   "",   "",   "",   "",   "",   "",   "",   "",   "",   "",   "",   "",   "",   "",   "",   "",   "",   "",   "",   "",   "",   "",   "",   "",   "",   "",   "",   "",   "",   "",   "",   "",   "",   "",   "",   "",   "",   "",   "",   "",   "",   "",   "",   "",   "",   "",   "",   "",   "",   "",   "",   "",   "",   "",   "",   "",   ""))
			, ID4 = as.character(c(  "",   "",   "",   "",   "",   "",   "",   "",   "",   "",   "",   "",   "",   "",   "",   "",   "",   "",   "",   "",   "",   "",   "",   "",   "",   "",   "",   "",   "",   "",   "",   "",   "",   "",   "",   "",   "",   "",   "",   "",   "",   "",   "",   "",   "",   "",   "",   "",   "",   "",   "",   "",   "",   "",   "",   "",   "",   "",   "",   "",   "",   "",   "",   "",   "",   "",   "",   "",   "",   "",   "",   "",   "",   "",   "",   "",   "",   "",   "",   "",   "",   "",   "",   "",   "",   "",   "",   "",   "",   "",   "",   "",   "",   "",   "",   "",   "",   "",   "",   "",   "",   "",   "",   "",   "",   "",   "",   "",   "",   "",   "",   "",   "",   "",   "",   "",   "",   "",   "",   "",   "",   "",   "",   "",   "",   "",   "",   "",   "",   "",   "",   "",   "",   "",   "",   "",   "",   "",   "",   "",   "",   "",   "",   "",   "",   "",   "",   "",   "",   "",   "",   "",   "",   "",   "",   "",   "",   "",   "",   "",   "",   "",   "",   "",   "",   "",   "",   "",   "",   "",   "",   "",   "",   "",   "",   "",   "",   "",   "",   "",   "",   "",   "",   "",   "",   "",   "",   "",   "",   "",   "",   "",   "",   "",   "",   "",   "",   "",   "",   "",   "",   "",   "",   "",   "",   "",   "",   "",   "",   "",   "",   "",   "",   "",   "",   "",   "",   "",   "",   "",   "",   "",   "",   "",   "",   "",   "",   "",   "",   "",   "",   "",   "",   "",   "",   "",   "",   "",   "",   "",   "",   "",   "",   "",   "",   "",   "",   "",   "",   "",   "",   "",   "",   "",   "",   "",   "",   "",   "",   "",   "",   "",   "",   "",   "",   "",   "",   "",   "",   "",   "",   "",   "",   "",   "",   "",   "",   "",   "",   "",   "",   "",   "",   "",   "",   "",   "",   "",   "",   "",   "",   "",   "",   "",   "",   "",   "",   "",   "",   "",   "",   "",   "",   "",   "",   "",   "",   "",   "",   "",   "",   "",   "",   "",   "",   "",   "",   "",   "",   "",   "",   "",   "",   "",   "",   "",   "",   "",   "",   "",   "",   "",   "",   "",   "",   "",   "",   "",   "",   "",   "",   "",   "",   "",   "",   "",   "",   "",   "",   "",   "",   "",   "",   "",   "",   "",   "",   "",   "",   "",   "",   "",   "",   "",   "",   "",   "",   "",   "",   "",   "",   "",   "",   "",   "",   "",   "",   "",   "",   "",   "",   "",   "",   "",   "",   "",   "",   "",   "",   "",   "",   "",   "",   "",   "",   "",   "",   "",   "",   "",   "",   "",   "",   "",   "",   "",   "",   "",   "",   "",   "",   "",   "",   "",   "",   "",   "",   "",   "",   "",   "",   "",   "",   "",   "",   "",   "",   "",   "",   "",   "",   "",   "",   "",   "",   "",   "",   "",   "",   "",   "",   "",   "",   "",   "",   "",   "",   "",   "",   "",   "",   "",   "",   "",   "",   "",   "",   "",   "",   "",   "",   "",   "",   "",   "",   "",   "",   "",   "",   "",   "",   "",   "",   "",   "",   "",   "",   "",   "",   ""))
			, ID5 = as.character(c( "1",  "1",  "1",  "1",  "1",  "1",  "1",  "1",  "2",  "2",  "2",  "2",  "2",  "2",  "2",  "2",  "3",  "3",  "3",  "3",  "3",  "3",  "3",  "3",  "4",  "4",  "4",  "4",  "4",  "4",  "4",  "4",  "5",  "5",  "5",  "5",  "5",  "5",  "5",  "5",  "6",  "6",  "6",  "6",  "6",  "6",  "6",  "6",  "7",  "7",  "7",  "7",  "7",  "7",  "7",  "7",  "8",  "8",  "8",  "8",  "8",  "8",  "8",  "8",  "9",  "9",  "9",  "9",  "9",  "9",  "9",  "9", "10", "10", "10", "10", "10", "10", "10", "10", "11", "11", "11", "11", "11", "11", "11", "11", "12", "12", "12", "12", "12", "12", "12", "12", "13", "13", "13", "13", "13", "13", "13", "13", "14", "14", "14", "14", "14", "14", "14", "14", "15", "15", "15", "15", "15", "15", "15", "15", "16", "16", "16", "16", "16", "16", "16", "16", "17", "17", "17", "17", "17", "17", "17", "17", "18", "18", "18", "18", "18", "18", "18", "18", "19", "19", "19", "19", "19", "19", "19", "19", "20", "20", "20", "20", "20", "20", "20", "20", "21", "21", "21", "21", "21", "21", "21", "21", "22", "22", "22", "22", "22", "22", "22", "22", "23", "23", "23", "23", "23", "23", "23", "23", "24", "24", "24", "24", "24", "24", "24", "24", "25", "25", "25", "25", "25", "25", "25", "25", "26", "26", "26", "26", "26", "26", "26", "26", "27", "27", "27", "27", "27", "27", "27", "27", "28", "28", "28", "28", "28", "28", "28", "28", "29", "29", "29", "29", "29", "29", "29", "29", "30", "30", "30", "30", "30", "30", "30", "30", "31", "31", "31", "31", "31", "31", "31", "31", "32", "32", "32", "32", "32", "32", "32", "32", "33", "33", "33", "33", "33", "33", "33", "33", "34", "34", "34", "34", "34", "34", "34", "34", "35", "35", "35", "35", "35", "35", "35", "35", "36", "36", "36", "36", "36", "36", "36", "36", "37", "37", "37", "37", "37", "37", "37", "37", "38", "38", "38", "38", "38", "38", "38", "38", "39", "39", "39", "39", "39", "39", "39", "39", "40", "40", "40", "40", "40", "40", "40", "40", "41", "41", "41", "41", "41", "41", "41", "41", "42", "42", "42", "42", "42", "42", "42", "42", "43", "43", "43", "43", "43", "43", "43", "43", "44", "44", "44", "44", "44", "44", "44", "44", "45", "45", "45", "45", "45", "45", "45", "45", "46", "46", "46", "46", "46", "46", "46", "46", "47", "47", "47", "47", "47", "47", "47", "47", "48", "48", "48", "48", "48", "48", "48", "48", "49", "49", "49", "49", "49", "49", "49", "49", "50", "50", "50", "50", "50", "50", "50", "50", "51", "51", "51", "51", "51", "51", "51", "51", "52", "52", "52", "52", "52", "52", "52", "52", "53", "53", "53", "53", "53", "53", "53", "53", "54", "54", "54", "54", "54", "54", "54", "54", "55", "55", "55", "55", "55", "55", "55", "55", "56", "56", "56", "56", "56", "56", "56", "56", "57", "57", "57", "57", "57", "57", "57", "57", "58", "58", "58", "58", "58", "58", "58", "58", "59", "59", "59", "59", "59", "59", "59", "59", "60", "60", "60", "60", "60", "60", "60", "60"))
