dmp.txt <- structure(
	.Data = list(
		"coefficients" = list(
			"fixed" = c("CMultStdev" = 0.48081343106968, "tvVmax" = 1216.17392579209, "tvKm" = 1695.89916643679, "tvV" = 14.8938670424666, "tvKa" = 1.32041719009779, "K12" = 1.94319055290374, "K21" = 2.83229718513732, "K13" = 0.0543105724808046, "K31" = 0.0189738043897432, "CEps" = 0.501149243354541)
			, "random" = list("Subject" = matrix(
				as.numeric(c(
					 0.320988992594346,  -0.268042202735474,  0.0158451419983164
					,  -0.221386061911174,  0.705853667661322,  -0.0741878725578397
					,  -0.0169901086313258,  -0.107204300327456,  0.257749832071522
					,  0.0641072448056244,  -0.135449913723975,  0.318196651591103
					,  0.0220997038712201,  0.0944884918167638,  -0.649854718935341
					,  0.39052752148639,  -0.316015307053858,  0.0465093065552824
					,  -0.0647920425600323,  0.521027148861926,  0.710641776483863
					,  0.0378194529397678,  0.184600583657965,  -0.19583722093415
					,  0.562939870014057,  -0.262674674589613,  0.0401877303569263
					,  -0.381177370987318,  -0.0682966351726319,  0.0400237749774449
					,  -0.274395364756242,  0.216791041383469,  -0.731160562735058
					,  -0.0788290598245611,  -0.105847988729334,  0.506862346200296
					,  -0.19164847596935,  -0.332133187486658,  0.244067634340611
					,  0.812520159346875,  -0.141655145323184,  0.109074453149702
					,  -0.0657292885971107,  0.274425867858872,  0.312083524623039
					,  0.254084209089342,  -0.185186921150786,  0.469981950771272
					,  0.570845450380766,  -0.0100153483372829,  -0.230164121196398
					,  -0.022394453954297,  -0.332068952376369,  -0.683753553252159
					,  0.188975058531105,  0.209006512404811,  0.568882551250873
					,  -0.232861080721539,  -0.356693821881357,  0.184307285611787
					,  0.0784769422832196,  -0.3323836513431,  0.174623452227728
					,  0.512780480033034,  -0.439965152736489,  -0.178587959031762
					,  0.301958618738347,  0.442585236323137,  -0.486979662586219
					,  -0.10719814622464,  0.296657873651204,  -0.380244559333758
					,  0.0793920305134208,  -0.0140170219221348,  -0.830844440386904
					,  -0.0240510993380565,  -0.425544458028943,  -0.168006570514662
					,  -0.0197692701120649,  0.0899619373989703,  -0.387252170613692
					,  0.379254219122285,  0.273986834515372,  0.318348672450132
					,  0.388268334577981,  0.552954971917163,  -0.104747602098955
					,  0.284366007878781,  -0.607115791640004,  0.250495573923531
					,  -0.647379024870881,  0.432954377166431,  -0.396651326632697
					,  0.456205804592692,  0.0649521607389695,  0.382140067907759
					,  -0.389658478438925,  -0.335689659538077,  0.372900426523069
					,  -0.130776074079994,  0.293326540297282,  -0.446165108638248
					,  0.074888870760878,  0.210119336630552,  0.288205664033802
					,  0.046607956059327,  0.158027623790332,  0.0696560986973473
					,  0.0379291745395238,  -0.00598708506243875,  -0.851444631798982
					,  -0.184615144148739,  0.221437692845987,  -0.479629529660856
					,  -0.21335063911508,  -0.0483907499949616,  0.0912036758764269
					,  -0.245262102015843,  -0.466111094622941,  0.15166045779347
					,  -0.294662463309409,  0.144660805415581,  -0.0121737864433345
					,  0.175091849409933,  -0.272078196789651,  -0.0164455473232892
					,  0.00070296898361452,  0.112193770021852,  -0.201876578516254
					,  -0.00133049082056756,  0.050046480290525,  -0.311508980340643
					,  -0.00608466837961496,  -0.0486172753943732,  0.349428981821163
					,  -0.248884102906854,  0.0678813989894996,  0.0199643291231615
					,  0.026553382186439,  -0.338866444286543,  -0.28992946060203
					,  0.021781570326418,  -0.143461020941164,  0.128289186265132
					,  -0.362205847575124,  0.18244754569583,  -0.00722997713052963
					,  0.290559502103347,  0.00428781473428896,  0.00230414209116906
					,  0.103546335548969,  -0.165613591727749,  0.41771501775557
					,  0.0644942343787127,  0.102341274539078,  -0.310942437681217
					,  0.0661085893488183,  0.0846194912949319,  -0.188148814600449
					,  -0.53309122470135,  0.0779406109247027,  -0.115156301302653
					,  0.0289027927745493,  -0.186914576953522,  -0.138457653514209
					,  -0.113506613419731,  0.153700074885393,  -0.357700128645445
					,  -0.27808083719504,  0.0220816658317426,  0.0532510916823649
					,  0.0748937620989868,  0.232306966310492,  0.363407989314741
					,  -0.113672442557247,  -0.0538817141635845,  -0.481597461531768
					,  0.133839683210852,  0.235900573885809,  -0.155513603589485
					))
				, nrow = 60, ncol = 3
				, dimnames = list(
					as.character(c( "1", "2", "3", "4", "5", "6", "7", "8", "9", "10"
					  , "11", "12", "13", "14", "15", "16", "17", "18", "19", "20"
					  , "21", "22", "23", "24", "25", "26", "27", "28", "29", "30"
					  , "31", "32", "33", "34", "35", "36", "37", "38", "39", "40"
					  , "41", "42", "43", "44", "45", "46", "47", "48", "49", "50"
					  , "51", "52", "53", "54", "55", "56", "57", "58", "59", "60"))
					, as.character(c("nVmax", "nKm", "nV"))
					)
				))
			)
		, "logLik" = c(-3513.83)
		, "nObs" = c(420)
		, "nSubj" = c(60)
		, "nParm" = c(13)
		, "returnCode" = c(3)
		, "omega" = matrix(
			as.numeric(c(0.259796004910661, 0, 0, 0, 0.15879446202688, 0, 0, 0, 0.285306952763047))
			, nrow = 3, ncol = 3
			, dimnames = list(
				as.character(c("nVmax", "nKm", "nV"))
				, as.character(c("nVmax", "nKm", "nV"))
				)
			)
		, "eta" = matrix(
			as.numeric(c(0.0419844863379131, -0.0261915181786983, -0.0326064726849861, 0.113438952469452, 0.118613155755561, 0.0415182982954248, 0.336806995873679, 0.344402607068473, 0.203760394324866, 0.339207858350351, 0.135731361435293, 0.618527184449473))
			, nrow = 3, ncol = 4
			, dimnames = list(
				as.character(c("nVmax", "nKm", "nV"))
				, as.character(c("mean", "var", "sd", "shrinkage"))
				)
			)
		, "eta_shrinkage" = list("Subject" = matrix(
			as.numeric(c(
				 0.392090507747579,  0.608541812114526,  0.593186979121319
				,  0.809444218112345,  0.265660492622337,  0.50919896781067
				,  0.619972342027079,  0.750748227316878,  0.298114086380774
				,  0.489554112724546,  0.710129214605116,  0.301886522244105
				,  0.55548197719122,  0.48332120927681,  0.700680529155687
				,  0.357101833486448,  0.518333162985283,  0.474197535830258
				,  0.572682682586748,  0.353291237993831,  0.307865225274155
				,  0.668932138459551,  0.528955475216696,  0.770280928125876
				,  0.399057602422785,  0.815719538703152,  0.49186736745161
				,  0.814377511361059,  0.390484148783676,  0.617705097384802
				,  0.525933325544055,  0.536875571687375,  0.83275502492367
				,  0.700069118669388,  0.596129085563576,  0.411749462594179
				,  0.544374328917434,  0.589033933848781,  0.520861883226432
				,  0.264328138704829,  0.697087744608018,  0.347734858851
				,  0.645727122744939,  0.443884085718431,  0.488059969163104
				,  0.420573912263351,  0.737836946889423,  0.349698998060144
				,  0.344658321973364,  0.542873852470128,  0.368452984853485
				,  0.542941854865441,  0.828800083737238,  0.785445172333993
				,  0.381159531462288,  0.438656253456353,  0.327391806378191
				,  0.593185989521464,  0.63695211346746,  0.462437407870977
				,  0.251447130338854,  0.231538084645566,  0.239103704964
				,  0.220087772091521,  0.259086850796605,  0.23452380486194
				,  0.241246211060985,  0.226973699565551,  0.242793267045512
				,  0.241927891352421,  0.226636959824405,  0.241571246702828
				,  0.235276728717398,  0.242432410737623,  0.216756738073342
				,  0.250627358899949,  0.234053184528537,  0.240994249908214
				,  0.237566369532291,  0.251774454454236,  0.246157919789502
				,  0.238347552434745,  0.249366912637569,  0.224827513502353
				,  0.250954803790742,  0.217620585983149,  0.239248628740336
				,  0.214717323004479,  0.238340333318401,  0.237679184383614
				,  0.237964289895906,  0.250245179222629,  0.206697861661924
				,  0.232778425562246,  0.235873914433808,  0.255695159576174
				,  0.234853788748476,  0.227279297148188,  0.245644109077391
				,  0.261189630891476,  0.223772072620782,  0.245588170859545
				,  0.232859405059731,  0.249860969728075,  0.250702618422521
				,  0.250666494307612,  0.224689511390491,  0.255382179590896
				,  0.25936663862512,  0.241912201578336,  0.230079403031033
				,  0.242364236827914,  0.21297690250659,  0.210310162089637
				,  0.247171140539852,  0.244436243596929,  0.252185602696905
				,  0.233966500016124,  0.223304332625809,  0.249086672095447
				,  0.789326756798114,  0.887365335176669,  0.839244852957686
				,  0.903796686419485,  0.684468280297734,  0.840602309662931
				,  0.834482005691344,  0.880864317959658,  0.782014772197658
				,  0.819950410550584,  0.876402033991945,  0.770303762868328
				,  0.822812272187011,  0.813923255628706,  0.940122051456588
				,  0.749224294381161,  0.8668468697199,  0.817927854729093
				,  0.849981084812329,  0.737906257309075,  0.703272540797206
				,  0.854921800209306,  0.817117267885634,  0.902363077808289
				,  0.726839145499121,  0.902383113140759,  0.821433384896444
				,  0.91035132291032,  0.845256951921957,  0.841920808300304
				,  0.904393464088636,  0.795994469689418,  0.949342610358674
				,  0.853471338545639,  0.83232765775525,  0.732343902496794
				,  0.879758102478154,  0.881109678698535,  0.793182132242475
				,  0.695133551760534,  0.863046909823434,  0.808817169667736
				,  0.877563428893465,  0.766644722261582,  0.785222055188235
				,  0.762559228439074,  0.896438278213097,  0.753264185856436
				,  0.728861256529815,  0.834953698404691,  0.858418528484266
				,  0.855045023940075,  0.928775718578863,  0.940142688029709
				,  0.785935164495548,  0.791750713063068,  0.737585842774713
				,  0.868200405576886,  0.896577771613192,  0.789089288933027
				))
			, nrow = 60, ncol = 3
			, dimnames = list(
				as.character(c( "1", "2", "3", "4", "5", "6", "7", "8", "9", "10"
				  , "11", "12", "13", "14", "15", "16", "17", "18", "19", "20"
				  , "21", "22", "23", "24", "25", "26", "27", "28", "29", "30"
				  , "31", "32", "33", "34", "35", "36", "37", "38", "39", "40"
				  , "41", "42", "43", "44", "45", "46", "47", "48", "49", "50"
				  , "51", "52", "53", "54", "55", "56", "57", "58", "59", "60"))
				, as.character(c("nVmax_shrinkage", "nKm_shrinkage", "nV_shrinkage"))
				)
			))
		, "sigma" = matrix(
			as.numeric(c(0.251150564114829))
			, nrow = 1, ncol = 1
			, dimnames = list(
				as.character(c("CEps"))
				, as.character(c("CEps"))
				)
			)
		, "method" = "FOCE-ELS"
		, "varFix" = matrix(
			as.numeric(c(0.000923242498345272, -6.02373393444097, -20.9637990050264, -0.0530117174979853, -0.000743117703704853, 0.0333725193568437, 0.019167542778322, 0.000364750272637806, 6.28641434661487e-005, -0.0074448533933447, -6.02373393444097, 1062022.27947629, 2471057.41214752, -2613.5692716821, -209.78150689828, -179.274090695822, -1318.07526171471, 1.01627710308768, -0.893446187110613, -461.844802223597, -20.9637990050264, 2471057.41214752, 7025744.78998168, -768.474393288228, 151.635655784485, 594.866468092704, 512.340058528509, -22.0580848848978, -12.5649704726944, -2069.23478724965, -0.0530117174979853, -2613.5692716821, -768.474393288228, 172.100122082018, 8.52228220638378, -43.1458312820541, 12.4968007426822, -0.672271853939083, -0.0581143285696086, 3.61438444461589, -0.000743117703704853, -209.78150689828, 151.635655784485, 8.52228220638378, 1.15767435042446, 2.40758724435595, 7.01241331802673, -0.0344785213935681, -0.00504169075818463, -1.60076051649746, 0.0333725193568437, -179.274090695822, 594.866468092704, -43.1458312820541, 2.40758724435595, 39.7864106063183, 37.4608392935259, 0.168477719633027, 0.0024898084899973, -12.0550997559107, 0.019167542778322, -1318.07526171471, 512.340058528509, 12.4968007426822, 7.01241331802673, 37.4608392935259, 58.1095100013946, -0.0497099868499564, -0.0196330739322949, -15.4669739662942, 0.000364750272637806, 1.01627710308768, -22.0580848848978, -0.672271853939083, -0.0344785213935681, 0.168477719633027, -0.0497099868499564, 0.00277543302070326, 0.000281569240433085, -0.00859399694812983, 6.28641434661487e-005, -0.893446187110613, -12.5649704726944, -0.0581143285696086, -0.00504169075818463, 0.0024898084899973, -0.0196330739322949, 0.000281569240433085, 0.000105835361046332, 0.00536790375923887, -0.0074448533933447, -461.844802223597, -2069.23478724965, 3.61438444461589, -1.60076051649746, -12.0550997559107, -15.4669739662942, -0.00859399694812983, 0.00536790375923887, 5.52662632678455))
			, nrow = 10, ncol = 10
			, dimnames = list(
				as.character(c("CMultStdev", "tvVmax", "tvKm", "tvV", "tvKa", "K12", "K21", "K13", "K31", "CEps"))
				, as.character(c("CMultStdev", "tvVmax", "tvKm", "tvV", "tvKa", "K12", "K21", "K13", "K31", "CEps"))
				)
			)
		, "omegaSE" = matrix(
			as.numeric(c(0.324639913608871, 0, 0, 0, 0.0559934792892319, 0, 0, 0, 1.03004944614165))
			, nrow = 3, ncol = 3, byrow = TRUE
			, dimnames = list(
				as.character(c("nVmax", "nKm", "nV"))
				, as.character(c("nVmax", "nKm", "nV"))
				)
			)
		, "Covariance" = matrix(
			as.numeric(c(0.0009232425, -6.0237339, -20.963799, -0.053011717, -0.0007431177, 0.033372519, 0.019167543, 0.00036475027, 6.2864143e-005, -0.0074448534, -0.00061466286,         0, -9.0156533e-005,         0,         0, -6.4458832e-005, -6.0237339, 1062022.3, 2471057.4, -2613.5693, -209.78151, -179.27409, -1318.0753, 1.0162771, -0.89344619, -461.8448, -181.7374,         0, 16.784863,         0,         0, 488.42395, -20.963799, 2471057.4, 7025744.8, -768.47439, 151.63566, 594.86647, 512.34006, -22.058085, -12.56497, -2069.2348, -282.02105,         0, 34.566554,         0,         0,  1421.822, -0.053011717, -2613.5693, -768.47439, 172.10012, 8.5222822, -43.145831, 12.496801, -0.67227185, -0.058114329, 3.6143844, 0.43013032,         0, 0.0089089841,         0,         0, 2.5107898, -0.0007431177, -209.78151, 151.63566, 8.5222822, 1.1576744, 2.4075872, 7.0124133, -0.034478521, -0.0050416908, -1.6007605, 0.030276731,         0, -0.00084766073,         0,         0, 0.12052092, 0.033372519, -179.27409, 594.86647, -43.145831, 2.4075872, 39.786411, 37.460839, 0.16847772, 0.0024898085,  -12.0551, 0.028990293,         0, -0.0020505266,         0,         0, -0.84231473, 0.019167543, -1318.0753, 512.34006, 12.496801, 7.0124133, 37.460839,  58.10951, -0.049709987, -0.019633074, -15.466974, 0.16454006,         0, -0.0041875994,         0,         0, -0.030134609, 0.00036475027, 1.0162771, -22.058085, -0.67227185, -0.034478521, 0.16847772, -0.049709987, 0.002775433, 0.00028156924, -0.0085939969, -0.00061773103,         0, -8.602043e-005,         0,         0, -0.014240937, 6.2864143e-005, -0.89344619, -12.56497, -0.058114329, -0.0050416908, 0.0024898085, -0.019633074, 0.00028156924, 0.00010583536, 0.0053679038, -0.001116858,         0, -1.4202468e-006,         0,         0, -0.0035774773, -0.0074448534, -461.8448, -2069.2348, 3.6143844, -1.6007605,  -12.0551, -15.466974, -0.0085939969, 0.0053679038, 5.5266263, 0.14391566,         0, -0.015265855,         0,         0, -0.64681335, -0.00061466286, -181.7374, -282.02105, 0.43013032, 0.030276731, 0.028990293, 0.16454006, -0.00061773103, -0.001116858, 0.14391566, 0.10539107,         0, -0.003707908,         0,         0, -0.2187762,         0,         0,         0,         0,         0,         0,         0,         0,         0,         0,         0,         0,         0,         0,         0,         0, -9.0156533e-005, 16.784863, 34.566554, 0.0089089841, -0.00084766073, -0.0020505266, -0.0041875994, -8.602043e-005, -1.4202468e-006, -0.015265855, -0.003707908,         0, 0.0031352697,         0,         0, 0.0067313752,         0,         0,         0,         0,         0,         0,         0,         0,         0,         0,         0,         0,         0,         0,         0,         0,         0,         0,         0,         0,         0,         0,         0,         0,         0,         0,         0,         0,         0,         0,         0,         0, -6.4458832e-005, 488.42395,  1421.822, 2.5107898, 0.12052092, -0.84231473, -0.030134609, -0.014240937, -0.0035774773, -0.64681335, -0.2187762,         0, 0.0067313752,         0,         0, 1.0610019))
			, nrow = 16, ncol = 16
			, dimnames = list(
				as.character(c("CMultStdev", "tvVmax", "tvKm", "tvV", "tvKa", "K12", "K21", "K13", "K31", "stdev0", "nVmax-nVmax", "nKm-nVmax", "nKm-nKm", "nV-nVmax", "nV-nKm", "nV-nV"))
				, as.character(c("CMultStdev", "tvVmax", "tvKm", "tvV", "tvKa", "K12", "K21", "K13", "K31", "stdev0", "nVmax-nVmax", "nKm-nVmax", "nKm-nKm", "nV-nVmax", "nV-nKm", "nV-nV"))
				)
			)
		, "Correlation" = matrix(
			as.numeric(c(0.030384906, -0.19237165, -0.26029505, -0.13299135, -0.02273037, 0.17412604, 0.082753227, 0.22786224, 0.20110817, -0.10422411, -0.062312785,         0, -0.052990968,         0,         0, -0.0020595221, -0.19237165, 1030.5447, 0.90462761, -0.19331992, -0.18919392, -0.027579306, -0.16778371, 0.018718884, -0.08427256, -0.19063349, -0.54321978,         0, 0.29087977,         0,         0, 0.46012101, -0.26029505, 0.90462761, 2650.6122, -0.022100018, 0.053169423, 0.035579998, 0.025356454, -0.15796332, -0.46078665, -0.33207298, -0.327743,         0, 0.23290159,         0,         0, 0.52076403, -0.13299135, -0.19331992, -0.022100018, 13.118694, 0.60377082, -0.52141182, 0.12496392, -0.97272251, -0.43060318, 0.11719625, 0.10099679,         0, 0.012128306,         0,         0, 0.18580684, -0.02273037, -0.18919392, 0.053169423, 0.60377082, 1.0759528, 0.35474922, 0.85496964, -0.60826111, -0.45547821, -0.63285338, 0.086678994,         0, -0.014069913,         0,         0, 0.10874547, 0.17412604, -0.027579306, 0.035579998, -0.52141182, 0.35474922,  6.307647,  0.779088, 0.50700206, 0.038369237, -0.81296786, 0.014157394,         0, -0.0058057798,         0,         0, -0.12964296, 0.082753227, -0.16778371, 0.025356454, 0.12496392, 0.85496964,  0.779088, 7.6229594, -0.12378119, -0.25035098, -0.86308128, 0.066488439,         0, -0.009810792,         0,         0, -0.0038378136, 0.22786224, 0.018718884, -0.15796332, -0.97272251, -0.60826111, 0.50700206, -0.12378119, 0.052682379, 0.51952259, -0.06939046, -0.036118701,         0, -0.029160756,         0,         0, -0.26243099, 0.20110817, -0.08427256, -0.46078665, -0.43060318, -0.45547821, 0.038369237, -0.25035098, 0.51952259, 0.010287631, 0.22195211, -0.33441107,         0, -0.0024655339,         0,         0, -0.33760076, -0.10422411, -0.19063349, -0.33207298, 0.11719625, -0.63285338, -0.81296786, -0.86308128, -0.06939046, 0.22195211, 2.3508778, 0.18857151,         0, -0.11597213,         0,         0, -0.26711043, -0.062312785, -0.54321978, -0.327743, 0.10099679, 0.086678994, 0.014157394, 0.066488439, -0.036118701, -0.33441107, 0.18857151, 0.32463991,         0, -0.20398093,         0,         0, -0.6542445,         0,         0,         0,         0,         0,         0,         0,         0,         0,         0,         0,         0,         0,         0,         0,         0, -0.052990968, 0.29087977, 0.23290159, 0.012128306, -0.014069913, -0.0058057798, -0.009810792, -0.029160756, -0.0024655339, -0.11597213, -0.20398093,         0, 0.055993479,         0,         0, 0.11671005,         0,         0,         0,         0,         0,         0,         0,         0,         0,         0,         0,         0,         0,         0,         0,         0,         0,         0,         0,         0,         0,         0,         0,         0,         0,         0,         0,         0,         0,         0,         0,         0, -0.0020595221, 0.46012101, 0.52076403, 0.18580684, 0.10874547, -0.12964296, -0.0038378136, -0.26243099, -0.33760076, -0.26711043, -0.6542445,         0, 0.11671005,         0,         0, 1.0300494))
			, nrow = 16, ncol = 16
			, dimnames = list(
				as.character(c("CMultStdev", "tvVmax", "tvKm", "tvV", "tvKa", "K12", "K21", "K13", "K31", "stdev0", "nVmax-nVmax", "nKm-nVmax", "nKm-nKm", "nV-nVmax", "nV-nKm", "nV-nV"))
				, as.character(c("CMultStdev", "tvVmax", "tvKm", "tvV", "tvKa", "K12", "K21", "K13", "K31", "stdev0", "nVmax-nVmax", "nKm-nVmax", "nKm-nKm", "nV-nVmax", "nV-nKm", "nV-nV"))
				)
			)
		, "Inverse" = matrix(
			as.numeric(c( 1916.854, -0.10982622, 0.040651381, -24.757398, -18.293193, -31.819358,  24.87488, -4165.6205, 4985.3448, 8.6312514,    44.712,         0, 242.38399,         0,         0, 6.1499129, -0.10982622, 6.9682202e-005, -2.5055913e-005, 0.0019358731, -0.0010329661, -0.0095342732, 0.0074719785, 1.2475286, -3.0851834, -0.00088086455, 0.0014998558,         0, -0.063501542,         0,         0, -0.0038111362, 0.040651381, -2.5055913e-005, 9.7611339e-006, -0.0005425594, 0.003203664, 0.0031936549, -0.0026204639, -0.35835699, 1.1917564, 0.001056134, 0.0012919887,         0, 0.02216788,         0,         0, 0.0018151456, -24.757398, 0.0019358731, -0.0005425594, 1.2886601, -2.7066695, 2.7261411, -1.6166688, 88.418344, -90.992793, -0.06262992, -2.508949,         0, -9.887903,         0,         0, -0.4021732, -18.293193, -0.0010329661, 0.003203664, -2.7066695, 101.42184, -7.5805173, -5.3139393, 970.39281, 684.12857, 1.8771406, 23.003922,         0,  43.48063,         0,         0, 5.8401023, -31.819358, -0.0095342732, 0.0031936549, 2.7261411, -7.5805173, 12.092865, -7.6397677, -329.08765, 698.51521, 0.4113677, 1.1425666,         0, -7.6281308,         0,         0, 2.3735357,  24.87488, 0.0074719785, -0.0026204639, -1.6166688, -5.3139393, -7.6397677, 6.1403494,   136.228, -534.48353, 0.31717695, -1.7789043,         0, 2.2283303,         0,         0, -1.5491658, -4165.6205, 1.2475286, -0.35835699, 88.418344, 970.39281, -329.08765,   136.228, 59639.845, -72945.857, -0.87577665, -507.72235,         0, -1414.1576,         0,         0, -212.88736, 4985.3448, -3.0851834, 1.1917564, -90.992793, 684.12857, 698.51521, -534.48353, -72945.857, 228298.04, 196.43222, 2401.1863,         0, 3710.9261,         0,         0, 882.48665, 8.6312514, -0.00088086455, 0.001056134, -0.06262992, 1.8771406, 0.4113677, 0.31717695, -0.87577665, 196.43222, 2.8975246, 3.9369201,         0, 8.2942174,         0,         0, 2.4374344,    44.712, 0.0014998558, 0.0012919887, -2.508949, 23.003922, 1.1425666, -1.7789043, -507.72235, 2401.1863, 3.9369201, 89.934282,         0, 52.635016,         0,         0, 23.653584,         0,         0,         0,         0,         0,         0,         0,         0,         0,         0,         0,         0,         0,         0,         0,         0, 242.38399, -0.063501542, 0.02216788, -9.887903,  43.48063, -7.6281308, 2.2283303, -1414.1576, 3710.9261, 8.2942174, 52.635016,         0, 485.39488,         0,         0, 18.369478,         0,         0,         0,         0,         0,         0,         0,         0,         0,         0,         0,         0,         0,         0,         0,         0,         0,         0,         0,         0,         0,         0,         0,         0,         0,         0,         0,         0,         0,         0,         0,         0, 6.1499129, -0.0038111362, 0.0018151456, -0.4021732, 5.8401023, 2.3735357, -1.5491658, -212.88736, 882.48665, 2.4374344, 23.653584,         0, 18.369478,         0,         0,  8.758369))
			, nrow = 16, ncol = 16
			, dimnames = list(
				as.character(c("CMultStdev", "tvVmax", "tvKm", "tvV", "tvKa", "K12", "K21", "K13", "K31", "stdev0", "nVmax-nVmax", "nKm-nVmax", "nKm-nKm", "nV-nVmax", "nV-nKm", "nV-nV"))
				, as.character(c("CMultStdev", "tvVmax", "tvKm", "tvV", "tvKa", "K12", "K21", "K13", "K31", "stdev0", "nVmax-nVmax", "nKm-nVmax", "nKm-nKm", "nV-nVmax", "nV-nKm", "nV-nV"))
				)
			)
		, "LLTable" = data.frame(
			id = as.character(c( "1", "2", "3", "4", "5", "6", "7", "8", "9", "10", "11", "12", "13", "14", "15", "16", "17", "18", "19", "20", "21", "22", "23", "24", "25", "26", "27", "28", "29", "30", "31", "32", "33", "34", "35", "36", "37", "38", "39", "40", "41", "42", "43", "44", "45", "46", "47", "48", "49", "50", "51", "52", "53", "54", "55", "56", "57", "58", "59", "60"))
			, "LL" = c(-57.089763, -59.400289, -56.572636, -54.339742, -60.012558, -59.911001, -54.998903, -55.375735, -61.417598, -57.37718, -56.818965, -58.68768, -58.201452, -58.720909, -69.37477, -56.867194, -65.49273, -58.977482, -60.204153, -55.292187, -59.788366, -55.820802, -55.294762, -56.272925, -54.587848, -58.512295, -57.275693, -58.119567, -64.671164, -57.175146, -65.218599, -54.537846, -63.911446, -54.704948, -57.664746, -53.347971, -62.332448, -63.942545, -53.875924, -56.467888, -56.724194, -64.783379, -56.11908, -56.205633, -54.718609, -57.080771, -58.000176, -55.778437, -55.96222, -56.920011, -66.03097, -59.917063, -56.79651, -64.881579, -58.477987, -60.472086, -55.401672, -60.747819, -63.687868, -56.469016)
			) # end of LLTable
		, "residuals" = data.frame(
			  ID1 = as.character(c(  "",   "",   "",   "",   "",   "",   "",   "",   "",   "",   "",   "",   "",   "",   "",   "",   "",   "",   "",   "",   "",   "",   "",   "",   "",   "",   "",   "",   "",   "",   "",   "",   "",   "",   "",   "",   "",   "",   "",   "",   "",   "",   "",   "",   "",   "",   "",   "",   "",   "",   "",   "",   "",   "",   "",   "",   "",   "",   "",   "",   "",   "",   "",   "",   "",   "",   "",   "",   "",   "",   "",   "",   "",   "",   "",   "",   "",   "",   "",   "",   "",   "",   "",   "",   "",   "",   "",   "",   "",   "",   "",   "",   "",   "",   "",   "",   "",   "",   "",   "",   "",   "",   "",   "",   "",   "",   "",   "",   "",   "",   "",   "",   "",   "",   "",   "",   "",   "",   "",   "",   "",   "",   "",   "",   "",   "",   "",   "",   "",   "",   "",   "",   "",   "",   "",   "",   "",   "",   "",   "",   "",   "",   "",   "",   "",   "",   "",   "",   "",   "",   "",   "",   "",   "",   "",   "",   "",   "",   "",   "",   "",   "",   "",   "",   "",   "",   "",   "",   "",   "",   "",   "",   "",   "",   "",   "",   "",   "",   "",   "",   "",   "",   "",   "",   "",   "",   "",   "",   "",   "",   "",   "",   "",   "",   "",   "",   "",   "",   "",   "",   "",   "",   "",   "",   "",   "",   "",   "",   "",   "",   "",   "",   "",   "",   "",   "",   "",   "",   "",   "",   "",   "",   "",   "",   "",   "",   "",   "",   "",   "",   "",   "",   "",   "",   "",   "",   "",   "",   "",   "",   "",   "",   "",   "",   "",   "",   "",   "",   "",   "",   "",   "",   "",   "",   "",   "",   "",   "",   "",   "",   "",   "",   "",   "",   "",   "",   "",   "",   "",   "",   "",   "",   "",   "",   "",   "",   "",   "",   "",   "",   "",   "",   "",   "",   "",   "",   "",   "",   "",   "",   "",   "",   "",   "",   "",   "",   "",   "",   "",   "",   "",   "",   "",   "",   "",   "",   "",   "",   "",   "",   "",   "",   "",   "",   "",   "",   "",   "",   "",   "",   "",   "",   "",   "",   "",   "",   "",   "",   "",   "",   "",   "",   "",   "",   "",   "",   "",   "",   "",   "",   "",   "",   "",   "",   "",   "",   "",   "",   "",   "",   "",   "",   "",   "",   "",   "",   "",   "",   "",   "",   "",   "",   "",   "",   "",   "",   "",   "",   "",   "",   "",   "",   "",   "",   "",   "",   "",   "",   "",   "",   "",   "",   "",   "",   "",   "",   "",   "",   "",   "",   "",   "",   "",   "",   "",   "",   "",   "",   "",   "",   "",   "",   "",   "",   "",   "",   "",   "",   "",   "",   "",   "",   "",   "",   "",   "",   "",   "",   "",   ""))
			, ID2 = as.character(c(  "",   "",   "",   "",   "",   "",   "",   "",   "",   "",   "",   "",   "",   "",   "",   "",   "",   "",   "",   "",   "",   "",   "",   "",   "",   "",   "",   "",   "",   "",   "",   "",   "",   "",   "",   "",   "",   "",   "",   "",   "",   "",   "",   "",   "",   "",   "",   "",   "",   "",   "",   "",   "",   "",   "",   "",   "",   "",   "",   "",   "",   "",   "",   "",   "",   "",   "",   "",   "",   "",   "",   "",   "",   "",   "",   "",   "",   "",   "",   "",   "",   "",   "",   "",   "",   "",   "",   "",   "",   "",   "",   "",   "",   "",   "",   "",   "",   "",   "",   "",   "",   "",   "",   "",   "",   "",   "",   "",   "",   "",   "",   "",   "",   "",   "",   "",   "",   "",   "",   "",   "",   "",   "",   "",   "",   "",   "",   "",   "",   "",   "",   "",   "",   "",   "",   "",   "",   "",   "",   "",   "",   "",   "",   "",   "",   "",   "",   "",   "",   "",   "",   "",   "",   "",   "",   "",   "",   "",   "",   "",   "",   "",   "",   "",   "",   "",   "",   "",   "",   "",   "",   "",   "",   "",   "",   "",   "",   "",   "",   "",   "",   "",   "",   "",   "",   "",   "",   "",   "",   "",   "",   "",   "",   "",   "",   "",   "",   "",   "",   "",   "",   "",   "",   "",   "",   "",   "",   "",   "",   "",   "",   "",   "",   "",   "",   "",   "",   "",   "",   "",   "",   "",   "",   "",   "",   "",   "",   "",   "",   "",   "",   "",   "",   "",   "",   "",   "",   "",   "",   "",   "",   "",   "",   "",   "",   "",   "",   "",   "",   "",   "",   "",   "",   "",   "",   "",   "",   "",   "",   "",   "",   "",   "",   "",   "",   "",   "",   "",   "",   "",   "",   "",   "",   "",   "",   "",   "",   "",   "",   "",   "",   "",   "",   "",   "",   "",   "",   "",   "",   "",   "",   "",   "",   "",   "",   "",   "",   "",   "",   "",   "",   "",   "",   "",   "",   "",   "",   "",   "",   "",   "",   "",   "",   "",   "",   "",   "",   "",   "",   "",   "",   "",   "",   "",   "",   "",   "",   "",   "",   "",   "",   "",   "",   "",   "",   "",   "",   "",   "",   "",   "",   "",   "",   "",   "",   "",   "",   "",   "",   "",   "",   "",   "",   "",   "",   "",   "",   "",   "",   "",   "",   "",   "",   "",   "",   "",   "",   "",   "",   "",   "",   "",   "",   "",   "",   "",   "",   "",   "",   "",   "",   "",   "",   "",   "",   "",   "",   "",   "",   "",   "",   "",   "",   "",   "",   "",   "",   "",   "",   "",   "",   "",   "",   "",   "",   "",   "",   "",   "",   "",   "",   "",   "",   "",   "",   "",   "",   "",   "",   ""))
			, ID3 = as.character(c(  "",   "",   "",   "",   "",   "",   "",   "",   "",   "",   "",   "",   "",   "",   "",   "",   "",   "",   "",   "",   "",   "",   "",   "",   "",   "",   "",   "",   "",   "",   "",   "",   "",   "",   "",   "",   "",   "",   "",   "",   "",   "",   "",   "",   "",   "",   "",   "",   "",   "",   "",   "",   "",   "",   "",   "",   "",   "",   "",   "",   "",   "",   "",   "",   "",   "",   "",   "",   "",   "",   "",   "",   "",   "",   "",   "",   "",   "",   "",   "",   "",   "",   "",   "",   "",   "",   "",   "",   "",   "",   "",   "",   "",   "",   "",   "",   "",   "",   "",   "",   "",   "",   "",   "",   "",   "",   "",   "",   "",   "",   "",   "",   "",   "",   "",   "",   "",   "",   "",   "",   "",   "",   "",   "",   "",   "",   "",   "",   "",   "",   "",   "",   "",   "",   "",   "",   "",   "",   "",   "",   "",   "",   "",   "",   "",   "",   "",   "",   "",   "",   "",   "",   "",   "",   "",   "",   "",   "",   "",   "",   "",   "",   "",   "",   "",   "",   "",   "",   "",   "",   "",   "",   "",   "",   "",   "",   "",   "",   "",   "",   "",   "",   "",   "",   "",   "",   "",   "",   "",   "",   "",   "",   "",   "",   "",   "",   "",   "",   "",   "",   "",   "",   "",   "",   "",   "",   "",   "",   "",   "",   "",   "",   "",   "",   "",   "",   "",   "",   "",   "",   "",   "",   "",   "",   "",   "",   "",   "",   "",   "",   "",   "",   "",   "",   "",   "",   "",   "",   "",   "",   "",   "",   "",   "",   "",   "",   "",   "",   "",   "",   "",   "",   "",   "",   "",   "",   "",   "",   "",   "",   "",   "",   "",   "",   "",   "",   "",   "",   "",   "",   "",   "",   "",   "",   "",   "",   "",   "",   "",   "",   "",   "",   "",   "",   "",   "",   "",   "",   "",   "",   "",   "",   "",   "",   "",   "",   "",   "",   "",   "",   "",   "",   "",   "",   "",   "",   "",   "",   "",   "",   "",   "",   "",   "",   "",   "",   "",   "",   "",   "",   "",   "",   "",   "",   "",   "",   "",   "",   "",   "",   "",   "",   "",   "",   "",   "",   "",   "",   "",   "",   "",   "",   "",   "",   "",   "",   "",   "",   "",   "",   "",   "",   "",   "",   "",   "",   "",   "",   "",   "",   "",   "",   "",   "",   "",   "",   "",   "",   "",   "",   "",   "",   "",   "",   "",   "",   "",   "",   "",   "",   "",   "",   "",   "",   "",   "",   "",   "",   "",   "",   "",   "",   "",   "",   "",   "",   "",   "",   "",   "",   "",   "",   "",   "",   "",   "",   "",   "",   "",   "",   "",   "",   "",   "",   "",   "",   "",   "",   "",   ""))
			, ID4 = as.character(c(  "",   "",   "",   "",   "",   "",   "",   "",   "",   "",   "",   "",   "",   "",   "",   "",   "",   "",   "",   "",   "",   "",   "",   "",   "",   "",   "",   "",   "",   "",   "",   "",   "",   "",   "",   "",   "",   "",   "",   "",   "",   "",   "",   "",   "",   "",   "",   "",   "",   "",   "",   "",   "",   "",   "",   "",   "",   "",   "",   "",   "",   "",   "",   "",   "",   "",   "",   "",   "",   "",   "",   "",   "",   "",   "",   "",   "",   "",   "",   "",   "",   "",   "",   "",   "",   "",   "",   "",   "",   "",   "",   "",   "",   "",   "",   "",   "",   "",   "",   "",   "",   "",   "",   "",   "",   "",   "",   "",   "",   "",   "",   "",   "",   "",   "",   "",   "",   "",   "",   "",   "",   "",   "",   "",   "",   "",   "",   "",   "",   "",   "",   "",   "",   "",   "",   "",   "",   "",   "",   "",   "",   "",   "",   "",   "",   "",   "",   "",   "",   "",   "",   "",   "",   "",   "",   "",   "",   "",   "",   "",   "",   "",   "",   "",   "",   "",   "",   "",   "",   "",   "",   "",   "",   "",   "",   "",   "",   "",   "",   "",   "",   "",   "",   "",   "",   "",   "",   "",   "",   "",   "",   "",   "",   "",   "",   "",   "",   "",   "",   "",   "",   "",   "",   "",   "",   "",   "",   "",   "",   "",   "",   "",   "",   "",   "",   "",   "",   "",   "",   "",   "",   "",   "",   "",   "",   "",   "",   "",   "",   "",   "",   "",   "",   "",   "",   "",   "",   "",   "",   "",   "",   "",   "",   "",   "",   "",   "",   "",   "",   "",   "",   "",   "",   "",   "",   "",   "",   "",   "",   "",   "",   "",   "",   "",   "",   "",   "",   "",   "",   "",   "",   "",   "",   "",   "",   "",   "",   "",   "",   "",   "",   "",   "",   "",   "",   "",   "",   "",   "",   "",   "",   "",   "",   "",   "",   "",   "",   "",   "",   "",   "",   "",   "",   "",   "",   "",   "",   "",   "",   "",   "",   "",   "",   "",   "",   "",   "",   "",   "",   "",   "",   "",   "",   "",   "",   "",   "",   "",   "",   "",   "",   "",   "",   "",   "",   "",   "",   "",   "",   "",   "",   "",   "",   "",   "",   "",   "",   "",   "",   "",   "",   "",   "",   "",   "",   "",   "",   "",   "",   "",   "",   "",   "",   "",   "",   "",   "",   "",   "",   "",   "",   "",   "",   "",   "",   "",   "",   "",   "",   "",   "",   "",   "",   "",   "",   "",   "",   "",   "",   "",   "",   "",   "",   "",   "",   "",   "",   "",   "",   "",   "",   "",   "",   "",   "",   "",   "",   "",   "",   "",   "",   "",   "",   "",   "",   "",   "",   "",   "",   ""))
			, ID5 = as.character(c( "1",  "1",  "1",  "1",  "1",  "1",  "1",  "2",  "2",  "2",  "2",  "2",  "2",  "2",  "3",  "3",  "3",  "3",  "3",  "3",  "3",  "4",  "4",  "4",  "4",  "4",  "4",  "4",  "5",  "5",  "5",  "5",  "5",  "5",  "5",  "6",  "6",  "6",  "6",  "6",  "6",  "6",  "7",  "7",  "7",  "7",  "7",  "7",  "7",  "8",  "8",  "8",  "8",  "8",  "8",  "8",  "9",  "9",  "9",  "9",  "9",  "9",  "9", "10", "10", "10", "10", "10", "10", "10", "11", "11", "11", "11", "11", "11", "11", "12", "12", "12", "12", "12", "12", "12", "13", "13", "13", "13", "13", "13", "13", "14", "14", "14", "14", "14", "14", "14", "15", "15", "15", "15", "15", "15", "15", "16", "16", "16", "16", "16", "16", "16", "17", "17", "17", "17", "17", "17", "17", "18", "18", "18", "18", "18", "18", "18", "19", "19", "19", "19", "19", "19", "19", "20", "20", "20", "20", "20", "20", "20", "21", "21", "21", "21", "21", "21", "21", "22", "22", "22", "22", "22", "22", "22", "23", "23", "23", "23", "23", "23", "23", "24", "24", "24", "24", "24", "24", "24", "25", "25", "25", "25", "25", "25", "25", "26", "26", "26", "26", "26", "26", "26", "27", "27", "27", "27", "27", "27", "27", "28", "28", "28", "28", "28", "28", "28", "29", "29", "29", "29", "29", "29", "29", "30", "30", "30", "30", "30", "30", "30", "31", "31", "31", "31", "31", "31", "31", "32", "32", "32", "32", "32", "32", "32", "33", "33", "33", "33", "33", "33", "33", "34", "34", "34", "34", "34", "34", "34", "35", "35", "35", "35", "35", "35", "35", "36", "36", "36", "36", "36", "36", "36", "37", "37", "37", "37", "37", "37", "37", "38", "38", "38", "38", "38", "38", "38", "39", "39", "39", "39", "39", "39", "39", "40", "40", "40", "40", "40", "40", "40", "41", "41", "41", "41", "41", "41", "41", "42", "42", "42", "42", "42", "42", "42", "43", "43", "43", "43", "43", "43", "43", "44", "44", "44", "44", "44", "44", "44", "45", "45", "45", "45", "45", "45", "45", "46", "46", "46", "46", "46", "46", "46", "47", "47", "47", "47", "47", "47", "47", "48", "48", "48", "48", "48", "48", "48", "49", "49", "49", "49", "49", "49", "49", "50", "50", "50", "50", "50", "50", "50", "51", "51", "51", "51", "51", "51", "51", "52", "52", "52", "52", "52", "52", "52", "53", "53", "53", "53", "53", "53", "53", "54", "54", "54", "54", "54", "54", "54", "55", "55", "55", "55", "55", "55", "55", "56", "56", "56", "56", "56", "56", "56", "57", "57", "57", "57", "57", "57", "57", "58", "58", "58", "58", "58", "58", "58", "59", "59", "59", "59", "59", "59", "59", "60", "60", "60", "60", "60", "60", "60"))
