TABLE NO.     1: First Order Conditional Estimation with Interaction: Problem=1 Subproblem=0 Superproblem1=0 Iteration1=0 Superproblem2=0 Iteration2=0
 NAME         THETA1       THETA2       THETA3       THETA4       THETA5       THETA6       THETA7       THETA8       THETA9       THETA10      SIGMA(1,1)   SIGMA(2,1)   SIGMA(2,2)   OMEGA(1,1)
 THETA1        5.84279E+02  8.78035E-01 -6.12939E-02 -2.19579E-01 -2.75467E-01 -5.50850E-02  1.17182E-01 -2.56936E-02  5.29766E-02  4.57162E-02 -5.18218E-02  0.00000E+00 -1.61551E-01 -4.40582E-02
 THETA2        8.78035E-01  5.49041E+01  6.10800E-03 -2.41560E-01 -5.87425E-01  1.09731E-02  9.21473E-02 -1.02573E-01 -1.66527E-02 -4.24236E-02  1.35406E-02  0.00000E+00 -1.41943E-01  5.16868E-02
 THETA3       -6.12939E-02  6.10800E-03  1.10846E+03 -8.01483E-01 -3.14680E-01  9.99933E-01  8.83466E-01 -7.86240E-01 -9.98514E-01 -9.66565E-01  9.99801E-01  0.00000E+00  6.18683E-01 -3.26799E-01
 THETA4       -2.19579E-01 -2.41560E-01 -8.01483E-01  1.43308E-01  4.92134E-01 -8.07839E-01 -7.86094E-01  9.52316E-01  8.10146E-01  8.90812E-01 -8.11299E-01  0.00000E+00 -1.34435E-01  3.10439E-01
 THETA5       -2.75467E-01 -5.87425E-01 -3.14680E-01  4.92134E-01  7.24960E-01 -3.18110E-01 -2.22229E-01  5.34550E-01  3.27900E-01  4.32161E-01 -3.22297E-01  0.00000E+00  1.15037E-01  1.76479E-01
 THETA6       -5.50850E-02  1.09731E-02  9.99933E-01 -8.07839E-01 -3.18110E-01  1.09572E+01  8.86713E-01 -7.91141E-01 -9.98419E-01 -9.67991E-01  9.99887E-01  0.00000E+00  6.11781E-01 -3.27972E-01
 THETA7        1.17182E-01  9.21473E-02  8.83466E-01 -7.86094E-01 -2.22229E-01  8.86713E-01  1.11308E+00 -6.67855E-01 -8.62726E-01 -8.12579E-01  8.82151E-01  0.00000E+00  4.64047E-01 -3.32921E-01
 THETA8       -2.56936E-02 -1.02573E-01 -7.86240E-01  9.52316E-01  5.34550E-01 -7.91141E-01 -6.67855E-01  8.96367E-02  8.01004E-01  9.12946E-01 -7.96604E-01  0.00000E+00 -7.06895E-02  2.85282E-01
 THETA9        5.29766E-02 -1.66527E-02 -9.98514E-01  8.10146E-01  3.27900E-01 -9.98419E-01 -8.62726E-01  8.01004E-01  6.72217E-01  9.74248E-01 -9.99010E-01  0.00000E+00 -6.15680E-01  3.20728E-01
 THETA10       4.57162E-02 -4.24236E-02 -9.66565E-01  8.90812E-01  4.32161E-01 -9.67991E-01 -8.12579E-01  9.12946E-01  9.74248E-01  2.63491E-01 -9.70701E-01  0.00000E+00 -4.47757E-01  3.21054E-01
 SIGMA(1,1)   -5.18218E-02  1.35406E-02  9.99801E-01 -8.11299E-01 -3.22297E-01  9.99887E-01  8.82151E-01 -7.96604E-01 -9.99010E-01 -9.70701E-01  5.42135E-04  0.00000E+00  6.07842E-01 -3.31485E-01
 SIGMA(2,1)    0.00000E+00  0.00000E+00  0.00000E+00  0.00000E+00  0.00000E+00  0.00000E+00  0.00000E+00  0.00000E+00  0.00000E+00  0.00000E+00  0.00000E+00  0.00000E+00  0.00000E+00  0.00000E+00
 SIGMA(2,2)   -1.61551E-01 -1.41943E-01  6.18683E-01 -1.34435E-01  1.15037E-01  6.11781E-01  4.64047E-01 -7.06895E-02 -6.15680E-01 -4.47757E-01  6.07842E-01  0.00000E+00  1.81699E-02 -5.77360E-02
 OMEGA(1,1)   -4.40582E-02  5.16868E-02 -3.26799E-01  3.10439E-01  1.76479E-01 -3.27972E-01 -3.32921E-01  2.85282E-01  3.20728E-01  3.21054E-01 -3.31485E-01  0.00000E+00 -5.77360E-02  7.72649E-02
