TABLE NO.     1: First Order Conditional Estimation with Interaction: Problem=1 Subproblem=0 Superproblem1=0 Iteration1=0 Superproblem2=0 Iteration2=0
 NAME         THETA1       THETA2       THETA3       THETA4       THETA5       THETA6       THETA7       THETA8       THETA9       THETA10      SIGMA(1,1)   SIGMA(2,1)   SIGMA(2,2)   OMEGA(1,1)
 THETA1        3.41382E+05  2.81668E+04 -3.96972E+04 -1.83857E+01 -1.16682E+02 -3.52656E+02  7.62096E+01 -1.34565E+00  2.08072E+01  7.03811E+00 -1.64150E-02  0.00000E+00 -1.71507E+00 -1.98898E+00
 THETA2        2.81668E+04  3.01446E+03  3.71728E+02 -1.90064E+00 -2.33814E+01  6.60136E+00  5.63138E+00 -5.04803E-01 -6.14609E-01 -6.13731E-01  4.03042E-04  0.00000E+00 -1.41603E-01  2.19264E-01
 THETA3       -3.96972E+04  3.71728E+02  1.22869E+06 -1.27317E+02 -2.52874E+02  1.21448E+04  1.09003E+03 -7.81201E+01 -7.44020E+02 -2.82305E+02  6.00817E-01  0.00000E+00  1.24607E+01 -2.79888E+01
 THETA4       -1.83857E+01 -1.90064E+00 -1.27317E+02  2.05371E-02  5.11290E-02 -1.26850E+00 -1.25392E-01  1.22331E-02  7.80445E-02  3.36373E-02 -6.30315E-05  0.00000E+00 -3.50055E-04  3.43738E-03
 THETA5       -1.16682E+02 -2.33814E+01 -2.52874E+02  5.11290E-02  5.25566E-01 -2.52690E+00 -1.79325E-01  3.47367E-02  1.59795E-01  8.25515E-02 -1.26671E-04  0.00000E+00  1.51532E-03  9.88528E-03
 THETA6       -3.52656E+02  6.60136E+00  1.21448E+04 -1.26850E+00 -2.52690E+00  1.20059E+02  1.08145E+01 -7.77030E-01 -7.35393E+00 -2.79470E+00  5.93958E-03  0.00000E+00  1.21800E-01 -2.77662E-01
 THETA7        7.62096E+01  5.63138E+00  1.09003E+03 -1.25392E-01 -1.79325E-01  1.08145E+01  1.23895E+00 -6.66340E-02 -6.45520E-01 -2.38319E-01  5.32326E-04  0.00000E+00  9.38519E-03 -2.86319E-02
 THETA8       -1.34565E+00 -5.04803E-01 -7.81201E+01  1.22331E-02  3.47367E-02 -7.77030E-01 -6.66340E-02  8.03474E-03  4.82647E-02  2.15624E-02 -3.87111E-05  0.00000E+00 -1.15131E-04  1.97580E-03
 THETA9        2.08072E+01 -6.14609E-01 -7.44020E+02  7.80445E-02  1.59795E-01 -7.35393E+00 -6.45520E-01  4.82647E-02  4.51875E-01  1.72562E-01 -3.64071E-04  0.00000E+00 -7.51999E-03  1.66582E-02
 THETA10       7.03811E+00 -6.13731E-01 -2.82305E+02  3.36373E-02  8.25515E-02 -2.79470E+00 -2.38319E-01  2.15624E-02  1.72562E-01  6.94274E-02 -1.38662E-04  0.00000E+00 -2.14369E-03  6.53621E-03
 SIGMA(1,1)   -1.64150E-02  4.03042E-04  6.00817E-01 -6.30315E-05 -1.26671E-04  5.93958E-03  5.32326E-04 -3.87111E-05 -3.64071E-04 -1.38662E-04  2.93910E-07  0.00000E+00  5.98758E-06 -1.38852E-05
 SIGMA(2,1)    0.00000E+00  0.00000E+00  0.00000E+00  0.00000E+00  0.00000E+00  0.00000E+00  0.00000E+00  0.00000E+00  0.00000E+00  0.00000E+00  0.00000E+00  0.00000E+00  0.00000E+00  0.00000E+00
 SIGMA(2,2)   -1.71507E+00 -1.41603E-01  1.24607E+01 -3.50055E-04  1.51532E-03  1.21800E-01  9.38519E-03 -1.15131E-04 -7.51999E-03 -2.14369E-03  5.98758E-06  0.00000E+00  3.30146E-04 -8.10555E-05
 OMEGA(1,1)   -1.98898E+00  2.19264E-01 -2.79888E+01  3.43738E-03  9.88528E-03 -2.77662E-01 -2.86319E-02  1.97580E-03  1.66582E-02  6.53621E-03 -1.38852E-05  0.00000E+00 -8.10555E-05  5.96987E-03
