TABLE NO.     1: First Order Conditional Estimation with Interaction: Problem=1 Subproblem=0 Superproblem1=0 Iteration1=0 Superproblem2=0 Iteration2=0
 NAME         THETA1       THETA2       THETA3       THETA4       THETA5       THETA6       THETA7       THETA8       THETA9       THETA10      SIGMA(1,1)   SIGMA(2,1)   SIGMA(2,2)   OMEGA(1,1)
 THETA1        3.06032E-02  3.93983E-01 -1.21271E+00  1.35811E+03  3.55370E+01  4.30645E+02  8.35667E+01 -2.05037E+03 -1.56042E+03 -5.29353E+02 -8.57864E+06  0.00000E+00  1.91030E+03 -4.15033E+02
 THETA2        3.93983E-01  1.49187E+01 -3.93610E+01  3.52068E+04  1.05708E+03  1.05741E+04  1.94239E+03 -5.51974E+04 -2.83863E+04 -1.41694E+04 -1.79755E+08  0.00000E+00  6.99976E+04 -1.00004E+04
 THETA3       -1.21271E+00 -3.93610E+01  1.73946E+02 -1.03356E+05 -3.58537E+03 -3.56693E+04 -9.60750E+03 -1.72094E+04  7.27248E+04  1.98438E+05  5.45894E+08  0.00000E+00 -2.03288E+05  2.93628E+04
 THETA4        1.35811E+03  3.52068E+04 -1.03356E+05  9.37568E+07  2.72195E+06  2.89816E+07  5.82021E+06 -1.28149E+08 -8.67620E+07 -5.14568E+07 -5.16932E+11  0.00000E+00  1.65883E+08 -2.72574E+07
 THETA5        3.55370E+01  1.05708E+03 -3.58537E+03  2.72195E+06  8.57143E+04  8.73887E+05  1.94350E+05 -2.30768E+06 -2.19387E+06 -2.79459E+06 -1.45444E+10  0.00000E+00  5.19403E+06 -7.81546E+05
 THETA6        4.30645E+02  1.05741E+04 -3.56693E+04  2.89816E+07  8.73887E+05  9.27483E+06  2.04028E+06 -2.81387E+07 -2.60116E+07 -2.60261E+07 -1.61261E+11  0.00000E+00  5.13121E+07 -8.43422E+06
 THETA7        8.35667E+01  1.94239E+03 -9.60750E+03  5.82021E+06  1.94350E+05  2.04028E+06  5.87666E+05  2.04636E+06 -4.94213E+06 -1.18872E+07 -3.30658E+10  0.00000E+00  9.97004E+06 -1.69060E+06
 THETA8       -2.05037E+03 -5.51974E+04 -1.72094E+04 -1.28149E+08 -2.30768E+06 -2.81387E+07  2.04636E+06  6.42466E+08  1.58744E+08 -3.41653E+08  6.97773E+11  0.00000E+00 -2.11237E+08  3.78832E+07
 THETA9       -1.56042E+03 -2.83863E+04  7.27248E+04 -8.67620E+07 -2.19387E+06 -2.60116E+07 -4.94213E+06  1.58744E+08  1.01069E+08  7.61940E+06  5.19802E+11  0.00000E+00 -1.24041E+08  2.59676E+07
 THETA10      -5.29353E+02 -1.41694E+04  1.98438E+05 -5.14568E+07 -2.79459E+06 -2.60261E+07 -1.18872E+07 -3.41653E+08  7.61940E+06  3.92868E+08  2.82333E+11  0.00000E+00 -1.12108E+08  1.42715E+07
 SIGMA(1,1)   -8.57864E+06 -1.79755E+08  5.45894E+08 -5.16932E+11 -1.45444E+10 -1.61261E+11 -3.30658E+10  6.97773E+11  5.19802E+11  2.82333E+11  2.97890E+15  0.00000E+00 -8.45134E+11  1.52516E+11
 SIGMA(2,1)    0.00000E+00  0.00000E+00  0.00000E+00  0.00000E+00  0.00000E+00  0.00000E+00  0.00000E+00  0.00000E+00  0.00000E+00  0.00000E+00  0.00000E+00  0.00000E+00  0.00000E+00  0.00000E+00
 SIGMA(2,2)    1.91030E+03  6.99976E+04 -2.03288E+05  1.65883E+08  5.19403E+06  5.13121E+07  9.97004E+06 -2.11237E+08 -1.24041E+08 -1.12108E+08 -8.45134E+11  0.00000E+00  3.39829E+08 -4.70622E+07
 OMEGA(1,1)   -4.15033E+02 -1.00004E+04  2.93628E+04 -2.72574E+07 -7.81546E+05 -8.43422E+06 -1.69060E+06  3.78832E+07  2.59676E+07  1.42715E+07  1.52516E+11  0.00000E+00 -4.70622E+07  7.96545E+06
