TABLE NO.     1: First Order Conditional Estimation with Interaction: Problem=1 Subproblem=0 Superproblem1=0 Iteration1=0 Superproblem2=0 Iteration2=0
 NAME         THETA1       THETA2       THETA3       THETA4       THETA5       THETA6       THETA7       SIGMA(1,1)   SIGMA(2,1)   SIGMA(2,2)   OMEGA(1,1)   OMEGA(2,1)   OMEGA(2,2)   OMEGA(3,1)   OMEGA(3,2)   OMEGA(3,3)
 THETA1        4.42668E-01  2.55005E-01 -2.08332E+01  6.11281E+03  2.57044E+03  7.31424E+01 -4.83486E+03 -1.39610E+10  0.00000E+00  4.31321E+04  2.82197E+03  0.00000E+00  5.91432E+00  0.00000E+00  0.00000E+00 -1.51732E+03
 THETA2        2.55005E-01  5.61362E+01 -5.31462E+02  5.59206E+04 -1.14821E+03 -1.93612E+03 -1.43614E+04 -3.89497E+10  0.00000E+00  5.75634E+05  2.12779E+04  0.00000E+00 -6.13803E+01  0.00000E+00  0.00000E+00 -1.13628E+04
 THETA3       -2.08332E+01 -5.31462E+02  5.80474E+03 -7.74462E+05 -9.68460E+04  1.49324E+04  3.34691E+05  9.44476E+11  0.00000E+00 -7.14180E+06 -3.15205E+05  0.00000E+00  3.23104E+02  0.00000E+00  0.00000E+00  1.68793E+05
 THETA4        6.11281E+03  5.59206E+04 -7.74462E+05  1.33576E+08  3.30801E+07 -8.42593E+05 -7.76268E+07 -2.21849E+14  0.00000E+00  1.11138E+09  5.73784E+07  0.00000E+00  2.10505E+04  0.00000E+00  0.00000E+00 -3.07812E+07
 THETA5        2.57044E+03 -1.14821E+03 -9.68460E+04  3.30801E+07  1.50703E+07  5.16960E+05 -2.75278E+07 -7.96874E+13  0.00000E+00  2.24758E+08  1.54728E+07  0.00000E+00  3.74394E+04  0.00000E+00  0.00000E+00 -8.32507E+06
 THETA6        7.31424E+01 -1.93612E+03  1.49324E+04 -8.42593E+05  5.16960E+05  8.21714E+04 -3.92320E+05 -1.21445E+12  0.00000E+00 -1.23364E+07 -2.27781E+05  0.00000E+00  3.27364E+03  0.00000E+00  0.00000E+00  1.19962E+05
 THETA7       -4.83486E+03 -1.43614E+04  3.34691E+05 -7.76268E+07 -2.75278E+07 -3.92320E+05  5.53705E+07  1.58865E+14  0.00000E+00 -5.84835E+08 -3.48964E+07  0.00000E+00 -5.07579E+04  0.00000E+00  0.00000E+00  1.87362E+07
 SIGMA(1,1)   -1.39610E+10 -3.89497E+10  9.44476E+11 -2.21849E+14 -7.96874E+13 -1.21445E+12  1.58865E+14  4.57656E+20  0.00000E+00 -1.66504E+15 -9.98887E+13  0.00000E+00 -1.51102E+11  0.00000E+00  0.00000E+00  5.36717E+13
 SIGMA(2,1)    0.00000E+00  0.00000E+00  0.00000E+00  0.00000E+00  0.00000E+00  0.00000E+00  0.00000E+00  0.00000E+00  0.00000E+00  0.00000E+00  0.00000E+00  0.00000E+00  0.00000E+00  0.00000E+00  0.00000E+00  0.00000E+00
 SIGMA(2,2)    4.31321E+04  5.75634E+05 -7.14180E+06  1.11138E+09  2.24758E+08 -1.23364E+07 -5.84835E+08 -1.66504E+15  0.00000E+00  9.62271E+09  4.68381E+08  0.00000E+00 -6.04098E+04  0.00000E+00  0.00000E+00 -2.51093E+08
 OMEGA(1,1)    2.82197E+03  2.12779E+04 -3.15205E+05  5.73784E+07  1.54728E+07 -2.27781E+05 -3.48964E+07 -9.98887E+13  0.00000E+00  4.68381E+08  2.49021E+07  0.00000E+00  1.50195E+04  0.00000E+00  0.00000E+00 -1.33580E+07
 OMEGA(2,1)    0.00000E+00  0.00000E+00  0.00000E+00  0.00000E+00  0.00000E+00  0.00000E+00  0.00000E+00  0.00000E+00  0.00000E+00  0.00000E+00  0.00000E+00  0.00000E+00  0.00000E+00  0.00000E+00  0.00000E+00  0.00000E+00
 OMEGA(2,2)    5.91432E+00 -6.13803E+01  3.23104E+02  2.10505E+04  3.74394E+04  3.27364E+03 -5.07579E+04 -1.51102E+11  0.00000E+00 -6.04098E+04  1.50195E+04  0.00000E+00  1.64966E+02  0.00000E+00  0.00000E+00 -8.18591E+03
 OMEGA(3,1)    0.00000E+00  0.00000E+00  0.00000E+00  0.00000E+00  0.00000E+00  0.00000E+00  0.00000E+00  0.00000E+00  0.00000E+00  0.00000E+00  0.00000E+00  0.00000E+00  0.00000E+00  0.00000E+00  0.00000E+00  0.00000E+00
 OMEGA(3,2)    0.00000E+00  0.00000E+00  0.00000E+00  0.00000E+00  0.00000E+00  0.00000E+00  0.00000E+00  0.00000E+00  0.00000E+00  0.00000E+00  0.00000E+00  0.00000E+00  0.00000E+00  0.00000E+00  0.00000E+00  0.00000E+00
 OMEGA(3,3)   -1.51732E+03 -1.13628E+04  1.68793E+05 -3.07812E+07 -8.32507E+06  1.19962E+05  1.87362E+07  5.36717E+13  0.00000E+00 -2.51093E+08 -1.33580E+07  0.00000E+00 -8.18591E+03  0.00000E+00  0.00000E+00  7.16905E+06
