TABLE NO.     1: First Order Conditional Estimation with Interaction: Problem=1 Subproblem=0 Superproblem1=0 Iteration1=0 Superproblem2=0 Iteration2=0
 NAME         THETA1       THETA2       THETA3       THETA4       THETA5       THETA6       THETA7       SIGMA(1,1)   SIGMA(2,1)   SIGMA(2,2)   OMEGA(1,1)   OMEGA(2,1)   OMEGA(2,2)   OMEGA(3,1)   OMEGA(3,2)   OMEGA(3,3)
 THETA1        8.34325E+05  1.00000E+00 -9.99997E-01  9.99807E-01 -1.00000E+00  1.00000E+00  9.99990E-01  9.99923E-01  0.00000E+00 -9.99930E-01  9.99970E-01  0.00000E+00 -9.99216E-01  0.00000E+00  0.00000E+00  9.99805E-01
 THETA2        1.00000E+00  3.33696E+05 -9.99997E-01  9.99810E-01 -9.99999E-01  1.00000E+00  9.99991E-01  9.99922E-01  0.00000E+00 -9.99929E-01  9.99970E-01  0.00000E+00 -9.99220E-01  0.00000E+00  0.00000E+00  9.99804E-01
 THETA3       -9.99997E-01 -9.99997E-01  2.37024E+03 -9.99757E-01  9.99999E-01 -9.99995E-01 -9.99977E-01 -9.99927E-01  0.00000E+00  9.99934E-01 -9.99969E-01  0.00000E+00  9.99223E-01  0.00000E+00  0.00000E+00 -9.99818E-01
 THETA4        9.99807E-01  9.99810E-01 -9.99757E-01  3.15214E+00 -9.99790E-01  9.99822E-01  9.99882E-01  9.99683E-01  0.00000E+00 -9.99690E-01  9.99756E-01  0.00000E+00 -9.98997E-01  0.00000E+00  0.00000E+00  9.99489E-01
 THETA5       -1.00000E+00 -9.99999E-01  9.99999E-01 -9.99790E-01  5.66617E+01 -9.99998E-01 -9.99986E-01 -9.99926E-01  0.00000E+00  9.99932E-01 -9.99970E-01  0.00000E+00  9.99222E-01  0.00000E+00  0.00000E+00 -9.99811E-01
 THETA6        1.00000E+00  1.00000E+00 -9.99995E-01  9.99822E-01 -9.99998E-01  1.93599E+02  9.99994E-01  9.99920E-01  0.00000E+00 -9.99927E-01  9.99968E-01  0.00000E+00 -9.99216E-01  0.00000E+00  0.00000E+00  9.99800E-01
 THETA7        9.99990E-01  9.99991E-01 -9.99977E-01  9.99882E-01 -9.99986E-01  9.99994E-01  3.00560E+01  9.99901E-01  0.00000E+00 -9.99908E-01  9.99955E-01  0.00000E+00 -9.99202E-01  0.00000E+00  0.00000E+00  9.99767E-01
 SIGMA(1,1)    9.99923E-01  9.99922E-01 -9.99927E-01  9.99683E-01 -9.99926E-01  9.99920E-01  9.99901E-01  9.25521E-01  0.00000E+00 -9.99997E-01  9.99929E-01  0.00000E+00 -9.99359E-01  0.00000E+00  0.00000E+00  9.99940E-01
 SIGMA(2,1)    0.00000E+00  0.00000E+00  0.00000E+00  0.00000E+00  0.00000E+00  0.00000E+00  0.00000E+00  0.00000E+00  0.00000E+00  0.00000E+00  0.00000E+00  0.00000E+00  0.00000E+00  0.00000E+00  0.00000E+00  0.00000E+00
 SIGMA(2,2)   -9.99930E-01 -9.99929E-01  9.99934E-01 -9.99690E-01  9.99932E-01 -9.99927E-01 -9.99908E-01 -9.99997E-01  0.00000E+00  3.85481E-02 -9.99931E-01  0.00000E+00  9.99262E-01  0.00000E+00  0.00000E+00 -9.99932E-01
 OMEGA(1,1)    9.99970E-01  9.99970E-01 -9.99969E-01  9.99756E-01 -9.99970E-01  9.99968E-01  9.99955E-01  9.99929E-01  0.00000E+00 -9.99931E-01  5.49815E-01  0.00000E+00 -9.99291E-01  0.00000E+00  0.00000E+00  9.99844E-01
 OMEGA(2,1)    0.00000E+00  0.00000E+00  0.00000E+00  0.00000E+00  0.00000E+00  0.00000E+00  0.00000E+00  0.00000E+00  0.00000E+00  0.00000E+00  0.00000E+00  0.00000E+00  0.00000E+00  0.00000E+00  0.00000E+00  0.00000E+00
 OMEGA(2,2)   -9.99216E-01 -9.99220E-01  9.99223E-01 -9.98997E-01  9.99222E-01 -9.99216E-01 -9.99202E-01 -9.99359E-01  0.00000E+00  9.99262E-01 -9.99291E-01  0.00000E+00  1.13347E-03  0.00000E+00  0.00000E+00 -9.99325E-01
 OMEGA(3,1)    0.00000E+00  0.00000E+00  0.00000E+00  0.00000E+00  0.00000E+00  0.00000E+00  0.00000E+00  0.00000E+00  0.00000E+00  0.00000E+00  0.00000E+00  0.00000E+00  0.00000E+00  0.00000E+00  0.00000E+00  0.00000E+00
 OMEGA(3,2)    0.00000E+00  0.00000E+00  0.00000E+00  0.00000E+00  0.00000E+00  0.00000E+00  0.00000E+00  0.00000E+00  0.00000E+00  0.00000E+00  0.00000E+00  0.00000E+00  0.00000E+00  0.00000E+00  0.00000E+00  0.00000E+00
 OMEGA(3,3)    9.99805E-01  9.99804E-01 -9.99818E-01  9.99489E-01 -9.99811E-01  9.99800E-01  9.99767E-01  9.99940E-01  0.00000E+00 -9.99932E-01  9.99844E-01  0.00000E+00 -9.99325E-01  0.00000E+00  0.00000E+00  2.04635E+00
