TABLE NO.     1: First Order Conditional Estimation with Interaction: Problem=1 Subproblem=0 Superproblem1=0 Iteration1=0 Superproblem2=0 Iteration2=0
 NAME         THETA1       THETA2       THETA3       THETA4       THETA5       THETA6       THETA7       SIGMA(1,1)   SIGMA(2,1)   SIGMA(2,2)   OMEGA(1,1)   OMEGA(2,1)   OMEGA(2,2)   OMEGA(3,1)   OMEGA(3,2)   OMEGA(3,3)
 THETA1        6.41848E+04  4.20896E+05  5.64878E+07 -1.10480E+09 -1.74326E+09 -7.11133E+08 -5.89921E+08 -6.25667E+05  0.00000E+00  5.91478E+07  8.40212E+03  0.00000E+00  1.36540E+07  0.00000E+00  0.00000E+00  1.92543E+03
 THETA2        4.20896E+05  2.76006E+06  3.70423E+08 -7.24478E+09 -1.14316E+10 -4.66331E+09 -3.86845E+09 -4.10265E+06  0.00000E+00  3.87871E+08  5.51070E+04  0.00000E+00  8.95489E+07  0.00000E+00  0.00000E+00  1.26244E+04
 THETA3        5.64878E+07  3.70423E+08  4.97138E+10 -9.72310E+11 -1.53421E+12 -6.25854E+11 -5.19178E+11 -5.50596E+08  0.00000E+00  5.20558E+10  7.39664E+06  0.00000E+00  1.20190E+10  0.00000E+00  0.00000E+00  1.69420E+06
 THETA4       -1.10480E+09 -7.24478E+09 -9.72310E+11  1.90166E+13  3.00063E+13  1.22406E+13  1.01542E+13  1.07682E+10  0.00000E+00 -1.01812E+12 -1.44689E+08  0.00000E+00 -2.35095E+11  0.00000E+00  0.00000E+00 -3.31343E+07
 THETA5       -1.74326E+09 -1.14316E+10 -1.53421E+12  3.00063E+13  4.73471E+13  1.93144E+13  1.60223E+13  1.69911E+10  0.00000E+00 -1.60650E+12 -2.28308E+08  0.00000E+00 -3.70960E+11  0.00000E+00  0.00000E+00 -5.22811E+07
 THETA6       -7.11133E+08 -4.66331E+09 -6.25854E+11  1.22406E+13  1.93144E+13  7.87897E+12  6.53601E+12  6.93164E+09  0.00000E+00 -6.55335E+11 -9.31118E+07  0.00000E+00 -1.51303E+11  0.00000E+00  0.00000E+00 -2.13304E+07
 THETA7       -5.89921E+08 -3.86845E+09 -5.19178E+11  1.01542E+13  1.60223E+13  6.53601E+12  5.42196E+12  5.75045E+09  0.00000E+00 -5.43627E+11 -7.72231E+07  0.00000E+00 -1.25495E+11  0.00000E+00  0.00000E+00 -1.76930E+07
 SIGMA(1,1)   -6.25667E+05 -4.10265E+06 -5.50596E+08  1.07682E+10  1.69911E+10  6.93164E+09  5.75045E+09  9.78614E+07  0.00000E+00  1.54654E+09  3.34375E+06  0.00000E+00  5.08377E+09  0.00000E+00  0.00000E+00 -2.65181E+05
 SIGMA(2,1)    0.00000E+00  0.00000E+00  0.00000E+00  0.00000E+00  0.00000E+00  0.00000E+00  0.00000E+00  0.00000E+00  0.00000E+00  0.00000E+00  0.00000E+00  0.00000E+00  0.00000E+00  0.00000E+00  0.00000E+00  0.00000E+00
 SIGMA(2,2)    5.91478E+07  3.87871E+08  5.20558E+10 -1.01812E+12 -1.60650E+12 -6.55335E+11 -5.43627E+11  1.54654E+09  0.00000E+00  1.03649E+11  8.68164E+07  0.00000E+00  1.33295E+11  0.00000E+00  0.00000E+00 -3.71364E+06
 OMEGA(1,1)    8.40212E+03  5.51070E+04  7.39664E+06 -1.44689E+08 -2.28308E+08 -9.31118E+07 -7.72231E+07  3.34375E+06  0.00000E+00  8.68164E+07  2.32406E+05  0.00000E+00  1.98601E+08  0.00000E+00  0.00000E+00 -1.55873E+04
 OMEGA(2,1)    0.00000E+00  0.00000E+00  0.00000E+00  0.00000E+00  0.00000E+00  0.00000E+00  0.00000E+00  0.00000E+00  0.00000E+00  0.00000E+00  0.00000E+00  0.00000E+00  0.00000E+00  0.00000E+00  0.00000E+00  0.00000E+00
 OMEGA(2,2)    1.36540E+07  8.95489E+07  1.20190E+10 -2.35095E+11 -3.70960E+11 -1.51303E+11 -1.25495E+11  5.08377E+09  0.00000E+00  1.33295E+11  1.98601E+08  0.00000E+00  3.00254E+11  0.00000E+00  0.00000E+00 -1.32253E+07
 OMEGA(3,1)    0.00000E+00  0.00000E+00  0.00000E+00  0.00000E+00  0.00000E+00  0.00000E+00  0.00000E+00  0.00000E+00  0.00000E+00  0.00000E+00  0.00000E+00  0.00000E+00  0.00000E+00  0.00000E+00  0.00000E+00  0.00000E+00
 OMEGA(3,2)    0.00000E+00  0.00000E+00  0.00000E+00  0.00000E+00  0.00000E+00  0.00000E+00  0.00000E+00  0.00000E+00  0.00000E+00  0.00000E+00  0.00000E+00  0.00000E+00  0.00000E+00  0.00000E+00  0.00000E+00  0.00000E+00
 OMEGA(3,3)    1.92543E+03  1.26244E+04  1.69420E+06 -3.31343E+07 -5.22811E+07 -2.13304E+07 -1.76930E+07 -2.65181E+05  0.00000E+00 -3.71364E+06 -1.55873E+04  0.00000E+00 -1.32253E+07  0.00000E+00  0.00000E+00  4.13332E+03
