TABLE NO.     1: First Order Conditional Estimation with Interaction: Problem=1 Subproblem=0 Superproblem1=0 Iteration1=0 Superproblem2=0 Iteration2=0
 NAME         THETA1       THETA2       THETA3       THETA4       THETA5       THETA6       THETA7       SIGMA(1,1)   SIGMA(2,1)   SIGMA(2,2)   OMEGA(1,1)   OMEGA(2,1)   OMEGA(2,2)   OMEGA(3,1)   OMEGA(3,2)   OMEGA(3,3)
 THETA1        1.36666E+02  8.71696E-01  2.13795E-01  2.45907E-01  1.64642E-01 -2.28233E-02  6.95549E-01  5.92017E-02  0.00000E+00 -1.13235E-01  2.41770E-01  0.00000E+00 -5.35235E-01  0.00000E+00  0.00000E+00  1.11354E-01
 THETA2        8.71696E-01  4.18996E+01  2.73955E-01  2.91040E-01  1.96761E-01 -9.10813E-02  7.47489E-01  6.31419E-02  0.00000E+00 -1.20532E-01  2.92376E-01  0.00000E+00 -6.38265E-01  0.00000E+00  0.00000E+00  8.04785E-02
 THETA3        2.13795E-01  2.73955E-01  9.46564E+00  3.62596E-01  9.62111E-01 -1.52697E-01  4.44578E-01  9.49069E-01  0.00000E+00  8.93363E-01 -5.44276E-02  0.00000E+00 -3.99564E-01  0.00000E+00  0.00000E+00 -9.03030E-02
 THETA4        2.45907E-01  2.91040E-01  3.62596E-01  1.37178E-02  1.16237E-01 -6.03020E-01  7.36968E-01  1.20522E-01  0.00000E+00  5.13627E-02  4.50482E-01  0.00000E+00 -5.25963E-01  0.00000E+00  0.00000E+00 -1.54555E-01
 THETA5        1.64642E-01  1.96761E-01  9.62111E-01  1.16237E-01  2.69618E-01  6.56710E-02  2.71919E-01  9.88823E-01  0.00000E+00  9.46646E-01 -1.90243E-01  0.00000E+00 -2.74373E-01  0.00000E+00  0.00000E+00 -5.31494E-02
 THETA6       -2.28233E-02 -9.10813E-02 -1.52697E-01 -6.03020E-01  6.56710E-02  1.73376E-01 -2.84574E-01  6.39489E-02  0.00000E+00  7.34115E-02 -3.65207E-01  0.00000E+00  1.69020E-01  0.00000E+00  0.00000E+00  9.84169E-02
 THETA7        6.95549E-01  7.47489E-01  4.44578E-01  7.36968E-01  2.71919E-01 -2.84574E-01  8.31564E-03  1.99718E-01  0.00000E+00  5.14999E-02  5.10436E-01  0.00000E+00 -7.84943E-01  0.00000E+00  0.00000E+00 -1.86292E-02
 SIGMA(1,1)    5.92017E-02  6.31419E-02  9.49069E-01  1.20522E-01  9.88823E-01  6.39489E-02  1.99718E-01  7.87592E-08  0.00000E+00  9.77284E-01 -2.07949E-01  0.00000E+00 -2.10432E-01  0.00000E+00  0.00000E+00 -1.06741E-01
 SIGMA(2,1)    0.00000E+00  0.00000E+00  0.00000E+00  0.00000E+00  0.00000E+00  0.00000E+00  0.00000E+00  0.00000E+00  0.00000E+00  0.00000E+00  0.00000E+00  0.00000E+00  0.00000E+00  0.00000E+00  0.00000E+00  0.00000E+00
 SIGMA(2,2)   -1.13235E-01 -1.20532E-01  8.93363E-01  5.13627E-02  9.46646E-01  7.34115E-02  5.14999E-02  9.77284E-01  0.00000E+00  1.41300E-02 -2.98280E-01  0.00000E+00 -7.54746E-02  0.00000E+00  0.00000E+00 -3.38891E-02
 OMEGA(1,1)    2.41770E-01  2.92376E-01 -5.44276E-02  4.50482E-01 -1.90243E-01 -3.65207E-01  5.10436E-01 -2.07949E-01  0.00000E+00 -2.98280E-01  1.42504E-02  0.00000E+00 -3.80892E-01  0.00000E+00  0.00000E+00 -6.74533E-02
 OMEGA(2,1)    0.00000E+00  0.00000E+00  0.00000E+00  0.00000E+00  0.00000E+00  0.00000E+00  0.00000E+00  0.00000E+00  0.00000E+00  0.00000E+00  0.00000E+00  0.00000E+00  0.00000E+00  0.00000E+00  0.00000E+00  0.00000E+00
 OMEGA(2,2)   -5.35235E-01 -6.38265E-01 -3.99564E-01 -5.25963E-01 -2.74373E-01  1.69020E-01 -7.84943E-01 -2.10432E-01  0.00000E+00 -7.54746E-02 -3.80892E-01  0.00000E+00  5.35305E-01  0.00000E+00  0.00000E+00  1.70124E-01
 OMEGA(3,1)    0.00000E+00  0.00000E+00  0.00000E+00  0.00000E+00  0.00000E+00  0.00000E+00  0.00000E+00  0.00000E+00  0.00000E+00  0.00000E+00  0.00000E+00  0.00000E+00  0.00000E+00  0.00000E+00  0.00000E+00  0.00000E+00
 OMEGA(3,2)    0.00000E+00  0.00000E+00  0.00000E+00  0.00000E+00  0.00000E+00  0.00000E+00  0.00000E+00  0.00000E+00  0.00000E+00  0.00000E+00  0.00000E+00  0.00000E+00  0.00000E+00  0.00000E+00  0.00000E+00  0.00000E+00
 OMEGA(3,3)    1.11354E-01  8.04785E-02 -9.03030E-02 -1.54555E-01 -5.31494E-02  9.84169E-02 -1.86292E-02 -1.06741E-01  0.00000E+00 -3.38891E-02 -6.74533E-02  0.00000E+00  1.70124E-01  0.00000E+00  0.00000E+00  4.75489E-02
