dmp.txt <- structure(
	.Data = list(
		"coefficients" = list(
			"fixed" = c("CMultStdev" = 0.532280250129152, "tvVmax" = 3995.46204942094, "tvKm" = 1216.46849173361, "tvV" = 54.6385282975999, "tvKa" = 1.13015144413819, "CEps" = 0.450505911720271)
			, "random" = list("Subject" = matrix(
				as.numeric(c(
					 0.265756862341508,  -0.393865410202522,  -0.044001279058708
					,  0.155372602399135,  0.559550262789634,  -0.475550965781859
					,  -0.213088399624985,  0.0679031665674619,  0.40425200036721
					,  0.0479998468159439,  0.077837063423443,  0.140716903886664
					,  0.241966611226323,  -0.107585111000346,  0.203313210526981
					,  -0.433145509236676,  0.0573377130619113,  0.0750799064710866
					,  0.0740493350612196,  0.214044180666335,  0.249277249855587
					,  0.438343962691219,  0.110504445991237,  -0.504442251722073
					,  0.103857616223713,  0.00848404973214886,  0.131393008150796
					,  -0.194336519189563,  0.305288276701904,  -0.04408137954477
					,  0.187780315558221,  -0.382611722057198,  0.282179514036271
					,  0.0503581530131337,  0.301343772854991,  0.272275455824641
					,  0.370828892253302,  -0.3357320804643,  -0.0858984269991919
					,  0.238364126549121,  0.254172196557995,  -0.241182456107291
					,  -0.154895639447625,  0.301444075300247,  -0.110765541841975
					,  0.155458443246308,  0.0527389841114423,  0.1996516183016
					,  -0.0711395732060085,  -0.0656098681145229,  -0.147066544513852
					,  0.53986685199012,  0.384131787469366,  0.0435242597688891
					,  0.309559023754284,  0.345818491856971,  -0.40382712478264
					,  -0.0501672448993877,  -0.452266464506872,  0.0782583227891014
					,  -0.256761478245523,  0.698257825005184,  -0.276016204275876
					,  -0.433358690857054,  -0.00940648996066657,  -0.545071584728613
					,  -0.507000635942023,  -0.491233592586292,  0.130760903914148
					,  -0.882535121132389,  0.0934555134190073,  -0.680550687552748
					,  -0.363253857424652,  0.73954734926637,  -0.222686945536682
					,  0.215629465493276,  0.266136470589371,  0.230666113989283
					,  0.273217604068363,  0.267840886732499,  0.676795061246626
					,  -0.670719497305091,  -0.0827980611393637,  -0.496129830304668
					,  -0.183833643168343,  -0.170751021135224,  -0.25034387696871
					,  -0.460556522367966,  -0.269077571397299,  -0.230982035557597
					,  -0.128328362841436,  -0.0876177042643873,  -0.956294406756438
					,  0.0788135397404872,  -0.124467068172351,  0.0382728438645477
					,  0.114523363057339,  -0.990942743641964,  -0.189930060048514
					,  -0.482681903998239,  0.263701134589823,  -0.207167088049089
					,  0.385835595029761,  -0.0754488409767939,  -0.125776158991745
					,  -0.148154498016033,  -0.148622447398258,  0.286637609544182
					,  -0.607013603897117,  -0.252027127802841,  -1.28494657659494
					,  0.695869097272643,  -0.439388222485919,  -0.272789707390219
					,  -0.319272206392556,  -0.635923867212695,  0.0801344792278956
					,  -0.583801829852166,  -0.339225298531427,  -0.111839524457596
					,  -0.837729686472339,  0.47380638212377,  0.0621844265647403
					,  0.202458374751942,  -0.535676483572211,  -0.46757141136334
					,  -0.539123008946078,  -0.177116530293463,  -0.246140159626891
					,  0.237287814945485,  -0.401318768951755,  0.041331920417682
					,  0.239154060795989,  0.129214297933856,  -0.103292078050493
					,  0.496774419286631,  -0.169171685670089,  -0.0265089165135806
					,  0.194445007304579,  -0.169030807331207,  -0.35704399987721
					,  -0.354617779009546,  -0.0755089897210017,  0.619597072112389
					,  0.0294535598635702,  0.180759081898067,  -0.0751214118664717
					,  0.0261315280228168,  0.28932918218764,  -0.275849548543444
					,  -0.189010491734929,  0.210835094245433,  -0.0300328495894389
					,  -0.0478847892762501,  0.0355283137527424,  -0.0150334315485938
					,  -0.234522655213436,  -0.0105115018505386,  -0.205584202389074
					,  0.249249718777355,  -0.127687366218211,  0.261215672349864
					,  0.174114316914898,  -0.0314526273026429,  0.0746973202641109
					,  -0.06976790245973,  -0.440119557822116,  -0.181179188955128
					,  -0.0219438798222759,  -0.0623023542287554,  -0.193657441562031
					,  -0.164402225107821,  0.252294180455209,  -0.461476782992539
					,  0.119478656528112,  -0.0996277204549191,  0.478154567441226
					,  -0.245600890698423,  0.408009024019433,  0.136344403075205
					))
				, nrow = 60, ncol = 3
				, dimnames = list(
					as.character(c( "1", "2", "3", "4", "5", "6", "7", "8", "9", "10"
					  , "11", "12", "13", "14", "15", "16", "17", "18", "19", "20"
					  , "21", "22", "23", "24", "25", "26", "27", "28", "29", "30"
					  , "31", "32", "33", "34", "35", "36", "37", "38", "39", "40"
					  , "41", "42", "43", "44", "45", "46", "47", "48", "49", "50"
					  , "51", "52", "53", "54", "55", "56", "57", "58", "59", "60"))
					, as.character(c("nVmax", "nKm", "nV"))
					)
				))
			)
		, "logLik" = c(-3203.05)
		, "nObs" = c(480)
		, "nSubj" = c(60)
		, "nParm" = c(9)
		, "returnCode" = c(3)
		, "omega" = matrix(
			as.numeric(c(0.121591842298028, 0, 0, 0, 0.237933468992352, 0, 0, 0, 0.193752909005859))
			, nrow = 3, ncol = 3
			, dimnames = list(
				as.character(c("nVmax", "nKm", "nV"))
				, as.character(c("nVmax", "nKm", "nV"))
				)
			)
		, "eta" = matrix(
			as.numeric(c(0.0564803841314183, -0.174310528988478, -0.0336795121500538, 0.0667673568402703, 0.169642603213808, 0.0786798633889559, 0.258393801861171, 0.411876927265667, 0.280499310852907, 0.258980097397502, 0.155616582383915, 0.36275317147707))
			, nrow = 3, ncol = 4
			, dimnames = list(
				as.character(c("nVmax", "nKm", "nV"))
				, as.character(c("mean", "var", "sd", "shrinkage"))
				)
			)
		, "eta_shrinkage" = list("Subject" = matrix(
			as.numeric(c(
				 0.285544962171289,  0.645323377837845,  0.420477987537303
				,  0.400298705623665,  0.36443920236439,  0.25666402865024
				,  0.236488010142036,  0.325483244462311,  0.417675815079517
				,  0.311467694450017,  0.397354041602501,  0.30688390943911
				,  0.414320200419562,  0.54073640921088,  0.392827867823163
				,  0.535444785793309,  0.455789544987059,  0.481183536578363
				,  0.504523838206393,  0.4656503951685,  0.495528834981001
				,  0.269457006116994,  0.415105664463467,  0.443497206622606
				,  0.422907314523977,  0.443028340398404,  0.405853749067049
				,  0.38822451323017,  0.440371735213705,  0.341945473015854
				,  0.380240725733465,  0.454633340455321,  0.268504728095394
				,  0.452615576744633,  0.417172746985431,  0.458433230003863
				,  0.416802507208655,  0.242138139146059,  0.380129996962737
				,  0.396474000417681,  0.446744241644318,  0.442926246928754
				,  0.50142196616345,  0.41424249234815,  0.420236775933683
				,  0.397060091513057,  0.330209865342705,  0.458498607399689
				,  0.353439218467267,  0.387787194969268,  0.214890085612942
				,  0.523112579631015,  0.397832981250299,  0.30683068084589
				,  0.394684231561826,  0.329630399686889,  0.508662507145515
				,  0.274273336629934,  0.441132741582757,  0.451786785726766
				,  0.174560743392389,  0.19445502780856,  0.160954227571776
				,  0.168057827369896,  0.186806376899636,  0.155473809742051
				,  0.160366682251463,  0.17069305336737,  0.173128257421546
				,  0.160733013583616,  0.160668888640534,  0.163785177641229
				,  0.163557450830288,  0.185875055782593,  0.176875239789618
				,  0.193324111023246,  0.170857465539561,  0.170148936184674
				,  0.173579572658663,  0.161184945372543,  0.177017088830942
				,  0.17887381427864,  0.164341184105915,  0.177511347975871
				,  0.16097488574268,  0.17005547738458,  0.169661650789185
				,  0.156648770486035,  0.168019771818659,  0.162102717447396
				,  0.171043347611045,  0.167556800873682,  0.177140489382138
				,  0.170251962900511,  0.166680498776156,  0.158734110983504
				,  0.197543434838024,  0.156492913215158,  0.155138862848073
				,  0.165915875415066,  0.164426741543389,  0.175200046676914
				,  0.19032516010418,  0.168610538167913,  0.155161778591178
				,  0.167222462967358,  0.172057224388571,  0.166212333984277
				,  0.152760955608521,  0.154107115215656,  0.180518428578141
				,  0.171162960291136,  0.16669683926253,  0.165773563686706
				,  0.164388682510609,  0.17957001502793,  0.185503422603882
				,  0.16254199064321,  0.166809172156867,  0.166268485245221
				,  0.628704150947964,  0.658628608639147,  0.565214688602066
				,  0.56070152254698,  0.613002638244462,  0.563852391629996
				,  0.554519877716731,  0.57649676826078,  0.555868746298735
				,  0.540805083952468,  0.551375069108365,  0.544923195904617
				,  0.54115315452649,  0.551092350906867,  0.574730193302187
				,  0.615429696563615,  0.563141153965227,  0.548539824867803
				,  0.545445054313054,  0.542818602753093,  0.54678068613806
				,  0.572864036810375,  0.547376549978803,  0.619820265475256
				,  0.544818215266718,  0.569200874427123,  0.560397636876348
				,  0.574740227771857,  0.54046570974362,  0.549882336891757
				,  0.553221354649019,  0.591478715374149,  0.565741493150682
				,  0.566738518703668,  0.54237909979936,  0.537393274064453
				,  0.608020537578405,  0.534377374435609,  0.559653072145664
				,  0.548049407458271,  0.537822450620064,  0.598356309909928
				,  0.574645345909129,  0.548556990942777,  0.545672345982172
				,  0.546487747840168,  0.588185246444713,  0.538280000542468
				,  0.555975873771771,  0.553715284442112,  0.77902272619117
				,  0.52122779078359,  0.545052877871865,  0.560077027644931
				,  0.542812145840308,  0.586033815066225,  0.605585376286773
				,  0.544840590680155,  0.600942222718513,  0.550412898918492
				))
			, nrow = 60, ncol = 3
			, dimnames = list(
				as.character(c( "1", "2", "3", "4", "5", "6", "7", "8", "9", "10"
				  , "11", "12", "13", "14", "15", "16", "17", "18", "19", "20"
				  , "21", "22", "23", "24", "25", "26", "27", "28", "29", "30"
				  , "31", "32", "33", "34", "35", "36", "37", "38", "39", "40"
				  , "41", "42", "43", "44", "45", "46", "47", "48", "49", "50"
				  , "51", "52", "53", "54", "55", "56", "57", "58", "59", "60"))
				, as.character(c("nVmax_shrinkage", "nKm_shrinkage", "nV_shrinkage"))
				)
			))
		, "sigma" = matrix(
			as.numeric(c(0.202955576494913))
			, nrow = 1, ncol = 1
			, dimnames = list(
				as.character(c("CEps"))
				, as.character(c("CEps"))
				)
			)
		, "method" = "FOCE-ELS"
		, "varFix" = matrix(
			as.numeric(c(0.00535254095219009, 11.5385180406933, 2.88772481734277, -0.00344279427523667, -0.0176177669982478, 0.00153668233191764, 11.5385180406933, 25669.5102373282, 6386.66974243479, -1.88635744782433, -37.7933409090289, 3.40031206128098, 2.88772481734277, 6386.66974243479, 1595.68639155914, -1.01055459005027, -9.49657325282864, 0.840451504145031, -0.00344279427523667, -1.88635744782433, -1.01055459005027, 0.0722889879732305, 0.0198984696392555, 0.000682762545933966, -0.0176177669982478, -37.7933409090289, -9.49657325282864, 0.0198984696392555, 0.0611942319909367, -0.00475096951542455, 0.00153668233191764, 3.40031206128098, 0.840451504145031, 0.000682762545933966, -0.00475096951542455, 0.000628830359540526))
			, nrow = 6, ncol = 6
			, dimnames = list(
				as.character(c("CMultStdev", "tvVmax", "tvKm", "tvV", "tvKa", "CEps"))
				, as.character(c("CMultStdev", "tvVmax", "tvKm", "tvV", "tvKa", "CEps"))
				)
			)
		, "omegaSE" = matrix(
			as.numeric(c(0.0427770408041049, 0, 0, 0, 0.0950883468988184, 0, 0, 0, 0.224827801719503))
			, nrow = 3, ncol = 3, byrow = TRUE
			, dimnames = list(
				as.character(c("nVmax", "nKm", "nV"))
				, as.character(c("nVmax", "nKm", "nV"))
				)
			)
		, "Covariance" = matrix(
			as.numeric(c(0.005352541, 11.538518, 2.8877248, -0.0034427943, -0.017617767, 0.0015366823, -0.0030714953,         0, -0.0066415478,         0,         0, -0.016188648, 11.538518,  25669.51, 6386.6697, -1.8863574, -37.793341, 3.4003121, -6.734308,         0, -14.658103,         0,         0, -35.833565, 2.8877248, 6386.6697, 1595.6864, -1.0105546, -9.4965733, 0.8404515, -1.6836889,         0, -3.6686599,         0,         0, -8.9450315, -0.0034427943, -1.8863574, -1.0105546, 0.072288988, 0.01989847, 0.00068276255, 0.00193082,         0, 0.0046171977,         0,         0, 0.0067915703, -0.017617767, -37.793341, -9.4965733, 0.01989847, 0.061194232, -0.0047509695, 0.010310518,         0, 0.022758759,         0,         0, 0.053859284, 0.0015366823, 3.4003121, 0.8404515, 0.00068276255, -0.0047509695, 0.00062883036, -0.00085596541,         0, -0.0018269676,         0,         0, -0.0045424027, -0.0030714953, -6.734308, -1.6836889, 0.00193082, 0.010310518, -0.00085596541, 0.0018298752,         0, 0.0039435768,         0,         0, 0.0095368819,         0,         0,         0,         0,         0,         0,         0,         0,         0,         0,         0,         0, -0.0066415478, -14.658103, -3.6686599, 0.0046171977, 0.022758759, -0.0018269676, 0.0039435768,         0, 0.0090417937,         0,         0, 0.020849366,         0,         0,         0,         0,         0,         0,         0,         0,         0,         0,         0,         0,         0,         0,         0,         0,         0,         0,         0,         0,         0,         0,         0,         0, -0.016188648, -35.833565, -8.9450315, 0.0067915703, 0.053859284, -0.0045424027, 0.0095368819,         0, 0.020849366,         0,         0, 0.05054754))
			, nrow = 12, ncol = 12
			, dimnames = list(
				as.character(c("CMultStdev", "tvVmax", "tvKm", "tvV", "tvKa", "stdev0", "nVmax-nVmax", "nKm-nVmax", "nKm-nKm", "nV-nVmax", "nV-nKm", "nV-nV"))
				, as.character(c("CMultStdev", "tvVmax", "tvKm", "tvV", "tvKa", "stdev0", "nVmax-nVmax", "nKm-nVmax", "nKm-nKm", "nV-nVmax", "nV-nKm", "nV-nV"))
				)
			)
		, "Correlation" = matrix(
			as.numeric(c(0.073161062, 0.98437651, 0.98810258, -0.17502295, -0.97345441, 0.83760131, -0.98142951,         0, -0.9546892,         0,         0, -0.9841937, 0.98437651, 160.21707, 0.9979112, -0.043790422, -0.95356708, 0.84633682, -0.9825925,         0, -0.96214755,         0,         0, -0.99478954, 0.98810258, 0.9979112, 39.946044, -0.094091401, -0.96103213, 0.83901966, -0.9853201,         0, -0.96584267,         0,         0, -0.99599713, -0.17502295, -0.043790422, -0.094091401, 0.26886612, 0.29917711, 0.10126675, 0.16787846,         0, 0.1805989,         0,         0, 0.11235286, -0.97345441, -0.95356708, -0.96103213, 0.29917711, 0.24737468, -0.76587915, 0.97434887,         0, 0.96753356,         0,         0, 0.9684012, 0.83760131, 0.84633682, 0.83901966, 0.10126675, -0.76587915, 0.02507649, -0.7979556,         0, -0.76619056,         0,         0, -0.80569167, -0.98142951, -0.9825925, -0.9853201, 0.16787846, 0.97434887, -0.7979556, 0.042777041,         0, 0.96950994,         0,         0, 0.99162085,         0,         0,         0,         0,         0,         0,         0,         0,         0,         0,         0,         0, -0.9546892, -0.96214755, -0.96584267, 0.1805989, 0.96753356, -0.76619056, 0.96950994,         0, 0.095088347,         0,         0, 0.97524906,         0,         0,         0,         0,         0,         0,         0,         0,         0,         0,         0,         0,         0,         0,         0,         0,         0,         0,         0,         0,         0,         0,         0,         0, -0.9841937, -0.99478954, -0.99599713, 0.11235286, 0.9684012, -0.80569167, 0.99162085,         0, 0.97524906,         0,         0, 0.2248278))
			, nrow = 12, ncol = 12
			, dimnames = list(
				as.character(c("CMultStdev", "tvVmax", "tvKm", "tvV", "tvKa", "stdev0", "nVmax-nVmax", "nKm-nVmax", "nKm-nKm", "nV-nVmax", "nV-nKm", "nV-nV"))
				, as.character(c("CMultStdev", "tvVmax", "tvKm", "tvV", "tvKa", "stdev0", "nVmax-nVmax", "nKm-nVmax", "nKm-nKm", "nV-nVmax", "nV-nKm", "nV-nV"))
				)
			)
		, "Inverse" = matrix(
			as.numeric(c( 20764.09, -18.550219, 20.936147, 1081.9734,  478.5262, -2070.8288, 509.41453,         0, -2369.5445,         0,         0, -2755.5461, -18.550219, 0.076352901, -0.17785521, -3.6464136, 4.2949048, -6.1297274, 3.7419397,         0, -0.93041019,         0,         0, 11.753014, 20.936147, -0.17785521, 0.63203281, 9.0567607, -13.676716, -14.720048, -41.905209,         0, -0.32002981,         0,         0, 12.539811, 1081.9734, -3.6464136, 9.0567607, 222.60285, -320.52385, -98.525351, -580.65332,         0, -4.971153,         0,         0, -221.38001,  478.5262, 4.2949048, -13.676716, -320.52385, 1173.4059, 142.12293, -344.42512,         0, -712.24996,         0,         0, -58.002261, -2070.8288, -6.1297274, -14.720048, -98.525351, 142.12293, 12969.167, 6611.2846,         0, 1271.6328,         0,         0, -8358.1376, 509.41453, 3.7419397, -41.905209, -580.65332, -344.42512, 6611.2846,  48429.44,         0, 1932.8942,         0,         0, -13495.216,         0,         0,         0,         0,         0,         0,         0,         0,         0,         0,         0,         0, -2369.5445, -0.93041019, -0.32002981, -4.971153, -712.24996, 1271.6328, 1932.8942,         0, 3444.8963,         0,         0, -2386.8362,         0,         0,         0,         0,         0,         0,         0,         0,         0,         0,         0,         0,         0,         0,         0,         0,         0,         0,         0,         0,         0,         0,         0,         0, -2755.5461, 11.753014, 12.539811, -221.38001, -58.002261, -8358.1376, -13495.216,         0, -2386.8362,         0,         0, 12559.277))
			, nrow = 12, ncol = 12
			, dimnames = list(
				as.character(c("CMultStdev", "tvVmax", "tvKm", "tvV", "tvKa", "stdev0", "nVmax-nVmax", "nKm-nVmax", "nKm-nKm", "nV-nVmax", "nV-nKm", "nV-nV"))
				, as.character(c("CMultStdev", "tvVmax", "tvKm", "tvV", "tvKa", "stdev0", "nVmax-nVmax", "nKm-nVmax", "nKm-nKm", "nV-nVmax", "nV-nKm", "nV-nV"))
				)
			)
		, "LLTable" = data.frame(
			id = as.character(c( "1", "2", "3", "4", "5", "6", "7", "8", "9", "10", "11", "12", "13", "14", "15", "16", "17", "18", "19", "20", "21", "22", "23", "24", "25", "26", "27", "28", "29", "30", "31", "32", "33", "34", "35", "36", "37", "38", "39", "40", "41", "42", "43", "44", "45", "46", "47", "48", "49", "50", "51", "52", "53", "54", "55", "56", "57", "58", "59", "60"))
			, "LL" = c(-45.512842, -57.969946, -54.428137, -53.497028, -45.409909, -56.682274, -52.483262, -49.271346, -45.416585, -56.705786, -47.550259, -53.268449, -52.928827, -53.779962, -49.399022, -60.934763, -56.265667, -51.521854, -55.800656, -50.420052, -51.647621, -45.296158, -51.311433, -69.33563, -52.535812, -56.950714, -48.385962, -58.628149, -51.594083, -50.571428, -46.972616, -61.001007, -50.694071, -53.692034, -49.746854, -51.025258, -46.190173, -62.806951, -51.89544, -56.527413, -50.192804, -63.283949, -56.803334, -48.690286, -57.071108, -51.525164, -47.09752, -47.924094, -56.015777, -54.01155, -59.107074, -47.560374,  -55.9561, -51.712226, -54.238532, -49.092275, -62.706863, -52.04503, -65.214717, -56.747207)
			) # end of LLTable
		, "residuals" = data.frame(
			  ID1 = as.character(c(  "",   "",   "",   "",   "",   "",   "",   "",   "",   "",   "",   "",   "",   "",   "",   "",   "",   "",   "",   "",   "",   "",   "",   "",   "",   "",   "",   "",   "",   "",   "",   "",   "",   "",   "",   "",   "",   "",   "",   "",   "",   "",   "",   "",   "",   "",   "",   "",   "",   "",   "",   "",   "",   "",   "",   "",   "",   "",   "",   "",   "",   "",   "",   "",   "",   "",   "",   "",   "",   "",   "",   "",   "",   "",   "",   "",   "",   "",   "",   "",   "",   "",   "",   "",   "",   "",   "",   "",   "",   "",   "",   "",   "",   "",   "",   "",   "",   "",   "",   "",   "",   "",   "",   "",   "",   "",   "",   "",   "",   "",   "",   "",   "",   "",   "",   "",   "",   "",   "",   "",   "",   "",   "",   "",   "",   "",   "",   "",   "",   "",   "",   "",   "",   "",   "",   "",   "",   "",   "",   "",   "",   "",   "",   "",   "",   "",   "",   "",   "",   "",   "",   "",   "",   "",   "",   "",   "",   "",   "",   "",   "",   "",   "",   "",   "",   "",   "",   "",   "",   "",   "",   "",   "",   "",   "",   "",   "",   "",   "",   "",   "",   "",   "",   "",   "",   "",   "",   "",   "",   "",   "",   "",   "",   "",   "",   "",   "",   "",   "",   "",   "",   "",   "",   "",   "",   "",   "",   "",   "",   "",   "",   "",   "",   "",   "",   "",   "",   "",   "",   "",   "",   "",   "",   "",   "",   "",   "",   "",   "",   "",   "",   "",   "",   "",   "",   "",   "",   "",   "",   "",   "",   "",   "",   "",   "",   "",   "",   "",   "",   "",   "",   "",   "",   "",   "",   "",   "",   "",   "",   "",   "",   "",   "",   "",   "",   "",   "",   "",   "",   "",   "",   "",   "",   "",   "",   "",   "",   "",   "",   "",   "",   "",   "",   "",   "",   "",   "",   "",   "",   "",   "",   "",   "",   "",   "",   "",   "",   "",   "",   "",   "",   "",   "",   "",   "",   "",   "",   "",   "",   "",   "",   "",   "",   "",   "",   "",   "",   "",   "",   "",   "",   "",   "",   "",   "",   "",   "",   "",   "",   "",   "",   "",   "",   "",   "",   "",   "",   "",   "",   "",   "",   "",   "",   "",   "",   "",   "",   "",   "",   "",   "",   "",   "",   "",   "",   "",   "",   "",   "",   "",   "",   "",   "",   "",   "",   "",   "",   "",   "",   "",   "",   "",   "",   "",   "",   "",   "",   "",   "",   "",   "",   "",   "",   "",   "",   "",   "",   "",   "",   "",   "",   "",   "",   "",   "",   "",   "",   "",   "",   "",   "",   "",   "",   "",   "",   "",   "",   "",   "",   "",   "",   "",   "",   "",   "",   "",   "",   "",   "",   "",   "",   "",   "",   "",   "",   "",   "",   "",   "",   "",   "",   "",   "",   "",   "",   "",   "",   "",   "",   "",   "",   "",   "",   "",   "",   "",   "",   "",   "",   "",   "",   "",   "",   "",   "",   "",   "",   "",   "",   "",   "",   "",   "",   "",   "",   "",   "",   "",   "",   "",   "",   "",   "",   "",   "",   "",   "",   "",   "",   ""))
			, ID2 = as.character(c(  "",   "",   "",   "",   "",   "",   "",   "",   "",   "",   "",   "",   "",   "",   "",   "",   "",   "",   "",   "",   "",   "",   "",   "",   "",   "",   "",   "",   "",   "",   "",   "",   "",   "",   "",   "",   "",   "",   "",   "",   "",   "",   "",   "",   "",   "",   "",   "",   "",   "",   "",   "",   "",   "",   "",   "",   "",   "",   "",   "",   "",   "",   "",   "",   "",   "",   "",   "",   "",   "",   "",   "",   "",   "",   "",   "",   "",   "",   "",   "",   "",   "",   "",   "",   "",   "",   "",   "",   "",   "",   "",   "",   "",   "",   "",   "",   "",   "",   "",   "",   "",   "",   "",   "",   "",   "",   "",   "",   "",   "",   "",   "",   "",   "",   "",   "",   "",   "",   "",   "",   "",   "",   "",   "",   "",   "",   "",   "",   "",   "",   "",   "",   "",   "",   "",   "",   "",   "",   "",   "",   "",   "",   "",   "",   "",   "",   "",   "",   "",   "",   "",   "",   "",   "",   "",   "",   "",   "",   "",   "",   "",   "",   "",   "",   "",   "",   "",   "",   "",   "",   "",   "",   "",   "",   "",   "",   "",   "",   "",   "",   "",   "",   "",   "",   "",   "",   "",   "",   "",   "",   "",   "",   "",   "",   "",   "",   "",   "",   "",   "",   "",   "",   "",   "",   "",   "",   "",   "",   "",   "",   "",   "",   "",   "",   "",   "",   "",   "",   "",   "",   "",   "",   "",   "",   "",   "",   "",   "",   "",   "",   "",   "",   "",   "",   "",   "",   "",   "",   "",   "",   "",   "",   "",   "",   "",   "",   "",   "",   "",   "",   "",   "",   "",   "",   "",   "",   "",   "",   "",   "",   "",   "",   "",   "",   "",   "",   "",   "",   "",   "",   "",   "",   "",   "",   "",   "",   "",   "",   "",   "",   "",   "",   "",   "",   "",   "",   "",   "",   "",   "",   "",   "",   "",   "",   "",   "",   "",   "",   "",   "",   "",   "",   "",   "",   "",   "",   "",   "",   "",   "",   "",   "",   "",   "",   "",   "",   "",   "",   "",   "",   "",   "",   "",   "",   "",   "",   "",   "",   "",   "",   "",   "",   "",   "",   "",   "",   "",   "",   "",   "",   "",   "",   "",   "",   "",   "",   "",   "",   "",   "",   "",   "",   "",   "",   "",   "",   "",   "",   "",   "",   "",   "",   "",   "",   "",   "",   "",   "",   "",   "",   "",   "",   "",   "",   "",   "",   "",   "",   "",   "",   "",   "",   "",   "",   "",   "",   "",   "",   "",   "",   "",   "",   "",   "",   "",   "",   "",   "",   "",   "",   "",   "",   "",   "",   "",   "",   "",   "",   "",   "",   "",   "",   "",   "",   "",   "",   "",   "",   "",   "",   "",   "",   "",   "",   "",   "",   "",   "",   "",   "",   "",   "",   "",   "",   "",   "",   "",   "",   "",   "",   "",   "",   "",   "",   "",   "",   "",   "",   "",   "",   "",   "",   "",   "",   "",   "",   "",   "",   "",   "",   "",   "",   "",   "",   "",   "",   "",   "",   "",   "",   "",   "",   "",   "",   "",   "",   "",   "",   "",   ""))
			, ID3 = as.character(c(  "",   "",   "",   "",   "",   "",   "",   "",   "",   "",   "",   "",   "",   "",   "",   "",   "",   "",   "",   "",   "",   "",   "",   "",   "",   "",   "",   "",   "",   "",   "",   "",   "",   "",   "",   "",   "",   "",   "",   "",   "",   "",   "",   "",   "",   "",   "",   "",   "",   "",   "",   "",   "",   "",   "",   "",   "",   "",   "",   "",   "",   "",   "",   "",   "",   "",   "",   "",   "",   "",   "",   "",   "",   "",   "",   "",   "",   "",   "",   "",   "",   "",   "",   "",   "",   "",   "",   "",   "",   "",   "",   "",   "",   "",   "",   "",   "",   "",   "",   "",   "",   "",   "",   "",   "",   "",   "",   "",   "",   "",   "",   "",   "",   "",   "",   "",   "",   "",   "",   "",   "",   "",   "",   "",   "",   "",   "",   "",   "",   "",   "",   "",   "",   "",   "",   "",   "",   "",   "",   "",   "",   "",   "",   "",   "",   "",   "",   "",   "",   "",   "",   "",   "",   "",   "",   "",   "",   "",   "",   "",   "",   "",   "",   "",   "",   "",   "",   "",   "",   "",   "",   "",   "",   "",   "",   "",   "",   "",   "",   "",   "",   "",   "",   "",   "",   "",   "",   "",   "",   "",   "",   "",   "",   "",   "",   "",   "",   "",   "",   "",   "",   "",   "",   "",   "",   "",   "",   "",   "",   "",   "",   "",   "",   "",   "",   "",   "",   "",   "",   "",   "",   "",   "",   "",   "",   "",   "",   "",   "",   "",   "",   "",   "",   "",   "",   "",   "",   "",   "",   "",   "",   "",   "",   "",   "",   "",   "",   "",   "",   "",   "",   "",   "",   "",   "",   "",   "",   "",   "",   "",   "",   "",   "",   "",   "",   "",   "",   "",   "",   "",   "",   "",   "",   "",   "",   "",   "",   "",   "",   "",   "",   "",   "",   "",   "",   "",   "",   "",   "",   "",   "",   "",   "",   "",   "",   "",   "",   "",   "",   "",   "",   "",   "",   "",   "",   "",   "",   "",   "",   "",   "",   "",   "",   "",   "",   "",   "",   "",   "",   "",   "",   "",   "",   "",   "",   "",   "",   "",   "",   "",   "",   "",   "",   "",   "",   "",   "",   "",   "",   "",   "",   "",   "",   "",   "",   "",   "",   "",   "",   "",   "",   "",   "",   "",   "",   "",   "",   "",   "",   "",   "",   "",   "",   "",   "",   "",   "",   "",   "",   "",   "",   "",   "",   "",   "",   "",   "",   "",   "",   "",   "",   "",   "",   "",   "",   "",   "",   "",   "",   "",   "",   "",   "",   "",   "",   "",   "",   "",   "",   "",   "",   "",   "",   "",   "",   "",   "",   "",   "",   "",   "",   "",   "",   "",   "",   "",   "",   "",   "",   "",   "",   "",   "",   "",   "",   "",   "",   "",   "",   "",   "",   "",   "",   "",   "",   "",   "",   "",   "",   "",   "",   "",   "",   "",   "",   "",   "",   "",   "",   "",   "",   "",   "",   "",   "",   "",   "",   "",   "",   "",   "",   "",   "",   "",   "",   "",   "",   "",   "",   "",   "",   "",   "",   "",   "",   "",   "",   "",   "",   ""))
			, ID4 = as.character(c(  "",   "",   "",   "",   "",   "",   "",   "",   "",   "",   "",   "",   "",   "",   "",   "",   "",   "",   "",   "",   "",   "",   "",   "",   "",   "",   "",   "",   "",   "",   "",   "",   "",   "",   "",   "",   "",   "",   "",   "",   "",   "",   "",   "",   "",   "",   "",   "",   "",   "",   "",   "",   "",   "",   "",   "",   "",   "",   "",   "",   "",   "",   "",   "",   "",   "",   "",   "",   "",   "",   "",   "",   "",   "",   "",   "",   "",   "",   "",   "",   "",   "",   "",   "",   "",   "",   "",   "",   "",   "",   "",   "",   "",   "",   "",   "",   "",   "",   "",   "",   "",   "",   "",   "",   "",   "",   "",   "",   "",   "",   "",   "",   "",   "",   "",   "",   "",   "",   "",   "",   "",   "",   "",   "",   "",   "",   "",   "",   "",   "",   "",   "",   "",   "",   "",   "",   "",   "",   "",   "",   "",   "",   "",   "",   "",   "",   "",   "",   "",   "",   "",   "",   "",   "",   "",   "",   "",   "",   "",   "",   "",   "",   "",   "",   "",   "",   "",   "",   "",   "",   "",   "",   "",   "",   "",   "",   "",   "",   "",   "",   "",   "",   "",   "",   "",   "",   "",   "",   "",   "",   "",   "",   "",   "",   "",   "",   "",   "",   "",   "",   "",   "",   "",   "",   "",   "",   "",   "",   "",   "",   "",   "",   "",   "",   "",   "",   "",   "",   "",   "",   "",   "",   "",   "",   "",   "",   "",   "",   "",   "",   "",   "",   "",   "",   "",   "",   "",   "",   "",   "",   "",   "",   "",   "",   "",   "",   "",   "",   "",   "",   "",   "",   "",   "",   "",   "",   "",   "",   "",   "",   "",   "",   "",   "",   "",   "",   "",   "",   "",   "",   "",   "",   "",   "",   "",   "",   "",   "",   "",   "",   "",   "",   "",   "",   "",   "",   "",   "",   "",   "",   "",   "",   "",   "",   "",   "",   "",   "",   "",   "",   "",   "",   "",   "",   "",   "",   "",   "",   "",   "",   "",   "",   "",   "",   "",   "",   "",   "",   "",   "",   "",   "",   "",   "",   "",   "",   "",   "",   "",   "",   "",   "",   "",   "",   "",   "",   "",   "",   "",   "",   "",   "",   "",   "",   "",   "",   "",   "",   "",   "",   "",   "",   "",   "",   "",   "",   "",   "",   "",   "",   "",   "",   "",   "",   "",   "",   "",   "",   "",   "",   "",   "",   "",   "",   "",   "",   "",   "",   "",   "",   "",   "",   "",   "",   "",   "",   "",   "",   "",   "",   "",   "",   "",   "",   "",   "",   "",   "",   "",   "",   "",   "",   "",   "",   "",   "",   "",   "",   "",   "",   "",   "",   "",   "",   "",   "",   "",   "",   "",   "",   "",   "",   "",   "",   "",   "",   "",   "",   "",   "",   "",   "",   "",   "",   "",   "",   "",   "",   "",   "",   "",   "",   "",   "",   "",   "",   "",   "",   "",   "",   "",   "",   "",   "",   "",   "",   "",   "",   "",   "",   "",   "",   "",   "",   "",   "",   "",   "",   "",   "",   "",   "",   "",   "",   "",   "",   "",   "",   "",   ""))
			, ID5 = as.character(c( "1",  "1",  "1",  "1",  "1",  "1",  "1",  "1",  "2",  "2",  "2",  "2",  "2",  "2",  "2",  "2",  "3",  "3",  "3",  "3",  "3",  "3",  "3",  "3",  "4",  "4",  "4",  "4",  "4",  "4",  "4",  "4",  "5",  "5",  "5",  "5",  "5",  "5",  "5",  "5",  "6",  "6",  "6",  "6",  "6",  "6",  "6",  "6",  "7",  "7",  "7",  "7",  "7",  "7",  "7",  "7",  "8",  "8",  "8",  "8",  "8",  "8",  "8",  "8",  "9",  "9",  "9",  "9",  "9",  "9",  "9",  "9", "10", "10", "10", "10", "10", "10", "10", "10", "11", "11", "11", "11", "11", "11", "11", "11", "12", "12", "12", "12", "12", "12", "12", "12", "13", "13", "13", "13", "13", "13", "13", "13", "14", "14", "14", "14", "14", "14", "14", "14", "15", "15", "15", "15", "15", "15", "15", "15", "16", "16", "16", "16", "16", "16", "16", "16", "17", "17", "17", "17", "17", "17", "17", "17", "18", "18", "18", "18", "18", "18", "18", "18", "19", "19", "19", "19", "19", "19", "19", "19", "20", "20", "20", "20", "20", "20", "20", "20", "21", "21", "21", "21", "21", "21", "21", "21", "22", "22", "22", "22", "22", "22", "22", "22", "23", "23", "23", "23", "23", "23", "23", "23", "24", "24", "24", "24", "24", "24", "24", "24", "25", "25", "25", "25", "25", "25", "25", "25", "26", "26", "26", "26", "26", "26", "26", "26", "27", "27", "27", "27", "27", "27", "27", "27", "28", "28", "28", "28", "28", "28", "28", "28", "29", "29", "29", "29", "29", "29", "29", "29", "30", "30", "30", "30", "30", "30", "30", "30", "31", "31", "31", "31", "31", "31", "31", "31", "32", "32", "32", "32", "32", "32", "32", "32", "33", "33", "33", "33", "33", "33", "33", "33", "34", "34", "34", "34", "34", "34", "34", "34", "35", "35", "35", "35", "35", "35", "35", "35", "36", "36", "36", "36", "36", "36", "36", "36", "37", "37", "37", "37", "37", "37", "37", "37", "38", "38", "38", "38", "38", "38", "38", "38", "39", "39", "39", "39", "39", "39", "39", "39", "40", "40", "40", "40", "40", "40", "40", "40", "41", "41", "41", "41", "41", "41", "41", "41", "42", "42", "42", "42", "42", "42", "42", "42", "43", "43", "43", "43", "43", "43", "43", "43", "44", "44", "44", "44", "44", "44", "44", "44", "45", "45", "45", "45", "45", "45", "45", "45", "46", "46", "46", "46", "46", "46", "46", "46", "47", "47", "47", "47", "47", "47", "47", "47", "48", "48", "48", "48", "48", "48", "48", "48", "49", "49", "49", "49", "49", "49", "49", "49", "50", "50", "50", "50", "50", "50", "50", "50", "51", "51", "51", "51", "51", "51", "51", "51", "52", "52", "52", "52", "52", "52", "52", "52", "53", "53", "53", "53", "53", "53", "53", "53", "54", "54", "54", "54", "54", "54", "54", "54", "55", "55", "55", "55", "55", "55", "55", "55", "56", "56", "56", "56", "56", "56", "56", "56", "57", "57", "57", "57", "57", "57", "57", "57", "58", "58", "58", "58", "58", "58", "58", "58", "59", "59", "59", "59", "59", "59", "59", "59", "60", "60", "60", "60", "60", "60", "60", "60"))
			, IVAR = c(0.64, 1.99, 6.43, 12.03, 22.28, 48.91, 80.15, 138.94, 0.51, 2.49, 6.29, 11.18, 25.51, 43.72, 84.69, 123.55, 0.48, 2, 6.04, 11.31, 22.67, 47.36, 103.04, 108, 0.53, 2.07, 6.67, 11.64, 24.9, 49.3, 90.93, 135.41, 0.56, 2.15, 7.03, 12.69, 21.12, 45.33, 84.94, 114.45, 0.47, 2.01, 5.48, 12.19, 22.48, 57.28, 103.13, 131.43, 0.52, 2.37, 5.63, 11.46, 27.7, 44.98, 94.03, 115.38, 0.48, 1.94, 6.3, 11.79, 22.82, 54.9, 93.96, 117.86, 0.5, 2.15, 5.96, 11.95, 22.42, 46.47, 96.58, 113.14, 0.53, 1.72, 6.19, 10.29, 23.29, 45.53, 89.94, 119.32, 0.41, 2.25, 5.08, 11.46, 21.47, 44.53, 118.28, 120.21, 0.44, 1.7, 6.28, 11.98, 23.25, 43.74, 82.73, 107.77, 0.55, 1.88, 5.22, 14.47, 25.04, 46.87, 106.72, 131.12, 0.47, 2.49, 5.85, 10.41, 23.66, 49.01, 120.92, 121.28, 0.52, 1.98, 5.8, 11.96, 25.97, 59.07, 106.39, 135.41, 0.44, 2.21, 6.13, 10.36, 25.28, 47.24, 111.14, 111.15, 0.48, 1.82, 5.89, 12.49, 22.31, 52.16, 85.08, 108.06, 0.58, 1.81, 6.25, 11.55, 25, 56.83, 112.51, 116.09, 0.4, 2.57, 6.41, 12.67, 23.97, 50.51, 94.43, 125.16, 0.48, 1.74, 6.62, 13.97, 23.27, 42.35, 102.37, 119.46, 0.42, 2, 5.63, 11.6, 21.38, 57.48, 92.87, 102.2, 0.51, 2.05, 5.44, 8.99, 22.51, 50.82, 95.43, 118.83, 0.53, 1.78, 6.7, 11.99, 25.76, 53.23, 98.17, 109.91, 0.56, 1.64, 5.68, 11.7, 23.6, 53.16, 97.32, 124.99, 0.5, 1.95, 6.43, 13.46, 18.87, 50.83, 99.67, 115, 0.55, 1.92, 5.83, 13.07, 28.5, 49.31, 92.03, 106.55, 0.48, 1.82, 5.85, 12.48, 22.04, 62.56, 97.51, 134.36, 0.4, 2.15, 5.26, 13.16, 24.97, 46.08, 109.59, 111.87, 0.47, 1.81, 5.61, 13.19, 25.06, 53.08, 92.33, 124.6, 0.51, 1.73, 7.17, 12.16, 25.91, 52.81, 95.52, 116.39, 0.55, 1.8, 7.31, 11.55, 28.32, 55.84, 96.8, 127, 0.45, 2.07, 6.66, 12.12, 22.93, 44.95, 95.66, 133.54, 0.48, 1.98, 5.27, 12.61, 27.35, 55.75, 99.54, 104.15, 0.52, 2.09, 5.79, 12.21, 22.01, 51.37, 92.91, 102.57, 0.48, 2.29, 5.8, 12.91, 26.38, 48.02, 92.68, 113.81, 0.54, 1.8, 6.15, 11.66, 19.14, 41.69, 105.21, 117.73, 0.54, 2.42, 6.95, 12.84, 24.93, 47.08, 112.41, 127.37, 0.44, 1.97, 4.95, 11.77, 18.52, 54.74, 90.09, 114.95, 0.49, 2.13, 6.42, 12.7, 22.66, 41.88, 92.34, 123.38, 0.46, 1.99, 5.34, 11.99, 24.31, 47.3, 94.44, 143.14, 0.54, 2.24, 5.47, 12.2, 26.94, 47.73, 77.59, 124.21, 0.41, 1.84, 6.85, 12.76, 26.77, 49.49, 94.95, 109.41, 0.59, 2.01, 5.59, 13.08, 26.72, 58.02, 90.38, 115.4, 0.48, 1.93, 5.78, 11.65, 27.72, 44.77, 92.34, 128.09, 0.56, 1.85, 5.7, 12.65, 26.57, 46.81, 83.21, 142.37, 0.58, 1.86, 5.96, 10.06, 25.41, 56.4, 81.5, 111, 0.47, 1.87, 4.9, 12.62, 20.59, 47.88, 101.86, 117.65, 0.55, 1.99, 5.62, 12.8, 22.98, 57.31, 95.82, 130.68, 0.51, 1.48, 5.23, 11.5, 24.58, 37.98, 105.69, 112.96, 0.46, 1.71, 5.19, 12.07, 25.25, 38.92, 86.83, 126.6, 0.48, 2.48, 6.8, 12.74, 24.01, 49.36, 89.46, 127.78, 0.58, 2.23, 5.53, 10.21, 23.74, 50.16, 105.18, 109.89, 0.52, 2.05, 6.76, 11.97, 23.16, 42.8, 91.16, 115.73, 0.63, 2.55, 5.9, 10.81, 19.7, 50.54, 86.08, 150.8, 0.46, 2.02, 8.78, 10.74, 24.75, 42.97, 99.4, 109.97, 0.5, 1.94, 5.33, 12.01, 26.5, 56.29, 83.69, 117.04, 0.56, 1.79, 4.66, 10.93, 21.79, 48.23, 92.2, 122.81, 0.48, 2.08, 5.78, 13.52, 22.29, 49.42, 87.87, 122.52, 0.5, 1.69, 5.91, 13.5, 25.69, 48.69, 85.21, 134.88, 0.5, 1.91, 7.07, 11.11, 24.74, 54.56, 101.96, 116.37)
