TABLE NO.     1: First Order Conditional Estimation with Interaction: Problem=1 Subproblem=0 Superproblem1=0 Iteration1=0 Superproblem2=0 Iteration2=0
 NAME         THETA1       THETA2       THETA3       THETA4       THETA5       SIGMA(1,1)   SIGMA(2,1)   SIGMA(2,2)   OMEGA(1,1)   OMEGA(2,1)   OMEGA(2,2)   OMEGA(3,1)   OMEGA(3,2)   OMEGA(3,3)
 THETA1        1.28509E+00  1.63155E+00 -2.08528E-01  1.06130E+04 -9.52435E+02  7.46746E+08  0.00000E+00 -9.19271E+02 -1.55367E+04  7.03708E+04 -3.52804E+04 -3.36535E+04  2.26584E+04  2.45536E+04
 THETA2        1.63155E+00  2.07271E+00 -2.64659E-01  1.34762E+04 -1.20892E+03  9.48203E+08  0.00000E+00 -1.16755E+03 -1.97286E+04  8.93560E+04 -4.47985E+04 -4.27320E+04  2.87711E+04  3.11778E+04
 THETA3       -2.08528E-01 -2.64659E-01  2.61885E-01 -1.72738E+03  1.55369E+02 -1.21310E+08  0.00000E+00  1.55980E+02  2.52609E+03 -1.14360E+04  5.73363E+03  5.45594E+03 -3.67249E+03 -3.98846E+03
 THETA4        1.06130E+04  1.34762E+04 -1.72738E+03  8.76514E+07 -7.86547E+06  6.16727E+12  0.00000E+00 -7.59289E+06 -1.28316E+08  5.81184E+08 -2.91376E+08 -2.77938E+08  1.87132E+08  2.02785E+08
 THETA5       -9.52435E+02 -1.20892E+03  1.55369E+02 -7.86547E+06  7.06141E+05 -5.53428E+11  0.00000E+00  6.81389E+05  1.15145E+07 -5.21531E+07  2.61470E+07  2.49413E+07 -1.67925E+07 -1.81971E+07
 SIGMA(1,1)    7.46746E+08  9.48203E+08 -1.21310E+08  6.16727E+12 -5.53428E+11  4.33938E+17  0.00000E+00 -5.34238E+11 -9.02852E+12  4.08929E+13 -2.05017E+13 -1.95561E+13  1.31669E+13  1.42682E+13
 SIGMA(2,1)    0.00000E+00  0.00000E+00  0.00000E+00  0.00000E+00  0.00000E+00  0.00000E+00  0.00000E+00  0.00000E+00  0.00000E+00  0.00000E+00  0.00000E+00  0.00000E+00  0.00000E+00  0.00000E+00
 SIGMA(2,2)   -9.19271E+02 -1.16755E+03  1.55980E+02 -7.59289E+06  6.81389E+05 -5.34238E+11  0.00000E+00  6.61769E+05  1.11160E+07 -5.03457E+07  2.52407E+07  2.40756E+07 -1.62101E+07 -1.75662E+07
 OMEGA(1,1)   -1.55367E+04 -1.97286E+04  2.52609E+03 -1.28316E+08  1.15145E+07 -9.02852E+12  0.00000E+00  1.11160E+07  1.87850E+08 -8.50822E+08  4.26559E+08  4.06883E+08 -2.73950E+08 -2.96865E+08
 OMEGA(2,1)    7.03708E+04  8.93560E+04 -1.14360E+04  5.81184E+08 -5.21531E+07  4.08929E+13  0.00000E+00 -5.03457E+07 -8.50822E+08  3.85362E+09 -1.93201E+09 -1.84290E+09  1.24080E+09  1.34459E+09
 OMEGA(2,2)   -3.52804E+04 -4.47985E+04  5.73363E+03 -2.91376E+08  2.61470E+07 -2.05017E+13  0.00000E+00  2.52407E+07  4.26559E+08 -1.93201E+09  9.68614E+08  9.23939E+08 -6.22077E+08 -6.74112E+08
 OMEGA(3,1)   -3.36535E+04 -4.27320E+04  5.45594E+03 -2.77938E+08  2.49413E+07 -1.95561E+13  0.00000E+00  2.40756E+07  4.06883E+08 -1.84290E+09  9.23939E+08  8.81331E+08 -5.93389E+08 -6.43021E+08
 OMEGA(3,2)    2.26584E+04  2.87711E+04 -3.67249E+03  1.87132E+08 -1.67925E+07  1.31669E+13  0.00000E+00 -1.62101E+07 -2.73950E+08  1.24080E+09 -6.22077E+08 -5.93389E+08  3.99523E+08  4.32938E+08
 OMEGA(3,3)    2.45536E+04  3.11778E+04 -3.98846E+03  2.02785E+08 -1.81971E+07  1.42682E+13  0.00000E+00 -1.75662E+07 -2.96865E+08  1.34459E+09 -6.74112E+08 -6.43021E+08  4.32938E+08  4.69152E+08
