TABLE NO.     1: First Order Conditional Estimation with Interaction: Problem=1 Subproblem=0 Superproblem1=0 Iteration1=0 Superproblem2=0 Iteration2=0
 NAME         THETA1       THETA2       THETA3       THETA4       THETA5       SIGMA(1,1)   SIGMA(2,1)   SIGMA(2,2)   OMEGA(1,1)   OMEGA(2,1)   OMEGA(2,2)   OMEGA(3,1)   OMEGA(3,2)   OMEGA(3,3)
 THETA1        4.47065E+05  1.30570E+05 -2.50673E+02 -2.74775E+01 -7.21127E+01  1.74657E-04  0.00000E+00 -1.77955E+00  6.41001E+01  5.95809E+01  3.84911E+01  4.82360E+00 -2.90405E+00 -4.71686E+00
 THETA2        1.30570E+05  4.17936E+04 -8.13722E+01 -8.88563E+00 -2.53616E+01  4.19657E-05  0.00000E+00 -3.27869E-01  1.85713E+01  1.67554E+01  9.86987E+00  1.36193E+00 -8.70059E-01 -1.40569E+00
 THETA3       -2.50673E+02 -8.13722E+01  7.05603E+00  1.29260E-01  1.34216E-02 -1.55726E-06  0.00000E+00 -1.50250E-03 -7.88153E-02 -7.92442E-02 -6.77707E-02  1.86390E-02  9.71813E-03  6.95273E-03
 THETA4       -2.74775E+01 -8.88563E+00  1.29260E-01  1.00529E-02  3.76915E-03 -6.19090E-08  0.00000E+00  2.85428E-04 -6.22424E-03 -5.21468E-03 -2.92268E-03  9.21241E-05  9.72176E-04  1.28073E-03
 THETA5       -7.21127E+01 -2.53616E+01  1.34216E-02  3.76915E-03  2.06611E-02  5.37420E-09  0.00000E+00 -7.08945E-05 -9.50405E-03 -8.28316E-03 -3.76197E-03 -1.21957E-03 -1.94072E-04  1.39867E-04
 SIGMA(1,1)    1.74657E-04  4.19657E-05 -1.55726E-06 -6.19090E-08  5.37420E-09  7.01896E-13  0.00000E+00  1.45330E-10  5.82865E-08  6.06593E-08  5.56634E-08 -6.24713E-09 -1.16941E-08 -1.43621E-08
 SIGMA(2,1)    0.00000E+00  0.00000E+00  0.00000E+00  0.00000E+00  0.00000E+00  0.00000E+00  0.00000E+00  0.00000E+00  0.00000E+00  0.00000E+00  0.00000E+00  0.00000E+00  0.00000E+00  0.00000E+00
 SIGMA(2,2)   -1.77955E+00 -3.27869E-01 -1.50250E-03  2.85428E-04 -7.08945E-05  1.45330E-10  0.00000E+00  2.94849E-04 -4.12554E-04 -3.93285E-04 -4.04800E-04  4.49732E-05  9.29778E-05  2.41061E-05
 OMEGA(1,1)    6.41001E+01  1.85713E+01 -7.88153E-02 -6.22424E-03 -9.50405E-03  5.82865E-08  0.00000E+00 -4.12554E-04  1.37458E-02  1.32195E-02  1.01073E-02  2.66451E-04 -7.86847E-04 -1.17638E-03
 OMEGA(2,1)    5.95809E+01  1.67554E+01 -7.92442E-02 -5.21468E-03 -8.28316E-03  6.06593E-08  0.00000E+00 -3.93285E-04  1.32195E-02  1.39866E-02  1.23267E-02 -2.19527E-04 -1.04082E-03 -1.06717E-03
 OMEGA(2,2)    3.84911E+01  9.86987E+00 -6.77707E-02 -2.92268E-03 -3.76197E-03  5.56634E-08  0.00000E+00 -4.04800E-04  1.01073E-02  1.23267E-02  1.43096E-02 -7.55955E-04 -1.33750E-03 -7.59544E-04
 OMEGA(3,1)    4.82360E+00  1.36193E+00  1.86390E-02  9.21241E-05 -1.21957E-03 -6.24713E-09  0.00000E+00  4.49732E-05  2.66451E-04 -2.19527E-04 -7.55955E-04  9.97819E-04  7.86155E-04  4.76057E-05
 OMEGA(3,2)   -2.90405E+00 -8.70059E-01  9.71813E-03  9.72176E-04 -1.94072E-04 -1.16941E-08  0.00000E+00  9.29778E-05 -7.86847E-04 -1.04082E-03 -1.33750E-03  7.86155E-04  1.26697E-03  4.58713E-04
 OMEGA(3,3)   -4.71686E+00 -1.40569E+00  6.95273E-03  1.28073E-03  1.39867E-04 -1.43621E-08  0.00000E+00  2.41061E-05 -1.17638E-03 -1.06717E-03 -7.59544E-04  4.76057E-05  4.58713E-04  1.84671E-03
