TABLE NO.     1: First Order Conditional Estimation with Interaction: Problem=1 Subproblem=0 Superproblem1=0 Iteration1=0 Superproblem2=0 Iteration2=0
 NAME         THETA1       THETA2       THETA3       THETA4       THETA5       SIGMA(1,1)   SIGMA(2,1)   SIGMA(2,2)   OMEGA(1,1)   OMEGA(2,1)   OMEGA(2,2)   OMEGA(3,1)   OMEGA(3,2)   OMEGA(3,3)
 THETA1        1.70267E-02 -1.73663E-01 -3.68357E+01 -9.19792E+02  6.88162E+02 -2.92508E+08  0.00000E+00  2.81394E+03 -6.06511E+01  1.39634E+03 -1.57225E+02  1.19494E+03 -1.45889E+03 -6.40669E+02
 THETA2       -1.73663E-01  1.77378E+00  3.76440E+02  9.39953E+03 -7.03283E+03  2.98925E+09  0.00000E+00 -2.87561E+04  6.20175E+02 -1.42709E+04  1.60717E+03 -1.22128E+04  1.49097E+04  6.54707E+03
 THETA3       -3.68357E+01  3.76440E+02  7.99256E+04  1.99568E+06 -1.49328E+06  6.34673E+11  0.00000E+00 -6.10542E+06  1.31741E+05 -3.03007E+06  3.41256E+05 -2.59310E+06  3.16563E+06  1.39005E+06
 THETA4       -9.19792E+02  9.39953E+03  1.99568E+06  4.98311E+07 -3.72863E+07  1.58474E+13  0.00000E+00 -1.52448E+08  3.28952E+06 -7.56586E+07  8.52078E+06 -6.47474E+07  7.90431E+07  3.47085E+07
 THETA5        6.88162E+02 -7.03283E+03 -1.49328E+06 -3.72863E+07  2.79001E+07 -1.18579E+13  0.00000E+00  1.14071E+08 -2.46150E+06  5.66125E+07 -6.37590E+06  4.84481E+07 -5.91448E+07 -2.59709E+07
 SIGMA(1,1)   -2.92508E+08  2.98925E+09  6.34673E+11  1.58474E+13 -1.18579E+13  5.03983E+18  0.00000E+00 -4.84821E+13  1.04611E+12 -2.40612E+13  2.70983E+12 -2.05912E+13  2.51376E+13  1.10381E+13
 SIGMA(2,1)    0.00000E+00  0.00000E+00  0.00000E+00  0.00000E+00  0.00000E+00  0.00000E+00  0.00000E+00  0.00000E+00  0.00000E+00  0.00000E+00  0.00000E+00  0.00000E+00  0.00000E+00  0.00000E+00
 SIGMA(2,2)    2.81394E+03 -2.87561E+04 -6.10542E+06 -1.52448E+08  1.14071E+08 -4.84821E+13  0.00000E+00  4.66392E+08 -1.00628E+07  2.31463E+08 -2.60677E+07  1.98083E+08 -2.41818E+08 -1.06184E+08
 OMEGA(1,1)   -6.06511E+01  6.20175E+02  1.31741E+05  3.28952E+06 -2.46150E+06  1.04611E+12  0.00000E+00 -1.00628E+07  2.19675E+05 -4.99754E+06  5.63443E+05 -4.27538E+06  5.21838E+06  2.29111E+06
 OMEGA(2,1)    1.39634E+03 -1.42709E+04 -3.03007E+06 -7.56586E+07  5.66125E+07 -2.40612E+13  0.00000E+00  2.31463E+08 -4.99754E+06  1.14878E+08 -1.29392E+07  9.83090E+07 -1.20013E+08 -5.26982E+07
 OMEGA(2,2)   -1.57225E+02  1.60717E+03  3.41256E+05  8.52078E+06 -6.37590E+06  2.70983E+12  0.00000E+00 -2.60677E+07  5.63443E+05 -1.29392E+07  1.45792E+06 -1.10723E+07  1.35166E+07  5.93493E+06
 OMEGA(3,1)    1.19494E+03 -1.22128E+04 -2.59310E+06 -6.47474E+07  4.84481E+07 -2.05912E+13  0.00000E+00  1.98083E+08 -4.27538E+06  9.83090E+07 -1.10723E+07  8.41337E+07 -1.02707E+08 -4.50981E+07
 OMEGA(3,2)   -1.45889E+03  1.49097E+04  3.16563E+06  7.90431E+07 -5.91448E+07  2.51376E+13  0.00000E+00 -2.41818E+08  5.21838E+06 -1.20013E+08  1.35166E+07 -1.02707E+08  1.25384E+08  5.50555E+07
 OMEGA(3,3)   -6.40669E+02  6.54707E+03  1.39005E+06  3.47085E+07 -2.59709E+07  1.10381E+13  0.00000E+00 -1.06184E+08  2.29111E+06 -5.26982E+07  5.93493E+06 -4.50981E+07  5.50555E+07  2.41762E+07
