TABLE NO.     1: First Order Conditional Estimation with Interaction: Problem=1 Subproblem=0 Superproblem1=0 Iteration1=0 Superproblem2=0 Iteration2=0
 NAME         THETA1       THETA2       THETA3       THETA4       THETA5       SIGMA(1,1)   SIGMA(2,1)   SIGMA(2,2)   OMEGA(1,1)   OMEGA(2,1)   OMEGA(2,2)   OMEGA(3,1)   OMEGA(3,2)   OMEGA(3,3)
 THETA1        7.78073E+02  9.65962E-01 -2.97771E-01 -4.96198E-01 -7.90630E-01 -8.22354E-01  0.00000E+00 -1.51584E-01  8.68473E-01  8.18893E-01  5.78025E-01  2.42481E-01 -1.07982E-01 -1.08452E-01
 THETA2        9.65962E-01  2.34344E+02 -3.04455E-01 -5.14512E-01 -8.82366E-01 -8.01498E-01  0.00000E+00 -9.81897E-02  8.35643E-01  7.72511E-01  5.14374E-01  2.27016E-01 -1.07131E-01 -1.06879E-01
 THETA3       -2.97771E-01 -3.04455E-01  2.75905E+00  5.16286E-01  1.86888E-01  2.56736E-01  0.00000E+00 -5.59351E-02 -3.59947E-01 -3.52250E-01 -2.88675E-01  1.54298E-01  9.18758E-02  4.89261E-02
 THETA4       -4.96198E-01 -5.14512E-01  5.16286E-01  1.06718E-01  3.53411E-01  2.57072E-01  0.00000E+00  1.41010E-01 -5.68507E-01 -4.90506E-01 -3.05633E-01 -2.38833E-02  2.57567E-01  2.77800E-01
 THETA5       -7.90630E-01 -8.82366E-01  1.86888E-01  3.53411E-01  1.55625E-01  7.18177E-01  0.00000E+00 -1.10324E-02 -6.55639E-01 -5.94260E-01 -3.43213E-01 -2.76088E-01 -3.30908E-02 -1.12711E-02
 SIGMA(1,1)   -8.22354E-01 -8.01498E-01  2.56736E-01  2.57072E-01  7.18177E-01  6.31784E-06  0.00000E+00  9.50732E-02 -8.33555E-01 -8.25207E-01 -5.65322E-01 -6.07212E-02 -3.07938E-02 -1.94306E-01
 SIGMA(2,1)    0.00000E+00  0.00000E+00  0.00000E+00  0.00000E+00  0.00000E+00  0.00000E+00  0.00000E+00  0.00000E+00  0.00000E+00  0.00000E+00  0.00000E+00  0.00000E+00  0.00000E+00  0.00000E+00
 SIGMA(2,2)   -1.51584E-01 -9.81897E-02 -5.59351E-02  1.41010E-01 -1.10324E-02  9.50732E-02  0.00000E+00  1.71665E-02 -1.88388E-01 -1.81849E-01 -1.91322E-01  9.54854E-02  1.64677E-01  4.38106E-02
 OMEGA(1,1)    8.68473E-01  8.35643E-01 -3.59947E-01 -5.68507E-01 -6.55639E-01 -8.33555E-01  0.00000E+00 -1.88388E-01  1.37240E-01  9.65354E-01  7.64214E-01  1.10507E-01 -1.58610E-01 -1.56124E-01
 OMEGA(2,1)    8.18893E-01  7.72511E-01 -3.52250E-01 -4.90506E-01 -5.94260E-01 -8.25207E-01  0.00000E+00 -1.81849E-01  9.65354E-01  1.36786E-01  8.85837E-01 -3.13547E-03 -2.10807E-01 -1.37728E-01
 OMEGA(2,2)    5.78025E-01  5.14374E-01 -2.88675E-01 -3.05633E-01 -3.43213E-01 -5.65322E-01  0.00000E+00 -1.91322E-01  7.64214E-01  8.85837E-01  1.28354E-01 -1.50886E-01 -2.89810E-01 -1.05377E-01
 OMEGA(3,1)    2.42481E-01  2.27016E-01  1.54298E-01 -2.38833E-02 -2.76088E-01 -6.07212E-02  0.00000E+00  9.54854E-02  1.10507E-01 -3.13547E-03 -1.50886E-01  3.16595E-02  6.94991E-01  3.14920E-02
 OMEGA(3,2)   -1.07982E-01 -1.07131E-01  9.18758E-02  2.57567E-01 -3.30908E-02 -3.07938E-02  0.00000E+00  1.64677E-01 -1.58610E-01 -2.10807E-01 -2.89810E-01  6.94991E-01  3.55306E-02  2.96128E-01
 OMEGA(3,3)   -1.08452E-01 -1.06879E-01  4.89261E-02  2.77800E-01 -1.12711E-02 -1.94306E-01  0.00000E+00  4.38106E-02 -1.56124E-01 -1.37728E-01 -1.05377E-01  3.14920E-02  2.96128E-01  4.32201E-02
