TABLE NO.     1: First Order Conditional Estimation with Interaction: Problem=1 Subproblem=0 Superproblem1=0 Iteration1=0 Superproblem2=0 Iteration2=0
 NAME         THETA1       THETA2       THETA3       THETA4       THETA5       SIGMA(1,1)   SIGMA(2,1)   SIGMA(2,2)   OMEGA(1,1)   OMEGA(2,1)   OMEGA(2,2)   OMEGA(3,1)   OMEGA(3,2)   OMEGA(3,3)
 THETA1        6.05398E+05  1.76131E+05 -6.39237E+02 -4.12015E+01 -9.57354E+01 -4.04248E-03  0.00000E+00 -2.02468E+00  9.27379E+01  8.71541E+01  5.77266E+01  5.97313E+00 -2.98520E+00 -3.64707E+00
 THETA2        1.76131E+05  5.49173E+04 -1.96851E+02 -1.28673E+01 -3.21797E+01 -1.18666E-03  0.00000E+00 -3.95005E-01  2.68754E+01  2.47628E+01  1.54718E+01  1.68428E+00 -8.92018E-01 -1.08251E+00
 THETA3       -6.39237E+02 -1.96851E+02  7.61236E+00  1.52015E-01  8.02452E-02  4.47522E-06  0.00000E+00 -2.64927E-03 -1.36295E-01 -1.32938E-01 -1.02230E-01  1.34780E-02  9.00666E-03  5.83426E-03
 THETA4       -4.12015E+01 -1.28673E+01  1.52015E-01  1.13887E-02  5.86943E-03  1.73325E-07  0.00000E+00  2.58328E-04 -8.32633E-03 -7.16016E-03 -4.18646E-03 -8.06930E-05  9.76633E-04  1.28131E-03
 THETA5       -9.57354E+01 -3.21797E+01  8.02452E-02  5.86943E-03  2.42191E-02  7.06120E-07  0.00000E+00 -2.94734E-05 -1.40031E-02 -1.26501E-02 -6.85569E-03 -1.36028E-03 -1.82974E-04 -7.58109E-05
 SIGMA(1,1)   -4.04248E-03 -1.18666E-03  4.47522E-06  1.73325E-07  7.06120E-07  3.99151E-11  0.00000E+00  1.03112E-08 -7.22741E-07 -7.13135E-07 -4.58430E-07 -1.21454E-08 -6.91250E-09 -5.30566E-08
 SIGMA(2,1)    0.00000E+00  0.00000E+00  0.00000E+00  0.00000E+00  0.00000E+00  0.00000E+00  0.00000E+00  0.00000E+00  0.00000E+00  0.00000E+00  0.00000E+00  0.00000E+00  0.00000E+00  0.00000E+00
 SIGMA(2,2)   -2.02468E+00 -3.95005E-01 -2.64927E-03  2.58328E-04 -2.94734E-05  1.03112E-08  0.00000E+00  2.94690E-04 -4.43831E-04 -4.27006E-04 -4.21558E-04  5.18948E-05  1.00443E-04  3.25048E-05
 OMEGA(1,1)    9.27379E+01  2.68754E+01 -1.36295E-01 -8.32633E-03 -1.40031E-02 -7.22741E-07  0.00000E+00 -4.43831E-04  1.88348E-02  1.81220E-02  1.34618E-02  4.80149E-04 -7.73416E-04 -9.26050E-04
 OMEGA(2,1)    8.71541E+01  2.47628E+01 -1.32938E-01 -7.16016E-03 -1.26501E-02 -7.13135E-07  0.00000E+00 -4.27006E-04  1.81220E-02  1.87103E-02  1.55526E-02 -1.35784E-05 -1.02454E-03 -8.14230E-04
 OMEGA(2,2)    5.77266E+01  1.54718E+01 -1.02230E-01 -4.18646E-03 -6.85569E-03 -4.58430E-07  0.00000E+00 -4.21558E-04  1.34618E-02  1.55526E-02  1.64747E-02 -6.13144E-04 -1.32168E-03 -5.84578E-04
 OMEGA(3,1)    5.97313E+00  1.68428E+00  1.34780E-02 -8.06930E-05 -1.36028E-03 -1.21454E-08  0.00000E+00  5.18948E-05  4.80149E-04 -1.35784E-05 -6.13144E-04  1.00232E-03  7.81783E-04  4.30913E-05
 OMEGA(3,2)   -2.98520E+00 -8.92018E-01  9.00666E-03  9.76633E-04 -1.82974E-04 -6.91250E-09  0.00000E+00  1.00443E-04 -7.73416E-04 -1.02454E-03 -1.32168E-03  7.81783E-04  1.26243E-03  4.54745E-04
 OMEGA(3,3)   -3.64707E+00 -1.08251E+00  5.83426E-03  1.28131E-03 -7.58109E-05 -5.30566E-08  0.00000E+00  3.25048E-05 -9.26050E-04 -8.14230E-04 -5.84578E-04  4.30913E-05  4.54745E-04  1.86798E-03
