TABLE NO.     1: First Order Conditional Estimation with Interaction: Problem=1 Subproblem=0 Superproblem1=0 Iteration1=0 Superproblem2=0 Iteration2=0
 NAME         THETA1       THETA2       THETA3       THETA4       THETA5       SIGMA(1,1)   SIGMA(2,1)   SIGMA(2,2)   OMEGA(1,1)   OMEGA(2,1)   OMEGA(2,2)   OMEGA(3,1)   OMEGA(3,2)   OMEGA(3,3)
 THETA1        6.68630E+02  9.55215E-01 -1.41137E-01 -4.09871E-01 -7.50326E-01  3.11792E-01  0.00000E+00 -1.54998E-01  8.17689E-01  7.53468E-01  4.81240E-01  2.28381E-01 -1.22021E-01 -1.64160E-01
 THETA2        9.55215E-01  2.04435E+02 -1.49844E-01 -4.33499E-01 -8.63068E-01  2.45021E-01  0.00000E+00 -9.33995E-02  7.74824E-01  6.93014E-01  4.03592E-01  2.10899E-01 -1.19567E-01 -1.60006E-01
 THETA3       -1.41137E-01 -1.49844E-01  2.65632E+00  4.85331E-01  3.51519E-02 -6.99752E-01  0.00000E+00 -3.29408E-02 -2.53073E-01 -2.52250E-01 -2.13279E-01  2.22135E-01  1.02783E-01  6.09082E-02
 THETA4       -4.09871E-01 -4.33499E-01  4.85331E-01  1.00264E-01  2.61530E-01 -7.37009E-01  0.00000E+00  1.65788E-01 -5.29489E-01 -4.39771E-01 -2.43682E-01  2.90873E-02  2.72406E-01  2.97244E-01
 THETA5       -7.50326E-01 -8.63068E-01  3.51519E-02  2.61530E-01  1.43740E-01  4.46274E-02  0.00000E+00 -2.87234E-02 -5.63959E-01 -4.87263E-01 -2.18789E-01 -2.68598E-01 -3.79318E-02  2.26432E-02
 SIGMA(1,1)    3.11792E-01  2.45021E-01 -6.99752E-01 -7.37009E-01  4.46274E-02  8.37793E-07  0.00000E+00  1.01023E-02  5.93398E-01  6.12215E-01  5.55418E-01 -2.36058E-01 -3.92145E-01 -3.98918E-01
 SIGMA(2,1)    0.00000E+00  0.00000E+00  0.00000E+00  0.00000E+00  0.00000E+00  0.00000E+00  0.00000E+00  0.00000E+00  0.00000E+00  0.00000E+00  0.00000E+00  0.00000E+00  0.00000E+00  0.00000E+00
 SIGMA(2,2)   -1.54998E-01 -9.33995E-02 -3.29408E-02  1.65788E-01 -2.87234E-02  1.01023E-02  0.00000E+00  1.71712E-02 -2.04926E-01 -1.93665E-01 -1.97073E-01  8.29140E-02  1.52123E-01  3.26684E-02
 OMEGA(1,1)    8.17689E-01  7.74824E-01 -2.53073E-01 -5.29489E-01 -5.63959E-01  5.93398E-01  0.00000E+00 -2.04926E-01  1.17242E-01  9.53393E-01  7.20673E-01  7.19460E-02 -1.88548E-01 -2.33488E-01
 OMEGA(2,1)    7.53468E-01  6.93014E-01 -2.52250E-01 -4.39771E-01 -4.87263E-01  6.12215E-01  0.00000E+00 -1.93665E-01  9.53393E-01  1.18265E-01  8.71318E-01 -5.87632E-02 -2.47249E-01 -2.09979E-01
 OMEGA(2,2)    4.81240E-01  4.03592E-01 -2.13279E-01 -2.43682E-01 -2.18789E-01  5.55418E-01  0.00000E+00 -1.97073E-01  7.20673E-01  8.71318E-01  1.19623E-01 -2.00059E-01 -3.14121E-01 -1.47754E-01
 OMEGA(3,1)    2.28381E-01  2.10899E-01  2.22135E-01  2.90873E-02 -2.68598E-01 -2.36058E-01  0.00000E+00  8.29140E-02  7.19460E-02 -5.87632E-02 -2.00059E-01  3.15883E-02  6.99197E-01  3.50698E-02
 OMEGA(3,2)   -1.22021E-01 -1.19567E-01  1.02783E-01  2.72406E-01 -3.79318E-02 -3.92145E-01  0.00000E+00  1.52123E-01 -1.88548E-01 -2.47249E-01 -3.14121E-01  6.99197E-01  3.55945E-02  2.99888E-01
 OMEGA(3,3)   -1.64160E-01 -1.60006E-01  6.09082E-02  2.97244E-01  2.26432E-02 -3.98918E-01  0.00000E+00  3.26684E-02 -2.33488E-01 -2.09979E-01 -1.47754E-01  3.50698E-02  2.99888E-01  4.29734E-02
