dmp.txt <- structure(
	.Data = list(
		"coefficients" = list(
			"fixed" = c("CMultStdev" = 0.514938917364628, "tvVmax" = 5261.89568827753, "tvKm" = 1349.93754279246, "tvV" = 44.772487883026, "tvKa" = 0.621058268872234, "K12" = 0.695494830773871, "K21" = 0.785807931917524, "CEps" = 0.150389875607624)
			, "random" = list("Subject" = matrix(
				as.numeric(c(
					 -0.0578042387699411,  0.296553072603645,  0.177465106305788
					,  0.0504772474037355,  -0.172543555617011,  -0.0321382803538823
					,  -0.207427710951803,  0.171867391762242,  0.280081310124416
					,  -0.34864234508776,  -0.252260968312685,  -0.205296849319984
					,  0.190785052936394,  0.342372353592418,  -0.0633290391881335
					,  -0.241885548273235,  -0.357717239713571,  -0.523778588507756
					,  -0.0419531217259705,  0.0720585519771364,  0.0223429045170014
					,  -0.0705778106865223,  -0.407254144548739,  -0.141645421654165
					,  -0.0110640344967567,  -0.194585031992426,  -0.0199108752347179
					,  -0.938387610554062,  -0.0933580888541738,  -0.603036297894055
					,  0.284039249443506,  -0.328492983844472,  -0.310378670056521
					,  -0.560343116979304,  0.421041075212995,  0.172191778711348
					,  -0.0718981234728657,  -0.000896927057064581,  -0.311156072284734
					,  0.055610415928248,  -0.260839973633813,  0.124803721812207
					,  0.288274419936084,  -0.174045273713441,  0.120839756817411
					,  -0.266738595662949,  -0.0370991899986917,  -0.146938062911516
					,  0.397501543715662,  0.308132187827436,  0.0168213660877963
					,  -0.354611999700687,  -0.201821218696565,  -0.441747783153374
					,  -0.0563618720378438,  0.196947704219093,  0.17541847514171
					,  -0.132255976794418,  -0.454207518838304,  -0.434803284710918
					,  -1.25748583238347,  -0.74784284788651,  0.787125690527014
					,  0.0473833093784111,  0.435351509682975,  -0.153877471963347
					,  0.690788446606362,  0.0019677289628372,  -0.482930896796487
					,  -0.108187338118886,  -0.0872490076712428,  -0.0730058798986695
					,  -0.104843610681675,  -0.078719898350564,  -0.392848432150874
					,  -0.126465759967291,  0.0345756198454494,  0.325926325950039
					,  0.0191659680417768,  -1.00025599816295,  0.263851402674922
					,  -0.462619853368788,  0.489852208699097,  0.232478322610271
					,  -0.193600292505236,  -0.220454736310842,  -0.381469251128493
					,  -0.647657650904721,  0.156891811541948,  -0.319209208554147
					,  0.244652232366354,  -0.32443004692201,  -0.216434504145342
					,  -0.267633290129697,  -0.258434135661373,  -0.479453151503707
					,  -0.768201469722048,  0.412393083952018,  -0.461018753704464
					,  -0.607117539874722,  -0.335791304513392,  -0.512640730915971
					,  0.0885020304265813,  -0.692627775156087,  -0.456939545149781
					,  0.262334792759405,  -0.216703591140782,  -0.141109387643463
					,  -0.183732240207016,  -0.0302288589286974,  -0.563624372068163
					,  -0.325834340166686,  -0.150570045272946,  -0.598710843133337
					,  -0.240599640222483,  -0.242176901691894,  0.380838357823224
					,  -0.0660233580760206,  -0.572386643762448,  -0.744198580451978
					))
				, nrow = 60, ncol = 2
				, dimnames = list(
					as.character(c( "1", "2", "3", "4", "5", "6", "7", "8", "9", "10"
					  , "11", "12", "13", "14", "15", "16", "17", "18", "19", "20"
					  , "21", "22", "23", "24", "25", "26", "27", "28", "29", "30"
					  , "31", "32", "33", "34", "35", "36", "37", "38", "39", "40"
					  , "41", "42", "43", "44", "45", "46", "47", "48", "49", "50"
					  , "51", "52", "53", "54", "55", "56", "57", "58", "59", "60"))
					, as.character(c("nVmax", "nV"))
					)
				))
			)
		, "logLik" = c(-3187.32)
		, "nObs" = c(480)
		, "nSubj" = c(60)
		, "nParm" = c(10)
		, "returnCode" = c(3)
		, "omega" = matrix(
			as.numeric(c(0.100278442571547, 0, 0, 0.228403336701864))
			, nrow = 2, ncol = 2
			, dimnames = list(
				as.character(c("nVmax", "nV"))
				, as.character(c("nVmax", "nV"))
				)
			)
		, "eta" = matrix(
			as.numeric(c(-0.0893934793201427, -0.190354436252, 0.0746700558711481, 0.155062826827193, 0.273258221964405, 0.393780175767131, 0.137082159421589, 0.17604664507036))
			, nrow = 2, ncol = 4
			, dimnames = list(
				as.character(c("nVmax", "nV"))
				, as.character(c("mean", "var", "sd", "shrinkage"))
				)
			)
		, "eta_shrinkage" = list("Subject" = matrix(
			as.numeric(c(
				 0.101755224500603,  0.131121830030123,  0.201790327363608
				,  0.154116670922918,  0.206027014965893,  0.14986557769122
				,  0.277166240460104,  0.156896697289339,  0.147508061621782
				,  0.143827543819404,  0.145069905426205,  0.14357022680586
				,  0.15863421501959,  0.167950729401992,  0.144490838399538
				,  0.140832980835796,  0.165004672869899,  0.236824498881259
				,  0.149575734417115,  0.117374826829917,  0.159157033369141
				,  0.137497150175952,  0.283333491695197,  0.160299250195641
				,  0.145870534347184,  0.133670330562782,  0.146108569759903
				,  0.126423359234385,  0.154111649904298,  0.134335833967669
				,  0.166564948012016,  0.133086519493487,  0.132477598707469
				,  0.145076536535308,  0.158624486114174,  0.147082219105861
				,  0.128835740601544,  0.172769341191649,  0.126928103139082
				,  0.135541895851107,  0.129228198225384,  0.139982460789764
				,  0.162541140600139,  0.123760717124362,  0.138887775279538
				,  0.188626413265225,  0.145277621844264,  0.143326889716164
				,  0.161139189224655,  0.15898552499455,  0.134352272848221
				,  0.129591909890394,  0.139368885402267,  0.121515758997649
				,  0.140581049372878,  0.151228976327378,  0.165948801891576
				,  0.143802200753401,  0.118127092986779,  0.113764528066656
				,  0.120769431487961,  0.127362073596022,  0.184504717197869
				,  0.145104199635894,  0.184016601529685,  0.143191219663292
				,  0.194990751191527,  0.148545239910234,  0.124571283639453
				,  0.163258742252821,  0.153701470583071,  0.165574844096998
				,  0.132993928557816,  0.130246351064912,  0.131765040210286
				,  0.158028388545383,  0.181478488135831,  0.192135038828056
				,  0.15350147477265,  0.154349159438923,  0.177043499864524
				,  0.134163957915171,  0.199012219172924,  0.168865287990315
				,  0.145590120990055,  0.160793823821339,  0.132939929327321
				,  0.17229460984581,  0.164335961120897,  0.171858614887367
				,  0.152286528759757,  0.143397273557633,  0.168753962160089
				,  0.179465223319676,  0.131560184766928,  0.120138547593375
				,  0.113847176140702,  0.175978762417994,  0.140262700530221
				,  0.133253839303124,  0.144359684230093,  0.126302651484586
				,  0.151775893240423,  0.119481065593431,  0.140041645507975
				,  0.18789107596726,  0.143161025543228,  0.149561937670712
				,  0.125458689870249,  0.132720966418292,  0.122817047879809
				,  0.15743982826837,  0.155234792221232,  0.125213900003208
				,  0.145239866169252,  0.138065908658509,  0.160672004643802
				,  0.154458635652959,  0.13559605790894,  0.139823889327637
				))
			, nrow = 60, ncol = 2
			, dimnames = list(
				as.character(c( "1", "2", "3", "4", "5", "6", "7", "8", "9", "10"
				  , "11", "12", "13", "14", "15", "16", "17", "18", "19", "20"
				  , "21", "22", "23", "24", "25", "26", "27", "28", "29", "30"
				  , "31", "32", "33", "34", "35", "36", "37", "38", "39", "40"
				  , "41", "42", "43", "44", "45", "46", "47", "48", "49", "50"
				  , "51", "52", "53", "54", "55", "56", "57", "58", "59", "60"))
				, as.character(c("nVmax_shrinkage", "nV_shrinkage"))
				)
			))
		, "sigma" = matrix(
			as.numeric(c(0.0226171146852767))
			, nrow = 1, ncol = 1
			, dimnames = list(
				as.character(c("CEps"))
				, as.character(c("CEps"))
				)
			)
		, "method" = "FOCE-ELS"
		, "varFix" = matrix(
			as.numeric(c(0.000333637742960587, 0.0495498872433949, -0.016366377313556, 7.68801067690786e-005, -0.000221739291296214, -1.20692043438931e-005, 2.64372170014184e-005, -2.99397803365027e-005, 0.0495498872433949, 1088.96894825056, -107.194783473363, 15.1514128501531, 1.1928652253313, 0.0213936218006695, -0.00333614492809225, 0.303949326612633, -0.016366377313556, -107.194783473363, 26.2326469311619, -1.5575413492092, -0.101528833021352, -0.00761479845349098, 0.00238630028051404, -0.0245087949254342, 7.68801067690786e-005, 15.1514128501531, -1.5575413492092, 0.310284706148685, 0.0234389382898869, -0.000195303137975471, 0.000303675975909738, 0.0037439007041285, -0.000221739291296214, 1.1928652253313, -0.101528833021352, 0.0234389382898869, 0.00227685276059624, 1.30747711804212e-005, -8.6351259560369e-006, 0.000351478902522077, -1.20692043438931e-005, 0.0213936218006695, -0.00761479845349098, -0.000195303137975471, 1.30747711804212e-005, 1.14171961588266e-005, -3.26173110771956e-006, 2.02631226044616e-005, 2.64372170014184e-005, -0.00333614492809225, 0.00238630028051404, 0.000303675975909738, -8.6351259560369e-006, -3.26173110771956e-006, 1.02141734025227e-005, 4.16028268736954e-006, -2.99397803365027e-005, 0.303949326612633, -0.0245087949254342, 0.0037439007041285, 0.000351478902522077, 2.02631226044616e-005, 4.16028268736954e-006, 0.000335743280582853))
			, nrow = 8, ncol = 8
			, dimnames = list(
				as.character(c("CMultStdev", "tvVmax", "tvKm", "tvV", "tvKa", "K12", "K21", "CEps"))
				, as.character(c("CMultStdev", "tvVmax", "tvKm", "tvV", "tvKa", "K12", "K21", "CEps"))
				)
			)
		, "omegaSE" = matrix(
			as.numeric(c(0.0175889399972544, 0, 0, 0.0303429599409304))
			, nrow = 2, ncol = 2, byrow = TRUE
			, dimnames = list(
				as.character(c("nVmax", "nV"))
				, as.character(c("nVmax", "nV"))
				)
			)
		, "Covariance" = matrix(
			as.numeric(c(0.00033363774, 0.049549887, -0.016366377, 7.6880107e-005, -0.00022173929, -1.2069204e-005, 2.6437217e-005, -2.993978e-005, -3.3543032e-005,         0, 8.0618102e-005, 0.049549887, 1088.9689, -107.19478, 15.151413, 1.1928652, 0.021393622, -0.0033361449, 0.30394933, -0.14588229,         0, -0.23813539, -0.016366377, -107.19478, 26.232647, -1.5575413, -0.10152883, -0.0076147985, 0.0023863003, -0.024508795, 0.05497786,         0, 0.028305416, 7.6880107e-005, 15.151413, -1.5575413, 0.31028471, 0.023438938, -0.00019530314, 0.00030367598, 0.0037439007, -0.0014146373,         0, -0.010225678, -0.00022173929, 1.1928652, -0.10152883, 0.023438938, 0.0022768528, 1.3074771e-005, -8.635126e-006, 0.0003514789, -9.1439089e-005,         0, -0.00048809464, -1.2069204e-005, 0.021393622, -0.0076147985, -0.00019530314, 1.3074771e-005, 1.1417196e-005, -3.2617311e-006, 2.0263123e-005, -3.0021915e-005,         0, 5.2545559e-005, 2.6437217e-005, -0.0033361449, 0.0023863003, 0.00030367598, -8.635126e-006, -3.2617311e-006, 1.0214173e-005, 4.1602827e-006, 1.9704671e-005,         0, -2.8717399e-005, -2.993978e-005, 0.30394933, -0.024508795, 0.0037439007, 0.0003514789, 2.0263123e-005, 4.1602827e-006, 0.00033574328, -4.608578e-005,         0, -7.0844998e-006, -3.3543032e-005, -0.14588229, 0.05497786, -0.0014146373, -9.1439089e-005, -3.0021915e-005, 1.9704671e-005, -4.608578e-005, 0.00030937081,         0, 1.8059574e-005,         0,         0,         0,         0,         0,         0,         0,         0,         0,         0,         0, 8.0618102e-005, -0.23813539, 0.028305416, -0.010225678, -0.00048809464, 5.2545559e-005, -2.8717399e-005, -7.0844998e-006, 1.8059574e-005,         0, 0.00092069522))
			, nrow = 11, ncol = 11
			, dimnames = list(
				as.character(c("CMultStdev", "tvVmax", "tvKm", "tvV", "tvKa", "K12", "K21", "stdev0", "nVmax-nVmax", "nV-nVmax", "nV-nV"))
				, as.character(c("CMultStdev", "tvVmax", "tvKm", "tvV", "tvKa", "K12", "K21", "stdev0", "nVmax-nVmax", "nV-nVmax", "nV-nV"))
				)
			)
		, "Correlation" = matrix(
			as.numeric(c(0.018265753, 0.08220483, -0.17494193, 0.0075560741, -0.254412, -0.19555158, 0.45287311, -0.089455564, -0.1044059,         0, 0.14545781, 0.08220483,  32.99953, -0.63422717, 0.82426185, 0.75755847, 0.19186548, -0.031632648, 0.50267788, -0.25133626,         0, -0.23782541, -0.17494193, -0.63422717, 5.1217816, -0.54593174, -0.41543288, -0.44000501, 0.1457815, -0.26115433, 0.61027715,         0, 0.1821338, 0.0075560741, 0.82426185, -0.54593174, 0.55703205, 0.88184098, -0.10376462, 0.17058021, 0.36680941, -0.14438605,         0, -0.60499806, -0.254412, 0.75755847, -0.41543288, 0.88184098, 0.047716378, 0.081093658, -0.056623875, 0.40200192, -0.10894938,         0, -0.33711542, -0.19555158, 0.19186548, -0.44000501, -0.10376462, 0.081093658, 0.0033789342, -0.30204163, 0.32728264, -0.50514841,         0, 0.51250528, 0.45287311, -0.031632648, 0.1457815, 0.17058021, -0.056623875, -0.30204163, 0.003195962, 0.07104239, 0.35053219,         0, -0.29613214, -0.089455564, 0.50267788, -0.26115433, 0.36680941, 0.40200192, 0.32728264, 0.07104239, 0.018323299, -0.14299591,         0, -0.012742293, -0.1044059, -0.25133626, 0.61027715, -0.14438605, -0.10894938, -0.50514841, 0.35053219, -0.14299591, 0.01758894,         0, 0.033838406,         0,         0,         0,         0,         0,         0,         0,         0,         0,         0,         0, 0.14545781, -0.23782541, 0.1821338, -0.60499806, -0.33711542, 0.51250528, -0.29613214, -0.012742293, 0.033838406,         0, 0.03034296))
			, nrow = 11, ncol = 11
			, dimnames = list(
				as.character(c("CMultStdev", "tvVmax", "tvKm", "tvV", "tvKa", "K12", "K21", "stdev0", "nVmax-nVmax", "nV-nVmax", "nV-nV"))
				, as.character(c("CMultStdev", "tvVmax", "tvKm", "tvV", "tvKa", "K12", "K21", "stdev0", "nVmax-nVmax", "nV-nVmax", "nV-nV"))
				)
			)
		, "Inverse" = matrix(
			as.numeric(c(36166.114, -0.43631882, 33.846975,  -1389.38, 13370.339, 154304.89, -107606.95, 1662.9698, 18844.885,         0, -25182.859, -0.43631882, 0.006285542, 0.00030956938, -0.54368292, 2.0886676, -7.6319379, 13.986241, -1.6970393, -0.75107952,         0, -2.4032077, 33.846975, 0.00030956938, 0.19195506, 0.8904434, -3.0504203, 259.16884, -150.14872, -3.0515674, 8.3104312,         0, -20.173438,  -1389.38, -0.54368292, 0.8904434, 171.35634, -1267.2441, -3349.4385, 1247.1436, -22.927111, -647.47679,         0, 1427.5929, 13370.339, 2.0886676, -3.0504203, -1267.2441, 10981.996, 37148.177, -18565.977, 270.79636,  5933.005,         0, -11602.869, 154304.89, -7.6319379, 259.16884, -3349.4385, 37148.177, 982595.46, -530138.85, -3662.6845, 98055.937,         0, -115525.28, -107606.95, 13.986241, -150.14872, 1247.1436, -18565.977, -530138.85, 526456.39, -10182.652, -68731.502,         0, 69611.165, 1662.9698, -1.6970393, -3.0515674, -22.927111, 270.79636, -3662.6845, -10182.652, 4876.5776,  957.5118,         0, -691.64184, 18844.885, -0.75107952, 8.3104312, -647.47679,  5933.005, 98055.937, -68731.502,  957.5118, 17103.107,         0, -14213.861,         0,         0,         0,         0,         0,         0,         0,         0,         0,         0,         0, -25182.859, -2.4032077, -20.173438, 1427.5929, -11602.869, -115525.28, 69611.165, -691.64184, -14213.861,         0, 22032.175))
			, nrow = 11, ncol = 11
			, dimnames = list(
				as.character(c("CMultStdev", "tvVmax", "tvKm", "tvV", "tvKa", "K12", "K21", "stdev0", "nVmax-nVmax", "nV-nVmax", "nV-nV"))
				, as.character(c("CMultStdev", "tvVmax", "tvKm", "tvV", "tvKa", "K12", "K21", "stdev0", "nVmax-nVmax", "nV-nVmax", "nV-nV"))
				)
			)
		, "LLTable" = data.frame(
			id = as.character(c( "1", "2", "3", "4", "5", "6", "7", "8", "9", "10", "11", "12", "13", "14", "15", "16", "17", "18", "19", "20", "21", "22", "23", "24", "25", "26", "27", "28", "29", "30", "31", "32", "33", "34", "35", "36", "37", "38", "39", "40", "41", "42", "43", "44", "45", "46", "47", "48", "49", "50", "51", "52", "53", "54", "55", "56", "57", "58", "59", "60"))
			, "LL" = c(-52.221904, -46.538656, -49.839746, -50.122759, -54.079396, -52.009951, -52.441525, -48.591339, -47.480191, -57.10607, -54.383203, -56.881099, -49.59833, -50.232159, -48.680257, -55.856063, -56.097922, -56.704017, -50.386164, -50.045166, -52.557141, -53.514435, -54.183437, -51.497118, -53.797692, -55.515919, -49.660318, -69.227432, -55.387838, -61.124913, -47.353248, -56.344393, -55.778591, -58.572257, -45.133926, -46.720489, -53.91554, -51.226505, -55.993097, -51.721899, -55.21221, -49.765003,  -47.7552, -58.020887, -47.771599, -55.217043, -55.568364, -52.464115, -46.209146, -47.466684, -50.85028, -58.102795, -56.146865, -61.772601, -54.55209, -48.789491, -50.259647, -54.235032, -60.477129, -58.164616)
			) # end of LLTable
		, "residuals" = data.frame(
			  ID1 = as.character(c(  "",   "",   "",   "",   "",   "",   "",   "",   "",   "",   "",   "",   "",   "",   "",   "",   "",   "",   "",   "",   "",   "",   "",   "",   "",   "",   "",   "",   "",   "",   "",   "",   "",   "",   "",   "",   "",   "",   "",   "",   "",   "",   "",   "",   "",   "",   "",   "",   "",   "",   "",   "",   "",   "",   "",   "",   "",   "",   "",   "",   "",   "",   "",   "",   "",   "",   "",   "",   "",   "",   "",   "",   "",   "",   "",   "",   "",   "",   "",   "",   "",   "",   "",   "",   "",   "",   "",   "",   "",   "",   "",   "",   "",   "",   "",   "",   "",   "",   "",   "",   "",   "",   "",   "",   "",   "",   "",   "",   "",   "",   "",   "",   "",   "",   "",   "",   "",   "",   "",   "",   "",   "",   "",   "",   "",   "",   "",   "",   "",   "",   "",   "",   "",   "",   "",   "",   "",   "",   "",   "",   "",   "",   "",   "",   "",   "",   "",   "",   "",   "",   "",   "",   "",   "",   "",   "",   "",   "",   "",   "",   "",   "",   "",   "",   "",   "",   "",   "",   "",   "",   "",   "",   "",   "",   "",   "",   "",   "",   "",   "",   "",   "",   "",   "",   "",   "",   "",   "",   "",   "",   "",   "",   "",   "",   "",   "",   "",   "",   "",   "",   "",   "",   "",   "",   "",   "",   "",   "",   "",   "",   "",   "",   "",   "",   "",   "",   "",   "",   "",   "",   "",   "",   "",   "",   "",   "",   "",   "",   "",   "",   "",   "",   "",   "",   "",   "",   "",   "",   "",   "",   "",   "",   "",   "",   "",   "",   "",   "",   "",   "",   "",   "",   "",   "",   "",   "",   "",   "",   "",   "",   "",   "",   "",   "",   "",   "",   "",   "",   "",   "",   "",   "",   "",   "",   "",   "",   "",   "",   "",   "",   "",   "",   "",   "",   "",   "",   "",   "",   "",   "",   "",   "",   "",   "",   "",   "",   "",   "",   "",   "",   "",   "",   "",   "",   "",   "",   "",   "",   "",   "",   "",   "",   "",   "",   "",   "",   "",   "",   "",   "",   "",   "",   "",   "",   "",   "",   "",   "",   "",   "",   "",   "",   "",   "",   "",   "",   "",   "",   "",   "",   "",   "",   "",   "",   "",   "",   "",   "",   "",   "",   "",   "",   "",   "",   "",   "",   "",   "",   "",   "",   "",   "",   "",   "",   "",   "",   "",   "",   "",   "",   "",   "",   "",   "",   "",   "",   "",   "",   "",   "",   "",   "",   "",   "",   "",   "",   "",   "",   "",   "",   "",   "",   "",   "",   "",   "",   "",   "",   "",   "",   "",   "",   "",   "",   "",   "",   "",   "",   "",   "",   "",   "",   "",   "",   "",   "",   "",   "",   "",   "",   "",   "",   "",   "",   "",   "",   "",   "",   "",   "",   "",   "",   "",   "",   "",   "",   "",   "",   "",   "",   "",   "",   "",   "",   "",   "",   "",   "",   "",   "",   "",   "",   "",   "",   "",   "",   "",   "",   "",   "",   "",   "",   "",   "",   "",   "",   "",   "",   "",   "",   "",   "",   "",   "",   "",   "",   "",   "",   "",   ""))
			, ID2 = as.character(c(  "",   "",   "",   "",   "",   "",   "",   "",   "",   "",   "",   "",   "",   "",   "",   "",   "",   "",   "",   "",   "",   "",   "",   "",   "",   "",   "",   "",   "",   "",   "",   "",   "",   "",   "",   "",   "",   "",   "",   "",   "",   "",   "",   "",   "",   "",   "",   "",   "",   "",   "",   "",   "",   "",   "",   "",   "",   "",   "",   "",   "",   "",   "",   "",   "",   "",   "",   "",   "",   "",   "",   "",   "",   "",   "",   "",   "",   "",   "",   "",   "",   "",   "",   "",   "",   "",   "",   "",   "",   "",   "",   "",   "",   "",   "",   "",   "",   "",   "",   "",   "",   "",   "",   "",   "",   "",   "",   "",   "",   "",   "",   "",   "",   "",   "",   "",   "",   "",   "",   "",   "",   "",   "",   "",   "",   "",   "",   "",   "",   "",   "",   "",   "",   "",   "",   "",   "",   "",   "",   "",   "",   "",   "",   "",   "",   "",   "",   "",   "",   "",   "",   "",   "",   "",   "",   "",   "",   "",   "",   "",   "",   "",   "",   "",   "",   "",   "",   "",   "",   "",   "",   "",   "",   "",   "",   "",   "",   "",   "",   "",   "",   "",   "",   "",   "",   "",   "",   "",   "",   "",   "",   "",   "",   "",   "",   "",   "",   "",   "",   "",   "",   "",   "",   "",   "",   "",   "",   "",   "",   "",   "",   "",   "",   "",   "",   "",   "",   "",   "",   "",   "",   "",   "",   "",   "",   "",   "",   "",   "",   "",   "",   "",   "",   "",   "",   "",   "",   "",   "",   "",   "",   "",   "",   "",   "",   "",   "",   "",   "",   "",   "",   "",   "",   "",   "",   "",   "",   "",   "",   "",   "",   "",   "",   "",   "",   "",   "",   "",   "",   "",   "",   "",   "",   "",   "",   "",   "",   "",   "",   "",   "",   "",   "",   "",   "",   "",   "",   "",   "",   "",   "",   "",   "",   "",   "",   "",   "",   "",   "",   "",   "",   "",   "",   "",   "",   "",   "",   "",   "",   "",   "",   "",   "",   "",   "",   "",   "",   "",   "",   "",   "",   "",   "",   "",   "",   "",   "",   "",   "",   "",   "",   "",   "",   "",   "",   "",   "",   "",   "",   "",   "",   "",   "",   "",   "",   "",   "",   "",   "",   "",   "",   "",   "",   "",   "",   "",   "",   "",   "",   "",   "",   "",   "",   "",   "",   "",   "",   "",   "",   "",   "",   "",   "",   "",   "",   "",   "",   "",   "",   "",   "",   "",   "",   "",   "",   "",   "",   "",   "",   "",   "",   "",   "",   "",   "",   "",   "",   "",   "",   "",   "",   "",   "",   "",   "",   "",   "",   "",   "",   "",   "",   "",   "",   "",   "",   "",   "",   "",   "",   "",   "",   "",   "",   "",   "",   "",   "",   "",   "",   "",   "",   "",   "",   "",   "",   "",   "",   "",   "",   "",   "",   "",   "",   "",   "",   "",   "",   "",   "",   "",   "",   "",   "",   "",   "",   "",   "",   "",   "",   "",   "",   "",   "",   "",   "",   "",   "",   "",   "",   "",   "",   "",   "",   "",   "",   "",   "",   "",   "",   ""))
			, ID3 = as.character(c(  "",   "",   "",   "",   "",   "",   "",   "",   "",   "",   "",   "",   "",   "",   "",   "",   "",   "",   "",   "",   "",   "",   "",   "",   "",   "",   "",   "",   "",   "",   "",   "",   "",   "",   "",   "",   "",   "",   "",   "",   "",   "",   "",   "",   "",   "",   "",   "",   "",   "",   "",   "",   "",   "",   "",   "",   "",   "",   "",   "",   "",   "",   "",   "",   "",   "",   "",   "",   "",   "",   "",   "",   "",   "",   "",   "",   "",   "",   "",   "",   "",   "",   "",   "",   "",   "",   "",   "",   "",   "",   "",   "",   "",   "",   "",   "",   "",   "",   "",   "",   "",   "",   "",   "",   "",   "",   "",   "",   "",   "",   "",   "",   "",   "",   "",   "",   "",   "",   "",   "",   "",   "",   "",   "",   "",   "",   "",   "",   "",   "",   "",   "",   "",   "",   "",   "",   "",   "",   "",   "",   "",   "",   "",   "",   "",   "",   "",   "",   "",   "",   "",   "",   "",   "",   "",   "",   "",   "",   "",   "",   "",   "",   "",   "",   "",   "",   "",   "",   "",   "",   "",   "",   "",   "",   "",   "",   "",   "",   "",   "",   "",   "",   "",   "",   "",   "",   "",   "",   "",   "",   "",   "",   "",   "",   "",   "",   "",   "",   "",   "",   "",   "",   "",   "",   "",   "",   "",   "",   "",   "",   "",   "",   "",   "",   "",   "",   "",   "",   "",   "",   "",   "",   "",   "",   "",   "",   "",   "",   "",   "",   "",   "",   "",   "",   "",   "",   "",   "",   "",   "",   "",   "",   "",   "",   "",   "",   "",   "",   "",   "",   "",   "",   "",   "",   "",   "",   "",   "",   "",   "",   "",   "",   "",   "",   "",   "",   "",   "",   "",   "",   "",   "",   "",   "",   "",   "",   "",   "",   "",   "",   "",   "",   "",   "",   "",   "",   "",   "",   "",   "",   "",   "",   "",   "",   "",   "",   "",   "",   "",   "",   "",   "",   "",   "",   "",   "",   "",   "",   "",   "",   "",   "",   "",   "",   "",   "",   "",   "",   "",   "",   "",   "",   "",   "",   "",   "",   "",   "",   "",   "",   "",   "",   "",   "",   "",   "",   "",   "",   "",   "",   "",   "",   "",   "",   "",   "",   "",   "",   "",   "",   "",   "",   "",   "",   "",   "",   "",   "",   "",   "",   "",   "",   "",   "",   "",   "",   "",   "",   "",   "",   "",   "",   "",   "",   "",   "",   "",   "",   "",   "",   "",   "",   "",   "",   "",   "",   "",   "",   "",   "",   "",   "",   "",   "",   "",   "",   "",   "",   "",   "",   "",   "",   "",   "",   "",   "",   "",   "",   "",   "",   "",   "",   "",   "",   "",   "",   "",   "",   "",   "",   "",   "",   "",   "",   "",   "",   "",   "",   "",   "",   "",   "",   "",   "",   "",   "",   "",   "",   "",   "",   "",   "",   "",   "",   "",   "",   "",   "",   "",   "",   "",   "",   "",   "",   "",   "",   "",   "",   "",   "",   "",   "",   "",   "",   "",   "",   "",   "",   "",   "",   "",   "",   "",   "",   "",   "",   "",   "",   "",   ""))
			, ID4 = as.character(c(  "",   "",   "",   "",   "",   "",   "",   "",   "",   "",   "",   "",   "",   "",   "",   "",   "",   "",   "",   "",   "",   "",   "",   "",   "",   "",   "",   "",   "",   "",   "",   "",   "",   "",   "",   "",   "",   "",   "",   "",   "",   "",   "",   "",   "",   "",   "",   "",   "",   "",   "",   "",   "",   "",   "",   "",   "",   "",   "",   "",   "",   "",   "",   "",   "",   "",   "",   "",   "",   "",   "",   "",   "",   "",   "",   "",   "",   "",   "",   "",   "",   "",   "",   "",   "",   "",   "",   "",   "",   "",   "",   "",   "",   "",   "",   "",   "",   "",   "",   "",   "",   "",   "",   "",   "",   "",   "",   "",   "",   "",   "",   "",   "",   "",   "",   "",   "",   "",   "",   "",   "",   "",   "",   "",   "",   "",   "",   "",   "",   "",   "",   "",   "",   "",   "",   "",   "",   "",   "",   "",   "",   "",   "",   "",   "",   "",   "",   "",   "",   "",   "",   "",   "",   "",   "",   "",   "",   "",   "",   "",   "",   "",   "",   "",   "",   "",   "",   "",   "",   "",   "",   "",   "",   "",   "",   "",   "",   "",   "",   "",   "",   "",   "",   "",   "",   "",   "",   "",   "",   "",   "",   "",   "",   "",   "",   "",   "",   "",   "",   "",   "",   "",   "",   "",   "",   "",   "",   "",   "",   "",   "",   "",   "",   "",   "",   "",   "",   "",   "",   "",   "",   "",   "",   "",   "",   "",   "",   "",   "",   "",   "",   "",   "",   "",   "",   "",   "",   "",   "",   "",   "",   "",   "",   "",   "",   "",   "",   "",   "",   "",   "",   "",   "",   "",   "",   "",   "",   "",   "",   "",   "",   "",   "",   "",   "",   "",   "",   "",   "",   "",   "",   "",   "",   "",   "",   "",   "",   "",   "",   "",   "",   "",   "",   "",   "",   "",   "",   "",   "",   "",   "",   "",   "",   "",   "",   "",   "",   "",   "",   "",   "",   "",   "",   "",   "",   "",   "",   "",   "",   "",   "",   "",   "",   "",   "",   "",   "",   "",   "",   "",   "",   "",   "",   "",   "",   "",   "",   "",   "",   "",   "",   "",   "",   "",   "",   "",   "",   "",   "",   "",   "",   "",   "",   "",   "",   "",   "",   "",   "",   "",   "",   "",   "",   "",   "",   "",   "",   "",   "",   "",   "",   "",   "",   "",   "",   "",   "",   "",   "",   "",   "",   "",   "",   "",   "",   "",   "",   "",   "",   "",   "",   "",   "",   "",   "",   "",   "",   "",   "",   "",   "",   "",   "",   "",   "",   "",   "",   "",   "",   "",   "",   "",   "",   "",   "",   "",   "",   "",   "",   "",   "",   "",   "",   "",   "",   "",   "",   "",   "",   "",   "",   "",   "",   "",   "",   "",   "",   "",   "",   "",   "",   "",   "",   "",   "",   "",   "",   "",   "",   "",   "",   "",   "",   "",   "",   "",   "",   "",   "",   "",   "",   "",   "",   "",   "",   "",   "",   "",   "",   "",   "",   "",   "",   "",   "",   "",   "",   "",   "",   "",   "",   "",   "",   "",   "",   "",   "",   "",   "",   ""))
			, ID5 = as.character(c( "1",  "1",  "1",  "1",  "1",  "1",  "1",  "1",  "2",  "2",  "2",  "2",  "2",  "2",  "2",  "2",  "3",  "3",  "3",  "3",  "3",  "3",  "3",  "3",  "4",  "4",  "4",  "4",  "4",  "4",  "4",  "4",  "5",  "5",  "5",  "5",  "5",  "5",  "5",  "5",  "6",  "6",  "6",  "6",  "6",  "6",  "6",  "6",  "7",  "7",  "7",  "7",  "7",  "7",  "7",  "7",  "8",  "8",  "8",  "8",  "8",  "8",  "8",  "8",  "9",  "9",  "9",  "9",  "9",  "9",  "9",  "9", "10", "10", "10", "10", "10", "10", "10", "10", "11", "11", "11", "11", "11", "11", "11", "11", "12", "12", "12", "12", "12", "12", "12", "12", "13", "13", "13", "13", "13", "13", "13", "13", "14", "14", "14", "14", "14", "14", "14", "14", "15", "15", "15", "15", "15", "15", "15", "15", "16", "16", "16", "16", "16", "16", "16", "16", "17", "17", "17", "17", "17", "17", "17", "17", "18", "18", "18", "18", "18", "18", "18", "18", "19", "19", "19", "19", "19", "19", "19", "19", "20", "20", "20", "20", "20", "20", "20", "20", "21", "21", "21", "21", "21", "21", "21", "21", "22", "22", "22", "22", "22", "22", "22", "22", "23", "23", "23", "23", "23", "23", "23", "23", "24", "24", "24", "24", "24", "24", "24", "24", "25", "25", "25", "25", "25", "25", "25", "25", "26", "26", "26", "26", "26", "26", "26", "26", "27", "27", "27", "27", "27", "27", "27", "27", "28", "28", "28", "28", "28", "28", "28", "28", "29", "29", "29", "29", "29", "29", "29", "29", "30", "30", "30", "30", "30", "30", "30", "30", "31", "31", "31", "31", "31", "31", "31", "31", "32", "32", "32", "32", "32", "32", "32", "32", "33", "33", "33", "33", "33", "33", "33", "33", "34", "34", "34", "34", "34", "34", "34", "34", "35", "35", "35", "35", "35", "35", "35", "35", "36", "36", "36", "36", "36", "36", "36", "36", "37", "37", "37", "37", "37", "37", "37", "37", "38", "38", "38", "38", "38", "38", "38", "38", "39", "39", "39", "39", "39", "39", "39", "39", "40", "40", "40", "40", "40", "40", "40", "40", "41", "41", "41", "41", "41", "41", "41", "41", "42", "42", "42", "42", "42", "42", "42", "42", "43", "43", "43", "43", "43", "43", "43", "43", "44", "44", "44", "44", "44", "44", "44", "44", "45", "45", "45", "45", "45", "45", "45", "45", "46", "46", "46", "46", "46", "46", "46", "46", "47", "47", "47", "47", "47", "47", "47", "47", "48", "48", "48", "48", "48", "48", "48", "48", "49", "49", "49", "49", "49", "49", "49", "49", "50", "50", "50", "50", "50", "50", "50", "50", "51", "51", "51", "51", "51", "51", "51", "51", "52", "52", "52", "52", "52", "52", "52", "52", "53", "53", "53", "53", "53", "53", "53", "53", "54", "54", "54", "54", "54", "54", "54", "54", "55", "55", "55", "55", "55", "55", "55", "55", "56", "56", "56", "56", "56", "56", "56", "56", "57", "57", "57", "57", "57", "57", "57", "57", "58", "58", "58", "58", "58", "58", "58", "58", "59", "59", "59", "59", "59", "59", "59", "59", "60", "60", "60", "60", "60", "60", "60", "60"))
			, IVAR = c(0.64, 1.99, 6.43, 12.03, 22.28, 48.91, 80.15, 138.94, 0.51, 2.49, 6.29, 11.18, 25.51, 43.72, 84.69, 123.55, 0.48, 2, 6.04, 11.31, 22.67, 47.36, 103.04, 108, 0.53, 2.07, 6.67, 11.64, 24.9, 49.3, 90.93, 135.41, 0.56, 2.15, 7.03, 12.69, 21.12, 45.33, 84.94, 114.45, 0.47, 2.01, 5.48, 12.19, 22.48, 57.28, 103.13, 131.43, 0.52, 2.37, 5.63, 11.46, 27.7, 44.98, 94.03, 115.38, 0.48, 1.94, 6.3, 11.79, 22.82, 54.9, 93.96, 117.86, 0.5, 2.15, 5.96, 11.95, 22.42, 46.47, 96.58, 113.14, 0.53, 1.72, 6.19, 10.29, 23.29, 45.53, 89.94, 119.32, 0.41, 2.25, 5.08, 11.46, 21.47, 44.53, 118.28, 120.21, 0.44, 1.7, 6.28, 11.98, 23.25, 43.74, 82.73, 107.77, 0.55, 1.88, 5.22, 14.47, 25.04, 46.87, 106.72, 131.12, 0.47, 2.49, 5.85, 10.41, 23.66, 49.01, 120.92, 121.28, 0.52, 1.98, 5.8, 11.96, 25.97, 59.07, 106.39, 135.41, 0.44, 2.21, 6.13, 10.36, 25.28, 47.24, 111.14, 111.15, 0.48, 1.82, 5.89, 12.49, 22.31, 52.16, 85.08, 108.06, 0.58, 1.81, 6.25, 11.55, 25, 56.83, 112.51, 116.09, 0.4, 2.57, 6.41, 12.67, 23.97, 50.51, 94.43, 125.16, 0.48, 1.74, 6.62, 13.97, 23.27, 42.35, 102.37, 119.46, 0.42, 2, 5.63, 11.6, 21.38, 57.48, 92.87, 102.2, 0.51, 2.05, 5.44, 8.99, 22.51, 50.82, 95.43, 118.83, 0.53, 1.78, 6.7, 11.99, 25.76, 53.23, 98.17, 109.91, 0.56, 1.64, 5.68, 11.7, 23.6, 53.16, 97.32, 124.99, 0.5, 1.95, 6.43, 13.46, 18.87, 50.83, 99.67, 115, 0.55, 1.92, 5.83, 13.07, 28.5, 49.31, 92.03, 106.55, 0.48, 1.82, 5.85, 12.48, 22.04, 62.56, 97.51, 134.36, 0.4, 2.15, 5.26, 13.16, 24.97, 46.08, 109.59, 111.87, 0.47, 1.81, 5.61, 13.19, 25.06, 53.08, 92.33, 124.6, 0.51, 1.73, 7.17, 12.16, 25.91, 52.81, 95.52, 116.39, 0.55, 1.8, 7.31, 11.55, 28.32, 55.84, 96.8, 127, 0.45, 2.07, 6.66, 12.12, 22.93, 44.95, 95.66, 133.54, 0.48, 1.98, 5.27, 12.61, 27.35, 55.75, 99.54, 104.15, 0.52, 2.09, 5.79, 12.21, 22.01, 51.37, 92.91, 102.57, 0.48, 2.29, 5.8, 12.91, 26.38, 48.02, 92.68, 113.81, 0.54, 1.8, 6.15, 11.66, 19.14, 41.69, 105.21, 117.73, 0.54, 2.42, 6.95, 12.84, 24.93, 47.08, 112.41, 127.37, 0.44, 1.97, 4.95, 11.77, 18.52, 54.74, 90.09, 114.95, 0.49, 2.13, 6.42, 12.7, 22.66, 41.88, 92.34, 123.38, 0.46, 1.99, 5.34, 11.99, 24.31, 47.3, 94.44, 143.14, 0.54, 2.24, 5.47, 12.2, 26.94, 47.73, 77.59, 124.21, 0.41, 1.84, 6.85, 12.76, 26.77, 49.49, 94.95, 109.41, 0.59, 2.01, 5.59, 13.08, 26.72, 58.02, 90.38, 115.4, 0.48, 1.93, 5.78, 11.65, 27.72, 44.77, 92.34, 128.09, 0.56, 1.85, 5.7, 12.65, 26.57, 46.81, 83.21, 142.37, 0.58, 1.86, 5.96, 10.06, 25.41, 56.4, 81.5, 111, 0.47, 1.87, 4.9, 12.62, 20.59, 47.88, 101.86, 117.65, 0.55, 1.99, 5.62, 12.8, 22.98, 57.31, 95.82, 130.68, 0.51, 1.48, 5.23, 11.5, 24.58, 37.98, 105.69, 112.96, 0.46, 1.71, 5.19, 12.07, 25.25, 38.92, 86.83, 126.6, 0.48, 2.48, 6.8, 12.74, 24.01, 49.36, 89.46, 127.78, 0.58, 2.23, 5.53, 10.21, 23.74, 50.16, 105.18, 109.89, 0.52, 2.05, 6.76, 11.97, 23.16, 42.8, 91.16, 115.73, 0.63, 2.55, 5.9, 10.81, 19.7, 50.54, 86.08, 150.8, 0.46, 2.02, 8.78, 10.74, 24.75, 42.97, 99.4, 109.97, 0.5, 1.94, 5.33, 12.01, 26.5, 56.29, 83.69, 117.04, 0.56, 1.79, 4.66, 10.93, 21.79, 48.23, 92.2, 122.81, 0.48, 2.08, 5.78, 13.52, 22.29, 49.42, 87.87, 122.52, 0.5, 1.69, 5.91, 13.5, 25.69, 48.69, 85.21, 134.88, 0.5, 1.91, 7.07, 11.11, 24.74, 54.56, 101.96, 116.37)
			, TAD = c(0.64, 1.99, 6.43, 12.03, 22.28, 48.91, 80.15, 138.94, 0.51, 2.49, 6.29, 11.18, 25.51, 43.72, 84.69, 123.55, 0.48, 2, 6.04, 11.31, 22.67, 47.36, 103.04, 108, 0.53, 2.07, 6.67, 11.64, 24.9, 49.3, 90.93, 135.41, 0.56, 2.15, 7.03, 12.69, 21.12, 45.33, 84.94, 114.45, 0.47, 2.01, 5.48, 12.19, 22.48, 57.28, 103.13, 131.43, 0.52, 2.37, 5.63, 11.46, 27.7, 44.98, 94.03, 115.38, 0.48, 1.94, 6.3, 11.79, 22.82, 54.9, 93.96, 117.86, 0.5, 2.15, 5.96, 11.95, 22.42, 46.47, 96.58, 113.14, 0.53, 1.72, 6.19, 10.29, 23.29, 45.53, 89.94, 119.32, 0.41, 2.25, 5.08, 11.46, 21.47, 44.53, 118.28, 120.21, 0.44, 1.7, 6.28, 11.98, 23.25, 43.74, 82.73, 107.77, 0.55, 1.88, 5.22, 14.47, 25.04, 46.87, 106.72, 131.12, 0.47, 2.49, 5.85, 10.41, 23.66, 49.01, 120.92, 121.28, 0.52, 1.98, 5.8, 11.96, 25.97, 59.07, 106.39, 135.41, 0.44, 2.21, 6.13, 10.36, 25.28, 47.24, 111.14, 111.15, 0.48, 1.82, 5.89, 12.49, 22.31, 52.16, 85.08, 108.06, 0.58, 1.81, 6.25, 11.55, 25, 56.83, 112.51, 116.09, 0.4, 2.57, 6.41, 12.67, 23.97, 50.51, 94.43, 125.16, 0.48, 1.74, 6.62, 13.97, 23.27, 42.35, 102.37, 119.46, 0.42, 2, 5.63, 11.6, 21.38, 57.48, 92.87, 102.2, 0.51, 2.05, 5.44, 8.99, 22.51, 50.82, 95.43, 118.83, 0.53, 1.78, 6.7, 11.99, 25.76, 53.23, 98.17, 109.91, 0.56, 1.64, 5.68, 11.7, 23.6, 53.16, 97.32, 124.99, 0.5, 1.95, 6.43, 13.46, 18.87, 50.83, 99.67, 115, 0.55, 1.92, 5.83, 13.07, 28.5, 49.31, 92.03, 106.55, 0.48, 1.82, 5.85, 12.48, 22.04, 62.56, 97.51, 134.36, 0.4, 2.15, 5.26, 13.16, 24.97, 46.08, 109.59, 111.87, 0.47, 1.81, 5.61, 13.19, 25.06, 53.08, 92.33, 124.6, 0.51, 1.73, 7.17, 12.16, 25.91, 52.81, 95.52, 116.39, 0.55, 1.8, 7.31, 11.55, 28.32, 55.84, 96.8, 127, 0.45, 2.07, 6.66, 12.12, 22.93, 44.95, 95.66, 133.54, 0.48, 1.98, 5.27, 12.61, 27.35, 55.75, 99.54, 104.15, 0.52, 2.09, 5.79, 12.21, 22.01, 51.37, 92.91, 102.57, 0.48, 2.29, 5.8, 12.91, 26.38, 48.02, 92.68, 113.81, 0.54, 1.8, 6.15, 11.66, 19.14, 41.69, 105.21, 117.73, 0.54, 2.42, 6.95, 12.84, 24.93, 47.08, 112.41, 127.37, 0.44, 1.97, 4.95, 11.77, 18.52, 54.74, 90.09, 114.95, 0.49, 2.13, 6.42, 12.7, 22.66, 41.88, 92.34, 123.38, 0.46, 1.99, 5.34, 11.99, 24.31, 47.3, 94.44, 143.14, 0.54, 2.24, 5.47, 12.2, 26.94, 47.73, 77.59, 124.21, 0.41, 1.84, 6.85, 12.76, 26.77, 49.49, 94.95, 109.41, 0.59, 2.01, 5.59, 13.08, 26.72, 58.02, 90.38, 115.4, 0.48, 1.93, 5.78, 11.65, 27.72, 44.77, 92.34, 128.09, 0.56, 1.85, 5.7, 12.65, 26.57, 46.81, 83.21, 142.37, 0.58, 1.86, 5.96, 10.06, 25.41, 56.4, 81.5, 111, 0.47, 1.87, 4.9, 12.62, 20.59, 47.88, 101.86, 117.65, 0.55, 1.99, 5.62, 12.8, 22.98, 57.31, 95.82, 130.68, 0.51, 1.48, 5.23, 11.5, 24.58, 37.98, 105.69, 112.96, 0.46, 1.71, 5.19, 12.07, 25.25, 38.92, 86.83, 126.6, 0.48, 2.48, 6.8, 12.74, 24.01, 49.36, 89.46, 127.78, 0.58, 2.23, 5.53, 10.21, 23.74, 50.16, 105.18, 109.89, 0.52, 2.05, 6.76, 11.97, 23.16, 42.8, 91.16, 115.73, 0.63, 2.55, 5.9, 10.81, 19.7, 50.54, 86.08, 150.8, 0.46, 2.02, 8.78, 10.74, 24.75, 42.97, 99.4, 109.97, 0.5, 1.94, 5.33, 12.01, 26.5, 56.29, 83.69, 117.04, 0.56, 1.79, 4.66, 10.93, 21.79, 48.23, 92.2, 122.81, 0.48, 2.08, 5.78, 13.52, 22.29, 49.42, 87.87, 122.52, 0.5, 1.69, 5.91, 13.5, 25.69, 48.69, 85.21, 134.88, 0.5, 1.91, 7.07, 11.11, 24.74, 54.56, 101.96, 116.37)
