dmp.txt <- structure(
	.Data = list(
		"coefficients" = list(
			"fixed" = c("GAMMA" = 1.75890349114743, "CMultStdev" = 0.504140725144929, "tvVmax" = 3407.90856403195, "tvKm" = 754.834523192932, "tvV" = 44.5095104435851, "tvKa" = 1.10410480537678, "dVdWT" = 1.13601256140075, "CEps" = 0.490969075201004)
			, "random" = list("Subject" = matrix(
				as.numeric(c(
					 0.0643050766369925,  -0.674162341564342,  0.139521669846804
					,  0.233567089069403,  0.0686148892067046,  -0.722004307976333
					,  -0.399706962731285,  0.0310250197884852,  0.0801619641731483
					,  0.159665346537241,  -0.13358394375111,  0.0851868142952213
					,  0.307970852135984,  0.224366351232862,  -0.0777610948739572
					,  0.217675961583128,  0.0829813295793763,  0.105244982551066
					,  0.315272658288157,  0.315384750961672,  0.106360288467196
					,  0.245042633924916,  0.0497702334445772,  0.639603959377174
					,  0.386182370862301,  0.1909508350009,  0.326913356417489
					,  -0.701513556578409,  0.0808619044774907,  -0.0500628490008035
					,  0.237557222755297,  -0.917018539904415,  0.415417409422345
					,  -0.0355621777777617,  0.362271365722795,  0.349221823441646
					,  0.163843428802589,  -0.530358387206401,  -0.325976410512269
					,  0.120227095957053,  0.154707124706431,  -0.525295910972611
					,  0.134804430996148,  -0.221139367385428,  -0.357222958329713
					,  0.252890093428786,  -0.0618692518281221,  0.138145218595816
					,  -0.332906373131365,  -0.34061940232471,  -0.31041241521427
					,  0.312024024577388,  -0.384724073009983,  0.303544738121842
					,  0.220351778217568,  -0.434462200735884,  -0.576282003470583
					,  -0.38958491032795,  -0.569783521669103,  0.395332816615188
					,  0.0494690568765768,  0.139638653363006,  -0.193784260608326
					,  -0.144938250494296,  0.465948442929787,  -0.2171527141229
					,  -0.307824634277988,  -0.253350305760982,  0.542169203736933
					,  -0.672731870745272,  0.275029129019377,  -0.245654201972025
					,  -0.463799492434806,  0.751250531154807,  -0.0723580356436137
					,  0.0465380494329851,  0.446304907181147,  0.259140747596372
					,  0.150621666640258,  0.346583973919057,  0.633519412633798
					,  -0.217896561671082,  -0.11027408989464,  -0.214941485371083
					,  0.221621862495948,  -0.334060183069216,  -0.379392213038496
					,  0.0248432643317717,  0.144716658252438,  -0.00297801685046474
					,  0.3247176810503,  -0.220874320821538,  -0.551107431620023
					,  0.34879233423917,  -0.051923273758215,  0.248338760752723
					,  0.359165910029056,  -0.786933081202265,  -0.135514224708789
					,  -0.113753996374641,  0.492600964148678,  -0.41885775415077
					,  0.418083962139056,  0.36040551979651,  -0.0749347986791971
					,  0.0953964702367506,  0.197587307518338,  0.507828465677746
					,  -0.365429266190408,  -0.129252746243439,  -1.23565873187403
					,  0.605347913190313,  -0.163044681855864,  -0.0394965259428173
					,  -0.0532186718054798,  -0.305330034027763,  -0.153113627386218
					,  -0.124325751213677,  -0.27178532415158,  -0.0735675770762146
					,  -0.878925064009381,  -0.406660060549361,  0.210433152507048
					,  0.650392606290812,  -0.0674352816931233,  -1.28966170670312
					,  -0.854177726979073,  0.00952918072379863,  -0.24184654455878
					,  0.349653895484101,  -0.453617283857656,  0.4312177906368
					,  0.283165996257424,  0.477822409317797,  -0.146136844536257
					,  0.776748714998528,  0.217572136285534,  0.178399689067189
					,  0.283728816791414,  0.143289290190745,  -0.00270902514127734
					,  -0.295791354532005,  -0.155800242311476,  1.57867970938103
					,  0.828758710546544,  0.0746751500665543,  0.120028357317101
					,  -0.458711266272592,  0.248691702683605,  -0.171103442664013
					,  0.459734328055762,  -0.971896544749496,  0.436695065156596
					,  0.100277351512926,  0.23407599146912,  0.359589775646479
					,  0.00524619982769635,  -0.474675769397202,  -0.661113237050863
					,  0.321046482232267,  0.126821490368491,  -0.487933797171147
					,  0.310606169319972,  -0.39819303580181,  -0.301101636385821
					,  0.132595448047426,  -0.0555918699990839,  0.111421647007611
					,  -0.379869961564518,  -0.392262632468033,  -0.971156500378604
					,  -0.286773551483114,  -0.504284458630303,  0.1388117273157
					,  0.181700448696445,  -0.60144467802774,  -0.0522101714804797
					,  -0.255563378138245,  0.203477181416653,  0.743913266288568
					))
				, nrow = 60, ncol = 3
				, dimnames = list(
					as.character(c( "1", "2", "3", "4", "5", "6", "7", "8", "9", "10"
					  , "11", "12", "13", "14", "15", "16", "17", "18", "19", "20"
					  , "21", "22", "23", "24", "25", "26", "27", "28", "29", "30"
					  , "31", "32", "33", "34", "35", "36", "37", "38", "39", "40"
					  , "41", "42", "43", "44", "45", "46", "47", "48", "49", "50"
					  , "51", "52", "53", "54", "55", "56", "57", "58", "59", "60"))
					, as.character(c("nVmax", "nKm", "nV"))
					)
				))
			)
		, "logLik" = c(-3485.38)
		, "nObs" = c(480)
		, "nSubj" = c(60)
		, "nParm" = c(14)
		, "returnCode" = c(1)
		, "omega" = matrix(
			as.numeric(c(0.253602565023651, 0.0173620835110118, 0.252803927285974, 0.0173620835110118, 0.182784583752925, 0.00428658122538914, 0.252803927285974, 0.00428658122538914, 0.38638525276922))
			, nrow = 3, ncol = 3
			, dimnames = list(
				as.character(c("nVmax", "nKm", "nV"))
				, as.character(c("nVmax", "nKm", "nV"))
				)
			)
		, "eta" = matrix(
			as.numeric(c(-0.0175840675176272, -0.0107266214449203, -0.0247974530937807, 0.119122456122198, 0.135877476977409, 0.244298965237462, 0.345141211857115, 0.368615622264452, 0.494266087484729, 0.314638035499248, 0.137808067166837, 0.204847291518124))
			, nrow = 3, ncol = 4
			, dimnames = list(
				as.character(c("nVmax", "nKm", "nV"))
				, as.character(c("mean", "var", "sd", "shrinkage"))
				)
			)
		, "eta_shrinkage" = list("Subject" = matrix(
			as.numeric(c(
				 0.183588439457625,  0.506436238298904,  0.442879619211693
				,  0.851927765719357,  0.800942939031086,  0.0304771293246285
				,  0.0843619579978059,  0.553977055968883,  0.774303354442078
				,  0.313580496593432,  0.645817072648735,  0.702134191591084
				,  0.290403898141937,  0.825990635589089,  0.598589740528277
				,  0.849459148136932,  0.864837977570659,  0.836600951888695
				,  0.801586635181673,  0.787986072237641,  0.888861086956413
				,  0.347178762826683,  0.407644627639423,  0.822252926607226
				,  0.860726973020927,  0.353019030453801,  0.337848371471638
				,  0.299045619574554,  0.703565563502178,  0.518856443026026
				,  0.868230776567572,  0.187171253382936,  0.497500433396209
				,  0.823585162224749,  0.421647086040087,  0.759268733958337
				,  0.655396835906925,  0.0640856235442337,  0.242321844195887
				,  0.719661280270344,  0.814418173153407,  0.113322916654451
				,  0.878267479774093,  0.586961124654932,  0.233251833522898
				,  0.588491663426119,  0.700731799538231,  0.857688447190761
				,  0.174912032672913,  0.368332397801639,  0.0603229228079235
				,  0.623920772010558,  0.236641334994624,  0.459494410352386
				,  0.750587541906137,  0.333821093939162,  0.444191975933312
				,  0.227381595215529,  0.639961476244397,  0.802063328332401
				,  0.261865447638667,  0.219403123854767,  0.265849473754957
				,  0.259625435943595,  0.255212296302754,  0.210203320381353
				,  0.227876458338601,  0.259092479673116,  0.25475750251354
				,  0.264582358593153,  0.243495577916699,  0.258793839630761
				,  0.284747137564099,  0.255729706557406,  0.254093137508214
				,  0.256724976368891,  0.253839489296168,  0.255088163264917
				,  0.269039045537874,  0.26983036230199,  0.25225744450988
				,  0.265981260098867,  0.265485934115636,  0.274336752587504
				,  0.259157663308357,  0.273913816417649,  0.285031449350629
				,  0.219543982584557,  0.261109850722086,  0.258827396796853
				,  0.262600420478729,  0.19205083392996,  0.285160911526729
				,  0.248667999233111,  0.285353350439029,  0.264057304503739
				,  0.270259684978943,  0.210517902865857,  0.237054909862475
				,  0.258776671648183,  0.262108453316928,  0.22419594397051
				,  0.260212775764612,  0.247664614874858,  0.237143124344591
				,  0.268897456632015,  0.246306879535537,  0.254605283846238
				,  0.237886827798481,  0.240082968391769,  0.210492839464272
				,  0.270229073313322,  0.23357266888799,  0.276896762547371
				,  0.26839940784789,  0.230769973174105,  0.221875700566145
				,  0.228575508593691,  0.229369979482844,  0.270910772344446
				,  0.232848772311834,  0.593844999122925,  0.356797308045143
				,  0.435285826859066,  0.492722480447068,  0.132035256151179
				,  0.185100726042514,  0.415142105702463,  0.473022921419847
				,  0.296113654896683,  0.449396104252183,  0.476243062375641
				,  0.268987952925112,  0.427170732604021,  0.426083307160769
				,  0.43998966596298,  0.496150410885345,  0.454732131767847
				,  0.429871776272716,  0.428127253263922,  0.480217592500028
				,  0.293606631118176,  0.349964352508799,  0.380741656247403
				,  0.412071738159741,  0.316610092305303,  0.277277466714664
				,  0.416560612811619,  0.45133109348326,  0.415902627668561
				,  0.427624458502508,  0.414612207669999,  0.347154274791196
				,  0.523542224527927,  0.330678425283489,  0.420492381487093
				,  0.415519836395727,  0.178703062841505,  0.297586152339935
				,  0.437057861271667,  0.473166175742244,  0.227124410233608
				,  0.462560541712692,  0.465320763959866,  0.303141987797172
				,  0.400533980230706,  0.473395877789863,  0.448972377396784
				,  0.240474567186603,  0.382401289682827,  0.175039671702851
				,  0.395775214609688,  0.307184152459214,  0.341154053562851
				,  0.447323180115782,  0.41553931303226,  0.493373338504088
				,  0.308832991898264,  0.592565012048487,  0.415899153059181
				))
			, nrow = 60, ncol = 3
			, dimnames = list(
				as.character(c( "1", "2", "3", "4", "5", "6", "7", "8", "9", "10"
				  , "11", "12", "13", "14", "15", "16", "17", "18", "19", "20"
				  , "21", "22", "23", "24", "25", "26", "27", "28", "29", "30"
				  , "31", "32", "33", "34", "35", "36", "37", "38", "39", "40"
				  , "41", "42", "43", "44", "45", "46", "47", "48", "49", "50"
				  , "51", "52", "53", "54", "55", "56", "57", "58", "59", "60"))
				, as.character(c("nVmax_shrinkage", "nKm_shrinkage", "nV_shrinkage"))
				)
			))
		, "sigma" = matrix(
			as.numeric(c(0.241050632803729))
			, nrow = 1, ncol = 1
			, dimnames = list(
				as.character(c("CEps"))
				, as.character(c("CEps"))
				)
			)
		, "method" = "FOCE-ELS"
		, "varFix" = matrix(
			as.numeric(c(0.0190889003291392, -0.000706484313174137, -53.9675663044808, -21.9259018917765, 0.131500509395808, 0.00418806920358071, 0.00339638062008089, -0.0279913759926089, -0.000706484313174137, 0.00122143204397636, 2.20377653044764, -0.0753449712490107, 0.0715034185286571, -0.00069013393824543, -0.00295274731812946, 0.00873543930489866, -53.9675663044808, 2.20377653044764, 436065.398756415, 121420.149334355, -1090.88777054413, -55.3650520025549, 16.5919131533716, -50.5047706059118, -21.9259018917765, -0.0753449712490107, 121420.149334355, 40591.4392634782, -380.36939217517, -14.289126872428, 4.89607125236161, 2.6008105784254, 0.131500509395808, 0.0715034185286571, -1090.88777054413, -380.36939217517, 18.3470821776911, 0.213726611873742, -0.174723016725628, -0.243429150678008, 0.00418806920358071, -0.00069013393824543, -55.3650520025549, -14.289126872428, 0.213726611873742, 0.0235491187760435, -0.00347271239843275, -0.0286979920913651, 0.00339638062008089, -0.00295274731812946, 16.5919131533716, 4.89607125236161, -0.174723016725628, -0.00347271239843275, 0.193432180524528, -0.228309421438557, -0.0279913759926089, 0.00873543930489866, -50.5047706059118, 2.6008105784254, -0.243429150678008, -0.0286979920913651, -0.228309421438557, 1.37718569451691))
			, nrow = 8, ncol = 8
			, dimnames = list(
				as.character(c("GAMMA", "CMultStdev", "tvVmax", "tvKm", "tvV", "tvKa", "dVdWT", "CEps"))
				, as.character(c("GAMMA", "CMultStdev", "tvVmax", "tvKm", "tvV", "tvKa", "dVdWT", "CEps"))
				)
			)
		, "omegaSE" = matrix(
			as.numeric(c(0.166369688754616, 0.0794376485778163, 0.167765059789269, 0.0794376485778163, 0.0572211409605063, 0.0926624674960818, 0.167765059789269, 0.0926624674960818, 0.166964768573055))
			, nrow = 3, ncol = 3, byrow = TRUE
			, dimnames = list(
				as.character(c("nVmax", "nKm", "nV"))
				, as.character(c("nVmax", "nKm", "nV"))
				)
			)
		, "Covariance" = matrix(
			as.numeric(c(0.0190889, -0.00070648431, -53.967566, -21.925902, 0.13150051, 0.0041880692, 0.0033963806, -0.027991376, -0.006487392, 0.0011139584, -0.003031477, -0.0074185177, 0.0039923147, -0.0061862891, -0.00070648431, 0.001221432, 2.2037765, -0.075344971, 0.071503419, -0.00069013394, -0.0029527473, 0.0087354393, 0.00025688904, -0.00077567891, -5.7917063e-005, 0.00032662757, -0.00076107076, 0.00037763082, -53.967566, 2.2037765,  436065.4, 121420.15, -1090.8878, -55.365052, 16.591913, -50.504771, 51.252203, 19.632213, 4.3805828, 51.248155, 15.523487, 42.365501, -21.925902, -0.075344971, 121420.15, 40591.439, -380.36939, -14.289127, 4.8960713, 2.6008106, 11.328474, 4.3474354,  2.874505, 11.884189, 1.9119178, 9.3635186, 0.13150051, 0.071503419, -1090.8878, -380.36939, 18.347082, 0.21372661, -0.17472302, -0.24342915, -0.10838719, -0.11148626, -0.022302866, -0.098652416, -0.072319645, -0.052962958, 0.0041880692, -0.00069013394, -55.365052, -14.289127, 0.21372661, 0.023549119, -0.0034727124, -0.028697992, -0.0033100882, -0.0016479801, -0.0013595364, -0.004514257, -0.0017705578, -0.0046001378, 0.0033963806, -0.0029527473, 16.591913, 4.8960713, -0.17472302, -0.0034727124, 0.19343218, -0.22830942, 0.0016410084, 0.0070876027, 0.00037746232, -0.0009122589, 0.010901091, -0.0030688882, -0.027991376, 0.0087354393, -50.504771, 2.6008106, -0.24342915, -0.028697992, -0.22830942, 1.3771857, -0.055111685, -0.024930158, 0.0041464637, -0.04723355, -0.033672335, -0.041671949, -0.006487392, 0.00025688904, 51.252203, 11.328474, -0.10838719, -0.0033100882, 0.0016410084, -0.055111685, 0.027678873, 0.0024581396, 0.0012643139, 0.027125804, 0.0019800473, 0.024743009, 0.0011139584, -0.00077567891, 19.632213, 4.3474354, -0.11148626, -0.0016479801, 0.0070876027, -0.024930158, 0.0024581396, 0.00631034, -0.00098074219, 0.0018473626, 0.006637617, 0.0010642696, -0.003031477, -5.7917063e-005, 4.3805828,  2.874505, -0.022302866, -0.0013595364, 0.00037746232, 0.0041464637, 0.0012643139, -0.00098074219, 0.003274259, 0.0017205502, -0.0025344876, 0.0017353306, -0.0074185177, 0.00032662757, 51.248155, 11.884189, -0.098652416, -0.004514257, -0.0009122589, -0.04723355, 0.027125804, 0.0018473626, 0.0017205502, 0.028145115, 0.0010360629, 0.027039815, 0.0039923147, -0.00076107076, 15.523487, 1.9119178, -0.072319645, -0.0017705578, 0.010901091, -0.033672335, 0.0019800473, 0.006637617, -0.0025344876, 0.0010360629, 0.0085863329, 0.00019314574, -0.0061862891, 0.00037763082, 42.365501, 9.3635186, -0.052962958, -0.0046001378, -0.0030688882, -0.041671949, 0.024743009, 0.0010642696, 0.0017353306, 0.027039815, 0.00019314574, 0.027877234))
			, nrow = 14, ncol = 14
			, dimnames = list(
				as.character(c("GAMMA", "CMultStdev", "tvVmax", "tvKm", "tvV", "tvKa", "dVdWT", "stdev0", "nVmax-nVmax", "nKm-nVmax", "nKm-nKm", "nV-nVmax", "nV-nKm", "nV-nV"))
				, as.character(c("GAMMA", "CMultStdev", "tvVmax", "tvKm", "tvV", "tvKa", "dVdWT", "stdev0", "nVmax-nVmax", "nKm-nVmax", "nKm-nKm", "nV-nVmax", "nV-nKm", "nV-nV"))
				)
			)
		, "Correlation" = matrix(
			as.numeric(c(0.13816259, -0.14631115, -0.59151609, -0.78767994, 0.22220482, 0.19753136, 0.05589353, -0.17263846, -0.2822315, 0.10149675, -0.38344873, -0.3200554, 0.31183902, -0.26817292, -0.14631115, 0.034948992, 0.095489822, -0.010700459, 0.47764875, -0.1286801, -0.19209996, 0.21298737, 0.04418112, -0.27939649, -0.028961121, 0.055707884, -0.2350101, 0.064715445, -0.59151609, 0.095489822, 660.35248, 0.91263627, -0.38567435, -0.54635204, 0.057128956, -0.065171893, 0.46651168, 0.37425452,  0.115931, 0.46259497, 0.25369366, 0.38424807, -0.78767994, -0.010700459, 0.91263627, 201.47317, -0.4407627, -0.46216935, 0.055254308, 0.011000065, 0.33797142, 0.27163738, 0.24933849, 0.35160157, 0.10241136, 0.27835371, 0.22220482, 0.47764875, -0.38567435, -0.4407627, 4.2833494,  0.325153, -0.092747509, -0.048427587, -0.15209686, -0.32765097, -0.090995656, -0.13728488, -0.18220862, -0.07405662, 0.19753136, -0.1286801, -0.54635204, -0.46216935,  0.325153, 0.15345722, -0.051453761, -0.15935582, -0.12965165, -0.13518804, -0.15482711, -0.17534664, -0.12451421, -0.17953895, 0.05589353, -0.19209996, 0.057128956, 0.055254308, -0.092747509, -0.051453761, 0.43980925, -0.44234713, 0.022427054, 0.2028657, 0.014998669, -0.012363807, 0.26748641, -0.041791876, -0.17263846, 0.21298737, -0.065171893, 0.011000065, -0.048427587, -0.15935582, -0.44234713, 1.1735356, -0.28227553, -0.26742525, 0.061748313, -0.23991247, -0.30965145, -0.21267808, -0.2822315, 0.04418112, 0.46651168, 0.33797142, -0.15209686, -0.12965165, 0.022427054, -0.28227553, 0.16636969,  0.185997, 0.13280798, 0.97186713, 0.12843917, 0.89074517, 0.10149675, -0.27939649, 0.37425452, 0.27163738, -0.32765097, -0.13518804, 0.2028657, -0.26742525,  0.185997, 0.079437649, -0.21576051, 0.13861947, 0.90174127, 0.080241757, -0.38344873, -0.028961121,  0.115931, 0.24933849, -0.090995656, -0.15482711, 0.014998669, 0.061748313, 0.13280798, -0.21576051, 0.057221141, 0.17922943, -0.47800208, 0.18163556, -0.3200554, 0.055707884, 0.46259497, 0.35160157, -0.13728488, -0.17534664, -0.012363807, -0.23991247, 0.97186713, 0.13861947, 0.17922943, 0.16776506, 0.066647019, 0.96533345, 0.31183902, -0.2350101, 0.25369366, 0.10241136, -0.18220862, -0.12451421, 0.26748641, -0.30965145, 0.12843917, 0.90174127, -0.47800208, 0.066647019, 0.092662467, 0.012484077, -0.26817292, 0.064715445, 0.38424807, 0.27835371, -0.07405662, -0.17953895, -0.041791876, -0.21267808, 0.89074517, 0.080241757, 0.18163556, 0.96533345, 0.012484077, 0.16696477))
			, nrow = 14, ncol = 14
			, dimnames = list(
				as.character(c("GAMMA", "CMultStdev", "tvVmax", "tvKm", "tvV", "tvKa", "dVdWT", "stdev0", "nVmax-nVmax", "nKm-nVmax", "nKm-nKm", "nV-nVmax", "nV-nKm", "nV-nV"))
				, as.character(c("GAMMA", "CMultStdev", "tvVmax", "tvKm", "tvV", "tvKa", "dVdWT", "stdev0", "nVmax-nVmax", "nKm-nVmax", "nKm-nKm", "nV-nVmax", "nV-nKm", "nV-nV"))
				)
			)
		, "Inverse" = matrix(
			as.numeric(c( 422.6381, 213.77762, -0.06120312, 0.40113742, 1.2455906, 23.867172, 10.264049, 4.5243981, -88.03196, 260.08199, -131.34005, 298.75469, -388.36496, -147.34195, 213.77762, 1704.5959, -0.088408431, 0.33023941, -7.2181368, 85.078734, 3.5309399, -6.4762775, -33.654154, -38.324782, 128.39035, -16.970695, 140.44879, 77.645235, -0.06120312, -0.088408431, 3.7267155e-005, -0.0001326658, -0.00021567814, 0.016566674, -0.00032538724, 9.2204407e-005, -0.038360073, -0.058122034, 0.044561103, 0.0090332227, 0.050946967, 0.0023441488, 0.40113742, 0.33023941, -0.0001326658, 0.00062673301, 0.0016771693, -0.0089947996, 0.0055065538, 0.0025717195, 0.12408009, 0.21603982, -0.18592396, -0.028065809, -0.28879103, 0.0042206939, 1.2455906, -7.2181368, -0.00021567814, 0.0016771693, 0.1278188, -1.1000728, 0.12431891, 0.075630147, 0.053945817,  5.797958, -2.8248595, 2.8007779, -5.8253362, -2.4429917, 23.867172, 85.078734, 0.016566674, -0.0089947996, -1.1000728, 94.469522, 1.7536092, 2.2210195, -71.488198, -133.16899, 90.270975, 42.005564, 125.74541, 20.300973, 10.264049, 3.5309399, -0.00032538724, 0.0055065538, 0.12431891, 1.7536092, 7.7486795, 1.3187841, -5.9611109, 31.522952, -19.430098, 14.646342, -38.751679, -4.4161618, 4.5243981, -6.4762775, 9.2204407e-005, 0.0025717195, 0.075630147, 2.2210195, 1.3187841, 1.2604717, 4.5732357, 2.1196432, 0.080098043, -3.8278714, -1.3105236, 2.2043768, -88.03196, -33.654154, -0.038360073, 0.12408009, 0.053945817, -71.488198, -5.9611109, 4.5732357, 2107.4757, -9.3333516, 56.203868, -3460.4814, 13.080711, 1474.7905, 260.08199, -38.324782, -0.058122034, 0.21603982,  5.797958, -133.16899, 31.522952, 2.1196432, -9.3333516, 1961.0119, -774.42215, 313.27473, -1852.4822, -239.72539, -131.34005, 128.39035, 0.044561103, -0.18592396, -2.8248595, 90.270975, -19.430098, 0.080098043, 56.203868, -774.42215, 822.26011, -287.02195,  912.2685,  171.9281, 298.75469, -16.970695, 0.0090332227, -0.028065809, 2.8007779, 42.005564, 14.646342, -3.8278714, -3460.4814, 313.27473, -287.02195, 6462.6798, -390.41782, -3118.1419, -388.36496, 140.44879, 0.050946967, -0.28879103, -5.8253362, 125.74541, -38.751679, -1.3105236, 13.080711, -1852.4822,  912.2685, -390.41782, 2041.2439, 301.81897, -147.34195, 77.645235, 0.0023441488, 0.0042206939, -2.4429917, 20.300973, -4.4161618, 2.2043768, 1474.7905, -239.72539,  171.9281, -3118.1419, 301.81897, 1710.5128))
			, nrow = 14, ncol = 14
			, dimnames = list(
				as.character(c("GAMMA", "CMultStdev", "tvVmax", "tvKm", "tvV", "tvKa", "dVdWT", "stdev0", "nVmax-nVmax", "nKm-nVmax", "nKm-nKm", "nV-nVmax", "nV-nKm", "nV-nV"))
				, as.character(c("GAMMA", "CMultStdev", "tvVmax", "tvKm", "tvV", "tvKa", "dVdWT", "stdev0", "nVmax-nVmax", "nKm-nVmax", "nKm-nKm", "nV-nVmax", "nV-nKm", "nV-nV"))
				)
			)
		, "LLTable" = data.frame(
			id = as.character(c( "1", "2", "3", "4", "5", "6", "7", "8", "9", "10", "11", "12", "13", "14", "15", "16", "17", "18", "19", "20", "21", "22", "23", "24", "25", "26", "27", "28", "29", "30", "31", "32", "33", "34", "35", "36", "37", "38", "39", "40", "41", "42", "43", "44", "45", "46", "47", "48", "49", "50", "51", "52", "53", "54", "55", "56", "57", "58", "59", "60"))
			, "LL" = c(-52.683385, -58.872297, -57.266422, -60.61743, -55.953767, -58.00753, -56.749135, -57.280185, -53.57944, -61.922394, -52.711276, -60.841814, -58.485812, -57.280703, -56.848893, -60.742595, -59.188578, -54.588533, -55.746495, -55.191864, -55.635341, -53.727628, -55.347047, -71.10654, -60.387877, -56.008131, -55.449559, -63.551671, -57.378512, -55.26923, -56.816176, -60.584203, -57.796842, -56.627645, -55.271322, -58.429625, -54.824137, -65.580322, -54.427739, -58.752108, -55.226659, -63.473865, -56.38562, -54.708344, -59.219329, -56.813526, -55.618844, -55.221334, -61.056592, -57.056941, -64.215613, -52.519322, -60.720109, -57.957728, -56.946182, -58.22912, -63.991955, -59.688224, -66.224527, -62.574852)
			) # end of LLTable
		, "residuals" = data.frame(
			  ID1 = as.character(c(  "",   "",   "",   "",   "",   "",   "",   "",   "",   "",   "",   "",   "",   "",   "",   "",   "",   "",   "",   "",   "",   "",   "",   "",   "",   "",   "",   "",   "",   "",   "",   "",   "",   "",   "",   "",   "",   "",   "",   "",   "",   "",   "",   "",   "",   "",   "",   "",   "",   "",   "",   "",   "",   "",   "",   "",   "",   "",   "",   "",   "",   "",   "",   "",   "",   "",   "",   "",   "",   "",   "",   "",   "",   "",   "",   "",   "",   "",   "",   "",   "",   "",   "",   "",   "",   "",   "",   "",   "",   "",   "",   "",   "",   "",   "",   "",   "",   "",   "",   "",   "",   "",   "",   "",   "",   "",   "",   "",   "",   "",   "",   "",   "",   "",   "",   "",   "",   "",   "",   "",   "",   "",   "",   "",   "",   "",   "",   "",   "",   "",   "",   "",   "",   "",   "",   "",   "",   "",   "",   "",   "",   "",   "",   "",   "",   "",   "",   "",   "",   "",   "",   "",   "",   "",   "",   "",   "",   "",   "",   "",   "",   "",   "",   "",   "",   "",   "",   "",   "",   "",   "",   "",   "",   "",   "",   "",   "",   "",   "",   "",   "",   "",   "",   "",   "",   "",   "",   "",   "",   "",   "",   "",   "",   "",   "",   "",   "",   "",   "",   "",   "",   "",   "",   "",   "",   "",   "",   "",   "",   "",   "",   "",   "",   "",   "",   "",   "",   "",   "",   "",   "",   "",   "",   "",   "",   "",   "",   "",   "",   "",   "",   "",   "",   "",   "",   "",   "",   "",   "",   "",   "",   "",   "",   "",   "",   "",   "",   "",   "",   "",   "",   "",   "",   "",   "",   "",   "",   "",   "",   "",   "",   "",   "",   "",   "",   "",   "",   "",   "",   "",   "",   "",   "",   "",   "",   "",   "",   "",   "",   "",   "",   "",   "",   "",   "",   "",   "",   "",   "",   "",   "",   "",   "",   "",   "",   "",   "",   "",   "",   "",   "",   "",   "",   "",   "",   "",   "",   "",   "",   "",   "",   "",   "",   "",   "",   "",   "",   "",   "",   "",   "",   "",   "",   "",   "",   "",   "",   "",   "",   "",   "",   "",   "",   "",   "",   "",   "",   "",   "",   "",   "",   "",   "",   "",   "",   "",   "",   "",   "",   "",   "",   "",   "",   "",   "",   "",   "",   "",   "",   "",   "",   "",   "",   "",   "",   "",   "",   "",   "",   "",   "",   "",   "",   "",   "",   "",   "",   "",   "",   "",   "",   "",   "",   "",   "",   "",   "",   "",   "",   "",   "",   "",   "",   "",   "",   "",   "",   "",   "",   "",   "",   "",   "",   "",   "",   "",   "",   "",   "",   "",   "",   "",   "",   "",   "",   "",   "",   "",   "",   "",   "",   "",   "",   "",   "",   "",   "",   "",   "",   "",   "",   "",   "",   "",   "",   "",   "",   "",   "",   "",   "",   "",   "",   "",   "",   "",   "",   "",   "",   "",   "",   "",   "",   "",   "",   "",   "",   "",   "",   "",   "",   "",   "",   "",   "",   "",   "",   "",   "",   "",   "",   "",   "",   "",   "",   "",   "",   "",   "",   ""))
			, ID2 = as.character(c(  "",   "",   "",   "",   "",   "",   "",   "",   "",   "",   "",   "",   "",   "",   "",   "",   "",   "",   "",   "",   "",   "",   "",   "",   "",   "",   "",   "",   "",   "",   "",   "",   "",   "",   "",   "",   "",   "",   "",   "",   "",   "",   "",   "",   "",   "",   "",   "",   "",   "",   "",   "",   "",   "",   "",   "",   "",   "",   "",   "",   "",   "",   "",   "",   "",   "",   "",   "",   "",   "",   "",   "",   "",   "",   "",   "",   "",   "",   "",   "",   "",   "",   "",   "",   "",   "",   "",   "",   "",   "",   "",   "",   "",   "",   "",   "",   "",   "",   "",   "",   "",   "",   "",   "",   "",   "",   "",   "",   "",   "",   "",   "",   "",   "",   "",   "",   "",   "",   "",   "",   "",   "",   "",   "",   "",   "",   "",   "",   "",   "",   "",   "",   "",   "",   "",   "",   "",   "",   "",   "",   "",   "",   "",   "",   "",   "",   "",   "",   "",   "",   "",   "",   "",   "",   "",   "",   "",   "",   "",   "",   "",   "",   "",   "",   "",   "",   "",   "",   "",   "",   "",   "",   "",   "",   "",   "",   "",   "",   "",   "",   "",   "",   "",   "",   "",   "",   "",   "",   "",   "",   "",   "",   "",   "",   "",   "",   "",   "",   "",   "",   "",   "",   "",   "",   "",   "",   "",   "",   "",   "",   "",   "",   "",   "",   "",   "",   "",   "",   "",   "",   "",   "",   "",   "",   "",   "",   "",   "",   "",   "",   "",   "",   "",   "",   "",   "",   "",   "",   "",   "",   "",   "",   "",   "",   "",   "",   "",   "",   "",   "",   "",   "",   "",   "",   "",   "",   "",   "",   "",   "",   "",   "",   "",   "",   "",   "",   "",   "",   "",   "",   "",   "",   "",   "",   "",   "",   "",   "",   "",   "",   "",   "",   "",   "",   "",   "",   "",   "",   "",   "",   "",   "",   "",   "",   "",   "",   "",   "",   "",   "",   "",   "",   "",   "",   "",   "",   "",   "",   "",   "",   "",   "",   "",   "",   "",   "",   "",   "",   "",   "",   "",   "",   "",   "",   "",   "",   "",   "",   "",   "",   "",   "",   "",   "",   "",   "",   "",   "",   "",   "",   "",   "",   "",   "",   "",   "",   "",   "",   "",   "",   "",   "",   "",   "",   "",   "",   "",   "",   "",   "",   "",   "",   "",   "",   "",   "",   "",   "",   "",   "",   "",   "",   "",   "",   "",   "",   "",   "",   "",   "",   "",   "",   "",   "",   "",   "",   "",   "",   "",   "",   "",   "",   "",   "",   "",   "",   "",   "",   "",   "",   "",   "",   "",   "",   "",   "",   "",   "",   "",   "",   "",   "",   "",   "",   "",   "",   "",   "",   "",   "",   "",   "",   "",   "",   "",   "",   "",   "",   "",   "",   "",   "",   "",   "",   "",   "",   "",   "",   "",   "",   "",   "",   "",   "",   "",   "",   "",   "",   "",   "",   "",   "",   "",   "",   "",   "",   "",   "",   "",   "",   "",   "",   "",   "",   "",   "",   "",   "",   "",   "",   "",   "",   "",   "",   "",   "",   "",   "",   "",   ""))
			, ID3 = as.character(c(  "",   "",   "",   "",   "",   "",   "",   "",   "",   "",   "",   "",   "",   "",   "",   "",   "",   "",   "",   "",   "",   "",   "",   "",   "",   "",   "",   "",   "",   "",   "",   "",   "",   "",   "",   "",   "",   "",   "",   "",   "",   "",   "",   "",   "",   "",   "",   "",   "",   "",   "",   "",   "",   "",   "",   "",   "",   "",   "",   "",   "",   "",   "",   "",   "",   "",   "",   "",   "",   "",   "",   "",   "",   "",   "",   "",   "",   "",   "",   "",   "",   "",   "",   "",   "",   "",   "",   "",   "",   "",   "",   "",   "",   "",   "",   "",   "",   "",   "",   "",   "",   "",   "",   "",   "",   "",   "",   "",   "",   "",   "",   "",   "",   "",   "",   "",   "",   "",   "",   "",   "",   "",   "",   "",   "",   "",   "",   "",   "",   "",   "",   "",   "",   "",   "",   "",   "",   "",   "",   "",   "",   "",   "",   "",   "",   "",   "",   "",   "",   "",   "",   "",   "",   "",   "",   "",   "",   "",   "",   "",   "",   "",   "",   "",   "",   "",   "",   "",   "",   "",   "",   "",   "",   "",   "",   "",   "",   "",   "",   "",   "",   "",   "",   "",   "",   "",   "",   "",   "",   "",   "",   "",   "",   "",   "",   "",   "",   "",   "",   "",   "",   "",   "",   "",   "",   "",   "",   "",   "",   "",   "",   "",   "",   "",   "",   "",   "",   "",   "",   "",   "",   "",   "",   "",   "",   "",   "",   "",   "",   "",   "",   "",   "",   "",   "",   "",   "",   "",   "",   "",   "",   "",   "",   "",   "",   "",   "",   "",   "",   "",   "",   "",   "",   "",   "",   "",   "",   "",   "",   "",   "",   "",   "",   "",   "",   "",   "",   "",   "",   "",   "",   "",   "",   "",   "",   "",   "",   "",   "",   "",   "",   "",   "",   "",   "",   "",   "",   "",   "",   "",   "",   "",   "",   "",   "",   "",   "",   "",   "",   "",   "",   "",   "",   "",   "",   "",   "",   "",   "",   "",   "",   "",   "",   "",   "",   "",   "",   "",   "",   "",   "",   "",   "",   "",   "",   "",   "",   "",   "",   "",   "",   "",   "",   "",   "",   "",   "",   "",   "",   "",   "",   "",   "",   "",   "",   "",   "",   "",   "",   "",   "",   "",   "",   "",   "",   "",   "",   "",   "",   "",   "",   "",   "",   "",   "",   "",   "",   "",   "",   "",   "",   "",   "",   "",   "",   "",   "",   "",   "",   "",   "",   "",   "",   "",   "",   "",   "",   "",   "",   "",   "",   "",   "",   "",   "",   "",   "",   "",   "",   "",   "",   "",   "",   "",   "",   "",   "",   "",   "",   "",   "",   "",   "",   "",   "",   "",   "",   "",   "",   "",   "",   "",   "",   "",   "",   "",   "",   "",   "",   "",   "",   "",   "",   "",   "",   "",   "",   "",   "",   "",   "",   "",   "",   "",   "",   "",   "",   "",   "",   "",   "",   "",   "",   "",   "",   "",   "",   "",   "",   "",   "",   "",   "",   "",   "",   "",   "",   "",   "",   "",   "",   "",   "",   "",   "",   "",   "",   "",   "",   ""))
			, ID4 = as.character(c(  "",   "",   "",   "",   "",   "",   "",   "",   "",   "",   "",   "",   "",   "",   "",   "",   "",   "",   "",   "",   "",   "",   "",   "",   "",   "",   "",   "",   "",   "",   "",   "",   "",   "",   "",   "",   "",   "",   "",   "",   "",   "",   "",   "",   "",   "",   "",   "",   "",   "",   "",   "",   "",   "",   "",   "",   "",   "",   "",   "",   "",   "",   "",   "",   "",   "",   "",   "",   "",   "",   "",   "",   "",   "",   "",   "",   "",   "",   "",   "",   "",   "",   "",   "",   "",   "",   "",   "",   "",   "",   "",   "",   "",   "",   "",   "",   "",   "",   "",   "",   "",   "",   "",   "",   "",   "",   "",   "",   "",   "",   "",   "",   "",   "",   "",   "",   "",   "",   "",   "",   "",   "",   "",   "",   "",   "",   "",   "",   "",   "",   "",   "",   "",   "",   "",   "",   "",   "",   "",   "",   "",   "",   "",   "",   "",   "",   "",   "",   "",   "",   "",   "",   "",   "",   "",   "",   "",   "",   "",   "",   "",   "",   "",   "",   "",   "",   "",   "",   "",   "",   "",   "",   "",   "",   "",   "",   "",   "",   "",   "",   "",   "",   "",   "",   "",   "",   "",   "",   "",   "",   "",   "",   "",   "",   "",   "",   "",   "",   "",   "",   "",   "",   "",   "",   "",   "",   "",   "",   "",   "",   "",   "",   "",   "",   "",   "",   "",   "",   "",   "",   "",   "",   "",   "",   "",   "",   "",   "",   "",   "",   "",   "",   "",   "",   "",   "",   "",   "",   "",   "",   "",   "",   "",   "",   "",   "",   "",   "",   "",   "",   "",   "",   "",   "",   "",   "",   "",   "",   "",   "",   "",   "",   "",   "",   "",   "",   "",   "",   "",   "",   "",   "",   "",   "",   "",   "",   "",   "",   "",   "",   "",   "",   "",   "",   "",   "",   "",   "",   "",   "",   "",   "",   "",   "",   "",   "",   "",   "",   "",   "",   "",   "",   "",   "",   "",   "",   "",   "",   "",   "",   "",   "",   "",   "",   "",   "",   "",   "",   "",   "",   "",   "",   "",   "",   "",   "",   "",   "",   "",   "",   "",   "",   "",   "",   "",   "",   "",   "",   "",   "",   "",   "",   "",   "",   "",   "",   "",   "",   "",   "",   "",   "",   "",   "",   "",   "",   "",   "",   "",   "",   "",   "",   "",   "",   "",   "",   "",   "",   "",   "",   "",   "",   "",   "",   "",   "",   "",   "",   "",   "",   "",   "",   "",   "",   "",   "",   "",   "",   "",   "",   "",   "",   "",   "",   "",   "",   "",   "",   "",   "",   "",   "",   "",   "",   "",   "",   "",   "",   "",   "",   "",   "",   "",   "",   "",   "",   "",   "",   "",   "",   "",   "",   "",   "",   "",   "",   "",   "",   "",   "",   "",   "",   "",   "",   "",   "",   "",   "",   "",   "",   "",   "",   "",   "",   "",   "",   "",   "",   "",   "",   "",   "",   "",   "",   "",   "",   "",   "",   "",   "",   "",   "",   "",   "",   "",   "",   "",   "",   "",   "",   "",   "",   "",   "",   "",   "",   "",   "",   "",   ""))
			, ID5 = as.character(c( "1",  "1",  "1",  "1",  "1",  "1",  "1",  "1",  "2",  "2",  "2",  "2",  "2",  "2",  "2",  "2",  "3",  "3",  "3",  "3",  "3",  "3",  "3",  "3",  "4",  "4",  "4",  "4",  "4",  "4",  "4",  "4",  "5",  "5",  "5",  "5",  "5",  "5",  "5",  "5",  "6",  "6",  "6",  "6",  "6",  "6",  "6",  "6",  "7",  "7",  "7",  "7",  "7",  "7",  "7",  "7",  "8",  "8",  "8",  "8",  "8",  "8",  "8",  "8",  "9",  "9",  "9",  "9",  "9",  "9",  "9",  "9", "10", "10", "10", "10", "10", "10", "10", "10", "11", "11", "11", "11", "11", "11", "11", "11", "12", "12", "12", "12", "12", "12", "12", "12", "13", "13", "13", "13", "13", "13", "13", "13", "14", "14", "14", "14", "14", "14", "14", "14", "15", "15", "15", "15", "15", "15", "15", "15", "16", "16", "16", "16", "16", "16", "16", "16", "17", "17", "17", "17", "17", "17", "17", "17", "18", "18", "18", "18", "18", "18", "18", "18", "19", "19", "19", "19", "19", "19", "19", "19", "20", "20", "20", "20", "20", "20", "20", "20", "21", "21", "21", "21", "21", "21", "21", "21", "22", "22", "22", "22", "22", "22", "22", "22", "23", "23", "23", "23", "23", "23", "23", "23", "24", "24", "24", "24", "24", "24", "24", "24", "25", "25", "25", "25", "25", "25", "25", "25", "26", "26", "26", "26", "26", "26", "26", "26", "27", "27", "27", "27", "27", "27", "27", "27", "28", "28", "28", "28", "28", "28", "28", "28", "29", "29", "29", "29", "29", "29", "29", "29", "30", "30", "30", "30", "30", "30", "30", "30", "31", "31", "31", "31", "31", "31", "31", "31", "32", "32", "32", "32", "32", "32", "32", "32", "33", "33", "33", "33", "33", "33", "33", "33", "34", "34", "34", "34", "34", "34", "34", "34", "35", "35", "35", "35", "35", "35", "35", "35", "36", "36", "36", "36", "36", "36", "36", "36", "37", "37", "37", "37", "37", "37", "37", "37", "38", "38", "38", "38", "38", "38", "38", "38", "39", "39", "39", "39", "39", "39", "39", "39", "40", "40", "40", "40", "40", "40", "40", "40", "41", "41", "41", "41", "41", "41", "41", "41", "42", "42", "42", "42", "42", "42", "42", "42", "43", "43", "43", "43", "43", "43", "43", "43", "44", "44", "44", "44", "44", "44", "44", "44", "45", "45", "45", "45", "45", "45", "45", "45", "46", "46", "46", "46", "46", "46", "46", "46", "47", "47", "47", "47", "47", "47", "47", "47", "48", "48", "48", "48", "48", "48", "48", "48", "49", "49", "49", "49", "49", "49", "49", "49", "50", "50", "50", "50", "50", "50", "50", "50", "51", "51", "51", "51", "51", "51", "51", "51", "52", "52", "52", "52", "52", "52", "52", "52", "53", "53", "53", "53", "53", "53", "53", "53", "54", "54", "54", "54", "54", "54", "54", "54", "55", "55", "55", "55", "55", "55", "55", "55", "56", "56", "56", "56", "56", "56", "56", "56", "57", "57", "57", "57", "57", "57", "57", "57", "58", "58", "58", "58", "58", "58", "58", "58", "59", "59", "59", "59", "59", "59", "59", "59", "60", "60", "60", "60", "60", "60", "60", "60"))
