dmp.txt <- structure(
	.Data = list(
		"coefficients" = list(
			"fixed" = c("GAMMA" = 1.6, "CMultStdev" = 1, "tvVmax" = 4000, "tvKm" = 4000, "tvV" = 50, "tvKa" = 1.2, "K12" = 2, "K21" = 3, "K13" = 0.1, "K31" = 0.05, "dVdWT" = 1.1, "CEps" = 0.5)
			, "random" = list("Subject" = matrix(
				as.numeric(c(
					 -0.814248974066992,  -1.38002398958458,  -1.12890594712157
					,  -1.22067653032661,  -0.903432403875622,  -0.920420060689519
					,  -0.864802947920506,  -1.30261299478504,  -0.992907816489524
					,  -1.1799225155882,  -1.19354910938789,  -1.1529099907701
					,  -1.42964844308516,  -1.38365677707923,  -1.11339795892578
					,  -1.33380281334364,  -1.17177682562339,  -1.16304002971638
					,  -1.20294332280473,  -1.05823258319628,  -0.990575389895965
					,  -0.757687348378877,  -1.15233511858341,  -1.8962973932402
					,  -1.31672265223733,  -0.920709695509211,  -0.979466935970097
					,  -1.02531298756216,  -1.07913902544146,  -1.18650050882843
					,  -1.38134330959898,  -1.37355782476782,  -0.900236910636918
					,  -1.05977332051507,  -0.923749136252272,  -0.945813602069656
					,  -1.20813157259898,  -1.03866368595374,  -1.04001352545935
					,  -1.18399371710159,  -1.04490902433378,  -1.08136913989494
					,  -1.0107999358654,  -1.00693077774838,  -1.41437598856487
					,  -0.837447647016065,  -1.13909093936014,  -1.09656657610589
					,  -1.00431354343199,  -0.983715000301165,  -0.887250963587139
					,  -0.840896085717314,  -1.01827038888204,  -1.1521899047725
					,  -1.2363977727314,  -0.915311301171254,  -1.53931850213258
					,  -0.918104783306135,  -0.647900340798054,  -1.36370499309479
					,  -6.34910386946775,  -8.28675913969215,  -7.05971824909175
					,  -7.65185123304488,  -6.25431672260645,  -6.34378663464159
					,  -6.44821521932711,  -8.04835702261935,  -6.78621339153734
					,  -7.6032199943847,  -7.67348260388774,  -7.36878841264575
					,  -8.09951988360383,  -7.85135730690405,  -7.7537032402296
					,  -7.90255899699653,  -7.35614801834806,  -7.53141972252645
					,  -7.7718505541968,  -6.90049316632608,  -6.70625676238972
					,  -6.11984823890461,  -7.13522417705623,  -9.10294953320305
					,  -7.80563119256511,  -6.43048523331927,  -6.9932130708387
					,  -6.61862357034485,  -7.17358381592949,  -7.31904884429794
					,  -8.19685619250632,  -8.19715078467201,  -6.49636969933452
					,  -6.88485634562373,  -6.44982167047201,  -6.51462997297213
					,  -7.422355819521,  -6.71608332457375,  -7.21630341868988
					,  -7.83456677742207,  -7.21329207532385,  -6.82355874761481
					,  -7.00266768543545,  -6.95226799974798,  -8.46521302582004
					,  -5.96149096846261,  -7.10170822394411,  -7.186922018679
					,  -6.80846504103711,  -7.0515296979303,  -6.39671780910406
					,  -6.21668751094948,  -6.75550735243772,  -8.00994530522162
					,  -7.46459479560405,  -6.9390851815101,  -8.2231507388143
					,  -6.6314633240912,  -10.8111901346153,  -7.83510077795568
					,  0.530070688978631,  1.7625831305493,  1.26526093497627
					,  1.28576000956486,  0.665021735037527,  0.918816212860807
					,  0.792800355309708,  1.57923694162422,  0.967579123968181
					,  1.40788032223502,  1.30939083386152,  1.26016949217616
					,  1.72965588240895,  1.86081575391303,  1.27346161596482
					,  1.6607306946362,  1.34787975535924,  1.26013768770874
					,  1.33067161152164,  0.977386938607696,  0.9800180365552
					,  0.602794259543212,  1.1556599947516,  2.59023751361422
					,  1.54870510561282,  0.879584734360374,  1.0325981863508
					,  1.1613113362402,  1.2470046381704,  1.15045418979623
					,  1.47728403734945,  1.65309406082351,  0.889661963043643
					,  1.13329291441745,  0.935621946763387,  0.867655166022774
					,  1.22177252734731,  1.06816428289811,  0.966884005747016
					,  1.37419126922483,  1.18156711553219,  1.00023993966686
					,  1.06024876639721,  1.03066624437814,  1.87390250069046
					,  0.702305985912111,  1.21553364290035,  1.20023987331404
					,  1.05104765167962,  1.01238115125068,  0.645326407713639
					,  0.76650107643469,  0.881714939729288,  1.56360509410938
					,  1.16084961004244,  0.884941711650848,  1.81074642665823
					,  0.952081987342883,  0.654161094333065,  1.53309718256275
					))
				, nrow = 60, ncol = 3
				, dimnames = list(
					as.character(c( "1", "2", "3", "4", "5", "6", "7", "8", "9", "10"
					  , "11", "12", "13", "14", "15", "16", "17", "18", "19", "20"
					  , "21", "22", "23", "24", "25", "26", "27", "28", "29", "30"
					  , "31", "32", "33", "34", "35", "36", "37", "38", "39", "40"
					  , "41", "42", "43", "44", "45", "46", "47", "48", "49", "50"
					  , "51", "52", "53", "54", "55", "56", "57", "58", "59", "60"))
					, as.character(c("nVmax", "nKm", "nV"))
					)
				))
			)
		, "logLik" = c(-10884.4)
		, "nObs" = c(480)
		, "nSubj" = c(60)
		, "nParm" = c(15)
		, "returnCode" = c(7)
		, "omega" = matrix(
			as.numeric(c(0.31, 0, 0, 0, 0.31, 0, 0, 0, 0.31))
			, nrow = 3, ncol = 3
			, dimnames = list(
				as.character(c("nVmax", "nKm", "nV"))
				, as.character(c("nVmax", "nKm", "nV"))
				)
			)
		, "eta" = matrix(
			as.numeric(c(-1.10682998839663, -7.27042133735022, 1.1883743048699, 0.0445144494763649, 0.65977778426222, 0.139479285901299, 0.210984476861131, 0.812267064617432, 0.373469256969431, 0.621060693103956, -0.458874714670158, 0.329229413042902))
			, nrow = 3, ncol = 4
			, dimnames = list(
				as.character(c("nVmax", "nKm", "nV"))
				, as.character(c("mean", "var", "sd", "shrinkage"))
				)
			)
		, "eta_shrinkage" = list("Subject" = matrix(
			as.numeric(c(
				 0.783871317540447,  0.667021273012379,  0.734846187629628
				,  0.804248620638277,  0.873870470235673,  0.762989198237792
				,  0.766015085433127,  0.705866094519176,  0.774189976388085
				,  0.688676078690596,  0.829260800414829,  0.753015344123781
				,  0.828095561566424,  0.679587987639909,  0.643946745487878
				,  0.710356489235015,  0.726220669925001,  0.743526116587799
				,  0.728864004823186,  0.822861199938567,  0.798927227840841
				,  0.78225523480458,  0.812809977989462,  0.835871976003015
				,  0.76528169459165,  0.783297638810064,  0.689924657332938
				,  0.777037072751255,  0.695321791531247,  0.84124195118257
				,  0.820659589343936,  0.71123129444374,  0.788103285203099
				,  0.76089137348618,  0.721842551149783,  0.776765400867016
				,  0.802331355738346,  0.848051761000585,  0.770833802151852
				,  0.731399015152512,  0.684321580673178,  0.834383738651129
				,  0.741139786100667,  0.739275453036258,  0.674146046682419
				,  0.808947921975785,  0.866118243089588,  0.758756099760905
				,  0.769761283740109,  0.755316701439796,  0.847142087031182
				,  0.746920010758366,  0.832285427515104,  0.505634885732107
				,  0.895342694352465,  0.765297235912912,  0.886892428953536
				,  0.694914663428486,  1,  0.80678940207712
				,  0.482743267015812,  0.500146153151612,  0.463250208651874
				,  0.457427364882091,  0.436710658546067,  0.43195019264051
				,  0.439447084826978,  0.481855892479408,  0.444964675973616
				,  0.490002650078773,  0.4323275584268,  0.473526477939599
				,  0.447560453026136,  0.477467684719043,  0.476427822791952
				,  0.472129214633613,  0.466254220178842,  0.460675186431182
				,  0.483477715771585,  0.448182204102291,  0.425338426528862
				,  0.427899494049625,  0.457467971231724,  0.454479181292464
				,  0.462553745201312,  0.435878808666687,  0.465306537836775
				,  0.438397740407996,  0.466346472471745,  0.46624264295049
				,  0.482832145461573,  0.499705747702236,  0.425702513474689
				,  0.447719179754067,  0.462316448572856,  0.452151061438188
				,  0.479935425323289,  0.416910708023556,  0.473466322600113
				,  0.466741865137129,  0.478621991606409,  0.456122928693271
				,  0.447385179883083,  0.452256769549862,  0.49523799699772
				,  0.428687331889287,  0.415327435322309,  0.439959318903864
				,  0.442930279805871,  0.452341815740037,  0.448516670313076
				,  0.443022276847347,  0.456016199294133,  0.522524846076312
				,  0.455074054807177,  0.43719683592298,  0.431738188922275
				,  0.47173609761647,  1,  0.477452593752287
				,  0.764897515677839,  0.790928411543089,  0.831041609294127
				,  0.814626963121561,  0.842948580508666,  0.881309304470714
				,  0.866593217707718,  0.806733110139501,  0.848392413481983
				,  0.791586466575197,  0.855916517223067,  0.812967680244838
				,  0.806387684582153,  0.811837799361229,  0.819550757753086
				,  0.827082990711653,  0.844646456167122,  0.819084377300316
				,  0.787011487322944,  0.821631831902535,  0.890146014394419
				,  0.877316479656419,  0.813434036125907,  0.792409370470805
				,  0.824397619096393,  0.864215096034176,  0.821279484363508
				,  0.881077527865936,  0.845499457421092,  0.798838663842837
				,  0.775060601976445,  0.761448250802198,  0.901613897050454
				,  0.863244205145368,  0.833026734081437,  0.821043301660101
				,  0.768793665295844,  0.898687305745784,  0.789790788025352
				,  0.814575708627725,  0.834655948271243,  0.813689724885559
				,  0.87009586354546,  0.850781831228578,  0.761493541061753
				,  0.858528115659343,  0.886691686736663,  0.875671579060872
				,  0.873057344277654,  0.861889419858422,  0.819052909624844
				,  0.863543106416341,  0.81255672629398,  0.746469510300586
				,  0.828510699652511,  0.888461868388511,  0.817057512521072
				,  0.820145334460404,  1,  0.785376734600756
				))
			, nrow = 60, ncol = 3
			, dimnames = list(
				as.character(c( "1", "2", "3", "4", "5", "6", "7", "8", "9", "10"
				  , "11", "12", "13", "14", "15", "16", "17", "18", "19", "20"
				  , "21", "22", "23", "24", "25", "26", "27", "28", "29", "30"
				  , "31", "32", "33", "34", "35", "36", "37", "38", "39", "40"
				  , "41", "42", "43", "44", "45", "46", "47", "48", "49", "50"
				  , "51", "52", "53", "54", "55", "56", "57", "58", "59", "60"))
				, as.character(c("nVmax_shrinkage", "nKm_shrinkage", "nV_shrinkage"))
				)
			))
		, "sigma" = matrix(
			as.numeric(c(0.25))
			, nrow = 1, ncol = 1
			, dimnames = list(
				as.character(c("CEps"))
				, as.character(c("CEps"))
				)
			)
		, "method" = "FOCE-ELS"
		, "varFix" = matrix(
			as.numeric(c(1.14980744647503, 0.0419911997668252, -6956.80374542618, 3657.52130126188, -7.45434939142543, 0.222076081201133, -1.34052700157368, -2.97184015313993, -0.00154642115121982, -0.00232324805925091, -0.567138215641743, 0.312965071644756, 0.0419911997668252, 0.0401892140758571, -736.371992762703, 624.069023749939, -13.1080351709221, -0.171024222632955, 0.0769618245718103, -0.128182504238899, 0.00693528240577274, -0.000480317239215096, -0.0477147428226163, 0.08398296621274, -6956.80374542618, -736.371992762703, 354165003.347266, 94123542.310726, -286965.393695739, -6293.33549325617, -13586.4927300482, -37043.9383097916, -264.911195268238, 12.2097948980399, 3405.37638336275, -1258.22947056608, 3657.52130126188, 624.069023749939, 94123542.310726, 247273269.738042, -2864988.97261823, -10474.0523696019, 7270.23963779762, -10769.788740501, -817.243974874778, -115.855865677953, -7373.67638688808, -969.339089340301, -7.45434939142543, -13.1080351709221, -286965.393695739, -2864988.97261823, 87487.9175131977, 961.921901444335, -959.658829935503, -346.038172431015, -40.4705779845538, 2.28780962168382, 105.468400458224, -232.248848613173, 0.222076081201133, -0.171024222632955, -6293.33549325617, -10474.0523696019, 961.921901444335, 17.7953098186602, -12.7725945144063, 0.170780851506243, -0.989413303974154, 0.0153937983562548, 0.508513595867383, -5.98861754246907, -1.34052700157368, 0.0769618245718103, -13586.4927300482, 7270.23963779762, -959.658829935503, -12.7725945144063, 26.2484483635745, 42.8935633823448, 0.751217087625565, -0.0201526466683264, -0.310588177382814, -5.13766783976107, -2.97184015313993, -0.128182504238899, -37043.9383097916, -10769.788740501, -346.038172431015, 0.170780851506243, 42.8935633823448, 115.205912176787, 0.128963284425813, -0.0118723017260774, 0.586436794894005, -25.9233337544627, -0.00154642115121982, 0.00693528240577274, -264.911195268238, -817.243974874778, -40.4705779845538, -0.989413303974154, 0.751217087625565, 0.128963284425813, 0.0665632234041515, -0.000262492184528174, -0.000390767025548372, 0.306349098092364, -0.00232324805925091, -0.000480317239215096, 12.2097948980399, -115.855865677953, 2.28780962168382, 0.0153937983562548, -0.0201526466683264, -0.0118723017260774, -0.000262492184528174, 7.84800160575937e-005, 0.00467981706718533, -0.00161836460230114, -0.567138215641743, -0.0477147428226163, 3405.37638336275, -7373.67638688808, 105.468400458224, 0.508513595867383, -0.310588177382814, 0.586436794894005, -0.000390767025548372, 0.00467981706718533, 0.458763582744833, -0.14122492596319, 0.312965071644756, 0.08398296621274, -1258.22947056608, -969.339089340301, -232.248848613173, -5.98861754246907, -5.13766783976107, -25.9233337544627, 0.306349098092364, -0.00161836460230114, -0.14122492596319, 8.81892946023694))
			, nrow = 12, ncol = 12
			, dimnames = list(
				as.character(c("GAMMA", "CMultStdev", "tvVmax", "tvKm", "tvV", "tvKa", "K12", "K21", "K13", "K31", "dVdWT", "CEps"))
				, as.character(c("GAMMA", "CMultStdev", "tvVmax", "tvKm", "tvV", "tvKa", "K12", "K21", "K13", "K31", "dVdWT", "CEps"))
				)
			)
		, "omegaSE" = matrix(
			as.numeric(c(1.70828520039565, 0, 0, 0, 0.302741657030742, 0, 0, 0, 0.472468779240105))
			, nrow = 3, ncol = 3, byrow = TRUE
			, dimnames = list(
				as.character(c("nVmax", "nKm", "nV"))
				, as.character(c("nVmax", "nKm", "nV"))
				)
			)
		, "Covariance" = matrix(
			as.numeric(c(1.1498074, 0.0419912, -6956.8037, 3657.5213, -7.4543494, 0.22207608, -1.340527, -2.9718402, -0.0015464212, -0.0023232481, -0.56713822, 0.31296507, 0.34248023,         0, -0.23251353,         0,         0, 0.2963801, 0.0419912, 0.040189214, -736.37199, 624.06902, -13.108035, -0.17102422, 0.076961825, -0.1281825, 0.0069352824, -0.00048031724, -0.047714743, 0.083982966, 0.041025049,         0, -0.021743206,         0,         0, 0.022993011, -6956.8037, -736.37199, 3.54165e+008,  94123542, -286965.39, -6293.3355, -13586.493, -37043.938, -264.9112, 12.209795, 3405.3764, -1258.2295, 8309.5711,         0, 975.44918,         0,         0, -3995.8936, 3657.5213, 624.06902,  94123542, 2.4727327e+008,  -2864989, -10474.052, 7270.2396, -10769.789, -817.24397, -115.85587, -7373.6764, -969.33909, 18481.356,         0, -3640.7328,         0,         0, -394.20247, -7.4543494, -13.108035, -286965.39,  -2864989, 87487.918,  961.9219, -959.65883, -346.03817, -40.470578, 2.2878096,  105.4684, -232.24885, -417.88971,         0, 53.983761,         0,         0,  46.22346, 0.22207608, -0.17102422, -6293.3355, -10474.052,  961.9219,  17.79531, -12.772595, 0.17078085, -0.9894133, 0.015393798, 0.5085136, -5.9886175, -3.3160954,         0, 0.30457799,         0,         0, 0.51848637, -1.340527, 0.076961825, -13586.493, 7270.2396, -959.65883, -12.772595, 26.248448, 42.893563, 0.75121709, -0.020152647, -0.31058818, -5.1376678, 3.3221187,         0, -0.22102822,         0,         0, -0.59085318, -2.9718402, -0.1281825, -37043.938, -10769.789, -346.03817, 0.17078085, 42.893563, 115.20591, 0.12896328, -0.011872302, 0.58643679, -25.923334, -0.35327914,         0, 0.19776556,         0,         0, 0.08637212, -0.0015464212, 0.0069352824, -264.9112, -817.24397, -40.470578, -0.9894133, 0.75121709, 0.12896328, 0.066563223, -0.00026249218, -0.00039076703, 0.3063491, 0.1237578,         0, -0.0022384818,         0,         0, -0.030470653, -0.0023232481, -0.00048031724, 12.209795, -115.85587, 2.2878096, 0.015393798, -0.020152647, -0.011872302, -0.00026249218, 7.8480016e-005, 0.0046798171, -0.0016183646, -0.012235292,         0, 0.0022394992,         0,         0, 0.00036376903, -0.56713822, -0.047714743, 3405.3764, -7373.6764,  105.4684, 0.5085136, -0.31058818, 0.58643679, -0.00039076703, 0.0046798171, 0.45876358, -0.14122493, -0.66861313,         0, 0.20303353,         0,         0, -0.12395938, 0.31296507, 0.083982966, -1258.2295, -969.33909, -232.24885, -5.9886175, -5.1376678, -25.923334, 0.3063491, -0.0016183646, -0.14122493, 8.8189295, 0.51882668,         0, -0.058915612,         0,         0, -0.12174901, 0.34248023, 0.041025049, 8309.5711, 18481.356, -417.88971, -3.3160954, 3.3221187, -0.35327914, 0.1237578, -0.012235292, -0.66861313, 0.51882668, 2.9182383,         0, -0.33667506,         0,         0, -0.38974221,         0,         0,         0,         0,         0,         0,         0,         0,         0,         0,         0,         0,         0,         0,         0,         0,         0,         0, -0.23251353, -0.021743206, 975.44918, -3640.7328, 53.983761, 0.30457799, -0.22102822, 0.19776556, -0.0022384818, 0.0022394992, 0.20303353, -0.058915612, -0.33667506,         0, 0.091652511,         0,         0, -0.044266569,         0,         0,         0,         0,         0,         0,         0,         0,         0,         0,         0,         0,         0,         0,         0,         0,         0,         0,         0,         0,         0,         0,         0,         0,         0,         0,         0,         0,         0,         0,         0,         0,         0,         0,         0,         0, 0.2963801, 0.022993011, -3995.8936, -394.20247,  46.22346, 0.51848637, -0.59085318, 0.08637212, -0.030470653, 0.00036376903, -0.12395938, -0.12174901, -0.38974221,         0, -0.044266569,         0,         0, 0.22322675))
			, nrow = 18, ncol = 18
			, dimnames = list(
				as.character(c("GAMMA", "CMultStdev", "tvVmax", "tvKm", "tvV", "tvKa", "K12", "K21", "K13", "K31", "dVdWT", "stdev0", "nVmax-nVmax", "nKm-nVmax", "nKm-nKm", "nV-nVmax", "nV-nKm", "nV-nV"))
				, as.character(c("GAMMA", "CMultStdev", "tvVmax", "tvKm", "tvV", "tvKa", "K12", "K21", "K13", "K31", "dVdWT", "stdev0", "nVmax-nVmax", "nKm-nVmax", "nKm-nKm", "nV-nVmax", "nV-nKm", "nV-nV"))
				)
			)
		, "Correlation" = matrix(
			as.numeric(c(1.0722907, 0.1953399, -0.34474214, 0.21691307, -0.023502992, 0.049094908, -0.244012, -0.25821145, -0.0055898229, -0.24457017, -0.78087566, 0.098282315, 0.18696597,         0, -0.71624811,         0,         0, 0.58501011, 0.1953399, 0.20047248, -0.19518196, 0.1979654, -0.22105931, -0.2022321, 0.074932251, -0.059571236, 0.13408871, -0.27045429, -0.3514013,  0.141068, 0.1197937,         0, -0.35825861,         0,         0, 0.24275488, -0.34474214, -0.19518196, 18819.272, 0.31805839, -0.051552848, -0.079272998, -0.14091354, -0.18339055, -0.054560748, 0.073236234, 0.26715778, -0.022513815, 0.25847313,         0, 0.1712102,         0,         0, -0.44940508, 0.21691307, 0.1979654, 0.31805839, 15724.925, -0.61597109, -0.15789682, 0.090241919, -0.063808894, -0.20144012, -0.83166782, -0.69231066, -0.020757699, 0.68799434,         0, -0.76476506,         0,         0, -0.053058827, -0.023502992, -0.22105931, -0.051552848, -0.61597109, 295.78357, 0.77092654, -0.63327305, -0.10899651, -0.53033244, 0.87310465, 0.52644603, -0.26440618, -0.82704141,         0, 0.60286062,         0,         0, 0.33076176, 0.049094908, -0.2022321, -0.079272998, -0.15789682, 0.77092654, 4.2184487, -0.59098238, 0.0037718031, -0.90909192, 0.41192057, 0.17797349, -0.47804179, -0.46016529,         0, 0.23849185,         0,         0, 0.26014259, -0.244012, 0.074932251, -0.14091354, 0.090241919, -0.63327305, -0.59098238,  5.123324, 0.78001495, 0.56832462, -0.44401816, -0.089503215, -0.33768072, 0.37957968,         0, -0.14250291,         0,         0, -0.24409262, -0.25821145, -0.059571236, -0.18339055, -0.063808894, -0.10899651, 0.0037718031, 0.78001495, 10.733402, 0.046570567, -0.12485847, 0.080665784, -0.81329019, -0.019267272,         0, 0.060861282,         0,         0, 0.017031899, -0.0055898229, 0.13408871, -0.054560748, -0.20144012, -0.53033244, -0.90909192, 0.56832462, 0.046570567, 0.25799849, -0.114847, -0.0022361775, 0.39984484, 0.28079865,         0, -0.02865921,         0,         0, -0.24997206, -0.24457017, -0.27045429, 0.073236234, -0.83166782, 0.87310465, 0.41192057, -0.44401816, -0.12485847, -0.114847, 0.0088588947, 0.77992864, -0.061516114, -0.80848959,         0, 0.83502443,         0,         0, 0.086910663, -0.78087566, -0.3514013, 0.26715778, -0.69231066, 0.52644603, 0.17797349, -0.089503215, 0.080665784, -0.0022361775, 0.77992864, 0.67732089, -0.070211613, -0.57785657,         0, 0.99015027,         0,         0, -0.38735736, 0.098282315,  0.141068, -0.022513815, -0.020757699, -0.26440618, -0.47804179, -0.33768072, -0.81329019, 0.39984484, -0.061516114, -0.070211613, 2.9696682, 0.10227135,         0, -0.065531526,         0,         0, -0.086772959, 0.18696597, 0.1197937, 0.25847313, 0.68799434, -0.82704141, -0.46016529, 0.37957968, -0.019267272, 0.28079865, -0.80848959, -0.57785657, 0.10227135, 1.7082852,         0, -0.6509961,         0,         0, -0.48288526,         0,         0,         0,         0,         0,         0,         0,         0,         0,         0,         0,         0,         0,         0,         0,         0,         0,         0, -0.71624811, -0.35825861, 0.1712102, -0.76476506, 0.60286062, 0.23849185, -0.14250291, 0.060861282, -0.02865921, 0.83502443, 0.99015027, -0.065531526, -0.6509961,         0, 0.30274166,         0,         0, -0.30947856,         0,         0,         0,         0,         0,         0,         0,         0,         0,         0,         0,         0,         0,         0,         0,         0,         0,         0,         0,         0,         0,         0,         0,         0,         0,         0,         0,         0,         0,         0,         0,         0,         0,         0,         0,         0, 0.58501011, 0.24275488, -0.44940508, -0.053058827, 0.33076176, 0.26014259, -0.24409262, 0.017031899, -0.24997206, 0.086910663, -0.38735736, -0.086772959, -0.48288526,         0, -0.30947856,         0,         0, 0.47246878))
			, nrow = 18, ncol = 18
			, dimnames = list(
				as.character(c("GAMMA", "CMultStdev", "tvVmax", "tvKm", "tvV", "tvKa", "K12", "K21", "K13", "K31", "dVdWT", "stdev0", "nVmax-nVmax", "nKm-nVmax", "nKm-nKm", "nV-nVmax", "nV-nKm", "nV-nV"))
				, as.character(c("GAMMA", "CMultStdev", "tvVmax", "tvKm", "tvV", "tvKa", "K12", "K21", "K13", "K31", "dVdWT", "stdev0", "nVmax-nVmax", "nKm-nVmax", "nKm-nKm", "nV-nVmax", "nV-nKm", "nV-nV"))
				)
			)
		, "Inverse" = matrix(
			as.numeric(c(188253.49, 73029.072, -9.7916644, 9434.1415, 753985.79,  31443358,  18780471,  12605132, 3.7784079e+008, 7.5049379e+008,  34298964,  75460971,  60866638,         0,  61255597,         0,         0,  60871941,  73029.04,  56542.78, -4.0715749, 2727.4531, 217253.77, 9087455.8, 5343413.3, 3670291.5, 1.0970841e+008, 2.1307798e+008, 9910586.7,  21805481,  17597338,         0,  18067210,         0,         0,  17601179, -9.7916641, -4.0715765, 0.00051233622, -0.48202263, -38.51665, -1606.5212, -958.71904, -644.29467, -19309.804, -38308.478, -1752.3959, -3855.4595, -3109.8904,         0, -3133.1874,         0,         0, -3110.177, 9434.1425, 2727.4551, -0.4820227,  504.2148, 40321.386, 1680616.1, 1006579.1,  672831.5,  20178424,  40240253, 1833303.7, 4033427.8, 3253043.5,         0,   3261931,         0,         0, 3253236.2, 753985.87, 217253.94, -38.516656, 40321.386, 3224465.2, 1.3439671e+008,  80496876,  53804807, 1.6136303e+009, 3.2180536e+009, 1.4660698e+008, 3.2254811e+008, 2.6014155e+008,         0, 2.6084362e+008,         0,         0, 2.601569e+008,  31443361, 9087462.6, -1606.5215, 1680616.1, 1.3439671e+008, 5.6017212e+009, 3.3550727e+009, 2.2426359e+009, 6.7257371e+010, 1.3412659e+011, 6.1106496e+009, 1.3443961e+010, 1.0842834e+010,         0, 1.0872421e+010,         0,         0, 1.0843476e+010,  18780473, 5343417.3, -958.71918, 1006579.1,  80496876, 3.3550727e+009, 2.0097112e+009, 1.3431188e+009, 4.0281434e+010, 8.0343981e+010, 3.6598945e+009, 8.052083e+009, 6.4941467e+009,         0, 6.5108651e+009,         0,         0, 6.494525e+009,  12605133, 3670294.2, -644.29476,  672831.5,  53804807, 2.2426359e+009, 1.3431187e+009, 8.9785878e+008, 2.6926792e+010, 5.3693793e+010, 2.4463821e+009, 5.382255e+009, 4.3409086e+009,         0, 4.3530782e+009,         0,         0, 4.3411676e+009, 3.7784083e+008, 1.0970849e+008, -19309.807,  20178424, 1.6136302e+009, 6.7257371e+010, 4.0281434e+010, 2.6926792e+010, 8.0753792e+011, 1.6103334e+012, 7.336781e+010, 1.614156e+011, 1.3018518e+011,         0, 1.3054647e+011,         0,         0, 1.3019293e+011, 7.5049388e+008, 2.1307814e+008, -38308.484,  40240253, 3.2180536e+009, 1.3412659e+011, 8.0343981e+010, 5.3693793e+010, 1.6103335e+012, 3.2119946e+012, 1.4631254e+011, 3.2190021e+011, 2.5961804e+011,         0, 2.6028091e+011,         0,         0, 2.5963311e+011,  34298967, 9910594.1, -1752.3962, 1833303.7, 1.4660698e+008, 6.1106496e+009, 3.6598944e+009, 2.4463821e+009, 7.3367811e+010, 1.4631254e+011, 6.6658163e+009, 1.4665374e+010, 1.1827928e+010,         0, 1.1860178e+010,         0,         0, 1.1828629e+010,  75460980,  21805497, -3855.4601, 4033427.8, 3.2254811e+008, 1.3443961e+010, 8.052083e+009, 5.382255e+009, 1.614156e+011, 3.2190021e+011, 1.4665374e+010, 3.2265101e+010, 2.6022473e+010,         0, 2.609344e+010,         0,         0, 2.6024013e+010,  60866645,  17597351, -3109.8909, 3253043.5, 2.6014155e+008, 1.0842834e+010, 6.4941467e+009, 4.3409086e+009, 1.3018518e+011, 2.5961804e+011, 1.1827928e+010, 2.6022473e+010, 2.0987667e+010,         0, 2.1045013e+010,         0,         0, 2.098891e+010,         0,         0,         0,         0,         0,         0,         0,         0,         0,         0,         0,         0,         0,         0,         0,         0,         0,         0,  61255603,  18067223, -3133.1878,   3261931, 2.6084362e+008, 1.0872421e+010, 6.5108651e+009, 4.3530782e+009, 1.3054647e+011, 2.6028091e+011, 1.1860178e+010, 2.609344e+010, 2.1045013e+010,         0, 2.1106782e+010,         0,         0, 2.1046289e+010,         0,         0,         0,         0,         0,         0,         0,         0,         0,         0,         0,         0,         0,         0,         0,         0,         0,         0,         0,         0,         0,         0,         0,         0,         0,         0,         0,         0,         0,         0,         0,         0,         0,         0,         0,         0,  60871948,  17601192, -3110.1775, 3253236.2, 2.601569e+008, 1.0843476e+010, 6.494525e+009, 4.3411677e+009, 1.3019293e+011, 2.5963311e+011, 1.1828629e+010, 2.6024013e+010, 2.098891e+010,         0, 2.1046289e+010,         0,         0, 2.0990154e+010))
			, nrow = 18, ncol = 18
			, dimnames = list(
				as.character(c("GAMMA", "CMultStdev", "tvVmax", "tvKm", "tvV", "tvKa", "K12", "K21", "K13", "K31", "dVdWT", "stdev0", "nVmax-nVmax", "nKm-nVmax", "nKm-nKm", "nV-nVmax", "nV-nKm", "nV-nV"))
				, as.character(c("GAMMA", "CMultStdev", "tvVmax", "tvKm", "tvV", "tvKa", "K12", "K21", "K13", "K31", "dVdWT", "stdev0", "nVmax-nVmax", "nKm-nVmax", "nKm-nKm", "nV-nVmax", "nV-nKm", "nV-nV"))
				)
			)
		, "LLTable" = data.frame(
			id = as.character(c( "1", "2", "3", "4", "5", "6", "7", "8", "9", "10", "11", "12", "13", "14", "15", "16", "17", "18", "19", "20", "21", "22", "23", "24", "25", "26", "27", "28", "29", "30", "31", "32", "33", "34", "35", "36", "37", "38", "39", "40", "41", "42", "43", "44", "45", "46", "47", "48", "49", "50", "51", "52", "53", "54", "55", "56", "57", "58", "59", "60"))
			, "LL" = c(-147.88279, -219.87991, -174.90581, -189.4007, -144.67018, -148.64689, -150.02472, -208.64808, -162.2665, -193.70474, -191.91748, -184.73594, -214.6483, -207.02246, -193.20825, -204.55042, -185.84119, -186.18297, -195.79585, -165.49287, -160.69309, -139.35148, -175.09561, -264.56009, -199.52933, -151.97197, -168.25017, -160.98434, -177.51626, -180.16895, -211.07704, -214.21124, -153.04348, -167.84134, -154.66296, -154.7957, -184.26059, -162.42575, -174.56357, -198.39817, -179.45853, -164.82147, -169.26415, -167.17655, -228.62521, -138.16115, -175.48264, -175.33061, -165.38058, -171.18666, -146.95301, -145.88352, -160.98044, -208.03817, -184.08674, -164.55182, -221.94258, -158.9271, -333.53971, -201.77986)
			) # end of LLTable
		, "residuals" = data.frame(
			  ID1 = as.character(c(  "",   "",   "",   "",   "",   "",   "",   "",   "",   "",   "",   "",   "",   "",   "",   "",   "",   "",   "",   "",   "",   "",   "",   "",   "",   "",   "",   "",   "",   "",   "",   "",   "",   "",   "",   "",   "",   "",   "",   "",   "",   "",   "",   "",   "",   "",   "",   "",   "",   "",   "",   "",   "",   "",   "",   "",   "",   "",   "",   "",   "",   "",   "",   "",   "",   "",   "",   "",   "",   "",   "",   "",   "",   "",   "",   "",   "",   "",   "",   "",   "",   "",   "",   "",   "",   "",   "",   "",   "",   "",   "",   "",   "",   "",   "",   "",   "",   "",   "",   "",   "",   "",   "",   "",   "",   "",   "",   "",   "",   "",   "",   "",   "",   "",   "",   "",   "",   "",   "",   "",   "",   "",   "",   "",   "",   "",   "",   "",   "",   "",   "",   "",   "",   "",   "",   "",   "",   "",   "",   "",   "",   "",   "",   "",   "",   "",   "",   "",   "",   "",   "",   "",   "",   "",   "",   "",   "",   "",   "",   "",   "",   "",   "",   "",   "",   "",   "",   "",   "",   "",   "",   "",   "",   "",   "",   "",   "",   "",   "",   "",   "",   "",   "",   "",   "",   "",   "",   "",   "",   "",   "",   "",   "",   "",   "",   "",   "",   "",   "",   "",   "",   "",   "",   "",   "",   "",   "",   "",   "",   "",   "",   "",   "",   "",   "",   "",   "",   "",   "",   "",   "",   "",   "",   "",   "",   "",   "",   "",   "",   "",   "",   "",   "",   "",   "",   "",   "",   "",   "",   "",   "",   "",   "",   "",   "",   "",   "",   "",   "",   "",   "",   "",   "",   "",   "",   "",   "",   "",   "",   "",   "",   "",   "",   "",   "",   "",   "",   "",   "",   "",   "",   "",   "",   "",   "",   "",   "",   "",   "",   "",   "",   "",   "",   "",   "",   "",   "",   "",   "",   "",   "",   "",   "",   "",   "",   "",   "",   "",   "",   "",   "",   "",   "",   "",   "",   "",   "",   "",   "",   "",   "",   "",   "",   "",   "",   "",   "",   "",   "",   "",   "",   "",   "",   "",   "",   "",   "",   "",   "",   "",   "",   "",   "",   "",   "",   "",   "",   "",   "",   "",   "",   "",   "",   "",   "",   "",   "",   "",   "",   "",   "",   "",   "",   "",   "",   "",   "",   "",   "",   "",   "",   "",   "",   "",   "",   "",   "",   "",   "",   "",   "",   "",   "",   "",   "",   "",   "",   "",   "",   "",   "",   "",   "",   "",   "",   "",   "",   "",   "",   "",   "",   "",   "",   "",   "",   "",   "",   "",   "",   "",   "",   "",   "",   "",   "",   "",   "",   "",   "",   "",   "",   "",   "",   "",   "",   "",   "",   "",   "",   "",   "",   "",   "",   "",   "",   "",   "",   "",   "",   "",   "",   "",   "",   "",   "",   "",   "",   "",   "",   "",   "",   "",   "",   "",   "",   "",   "",   "",   "",   "",   "",   "",   "",   "",   "",   "",   "",   "",   "",   "",   "",   "",   "",   "",   "",   "",   "",   "",   "",   "",   "",   "",   "",   "",   "",   "",   "",   "",   "",   ""))
			, ID2 = as.character(c(  "",   "",   "",   "",   "",   "",   "",   "",   "",   "",   "",   "",   "",   "",   "",   "",   "",   "",   "",   "",   "",   "",   "",   "",   "",   "",   "",   "",   "",   "",   "",   "",   "",   "",   "",   "",   "",   "",   "",   "",   "",   "",   "",   "",   "",   "",   "",   "",   "",   "",   "",   "",   "",   "",   "",   "",   "",   "",   "",   "",   "",   "",   "",   "",   "",   "",   "",   "",   "",   "",   "",   "",   "",   "",   "",   "",   "",   "",   "",   "",   "",   "",   "",   "",   "",   "",   "",   "",   "",   "",   "",   "",   "",   "",   "",   "",   "",   "",   "",   "",   "",   "",   "",   "",   "",   "",   "",   "",   "",   "",   "",   "",   "",   "",   "",   "",   "",   "",   "",   "",   "",   "",   "",   "",   "",   "",   "",   "",   "",   "",   "",   "",   "",   "",   "",   "",   "",   "",   "",   "",   "",   "",   "",   "",   "",   "",   "",   "",   "",   "",   "",   "",   "",   "",   "",   "",   "",   "",   "",   "",   "",   "",   "",   "",   "",   "",   "",   "",   "",   "",   "",   "",   "",   "",   "",   "",   "",   "",   "",   "",   "",   "",   "",   "",   "",   "",   "",   "",   "",   "",   "",   "",   "",   "",   "",   "",   "",   "",   "",   "",   "",   "",   "",   "",   "",   "",   "",   "",   "",   "",   "",   "",   "",   "",   "",   "",   "",   "",   "",   "",   "",   "",   "",   "",   "",   "",   "",   "",   "",   "",   "",   "",   "",   "",   "",   "",   "",   "",   "",   "",   "",   "",   "",   "",   "",   "",   "",   "",   "",   "",   "",   "",   "",   "",   "",   "",   "",   "",   "",   "",   "",   "",   "",   "",   "",   "",   "",   "",   "",   "",   "",   "",   "",   "",   "",   "",   "",   "",   "",   "",   "",   "",   "",   "",   "",   "",   "",   "",   "",   "",   "",   "",   "",   "",   "",   "",   "",   "",   "",   "",   "",   "",   "",   "",   "",   "",   "",   "",   "",   "",   "",   "",   "",   "",   "",   "",   "",   "",   "",   "",   "",   "",   "",   "",   "",   "",   "",   "",   "",   "",   "",   "",   "",   "",   "",   "",   "",   "",   "",   "",   "",   "",   "",   "",   "",   "",   "",   "",   "",   "",   "",   "",   "",   "",   "",   "",   "",   "",   "",   "",   "",   "",   "",   "",   "",   "",   "",   "",   "",   "",   "",   "",   "",   "",   "",   "",   "",   "",   "",   "",   "",   "",   "",   "",   "",   "",   "",   "",   "",   "",   "",   "",   "",   "",   "",   "",   "",   "",   "",   "",   "",   "",   "",   "",   "",   "",   "",   "",   "",   "",   "",   "",   "",   "",   "",   "",   "",   "",   "",   "",   "",   "",   "",   "",   "",   "",   "",   "",   "",   "",   "",   "",   "",   "",   "",   "",   "",   "",   "",   "",   "",   "",   "",   "",   "",   "",   "",   "",   "",   "",   "",   "",   "",   "",   "",   "",   "",   "",   "",   "",   "",   "",   "",   "",   "",   "",   "",   "",   "",   "",   "",   "",   "",   "",   "",   "",   "",   "",   "",   ""))
			, ID3 = as.character(c(  "",   "",   "",   "",   "",   "",   "",   "",   "",   "",   "",   "",   "",   "",   "",   "",   "",   "",   "",   "",   "",   "",   "",   "",   "",   "",   "",   "",   "",   "",   "",   "",   "",   "",   "",   "",   "",   "",   "",   "",   "",   "",   "",   "",   "",   "",   "",   "",   "",   "",   "",   "",   "",   "",   "",   "",   "",   "",   "",   "",   "",   "",   "",   "",   "",   "",   "",   "",   "",   "",   "",   "",   "",   "",   "",   "",   "",   "",   "",   "",   "",   "",   "",   "",   "",   "",   "",   "",   "",   "",   "",   "",   "",   "",   "",   "",   "",   "",   "",   "",   "",   "",   "",   "",   "",   "",   "",   "",   "",   "",   "",   "",   "",   "",   "",   "",   "",   "",   "",   "",   "",   "",   "",   "",   "",   "",   "",   "",   "",   "",   "",   "",   "",   "",   "",   "",   "",   "",   "",   "",   "",   "",   "",   "",   "",   "",   "",   "",   "",   "",   "",   "",   "",   "",   "",   "",   "",   "",   "",   "",   "",   "",   "",   "",   "",   "",   "",   "",   "",   "",   "",   "",   "",   "",   "",   "",   "",   "",   "",   "",   "",   "",   "",   "",   "",   "",   "",   "",   "",   "",   "",   "",   "",   "",   "",   "",   "",   "",   "",   "",   "",   "",   "",   "",   "",   "",   "",   "",   "",   "",   "",   "",   "",   "",   "",   "",   "",   "",   "",   "",   "",   "",   "",   "",   "",   "",   "",   "",   "",   "",   "",   "",   "",   "",   "",   "",   "",   "",   "",   "",   "",   "",   "",   "",   "",   "",   "",   "",   "",   "",   "",   "",   "",   "",   "",   "",   "",   "",   "",   "",   "",   "",   "",   "",   "",   "",   "",   "",   "",   "",   "",   "",   "",   "",   "",   "",   "",   "",   "",   "",   "",   "",   "",   "",   "",   "",   "",   "",   "",   "",   "",   "",   "",   "",   "",   "",   "",   "",   "",   "",   "",   "",   "",   "",   "",   "",   "",   "",   "",   "",   "",   "",   "",   "",   "",   "",   "",   "",   "",   "",   "",   "",   "",   "",   "",   "",   "",   "",   "",   "",   "",   "",   "",   "",   "",   "",   "",   "",   "",   "",   "",   "",   "",   "",   "",   "",   "",   "",   "",   "",   "",   "",   "",   "",   "",   "",   "",   "",   "",   "",   "",   "",   "",   "",   "",   "",   "",   "",   "",   "",   "",   "",   "",   "",   "",   "",   "",   "",   "",   "",   "",   "",   "",   "",   "",   "",   "",   "",   "",   "",   "",   "",   "",   "",   "",   "",   "",   "",   "",   "",   "",   "",   "",   "",   "",   "",   "",   "",   "",   "",   "",   "",   "",   "",   "",   "",   "",   "",   "",   "",   "",   "",   "",   "",   "",   "",   "",   "",   "",   "",   "",   "",   "",   "",   "",   "",   "",   "",   "",   "",   "",   "",   "",   "",   "",   "",   "",   "",   "",   "",   "",   "",   "",   "",   "",   "",   "",   "",   "",   "",   "",   "",   "",   "",   "",   "",   "",   "",   "",   "",   "",   "",   "",   "",   "",   "",   "",   "",   "",   ""))
			, ID4 = as.character(c(  "",   "",   "",   "",   "",   "",   "",   "",   "",   "",   "",   "",   "",   "",   "",   "",   "",   "",   "",   "",   "",   "",   "",   "",   "",   "",   "",   "",   "",   "",   "",   "",   "",   "",   "",   "",   "",   "",   "",   "",   "",   "",   "",   "",   "",   "",   "",   "",   "",   "",   "",   "",   "",   "",   "",   "",   "",   "",   "",   "",   "",   "",   "",   "",   "",   "",   "",   "",   "",   "",   "",   "",   "",   "",   "",   "",   "",   "",   "",   "",   "",   "",   "",   "",   "",   "",   "",   "",   "",   "",   "",   "",   "",   "",   "",   "",   "",   "",   "",   "",   "",   "",   "",   "",   "",   "",   "",   "",   "",   "",   "",   "",   "",   "",   "",   "",   "",   "",   "",   "",   "",   "",   "",   "",   "",   "",   "",   "",   "",   "",   "",   "",   "",   "",   "",   "",   "",   "",   "",   "",   "",   "",   "",   "",   "",   "",   "",   "",   "",   "",   "",   "",   "",   "",   "",   "",   "",   "",   "",   "",   "",   "",   "",   "",   "",   "",   "",   "",   "",   "",   "",   "",   "",   "",   "",   "",   "",   "",   "",   "",   "",   "",   "",   "",   "",   "",   "",   "",   "",   "",   "",   "",   "",   "",   "",   "",   "",   "",   "",   "",   "",   "",   "",   "",   "",   "",   "",   "",   "",   "",   "",   "",   "",   "",   "",   "",   "",   "",   "",   "",   "",   "",   "",   "",   "",   "",   "",   "",   "",   "",   "",   "",   "",   "",   "",   "",   "",   "",   "",   "",   "",   "",   "",   "",   "",   "",   "",   "",   "",   "",   "",   "",   "",   "",   "",   "",   "",   "",   "",   "",   "",   "",   "",   "",   "",   "",   "",   "",   "",   "",   "",   "",   "",   "",   "",   "",   "",   "",   "",   "",   "",   "",   "",   "",   "",   "",   "",   "",   "",   "",   "",   "",   "",   "",   "",   "",   "",   "",   "",   "",   "",   "",   "",   "",   "",   "",   "",   "",   "",   "",   "",   "",   "",   "",   "",   "",   "",   "",   "",   "",   "",   "",   "",   "",   "",   "",   "",   "",   "",   "",   "",   "",   "",   "",   "",   "",   "",   "",   "",   "",   "",   "",   "",   "",   "",   "",   "",   "",   "",   "",   "",   "",   "",   "",   "",   "",   "",   "",   "",   "",   "",   "",   "",   "",   "",   "",   "",   "",   "",   "",   "",   "",   "",   "",   "",   "",   "",   "",   "",   "",   "",   "",   "",   "",   "",   "",   "",   "",   "",   "",   "",   "",   "",   "",   "",   "",   "",   "",   "",   "",   "",   "",   "",   "",   "",   "",   "",   "",   "",   "",   "",   "",   "",   "",   "",   "",   "",   "",   "",   "",   "",   "",   "",   "",   "",   "",   "",   "",   "",   "",   "",   "",   "",   "",   "",   "",   "",   "",   "",   "",   "",   "",   "",   "",   "",   "",   "",   "",   "",   "",   "",   "",   "",   "",   "",   "",   "",   "",   "",   "",   "",   "",   "",   "",   "",   "",   "",   "",   "",   "",   "",   "",   "",   "",   "",   "",   "",   "",   "",   ""))
