TABLE NO.     1: First Order Conditional Estimation with Interaction: Problem=1 Subproblem=0 Superproblem1=0 Iteration1=0 Superproblem2=0 Iteration2=0
 NAME         THETA1       THETA2       THETA3       THETA4       THETA5       THETA6       THETA7       THETA8       THETA9       SIGMA(1,1)   SIGMA(2,1)   SIGMA(2,2)   OMEGA(1,1)   OMEGA(2,1)   OMEGA(2,2)   OMEGA(3,1)   OMEGA(3,2)   OMEGA(3,3)
 THETA1        1.20406E+03  9.91123E-01 -7.08040E-01 -2.04688E-01 -6.62946E-01  8.22420E-01  9.60027E-01 -5.92117E-01 -8.31917E-01  0.00000E+00  0.00000E+00 -8.70644E-01 -8.70641E-01  0.00000E+00  8.68856E-01  0.00000E+00  0.00000E+00  6.61605E-02
 THETA2        9.91123E-01  4.73871E+02 -7.56139E-01 -1.62569E-01 -7.17446E-01  8.20838E-01  9.75646E-01 -6.51799E-01 -8.85210E-01  0.00000E+00  0.00000E+00 -9.15265E-01 -9.12983E-01  0.00000E+00  9.13796E-01  0.00000E+00  0.00000E+00  7.58647E-02
 THETA3       -7.08040E-01 -7.56139E-01  9.49518E+01 -1.29171E-02  9.83111E-01 -5.79721E-01 -7.65150E-01  5.59328E-01  8.51330E-01  0.00000E+00  0.00000E+00  8.73355E-01  8.60039E-01  0.00000E+00 -8.66703E-01  0.00000E+00  0.00000E+00  2.63992E-02
 THETA4       -2.04688E-01 -1.62569E-01 -1.29171E-02  2.72317E-01 -1.82783E-01 -6.42250E-01 -8.08814E-02  1.37269E-01 -3.06321E-03  0.00000E+00  0.00000E+00 -7.94384E-02 -8.61252E-02  0.00000E+00  8.08925E-02  0.00000E+00  0.00000E+00 -1.25238E-01
 THETA5       -6.62946E-01 -7.17446E-01  9.83111E-01 -1.82783E-01  3.52042E-01 -4.52781E-01 -7.37574E-01  5.25015E-01  8.34737E-01  0.00000E+00  0.00000E+00  8.74141E-01  8.62106E-01  0.00000E+00 -8.67641E-01  0.00000E+00  0.00000E+00  5.25899E-02
 THETA6        8.22420E-01  8.20838E-01 -5.79721E-01 -6.42250E-01 -4.52781E-01  1.49786E-01  7.76067E-01 -6.57659E-01 -7.31202E-01  0.00000E+00  0.00000E+00 -6.76154E-01 -6.71279E-01  0.00000E+00  6.76713E-01  0.00000E+00  0.00000E+00  1.53792E-01
 THETA7        9.60027E-01  9.75646E-01 -7.65150E-01 -8.08814E-02 -7.37574E-01  7.76067E-01  1.51338E-01 -6.05636E-01 -8.93049E-01  0.00000E+00  0.00000E+00 -9.14471E-01 -9.09758E-01  0.00000E+00  9.14047E-01  0.00000E+00  0.00000E+00  1.10574E-01
 THETA8       -5.92117E-01 -6.51799E-01  5.59328E-01  1.37269E-01  5.25015E-01 -6.57659E-01 -6.05636E-01  1.53553E-02  8.45014E-01  0.00000E+00  0.00000E+00  7.62445E-01  7.70965E-01  0.00000E+00 -7.67688E-01  0.00000E+00  0.00000E+00 -1.05185E-01
 THETA9       -8.31917E-01 -8.85210E-01  8.51330E-01 -3.06321E-03  8.34737E-01 -7.31202E-01 -8.93049E-01  8.45014E-01  3.94286E-02  0.00000E+00  0.00000E+00  9.77086E-01  9.75163E-01  0.00000E+00 -9.78232E-01  0.00000E+00  0.00000E+00 -7.93470E-02
 SIGMA(1,1)    0.00000E+00  0.00000E+00  0.00000E+00  0.00000E+00  0.00000E+00  0.00000E+00  0.00000E+00  0.00000E+00  0.00000E+00  0.00000E+00  0.00000E+00  0.00000E+00  0.00000E+00  0.00000E+00  0.00000E+00  0.00000E+00  0.00000E+00  0.00000E+00
 SIGMA(2,1)    0.00000E+00  0.00000E+00  0.00000E+00  0.00000E+00  0.00000E+00  0.00000E+00  0.00000E+00  0.00000E+00  0.00000E+00  0.00000E+00  0.00000E+00  0.00000E+00  0.00000E+00  0.00000E+00  0.00000E+00  0.00000E+00  0.00000E+00  0.00000E+00
 SIGMA(2,2)   -8.70644E-01 -9.15265E-01  8.73355E-01 -7.94384E-02  8.74141E-01 -6.76154E-01 -9.14471E-01  7.62445E-01  9.77086E-01  0.00000E+00  0.00000E+00  2.16685E-03  9.98577E-01  0.00000E+00 -9.99840E-01  0.00000E+00  0.00000E+00 -2.58206E-02
 OMEGA(1,1)   -8.70641E-01 -9.12983E-01  8.60039E-01 -8.61252E-02  8.62106E-01 -6.71279E-01 -9.09758E-01  7.70965E-01  9.75163E-01  0.00000E+00  0.00000E+00  9.98577E-01  9.12947E-01  0.00000E+00 -9.98846E-01  0.00000E+00  0.00000E+00 -2.12563E-02
 OMEGA(2,1)    0.00000E+00  0.00000E+00  0.00000E+00  0.00000E+00  0.00000E+00  0.00000E+00  0.00000E+00  0.00000E+00  0.00000E+00  0.00000E+00  0.00000E+00  0.00000E+00  0.00000E+00  0.00000E+00  0.00000E+00  0.00000E+00  0.00000E+00  0.00000E+00
 OMEGA(2,2)    8.68856E-01  9.13796E-01 -8.66703E-01  8.08925E-02 -8.67641E-01  6.76713E-01  9.14047E-01 -7.67688E-01 -9.78232E-01  0.00000E+00  0.00000E+00 -9.99840E-01 -9.98846E-01  0.00000E+00  3.14470E+00  0.00000E+00  0.00000E+00  2.89119E-02
 OMEGA(3,1)    0.00000E+00  0.00000E+00  0.00000E+00  0.00000E+00  0.00000E+00  0.00000E+00  0.00000E+00  0.00000E+00  0.00000E+00  0.00000E+00  0.00000E+00  0.00000E+00  0.00000E+00  0.00000E+00  0.00000E+00  0.00000E+00  0.00000E+00  0.00000E+00
 OMEGA(3,2)    0.00000E+00  0.00000E+00  0.00000E+00  0.00000E+00  0.00000E+00  0.00000E+00  0.00000E+00  0.00000E+00  0.00000E+00  0.00000E+00  0.00000E+00  0.00000E+00  0.00000E+00  0.00000E+00  0.00000E+00  0.00000E+00  0.00000E+00  0.00000E+00
 OMEGA(3,3)    6.61605E-02  7.58647E-02  2.63992E-02 -1.25238E-01  5.25899E-02  1.53792E-01  1.10574E-01 -1.05185E-01 -7.93470E-02  0.00000E+00  0.00000E+00 -2.58206E-02 -2.12563E-02  0.00000E+00  2.89119E-02  0.00000E+00  0.00000E+00  4.35153E-02
