TABLE NO.     1: First Order Conditional Estimation with Interaction: Problem=1 Subproblem=0 Superproblem1=0 Iteration1=0 Superproblem2=0 Iteration2=0
 NAME         THETA1       THETA2       THETA3       THETA4       THETA5       THETA6       THETA7       THETA8       THETA9       SIGMA(1,1)   SIGMA(2,1)   SIGMA(2,2)   OMEGA(1,1)   OMEGA(2,1)   OMEGA(2,2)   OMEGA(3,1)   OMEGA(3,2)   OMEGA(3,3)
 THETA1        8.59951E-05 -2.56466E-04 -2.20808E-05  2.23174E-02  6.10408E-03  2.62279E-02 -3.53028E-02  3.53786E-01 -8.23146E-01  0.00000E+00  0.00000E+00 -9.31547E-02 -1.24250E-01  0.00000E+00 -2.12729E-02  0.00000E+00  0.00000E+00 -6.93822E-03
 THETA2       -2.56466E-04  9.41756E-04  8.45180E-04  1.38826E-02 -2.33640E-01  4.33022E-02 -2.05443E-01  1.73410E+00 -1.52733E+00  0.00000E+00  0.00000E+00  1.21546E-01  2.52371E-01  0.00000E+00 -2.18464E-02  0.00000E+00  0.00000E+00 -3.46967E-02
 THETA3       -2.20808E-05  8.45180E-04  3.90230E-02 -5.07661E-01 -1.07875E+01  4.47111E+00 -3.52826E+00  1.76372E+01 -9.50517E+00  0.00000E+00  0.00000E+00 -5.54462E+00 -1.91416E-01  0.00000E+00 -2.15383E-01  0.00000E+00  0.00000E+00 -6.01163E-01
 THETA4        2.23174E-02  1.38826E-02 -5.07661E-01  1.97851E+02  1.40337E+02  3.63000E+02 -3.41708E+02  2.07485E+03 -2.41803E+03  0.00000E+00  0.00000E+00  6.49162E+01 -6.16384E+01  0.00000E+00 -4.79821E+01  0.00000E+00  0.00000E+00  5.18365E+00
 THETA5        6.10408E-03 -2.33640E-01 -1.07875E+01  1.40337E+02  2.98207E+03 -1.23599E+03  9.75349E+02 -4.87559E+03  2.62758E+03  0.00000E+00  0.00000E+00  1.53275E+03  5.29171E+01  0.00000E+00  5.95410E+01  0.00000E+00  0.00000E+00  1.66182E+02
 THETA6        2.62279E-02  4.33022E-02  4.47111E+00  3.63000E+02 -1.23599E+03  1.92090E+03 -1.35646E+03  4.74163E+03 -1.51430E+03  0.00000E+00  0.00000E+00 -5.15503E+02  4.81628E+01  0.00000E+00 -2.31179E+01  0.00000E+00  0.00000E+00 -5.30103E+01
 THETA7       -3.53028E-02 -2.05443E-01 -3.52826E+00 -3.41708E+02  9.75349E+02 -1.35646E+03  1.87842E+03 -8.49887E+03  6.88937E+03  0.00000E+00  0.00000E+00  4.53344E+02  9.92106E+01  0.00000E+00  1.43081E+02  0.00000E+00  0.00000E+00  1.47486E+02
 THETA8        3.53786E-01  1.73410E+00  1.76372E+01  2.07485E+03 -4.87559E+03  4.74163E+03 -8.49887E+03  6.01266E+04 -7.53355E+04  0.00000E+00  0.00000E+00 -3.33474E+03 -1.72210E+03  0.00000E+00 -1.58685E+03  0.00000E+00  0.00000E+00 -6.34704E+02
 THETA9       -8.23146E-01 -1.52733E+00 -9.50517E+00 -2.41803E+03  2.62758E+03 -1.51430E+03  6.88937E+03 -7.53355E+04  1.25398E+05  0.00000E+00  0.00000E+00  2.82502E+03  4.82102E+03  0.00000E+00  3.16573E+03  0.00000E+00  0.00000E+00  2.64597E+02
 SIGMA(1,1)    0.00000E+00  0.00000E+00  0.00000E+00  0.00000E+00  0.00000E+00  0.00000E+00  0.00000E+00  0.00000E+00  0.00000E+00  0.00000E+00  0.00000E+00  0.00000E+00  0.00000E+00  0.00000E+00  0.00000E+00  0.00000E+00  0.00000E+00  0.00000E+00
 SIGMA(2,1)    0.00000E+00  0.00000E+00  0.00000E+00  0.00000E+00  0.00000E+00  0.00000E+00  0.00000E+00  0.00000E+00  0.00000E+00  0.00000E+00  0.00000E+00  0.00000E+00  0.00000E+00  0.00000E+00  0.00000E+00  0.00000E+00  0.00000E+00  0.00000E+00
 SIGMA(2,2)   -9.31547E-02  1.21546E-01 -5.54462E+00  6.49162E+01  1.53275E+03 -5.15503E+02  4.53344E+02 -3.33474E+03  2.82502E+03  0.00000E+00  0.00000E+00  1.94141E+03 -4.23983E+01  0.00000E+00 -8.97911E+00  0.00000E+00  0.00000E+00  1.82688E+02
 OMEGA(1,1)   -1.24250E-01  2.52371E-01 -1.91416E-01 -6.16384E+01  5.29171E+01  4.81628E+01  9.92106E+01 -1.72210E+03  4.82102E+03  0.00000E+00  0.00000E+00 -4.23983E+01  1.51021E+03  0.00000E+00  5.29794E+02  0.00000E+00  0.00000E+00  4.04161E+01
 OMEGA(2,1)    0.00000E+00  0.00000E+00  0.00000E+00  0.00000E+00  0.00000E+00  0.00000E+00  0.00000E+00  0.00000E+00  0.00000E+00  0.00000E+00  0.00000E+00  0.00000E+00  0.00000E+00  0.00000E+00  0.00000E+00  0.00000E+00  0.00000E+00  0.00000E+00
 OMEGA(2,2)   -2.12729E-02 -2.18464E-02 -2.15383E-01 -4.79821E+01  5.95410E+01 -2.31179E+01  1.43081E+02 -1.58685E+03  3.16573E+03  0.00000E+00  0.00000E+00 -8.97911E+00  5.29794E+02  0.00000E+00  2.75904E+02  0.00000E+00  0.00000E+00  9.44131E+00
 OMEGA(3,1)    0.00000E+00  0.00000E+00  0.00000E+00  0.00000E+00  0.00000E+00  0.00000E+00  0.00000E+00  0.00000E+00  0.00000E+00  0.00000E+00  0.00000E+00  0.00000E+00  0.00000E+00  0.00000E+00  0.00000E+00  0.00000E+00  0.00000E+00  0.00000E+00
 OMEGA(3,2)    0.00000E+00  0.00000E+00  0.00000E+00  0.00000E+00  0.00000E+00  0.00000E+00  0.00000E+00  0.00000E+00  0.00000E+00  0.00000E+00  0.00000E+00  0.00000E+00  0.00000E+00  0.00000E+00  0.00000E+00  0.00000E+00  0.00000E+00  0.00000E+00
 OMEGA(3,3)   -6.93822E-03 -3.46967E-02 -6.01163E-01  5.18365E+00  1.66182E+02 -5.30103E+01  1.47486E+02 -6.34704E+02  2.64597E+02  0.00000E+00  0.00000E+00  1.82688E+02  4.04161E+01  0.00000E+00  9.44131E+00  0.00000E+00  0.00000E+00  3.84605E+02
