TABLE NO.     1: First Order Conditional Estimation with Interaction: Problem=1 Subproblem=0 Superproblem1=0 Iteration1=0 Superproblem2=0 Iteration2=0
 NAME         THETA1       THETA2       THETA3       THETA4       THETA5       THETA6       THETA7       THETA8       THETA9       SIGMA(1,1)   SIGMA(2,1)   SIGMA(2,2)   OMEGA(1,1)   OMEGA(2,1)   OMEGA(2,2)   OMEGA(3,1)   OMEGA(3,2)   OMEGA(3,3)
 THETA1        1.76419E-06  6.17021E-06  3.07986E-05  1.68995E-03 -7.94397E-03 -3.53268E-03 -2.84677E-02  2.21439E-01 -3.34532E-01  0.00000E+00  0.00000E+00 -2.65879E-01 -7.19502E-03  0.00000E+00 -5.63032E-03  0.00000E+00  0.00000E+00 -8.08083E-04
 THETA2        6.17021E-06  2.15802E-05  1.07718E-04  5.91056E-03 -2.77839E-02 -1.23555E-02 -9.95653E-02  7.74481E-01 -1.17002E+00  0.00000E+00  0.00000E+00 -9.29907E-01 -2.51645E-02  0.00000E+00 -1.96919E-02  0.00000E+00  0.00000E+00 -2.82626E-03
 THETA3        3.07986E-05  1.07718E-04  5.37673E-04  2.95026E-02 -1.38683E-01 -6.16725E-02 -4.96980E-01  3.86582E+00 -5.84017E+00  0.00000E+00  0.00000E+00 -4.64163E+00 -1.25608E-01  0.00000E+00 -9.82924E-02  0.00000E+00  0.00000E+00 -1.41073E-02
 THETA4        1.68995E-03  5.91056E-03  2.95026E-02  1.61883E+00 -7.60967E+00 -3.38402E+00 -2.72697E+01  2.12121E+02 -3.20455E+02  0.00000E+00  0.00000E+00 -2.54690E+02 -6.89224E+00  0.00000E+00 -5.39338E+00  0.00000E+00  0.00000E+00 -7.74078E-01
 THETA5       -7.94397E-03 -2.77839E-02 -1.38683E-01 -7.60967E+00  3.57710E+01  1.59074E+01  1.28187E+02 -9.97121E+02  1.50637E+03  0.00000E+00  0.00000E+00  1.19723E+03  3.23985E+01  0.00000E+00  2.53528E+01  0.00000E+00  0.00000E+00  3.63873E+00
 THETA6       -3.53268E-03 -1.23555E-02 -6.16725E-02 -3.38402E+00  1.59074E+01  7.07400E+00  5.70049E+01 -4.43420E+02  6.69882E+02  0.00000E+00  0.00000E+00  5.32407E+02  1.44076E+01  0.00000E+00  1.12744E+01  0.00000E+00  0.00000E+00  1.61814E+00
 THETA7       -2.84677E-02 -9.95653E-02 -4.96980E-01 -2.72697E+01  1.28187E+02  5.70049E+01  4.59367E+02 -3.57324E+03  5.39816E+03  0.00000E+00  0.00000E+00  4.29034E+03  1.16102E+02  0.00000E+00  9.08532E+01  0.00000E+00  0.00000E+00  1.30396E+01
 THETA8        2.21439E-01  7.74481E-01  3.86582E+00  2.12121E+02 -9.97121E+02 -4.43420E+02 -3.57324E+03  2.77949E+04 -4.19902E+04  0.00000E+00  0.00000E+00 -3.33729E+04 -9.03113E+02  0.00000E+00 -7.06713E+02  0.00000E+00  0.00000E+00 -1.01430E+02
 THETA9       -3.34532E-01 -1.17002E+00 -5.84017E+00 -3.20455E+02  1.50637E+03  6.69882E+02  5.39816E+03 -4.19902E+04  6.34354E+04  0.00000E+00  0.00000E+00  5.04170E+04  1.36435E+03  0.00000E+00  1.06764E+03  0.00000E+00  0.00000E+00  1.53232E+02
 SIGMA(1,1)    0.00000E+00  0.00000E+00  0.00000E+00  0.00000E+00  0.00000E+00  0.00000E+00  0.00000E+00  0.00000E+00  0.00000E+00  0.00000E+00  0.00000E+00  0.00000E+00  0.00000E+00  0.00000E+00  0.00000E+00  0.00000E+00  0.00000E+00  0.00000E+00
 SIGMA(2,1)    0.00000E+00  0.00000E+00  0.00000E+00  0.00000E+00  0.00000E+00  0.00000E+00  0.00000E+00  0.00000E+00  0.00000E+00  0.00000E+00  0.00000E+00  0.00000E+00  0.00000E+00  0.00000E+00  0.00000E+00  0.00000E+00  0.00000E+00  0.00000E+00
 SIGMA(2,2)   -2.65879E-01 -9.29907E-01 -4.64163E+00 -2.54690E+02  1.19723E+03  5.32407E+02  4.29034E+03 -3.33729E+04  5.04170E+04  0.00000E+00  0.00000E+00  4.00703E+04  1.08435E+03  0.00000E+00  8.48539E+02  0.00000E+00  0.00000E+00  1.21785E+02
 OMEGA(1,1)   -7.19502E-03 -2.51645E-02 -1.25608E-01 -6.89224E+00  3.23985E+01  1.44076E+01  1.16102E+02 -9.03113E+02  1.36435E+03  0.00000E+00  0.00000E+00  1.08435E+03  2.93440E+01  0.00000E+00  2.29626E+01  0.00000E+00  0.00000E+00  3.29567E+00
 OMEGA(2,1)    0.00000E+00  0.00000E+00  0.00000E+00  0.00000E+00  0.00000E+00  0.00000E+00  0.00000E+00  0.00000E+00  0.00000E+00  0.00000E+00  0.00000E+00  0.00000E+00  0.00000E+00  0.00000E+00  0.00000E+00  0.00000E+00  0.00000E+00  0.00000E+00
 OMEGA(2,2)   -5.63032E-03 -1.96919E-02 -9.82924E-02 -5.39338E+00  2.53528E+01  1.12744E+01  9.08532E+01 -7.06713E+02  1.06764E+03  0.00000E+00  0.00000E+00  8.48539E+02  2.29626E+01  0.00000E+00  1.79689E+01  0.00000E+00  0.00000E+00  2.57896E+00
 OMEGA(3,1)    0.00000E+00  0.00000E+00  0.00000E+00  0.00000E+00  0.00000E+00  0.00000E+00  0.00000E+00  0.00000E+00  0.00000E+00  0.00000E+00  0.00000E+00  0.00000E+00  0.00000E+00  0.00000E+00  0.00000E+00  0.00000E+00  0.00000E+00  0.00000E+00
 OMEGA(3,2)    0.00000E+00  0.00000E+00  0.00000E+00  0.00000E+00  0.00000E+00  0.00000E+00  0.00000E+00  0.00000E+00  0.00000E+00  0.00000E+00  0.00000E+00  0.00000E+00  0.00000E+00  0.00000E+00  0.00000E+00  0.00000E+00  0.00000E+00  0.00000E+00
 OMEGA(3,3)   -8.08083E-04 -2.82626E-03 -1.41073E-02 -7.74078E-01  3.63873E+00  1.61814E+00  1.30396E+01 -1.01430E+02  1.53232E+02  0.00000E+00  0.00000E+00  1.21785E+02  3.29567E+00  0.00000E+00  2.57896E+00  0.00000E+00  0.00000E+00  3.70142E-01
