dmp.txt <- structure(
	.Data = list(
		"coefficients" = list(
			"fixed" = c("GAMMA" = 1.80029660190891, "CMultStdev" = 0.481528454050744, "tvVmax" = 2941.10889903641, "tvKm" = 640.093821903484, "tvV" = 45.2355875679199, "tvKa" = 1.04657543319396, "dVdWT" = 0.898335781288198, "CEps" = 0.502186008238315)
			, "random" = list("Subject" = matrix(
				as.numeric(c(
					 0.375963518909743,  -0.515109804398722,  -0.174071399988138
					,  -0.422987253068873,  -0.0320125501705315,  0.125125410229141
					,  0.0411208770444921,  -0.0995703049892416,  -0.221993668130262
					,  -0.371993841285387,  -0.380324560873481,  0.0423474237519975
					,  0.456177285471864,  0.267073896760423,  0.450365990885002
					,  0.349333399371119,  0.212382887020041,  -0.465679332320583
					,  0.105823373792328,  0.211998051999451,  -0.325787529278806
					,  -0.568323451531543,  0.993391359192451,  0.02494365818273
					,  0.113571194667154,  -0.0143970685999668,  -0.451447240064519
					,  0.233122523115023,  0.0915828224147955,  -0.125978490289725
					,  -0.179989593180417,  0.33830404799705,  -0.159078568614026
					,  -0.181818865835152,  -0.369953248805211,  -0.177660008302221
					,  -0.233953649951327,  -0.123678331397221,  0.329505909627421
					,  -0.551321288294387,  0.245508796783606,  -0.421083094350528
					,  -0.101993650575387,  0.180011143214673,  0.391070382745768
					,  0.200591555755318,  0.115221595895041,  0.349766939667932
					,  0.291157337558656,  -0.25085775135798,  0.499125694830702
					,  -0.00384658743508896,  -0.485022856081228,  -0.278594470779912
					,  0.055790728149368,  -0.0296918838803582,  -0.226439304025356
					,  -0.00900621385999977,  -0.0435969266670108,  0.0631193317197535
					,  -0.310316118188004,  0.0766345139624109,  -0.297509076176914
					,  -0.273954146237373,  0.203492721673927,  -0.338933439842922
					,  0.560070037714774,  0.13686218478344,  0.136933323518102
					,  -0.0148800730970051,  -0.324644232469423,  -0.149907822020649
					,  -0.606861161676678,  -0.150063486691101,  -0.33168348303899
					,  0.21382860581144,  -0.299860547902358,  -0.118707150591352
					,  0.187506999151069,  -0.0490646351369505,  0.0895661564836232
					,  -0.156335698613297,  -0.0259205770487306,  0.00265291619638031
					,  0.19688359240711,  0.334520211349674,  -0.130595078987709
					,  -0.000764043663016301,  -0.0757552006636395,  0.0261441950758436
					,  -0.250842710111105,  0.295607298272377,  -0.60941250095023
					,  -0.433339891032046,  -0.0737710715186134,  0.113758739849593
					,  0.271042512309288,  -0.0689443769817986,  0.289561850603597
					,  0.0517423250977218,  -0.196253853887281,  -0.0341285933886554
					,  0.0554751486288477,  0.472236005112942,  -0.0774859402217835
					,  -0.207743311955257,  -0.035668215797086,  0.395922002487792
					,  0.155706349623275,  0.245972623446483,  -0.705204511730276
					,  -0.0170608140346726,  0.00667115609338765,  0.641210663371009
					,  -0.286545551181948,  0.179054854179813,  -0.106305417707677
					,  0.475904426500345,  -0.128865696105679,  0.078867258781841
					,  -0.623722374449213,  0.447763000603249,  -0.491442592209616
					,  0.577328775342633,  0.354056314673661,  0.329086720408386
					,  0.133048107450658,  0.0427566760637663,  0.372436908690784
					,  0.349735412252601,  0.142955012019964,  -0.135690066905585
					,  -0.0689323022670356,  -0.146236097387244,  -0.642300906853572
					,  0.0421425678837875,  -0.145372466967784,  0.0559712100710624
					,  0.211530824117054,  -0.155458454174949,  0.45486667237855
					,  -0.611628518900872,  -0.489590555073981,  -0.0701856082302252
					,  0.263319590939854,  0.153558454925441,  0.214876516458536
					,  -0.182648679794829,  -0.515779227955541,  -0.169731059273304
					,  0.314099628844319,  -0.581154014241193,  0.0414505104885809
					,  0.204580896749293,  -0.345241840131674,  0.443838329875108
					,  0.0702196909079505,  -0.37660760145561,  -0.100499728860212
					,  -0.76083202756247,  -0.188891943358411,  0.171797084585608
					,  0.190250198960291,  -0.222161400978766,  -0.0129561258370506
					,  -0.498919799547408,  0.345509549012361,  -0.0313268968209115
					,  -0.635643078129285,  -0.490986357202773,  0.246404622255206
					,  -0.037862556239872,  0.718769774564011,  0.505773574026902
					,  0.10077129110054,  0.133781097564983,  -0.73442695606673
					,  0.228979867808382,  0.285181616854184,  0.156560980496199
					,  0.125379053370941,  -0.0965503586861361,  -0.443659695052794
					,  0.189743038738178,  0.169028670557671,  0.266730912538503
					,  0.205515721850994,  -0.421017011448439,  0.214848105489846
					,  -0.580661956986838,  -0.428069829336639,  0.0403137928848154
					,  -0.0582837211366893,  0.591789879686784,  -0.0771174559581407
					,  0.132413301424178,  0.53939962132419,  -0.341100198321424
					,  -0.326632848923147,  -0.156884530465681,  -0.448851549146409
					,  -0.911715843341132,  0.457301589244859,  -0.079036490958333
					,  0.72751174893002,  0.563887965452566,  -0.620060268026277
					,  0.138057293542388,  -0.0624752583717928,  0.266572001395387
					,  0.433780849204612,  0.027646987485954,  -0.360495928842828
					,  -0.0535932163480514,  -0.407421810319494,  -0.465636708110188
					,  -0.782217181080792,  -0.444969950014055,  0.559028543627353
					,  -0.435868765052762,  0.184559582315489,  -0.177285963474311
					,  0.537811384128192,  -0.101600298773312,  0.179950685778141
					,  -0.380267081229998,  0.275766486628146,  0.24813968332619
					,  0.181849100740422,  -0.669856441389162,  0.064855823468819
					,  -0.115207297450867,  0.0415562758507058,  -0.291885967224191
					,  0.365049659580239,  -0.126443018163379,  0.120479056184537
					,  -0.103897081503603,  0.133889495990549,  0.00490821944398745
					))
				, nrow = 60, ncol = 4
				, dimnames = list(
					as.character(c( "1", "2", "3", "4", "5", "6", "7", "8", "9", "10"
					  , "11", "12", "13", "14", "15", "16", "17", "18", "19", "20"
					  , "21", "22", "23", "24", "25", "26", "27", "28", "29", "30"
					  , "31", "32", "33", "34", "35", "36", "37", "38", "39", "40"
					  , "41", "42", "43", "44", "45", "46", "47", "48", "49", "50"
					  , "51", "52", "53", "54", "55", "56", "57", "58", "59", "60"))
					, as.character(c("nVmax", "nKm", "nV", "nKa"))
					)
				))
			)
		, "logLik" = c(-3456.66)
		, "nObs" = c(480)
		, "nSubj" = c(60)
		, "nParm" = c(12)
		, "returnCode" = c(1)
		, "omega" = matrix(
			as.numeric(c(0.162698905898096, 0, 0, 0, 0, 0.117804968619184, 0, 0, 0, 0, 0.201875174405715, 0, 0, 0, 0, 0.328607171919482))
			, nrow = 4, ncol = 4
			, dimnames = list(
				as.character(c("nVmax", "nKm", "nV", "nKa"))
				, as.character(c("nVmax", "nKm", "nV", "nKa"))
				)
			)
		, "eta" = matrix(
			as.numeric(c(-0.0140627608604924, -0.0165583292694019, -0.0193804626417035, -0.0330166532492034, 0.0972871852228605, 0.0752348079348635, 0.129648175579551, 0.134077619415607, 0.31190893738856, 0.274289642412657, 0.360066904310228, 0.366166109048349, 0.226722269971081, 0.20085128706443, 0.198614006886736, 0.36123718478948))
			, nrow = 4, ncol = 4
			, dimnames = list(
				as.character(c("nVmax", "nKm", "nV", "nKa"))
				, as.character(c("mean", "var", "sd", "shrinkage"))
				)
			)
		, "eta_shrinkage" = list("Subject" = matrix(
			as.numeric(c(
				 0.0897046719642994,  0.56930232350527,  0.119663471565998
				,  0.58401665422299,  0.601119017924809,  0.396371321664188
				,  0.640745149465794,  0.526564040694633,  0.599094070462144
				,  0.500290698117617,  0.46217189759968,  0.312338861779009
				,  0.123839772596842,  0.172805624355461,  0.144338896249106
				,  0.48204675496022,  0.28446746882042,  0.441723376919394
				,  0.590984954819255,  0.339656876945676,  0.614725169011815
				,  0.223873497660167,  0.211142148215723,  0.308576604578916
				,  0.603016009415035,  0.549798439016285,  0.425389458014206
				,  0.225119376732424,  0.222380124621923,  0.376450016830776
				,  0.501736258084534,  0.274570937517606,  0.264959790730576
				,  0.329085373032092,  0.168928825112924,  0.582812112702652
				,  0.506851319694606,  0.325783307155923,  0.517459943971337
				,  0.246445351357838,  0.227277994772807,  0.425800647618609
				,  0.530131353050252,  0.504781689130816,  0.292387820056788
				,  0.15184818694569,  0.541396289262935,  0.585452095435604
				,  0.182719340495822,  0.378264627329319,  0.231393985268542
				,  0.358820491919396,  0.633892344292778,  0.680686640251969
				,  0.401298169205172,  0.614508390638945,  0.116013032596898
				,  0.576912376443636,  0.476446146958409,  0.492100650245355
				,  0.370336024341932,  0.321407093019808,  0.338599824358462
				,  0.320943618332548,  0.335976574487838,  0.33781688643945
				,  0.344711641807158,  0.355455849570807,  0.325907174196748
				,  0.34484826312045,  0.327563673700016,  0.347005891638989
				,  0.398079064359807,  0.339639458031378,  0.385453985276263
				,  0.360727641401506,  0.340768705323829,  0.333302239440694
				,  0.361652100358587,  0.375287359464282,  0.365459763706827
				,  0.349129707611617,  0.429850165471683,  0.34794752438265
				,  0.325307816415479,  0.335320139094205,  0.349200352536696
				,  0.362686391658716,  0.361850810066498,  0.331810020814383
				,  0.328095809250692,  0.371963095204632,  0.352348064276903
				,  0.326736540726434,  0.334459869089975,  0.342574071421067
				,  0.355785313748084,  0.343791447578366,  0.347031025350034
				,  0.319878209960278,  0.357810901686671,  0.330409622737796
				,  0.325922706020424,  0.368334590414496,  0.374831670491256
				,  0.385780225086898,  0.337532827949914,  0.356404195652038
				,  0.36954747733761,  0.356103030066804,  0.383780429639839
				,  0.338700753016598,  0.329762144152837,  0.337915694282627
				,  0.337645111957239,  0.363353035533816,  0.315039259261925
				,  0.349868385077189,  0.346041731606796,  0.348860369340892
				,  0.221297515796075,  0.520345478400044,  0.292021223835763
				,  0.480034870785818,  0.434586359530006,  0.366349123449605
				,  0.414445707519699,  0.436960950211679,  0.456980434300124
				,  0.489342632403205,  0.449944610910613,  0.384816731533747
				,  0.247216866191293,  0.262375963436405,  0.247346212708472
				,  0.369340948922599,  0.336708967258073,  0.484862752690465
				,  0.404895613904832,  0.359676759787465,  0.488233113057961
				,  0.444490986977473,  0.266694440066237,  0.363980192154739
				,  0.405145239258436,  0.431021083742322,  0.478491849340718
				,  0.307138237231456,  0.319633599073374,  0.412574517465737
				,  0.436286752583135,  0.321676638815855,  0.386980664812743
				,  0.422524664029766,  0.352380945563799,  0.439547787707138
				,  0.432148549766116,  0.408472243859645,  0.38063858511787
				,  0.419918663479091,  0.313009849685431,  0.502616671228787
				,  0.439320256647839,  0.391918354033444,  0.324927192746981
				,  0.268019743454147,  0.400528750792493,  0.375467141088679
				,  0.293225807270232,  0.432708609249371,  0.293819130100334
				,  0.38351228112545,  0.511572854173004,  0.440225023706632
				,  0.391308526340798,  0.430415540583734,  0.288314247008615
				,  0.424831498270301,  0.417945566054265,  0.403280023242866
				,  0.639987575174348,  0.577143812928388,  0.50218973302558
				,  0.627110014492637,  0.634817581342682,  0.621718554630916
				,  0.633588633389909,  0.50969660324902,  0.62413025321489
				,  0.483492504059648,  0.507810758278167,  0.563003632941459
				,  0.583074007869562,  0.682733833305137,  0.572739240422998
				,  0.594795278568368,  0.678960578098207,  0.527802301852305
				,  0.528835812570143,  0.542647974892428,  0.505746345120944
				,  0.459358093721596,  0.685978705764448,  0.563698204962805
				,  0.733452764241259,  0.718712569220968,  0.479210548914089
				,  0.583176136690298,  0.557630149884939,  0.629082538471263
				,  0.685032067069112,  0.577730034950797,  0.521176183053962
				,  0.577284399853304,  0.520874827964099,  0.502243350275591
				,  0.486175161159414,  0.501660055629706,  0.690702202585163
				,  0.501322065063363,  0.633435234849992,  0.524220578400333
				,  0.728086032253836,  0.562446863064647,  0.633789298168095
				,  0.526397790434022,  0.623090235709914,  0.64845093314554
				,  0.602433650101796,  0.466221661862948,  0.598520509852205
				,  0.586026604517039,  0.595973847543357,  0.575406298537229
				,  0.637660612111474,  0.564902715777939,  0.609637191850764
				,  0.564190298285857,  0.599104361570305,  0.580384719538615
				))
			, nrow = 60, ncol = 4
			, dimnames = list(
				as.character(c( "1", "2", "3", "4", "5", "6", "7", "8", "9", "10"
				  , "11", "12", "13", "14", "15", "16", "17", "18", "19", "20"
				  , "21", "22", "23", "24", "25", "26", "27", "28", "29", "30"
				  , "31", "32", "33", "34", "35", "36", "37", "38", "39", "40"
				  , "41", "42", "43", "44", "45", "46", "47", "48", "49", "50"
				  , "51", "52", "53", "54", "55", "56", "57", "58", "59", "60"))
				, as.character(c("nVmax_shrinkage", "nKm_shrinkage", "nV_shrinkage", "nKa_shrinkage"))
				)
			))
		, "sigma" = matrix(
			as.numeric(c(0.252190786870333))
			, nrow = 1, ncol = 1
			, dimnames = list(
				as.character(c("CEps"))
				, as.character(c("CEps"))
				)
			)
		, "method" = "FOCE-ELS"
		, "varFix" = matrix(
			as.numeric(c(0.00726590186041665, 0.0001244719056383, -12.7753401226071, -6.29255808572312, 0.0478673866896672, 0.00133172431125436, -0.00674433244561268, 0.0354231217294203, 0.0001244719056383, 0.00110669108277064, -0.620927778864822, -0.863527324179928, 0.0428231693033395, 0.000438508976830588, -0.0011707070550076, -0.00707114041938478, -12.7753401226071, -0.620927778864822, 151045.214532337, 25021.0838406526, -103.050048857111, -39.1358695256753, -1.81777152384876, -155.148202315478, -6.29255808572312, -0.863527324179928, 25021.0838406526, 10259.8712838951, -93.0967909662501, -6.15854771264361, 9.72563697616513, -22.4942610132472, 0.0478673866896672, 0.0428231693033395, -103.050048857111, -93.0967909662501, 8.34075818637982, 0.0202971690808081, -0.215269198434017, -0.156030887834052, 0.00133172431125436, 0.000438508976830588, -39.1358695256753, -6.15854771264361, 0.0202971690808081, 0.0266432462100836, -0.0022171472208113, 0.0107609710376121, -0.00674433244561268, -0.0011707070550076, -1.81777152384876, 9.72563697616513, -0.215269198434017, -0.0022171472208113, 0.150291825124385, -0.128931195261044, 0.0354231217294203, -0.00707114041938478, -155.148202315478, -22.4942610132472, -0.156030887834052, 0.0107609710376121, -0.128931195261044, 1.75738691954059))
			, nrow = 8, ncol = 8
			, dimnames = list(
				as.character(c("GAMMA", "CMultStdev", "tvVmax", "tvKm", "tvV", "tvKa", "dVdWT", "CEps"))
				, as.character(c("GAMMA", "CMultStdev", "tvVmax", "tvKm", "tvV", "tvKa", "dVdWT", "CEps"))
				)
			)
		, "omegaSE" = matrix(
			as.numeric(c(0.0607793373016754, 0, 0, 0, 0, 0.0364842856439882, 0, 0, 0, 0, 0.107702506219691, 0, 0, 0, 0, 0.192868622972774))
			, nrow = 4, ncol = 4, byrow = TRUE
			, dimnames = list(
				as.character(c("nVmax", "nKm", "nV", "nKa"))
				, as.character(c("nVmax", "nKm", "nV", "nKa"))
				)
			)
		, "Covariance" = matrix(
			as.numeric(c(0.0072659019, 0.00012447191, -12.77534, -6.2925581, 0.047867387, 0.0013317243, -0.0067443324, 0.035423122, -0.0012506304,         0, -0.00042210264,         0,         0, 0.0016933384,         0,         0,         0, -0.0033983571, 0.00012447191, 0.0011066911, -0.62092778, -0.86352732, 0.042823169, 0.00043850898, -0.0011707071, -0.0070711404, -0.00013635251,         0, -0.0002145288,         0,         0, -0.00069346365,         0,         0,         0, -0.00027449943, -12.77534, -0.62092778, 151045.21, 25021.084, -103.05005, -39.13587, -1.8177715, -155.1482, -7.0380946,         0, -3.5975252,         0,         0, 16.997713,         0,         0,         0, 29.558189, -6.2925581, -0.86352732, 25021.084, 10259.871, -93.096791, -6.1585477,  9.725637, -22.494261, 0.17885971,         0, 0.01984569,         0,         0, 1.9177842,         0,         0,         0, 6.3764312, 0.047867387, 0.042823169, -103.05005, -93.096791, 8.3407582, 0.020297169, -0.2152692, -0.15603089, -0.0060547662,         0, -0.010257,         0,         0, -0.033955782,         0,         0,         0, -0.075984113, 0.0013317243, 0.00043850898, -39.13587, -6.1585477, 0.020297169, 0.026643246, -0.0022171472, 0.010760971, 0.0018098709,         0, 0.001155966,         0,         0, -0.0034645395,         0,         0,         0, -0.0066313814, -0.0067443324, -0.0011707071, -1.8177715,  9.725637, -0.2152692, -0.0022171472, 0.15029183, -0.1289312, 0.0026461397,         0, 0.0037004985,         0,         0, 0.003602436,         0,         0,         0, -0.0012151767, 0.035423122, -0.0070711404, -155.1482, -22.494261, -0.15603089, 0.010760971, -0.1289312, 1.7573869, 0.0015158225,         0, 0.0012245677,         0,         0, -0.022478161,         0,         0,         0, -0.037902059, -0.0012506304, -0.00013635251, -7.0380946, 0.17885971, -0.0060547662, 0.0018098709, 0.0026461397, 0.0015158225, 0.0036941278,         0, 0.00030403039,         0,         0, -0.0032311376,         0,         0,         0, -0.0025816753,         0,         0,         0,         0,         0,         0,         0,         0,         0,         0,         0,         0,         0,         0,         0,         0,         0,         0, -0.00042210264, -0.0002145288, -3.5975252, 0.01984569, -0.010257, 0.001155966, 0.0037004985, 0.0012245677, 0.00030403039,         0, 0.0013311031,         0,         0, -0.00012977002,         0,         0,         0, 0.00031743444,         0,         0,         0,         0,         0,         0,         0,         0,         0,         0,         0,         0,         0,         0,         0,         0,         0,         0,         0,         0,         0,         0,         0,         0,         0,         0,         0,         0,         0,         0,         0,         0,         0,         0,         0,         0, 0.0016933384, -0.00069346365, 16.997713, 1.9177842, -0.033955782, -0.0034645395, 0.003602436, -0.022478161, -0.0032311376,         0, -0.00012977002,         0,         0, 0.01159983,         0,         0,         0, 0.0043368,         0,         0,         0,         0,         0,         0,         0,         0,         0,         0,         0,         0,         0,         0,         0,         0,         0,         0,         0,         0,         0,         0,         0,         0,         0,         0,         0,         0,         0,         0,         0,         0,         0,         0,         0,         0,         0,         0,         0,         0,         0,         0,         0,         0,         0,         0,         0,         0,         0,         0,         0,         0,         0,         0, -0.0033983571, -0.00027449943, 29.558189, 6.3764312, -0.075984113, -0.0066313814, -0.0012151767, -0.037902059, -0.0025816753,         0, 0.00031743444,         0,         0, 0.0043368,         0,         0,         0, 0.037198306))
			, nrow = 18, ncol = 18
			, dimnames = list(
				as.character(c("GAMMA", "CMultStdev", "tvVmax", "tvKm", "tvV", "tvKa", "dVdWT", "stdev0", "nVmax-nVmax", "nKm-nVmax", "nKm-nKm", "nV-nVmax", "nV-nKm", "nV-nV", "nKa-nVmax", "nKa-nKm", "nKa-nV", "nKa-nKa"))
				, as.character(c("GAMMA", "CMultStdev", "tvVmax", "tvKm", "tvV", "tvKa", "dVdWT", "stdev0", "nVmax-nVmax", "nKm-nVmax", "nKm-nKm", "nV-nVmax", "nV-nKm", "nV-nV", "nKa-nVmax", "nKa-nKm", "nKa-nV", "nKa-nKa"))
				)
			)
		, "Correlation" = matrix(
			as.numeric(c(0.08524026, 0.04389483, -0.38563303, -0.72880528, 0.19444294, 0.095714117, -0.20409226, 0.31347894, -0.241395,         0, -0.13572738,         0,         0, 0.18444767,         0,         0,         0, -0.20671056, 0.04389483, 0.033266967, -0.048025777, -0.25626655, 0.44572073, 0.080755426, -0.090775229, -0.16034025, -0.067436338,         0, -0.1767529,         0,         0, -0.19354622,         0,         0,         0, -0.04278255, -0.38563303, -0.048025777, 388.64536, 0.63559676, -0.091810415, -0.6169187, -0.012064745, -0.30113384, -0.29795155,         0, -0.25371404,         0,         0, 0.40607962,         0,         0,         0, 0.39433266, -0.72880528, -0.25626655, 0.63559676, 101.29102, -0.31824456, -0.37248929, 0.24767343, -0.16752016, 0.02905264,         0, 0.005370187,         0,         0, 0.17579356,         0,         0,         0, 0.32639623, 0.19444294, 0.44572073, -0.091810415, -0.31824456, 2.8880371, 0.043056541, -0.19226997, -0.040754364, -0.03449361,         0, -0.097344573,         0,         0, -0.10916544,         0,         0,         0, -0.13641385, 0.095714117, 0.080755426, -0.6169187, -0.37248929, 0.043056541, 0.16322759, -0.035037514, 0.049730657, 0.18243076,         0, 0.19410899,         0,         0, -0.19707255,         0,         0,         0, -0.21064388, -0.20409226, -0.090775229, -0.012064745, 0.24767343, -0.19226997, -0.035037514, 0.3876749, -0.25087457, 0.11230242,         0, 0.2616295,         0,         0, 0.08627854,         0,         0,         0, -0.016252126, 0.31347894, -0.16034025, -0.30113384, -0.16752016, -0.040754364, 0.049730657, -0.25087457, 1.3256647, 0.018813028,         0, 0.025318808,         0,         0, -0.157435,         0,         0,         0, -0.14824072, -0.241395, -0.067436338, -0.29795155, 0.02905264, -0.03449361, 0.18243076, 0.11230242, 0.018813028, 0.060779337,         0, 0.1371056,         0,         0, -0.49359833,         0,         0,         0, -0.22023386,         0,         0,         0,         0,         0,         0,         0,         0,         0,         0,         0,         0,         0,         0,         0,         0,         0,         0, -0.13572738, -0.1767529, -0.25371404, 0.005370187, -0.097344573, 0.19410899, 0.2616295, 0.025318808, 0.1371056,         0, 0.036484286,         0,         0, -0.033024992,         0,         0,         0, 0.045111432,         0,         0,         0,         0,         0,         0,         0,         0,         0,         0,         0,         0,         0,         0,         0,         0,         0,         0,         0,         0,         0,         0,         0,         0,         0,         0,         0,         0,         0,         0,         0,         0,         0,         0,         0,         0, 0.18444767, -0.19354622, 0.40607962, 0.17579356, -0.10916544, -0.19707255, 0.08627854, -0.157435, -0.49359833,         0, -0.033024992,         0,         0, 0.10770251,         0,         0,         0, 0.20877669,         0,         0,         0,         0,         0,         0,         0,         0,         0,         0,         0,         0,         0,         0,         0,         0,         0,         0,         0,         0,         0,         0,         0,         0,         0,         0,         0,         0,         0,         0,         0,         0,         0,         0,         0,         0,         0,         0,         0,         0,         0,         0,         0,         0,         0,         0,         0,         0,         0,         0,         0,         0,         0,         0, -0.20671056, -0.04278255, 0.39433266, 0.32639623, -0.13641385, -0.21064388, -0.016252126, -0.14824072, -0.22023386,         0, 0.045111432,         0,         0, 0.20877669,         0,         0,         0, 0.19286862))
			, nrow = 18, ncol = 18
			, dimnames = list(
				as.character(c("GAMMA", "CMultStdev", "tvVmax", "tvKm", "tvV", "tvKa", "dVdWT", "stdev0", "nVmax-nVmax", "nKm-nVmax", "nKm-nKm", "nV-nVmax", "nV-nKm", "nV-nV", "nKa-nVmax", "nKa-nKm", "nKa-nV", "nKa-nKa"))
				, as.character(c("GAMMA", "CMultStdev", "tvVmax", "tvKm", "tvV", "tvKa", "dVdWT", "stdev0", "nVmax-nVmax", "nKm-nVmax", "nKm-nKm", "nV-nVmax", "nV-nKm", "nV-nV", "nKa-nVmax", "nKa-nKm", "nKa-nV", "nKa-nKa"))
				)
			)
		, "Inverse" = matrix(
			as.numeric(c(514.53846, 108.71948, 0.016488275, 0.32297867, -0.36987543, 45.574895, -4.596326, -6.8842892, 47.402813,         0, 174.56726,         0,         0, -129.04963,         0,         0,         0, -3.6064205, 108.71948, 1337.4836, -0.013514705, 0.15846663, -5.465348, -16.198913, -8.710241, 3.5835998, 104.66584,         0, 190.78153,         0,         0, 81.992029,         0,         0,         0, -11.230758, 0.016488275, -0.013514705, 2.575234e-005, -3.6252314e-005, -0.00011665089, 0.0221817, 0.0036758931, 0.001143998, 0.017509851,         0, 0.036830171,         0,         0, -0.020613114,         0,         0,         0, -0.0045362789, 0.32297867, 0.15846663, -3.6252314e-005, 0.00043907606, 0.00091397331, 0.018095202, -0.016276416, -0.0057384631, -0.035373652,         0, 0.0707465,         0,         0, -0.059249323,         0,         0,         0, -0.013219756, -0.36987543, -5.465348, -0.00011665089, 0.00091397331, 0.16435007, 0.13915025, 0.15159073, 0.018594743, -0.20364403,         0, -0.6161499,         0,         0, 0.11115718,         0,         0,         0, 0.22448379, 45.574895, -16.198913, 0.0221817, 0.018095202, 0.13915025, 69.164699, 3.3608054, 0.75564149, 0.84977986,         0, 0.39535081,         0,         0, -21.140062,         0,         0,         0, -0.66930192, -4.596326, -8.710241, 0.0036758931, -0.016276416, 0.15159073, 3.3608054, 9.1435992, 0.84372201, -2.8780058,         0, -20.820963,         0,         0, -4.0480724,         0,         0,         0, 1.9020179, -6.8842892, 3.5835998, 0.001143998, -0.0057384631, 0.018594743, 0.75564149, 0.84372201, 0.8479955, 1.5289214,         0, -2.2717192,         0,         0, 2.4110069,         0,         0,         0, 0.38084998, 47.402813, 104.66584, 0.017509851, -0.035373652, -0.20364403, 0.84977986, -2.8780058, 1.5289214, 420.79359,         0, -6.9165589,         0,         0, 93.907938,         0,         0,         0, 16.767487,         0,         0,         0,         0,         0,         0,         0,         0,         0,         0,         0,         0,         0,         0,         0,         0,         0,         0, 174.56726, 190.78153, 0.036830171, 0.0707465, -0.6161499, 0.39535081, -20.820963, -2.2717192, -6.9165589,         0, 993.80152,         0,         0, -58.83735,         0,         0,         0, -30.320983,         0,         0,         0,         0,         0,         0,         0,         0,         0,         0,         0,         0,         0,         0,         0,         0,         0,         0,         0,         0,         0,         0,         0,         0,         0,         0,         0,         0,         0,         0,         0,         0,         0,         0,         0,         0, -129.04963, 81.992029, -0.020613114, -0.059249323, 0.11115718, -21.140062, -4.0480724, 2.4110069, 93.907938,         0, -58.83735,         0,         0, 175.11406,         0,         0,         0, 0.7376448,         0,         0,         0,         0,         0,         0,         0,         0,         0,         0,         0,         0,         0,         0,         0,         0,         0,         0,         0,         0,         0,         0,         0,         0,         0,         0,         0,         0,         0,         0,         0,         0,         0,         0,         0,         0,         0,         0,         0,         0,         0,         0,         0,         0,         0,         0,         0,         0,         0,         0,         0,         0,         0,         0, -3.6064205, -11.230758, -0.0045362789, -0.013219756, 0.22448379, -0.66930192, 1.9020179, 0.38084998, 16.767487,         0, -30.320983,         0,         0, 0.7376448,         0,         0,         0, 34.467148))
			, nrow = 18, ncol = 18
			, dimnames = list(
				as.character(c("GAMMA", "CMultStdev", "tvVmax", "tvKm", "tvV", "tvKa", "dVdWT", "stdev0", "nVmax-nVmax", "nKm-nVmax", "nKm-nKm", "nV-nVmax", "nV-nKm", "nV-nV", "nKa-nVmax", "nKa-nKm", "nKa-nV", "nKa-nKa"))
				, as.character(c("GAMMA", "CMultStdev", "tvVmax", "tvKm", "tvV", "tvKa", "dVdWT", "stdev0", "nVmax-nVmax", "nKm-nVmax", "nKm-nKm", "nV-nVmax", "nV-nKm", "nV-nV", "nKa-nVmax", "nKa-nKm", "nKa-nV", "nKa-nKa"))
				)
			)
		, "LLTable" = data.frame(
			id = as.character(c( "1", "2", "3", "4", "5", "6", "7", "8", "9", "10", "11", "12", "13", "14", "15", "16", "17", "18", "19", "20", "21", "22", "23", "24", "25", "26", "27", "28", "29", "30", "31", "32", "33", "34", "35", "36", "37", "38", "39", "40", "41", "42", "43", "44", "45", "46", "47", "48", "49", "50", "51", "52", "53", "54", "55", "56", "57", "58", "59", "60"))
			, "LL" = c(-53.136794, -62.198364, -57.783392, -65.838544, -59.957487, -61.805483, -56.600385, -57.330498, -59.786756, -61.860942, -61.33094, -57.804462, -55.780744, -55.703245, -50.188632, -55.388886, -55.809635, -60.837671, -55.833964, -55.286262, -60.37218, -59.493958, -48.496712, -56.862893, -59.663469, -58.592649, -63.867066, -52.609129, -51.865159,  -56.2839, -59.130403, -50.501314, -62.520677, -62.166136, -58.054652, -63.454597, -57.392524, -56.094695, -54.071909, -59.470641, -54.35746, -61.462947, -58.383535, -53.488193, -53.884602, -53.289945, -60.03321, -55.292635, -53.828165, -55.437203, -60.797061, -55.78322, -66.31874, -61.540513, -58.088291, -54.990119, -57.641429, -57.317921, -58.072348, -55.421872)
			) # end of LLTable
		, "residuals" = data.frame(
			  ID1 = as.character(c(  "",   "",   "",   "",   "",   "",   "",   "",   "",   "",   "",   "",   "",   "",   "",   "",   "",   "",   "",   "",   "",   "",   "",   "",   "",   "",   "",   "",   "",   "",   "",   "",   "",   "",   "",   "",   "",   "",   "",   "",   "",   "",   "",   "",   "",   "",   "",   "",   "",   "",   "",   "",   "",   "",   "",   "",   "",   "",   "",   "",   "",   "",   "",   "",   "",   "",   "",   "",   "",   "",   "",   "",   "",   "",   "",   "",   "",   "",   "",   "",   "",   "",   "",   "",   "",   "",   "",   "",   "",   "",   "",   "",   "",   "",   "",   "",   "",   "",   "",   "",   "",   "",   "",   "",   "",   "",   "",   "",   "",   "",   "",   "",   "",   "",   "",   "",   "",   "",   "",   "",   "",   "",   "",   "",   "",   "",   "",   "",   "",   "",   "",   "",   "",   "",   "",   "",   "",   "",   "",   "",   "",   "",   "",   "",   "",   "",   "",   "",   "",   "",   "",   "",   "",   "",   "",   "",   "",   "",   "",   "",   "",   "",   "",   "",   "",   "",   "",   "",   "",   "",   "",   "",   "",   "",   "",   "",   "",   "",   "",   "",   "",   "",   "",   "",   "",   "",   "",   "",   "",   "",   "",   "",   "",   "",   "",   "",   "",   "",   "",   "",   "",   "",   "",   "",   "",   "",   "",   "",   "",   "",   "",   "",   "",   "",   "",   "",   "",   "",   "",   "",   "",   "",   "",   "",   "",   "",   "",   "",   "",   "",   "",   "",   "",   "",   "",   "",   "",   "",   "",   "",   "",   "",   "",   "",   "",   "",   "",   "",   "",   "",   "",   "",   "",   "",   "",   "",   "",   "",   "",   "",   "",   "",   "",   "",   "",   "",   "",   "",   "",   "",   "",   "",   "",   "",   "",   "",   "",   "",   "",   "",   "",   "",   "",   "",   "",   "",   "",   "",   "",   "",   "",   "",   "",   "",   "",   "",   "",   "",   "",   "",   "",   "",   "",   "",   "",   "",   "",   "",   "",   "",   "",   "",   "",   "",   "",   "",   "",   "",   "",   "",   "",   "",   "",   "",   "",   "",   "",   "",   "",   "",   "",   "",   "",   "",   "",   "",   "",   "",   "",   "",   "",   "",   "",   "",   "",   "",   "",   "",   "",   "",   "",   "",   "",   "",   "",   "",   "",   "",   "",   "",   "",   "",   "",   "",   "",   "",   "",   "",   "",   "",   "",   "",   "",   "",   "",   "",   "",   "",   "",   "",   "",   "",   "",   "",   "",   "",   "",   "",   "",   "",   "",   "",   "",   "",   "",   "",   "",   "",   "",   "",   "",   "",   "",   "",   "",   "",   "",   "",   "",   "",   "",   "",   "",   "",   "",   "",   "",   "",   "",   "",   "",   "",   "",   "",   "",   "",   "",   "",   "",   "",   "",   "",   "",   "",   "",   "",   "",   "",   "",   "",   "",   "",   "",   "",   "",   "",   "",   "",   "",   "",   "",   "",   "",   "",   "",   "",   "",   "",   "",   "",   "",   "",   "",   "",   "",   "",   "",   "",   "",   "",   "",   "",   "",   "",   "",   "",   "",   "",   "",   ""))
			, ID2 = as.character(c(  "",   "",   "",   "",   "",   "",   "",   "",   "",   "",   "",   "",   "",   "",   "",   "",   "",   "",   "",   "",   "",   "",   "",   "",   "",   "",   "",   "",   "",   "",   "",   "",   "",   "",   "",   "",   "",   "",   "",   "",   "",   "",   "",   "",   "",   "",   "",   "",   "",   "",   "",   "",   "",   "",   "",   "",   "",   "",   "",   "",   "",   "",   "",   "",   "",   "",   "",   "",   "",   "",   "",   "",   "",   "",   "",   "",   "",   "",   "",   "",   "",   "",   "",   "",   "",   "",   "",   "",   "",   "",   "",   "",   "",   "",   "",   "",   "",   "",   "",   "",   "",   "",   "",   "",   "",   "",   "",   "",   "",   "",   "",   "",   "",   "",   "",   "",   "",   "",   "",   "",   "",   "",   "",   "",   "",   "",   "",   "",   "",   "",   "",   "",   "",   "",   "",   "",   "",   "",   "",   "",   "",   "",   "",   "",   "",   "",   "",   "",   "",   "",   "",   "",   "",   "",   "",   "",   "",   "",   "",   "",   "",   "",   "",   "",   "",   "",   "",   "",   "",   "",   "",   "",   "",   "",   "",   "",   "",   "",   "",   "",   "",   "",   "",   "",   "",   "",   "",   "",   "",   "",   "",   "",   "",   "",   "",   "",   "",   "",   "",   "",   "",   "",   "",   "",   "",   "",   "",   "",   "",   "",   "",   "",   "",   "",   "",   "",   "",   "",   "",   "",   "",   "",   "",   "",   "",   "",   "",   "",   "",   "",   "",   "",   "",   "",   "",   "",   "",   "",   "",   "",   "",   "",   "",   "",   "",   "",   "",   "",   "",   "",   "",   "",   "",   "",   "",   "",   "",   "",   "",   "",   "",   "",   "",   "",   "",   "",   "",   "",   "",   "",   "",   "",   "",   "",   "",   "",   "",   "",   "",   "",   "",   "",   "",   "",   "",   "",   "",   "",   "",   "",   "",   "",   "",   "",   "",   "",   "",   "",   "",   "",   "",   "",   "",   "",   "",   "",   "",   "",   "",   "",   "",   "",   "",   "",   "",   "",   "",   "",   "",   "",   "",   "",   "",   "",   "",   "",   "",   "",   "",   "",   "",   "",   "",   "",   "",   "",   "",   "",   "",   "",   "",   "",   "",   "",   "",   "",   "",   "",   "",   "",   "",   "",   "",   "",   "",   "",   "",   "",   "",   "",   "",   "",   "",   "",   "",   "",   "",   "",   "",   "",   "",   "",   "",   "",   "",   "",   "",   "",   "",   "",   "",   "",   "",   "",   "",   "",   "",   "",   "",   "",   "",   "",   "",   "",   "",   "",   "",   "",   "",   "",   "",   "",   "",   "",   "",   "",   "",   "",   "",   "",   "",   "",   "",   "",   "",   "",   "",   "",   "",   "",   "",   "",   "",   "",   "",   "",   "",   "",   "",   "",   "",   "",   "",   "",   "",   "",   "",   "",   "",   "",   "",   "",   "",   "",   "",   "",   "",   "",   "",   "",   "",   "",   "",   "",   "",   "",   "",   "",   "",   "",   "",   "",   "",   "",   "",   "",   "",   "",   "",   "",   "",   "",   "",   "",   "",   "",   "",   "",   "",   ""))
			, ID3 = as.character(c(  "",   "",   "",   "",   "",   "",   "",   "",   "",   "",   "",   "",   "",   "",   "",   "",   "",   "",   "",   "",   "",   "",   "",   "",   "",   "",   "",   "",   "",   "",   "",   "",   "",   "",   "",   "",   "",   "",   "",   "",   "",   "",   "",   "",   "",   "",   "",   "",   "",   "",   "",   "",   "",   "",   "",   "",   "",   "",   "",   "",   "",   "",   "",   "",   "",   "",   "",   "",   "",   "",   "",   "",   "",   "",   "",   "",   "",   "",   "",   "",   "",   "",   "",   "",   "",   "",   "",   "",   "",   "",   "",   "",   "",   "",   "",   "",   "",   "",   "",   "",   "",   "",   "",   "",   "",   "",   "",   "",   "",   "",   "",   "",   "",   "",   "",   "",   "",   "",   "",   "",   "",   "",   "",   "",   "",   "",   "",   "",   "",   "",   "",   "",   "",   "",   "",   "",   "",   "",   "",   "",   "",   "",   "",   "",   "",   "",   "",   "",   "",   "",   "",   "",   "",   "",   "",   "",   "",   "",   "",   "",   "",   "",   "",   "",   "",   "",   "",   "",   "",   "",   "",   "",   "",   "",   "",   "",   "",   "",   "",   "",   "",   "",   "",   "",   "",   "",   "",   "",   "",   "",   "",   "",   "",   "",   "",   "",   "",   "",   "",   "",   "",   "",   "",   "",   "",   "",   "",   "",   "",   "",   "",   "",   "",   "",   "",   "",   "",   "",   "",   "",   "",   "",   "",   "",   "",   "",   "",   "",   "",   "",   "",   "",   "",   "",   "",   "",   "",   "",   "",   "",   "",   "",   "",   "",   "",   "",   "",   "",   "",   "",   "",   "",   "",   "",   "",   "",   "",   "",   "",   "",   "",   "",   "",   "",   "",   "",   "",   "",   "",   "",   "",   "",   "",   "",   "",   "",   "",   "",   "",   "",   "",   "",   "",   "",   "",   "",   "",   "",   "",   "",   "",   "",   "",   "",   "",   "",   "",   "",   "",   "",   "",   "",   "",   "",   "",   "",   "",   "",   "",   "",   "",   "",   "",   "",   "",   "",   "",   "",   "",   "",   "",   "",   "",   "",   "",   "",   "",   "",   "",   "",   "",   "",   "",   "",   "",   "",   "",   "",   "",   "",   "",   "",   "",   "",   "",   "",   "",   "",   "",   "",   "",   "",   "",   "",   "",   "",   "",   "",   "",   "",   "",   "",   "",   "",   "",   "",   "",   "",   "",   "",   "",   "",   "",   "",   "",   "",   "",   "",   "",   "",   "",   "",   "",   "",   "",   "",   "",   "",   "",   "",   "",   "",   "",   "",   "",   "",   "",   "",   "",   "",   "",   "",   "",   "",   "",   "",   "",   "",   "",   "",   "",   "",   "",   "",   "",   "",   "",   "",   "",   "",   "",   "",   "",   "",   "",   "",   "",   "",   "",   "",   "",   "",   "",   "",   "",   "",   "",   "",   "",   "",   "",   "",   "",   "",   "",   "",   "",   "",   "",   "",   "",   "",   "",   "",   "",   "",   "",   "",   "",   "",   "",   "",   "",   "",   "",   "",   "",   "",   "",   "",   "",   "",   "",   "",   "",   "",   "",   "",   "",   ""))
