TABLE NO.     1: First Order Conditional Estimation with Interaction: Problem=1 Subproblem=0 Superproblem1=0 Iteration1=0 Superproblem2=0 Iteration2=0
 NAME         THETA1       THETA2       THETA3       THETA4       THETA5       SIGMA(1,1)   SIGMA(2,1)   SIGMA(2,2)   OMEGA(1,1)   OMEGA(2,1)   OMEGA(2,2)   OMEGA(3,1)   OMEGA(3,2)   OMEGA(3,3)
 THETA1        7.87848E+02  9.55583E-01 -2.77381E-01 -1.15595E-01  0.00000E+00  2.93888E-01  0.00000E+00  1.65746E-01  7.96118E-01  7.27852E-01  6.35954E-01 -2.77037E-01 -2.40571E-01 -7.57910E-02
 THETA2        9.55583E-01  3.18879E+02 -3.96083E-01 -1.46276E-01  0.00000E+00  3.35379E-01  0.00000E+00  2.21479E-01  7.16675E-01  6.36732E-01  5.47896E-01 -2.73474E-01 -2.46760E-01 -8.67898E-02
 THETA3       -2.77381E-01 -3.96083E-01  2.55240E+00  1.73024E-01  0.00000E+00 -7.12152E-03  0.00000E+00 -2.62656E-01 -3.18562E-01 -2.97403E-01 -2.77645E-01  1.19943E-01  1.04844E-01 -9.56814E-02
 THETA4       -1.15595E-01 -1.46276E-01  1.73024E-01  6.53304E-02  0.00000E+00 -1.53546E-01  0.00000E+00  5.82971E-01 -2.63228E-01 -2.43610E-01 -2.25070E-01  5.43179E-02  5.33494E-02  1.11092E-01
 THETA5        0.00000E+00  0.00000E+00  0.00000E+00  0.00000E+00  0.00000E+00  0.00000E+00  0.00000E+00  0.00000E+00  0.00000E+00  0.00000E+00  0.00000E+00  0.00000E+00  0.00000E+00  0.00000E+00
 SIGMA(1,1)    2.93888E-01  3.35379E-01 -7.12152E-03 -1.53546E-01  0.00000E+00  4.09534E-02  0.00000E+00 -9.06650E-02  1.10812E-01  8.25699E-02  3.89138E-02 -2.54836E-01 -2.25349E-01 -2.12873E-01
 SIGMA(2,1)    0.00000E+00  0.00000E+00  0.00000E+00  0.00000E+00  0.00000E+00  0.00000E+00  0.00000E+00  0.00000E+00  0.00000E+00  0.00000E+00  0.00000E+00  0.00000E+00  0.00000E+00  0.00000E+00
 SIGMA(2,2)    1.65746E-01  2.21479E-01 -2.62656E-01  5.82971E-01  0.00000E+00 -9.06650E-02  0.00000E+00  1.84012E-02 -7.53475E-02 -1.26399E-01 -1.56731E-01  1.83774E-02  1.15331E-02  3.75234E-02
 OMEGA(1,1)    7.96118E-01  7.16675E-01 -3.18562E-01 -2.63228E-01  0.00000E+00  1.10812E-01  0.00000E+00 -7.53475E-02  1.64350E-01  9.76702E-01  9.15078E-01 -2.90653E-01 -2.40907E-01 -1.54327E-02
 OMEGA(2,1)    7.27852E-01  6.36732E-01 -2.97403E-01 -2.43610E-01  0.00000E+00  8.25699E-02  0.00000E+00 -1.26399E-01  9.76702E-01  2.45022E-01  9.77270E-01 -4.13773E-01 -3.61769E-01  3.85644E-02
 OMEGA(2,2)    6.35954E-01  5.47896E-01 -2.77645E-01 -2.25070E-01  0.00000E+00  3.89138E-02  0.00000E+00 -1.56731E-01  9.15078E-01  9.77270E-01  3.59983E-01 -5.08288E-01 -4.79261E-01  1.03601E-01
 OMEGA(3,1)   -2.77037E-01 -2.73474E-01  1.19943E-01  5.43179E-02  0.00000E+00 -2.54836E-01  0.00000E+00  1.83774E-02 -2.90653E-01 -4.13773E-01 -5.08288E-01  4.91582E-02  9.23561E-01 -6.94867E-02
 OMEGA(3,2)   -2.40571E-01 -2.46760E-01  1.04844E-01  5.33494E-02  0.00000E+00 -2.25349E-01  0.00000E+00  1.15331E-02 -2.40907E-01 -3.61769E-01 -4.79261E-01  9.23561E-01  7.72106E-02 -3.10926E-01
 OMEGA(3,3)   -7.57910E-02 -8.67898E-02 -9.56814E-02  1.11092E-01  0.00000E+00 -2.12873E-01  0.00000E+00  3.75234E-02 -1.54327E-02  3.85644E-02  1.03601E-01 -6.94867E-02 -3.10926E-01  4.59311E-02
