TABLE NO.     1: First Order Conditional Estimation with Interaction: Problem=1 Subproblem=0 Superproblem1=0 Iteration1=0 Superproblem2=0 Iteration2=0
 NAME         THETA1       THETA2       THETA3       THETA4       THETA5       SIGMA(1,1)   SIGMA(2,1)   SIGMA(2,2)   OMEGA(1,1)   OMEGA(2,1)   OMEGA(2,2)   OMEGA(3,1)   OMEGA(3,2)   OMEGA(3,3)
 THETA1        9.32395E-09 -2.18867E-08  4.38747E-04  1.46694E-01 -6.16041E-01  4.22938E-03  0.00000E+00 -8.91860E-02 -1.16081E+07  3.04666E+07  5.82975E+07  9.37418E+03  3.58747E+04  4.67736E+00
 THETA2       -2.18867E-08  7.41469E-08  7.81945E-05 -5.26331E-01  3.24295E+00 -8.05429E-03  0.00000E+00  1.57310E-01 -4.59809E+07  1.20681E+08 -1.45770E+08  3.71320E+04 -8.97032E+04  1.14796E-01
 THETA3        4.38747E-04  7.81945E-05  1.35467E+02  2.10609E+03 -8.12823E+03  6.98562E+02  0.00000E+00 -2.57928E+04 -5.32544E+12  1.39771E+13 -3.82805E+12  4.30058E+09 -2.35568E+09  6.39944E+05
 THETA4        1.46694E-01 -5.26331E-01  2.10609E+03  4.29162E+06 -3.07012E+07  1.07654E+05  0.00000E+00 -3.32897E+06  3.32443E+14 -8.72530E+14  2.05529E+15 -2.68466E+11  1.26477E+12  8.19056E+06
 THETA5       -6.16041E-01  3.24295E+00 -8.12823E+03 -3.07012E+07  2.74246E+08 -9.10879E+05  0.00000E+00  2.25182E+07 -3.30491E+15  8.67407E+15 -1.17890E+16  2.66889E+12 -7.25463E+12  3.94911E+08
 SIGMA(1,1)    4.22938E-03 -8.05429E-03  6.98562E+02  1.07654E+05 -9.10879E+05  2.40484E+07  0.00000E+00  1.39932E+09 -4.80243E+14  1.26091E+15 -8.26142E+14  3.87870E+11 -5.09650E+11 -7.83680E+07
 SIGMA(2,1)    0.00000E+00  0.00000E+00  0.00000E+00  0.00000E+00  0.00000E+00  0.00000E+00  0.00000E+00  0.00000E+00  0.00000E+00  0.00000E+00  0.00000E+00  0.00000E+00  0.00000E+00  0.00000E+00
 SIGMA(2,2)   -8.91860E-02  1.57310E-01 -2.57928E+04 -3.32897E+06  2.25182E+07  1.39932E+09  0.00000E+00  1.03862E+11 -1.54658E+17  4.06120E+17 -2.65981E+17  1.24844E+14 -1.63864E+14 -2.52074E+10
 OMEGA(1,1)   -1.16081E+07 -4.59809E+07 -5.32544E+12  3.32443E+14 -3.30491E+15 -4.80243E+14  0.00000E+00 -1.54658E+17  1.89424E+51 -4.97161E+51  3.26212E+51 -1.52971E+48  2.00744E+48  3.08827E+44
 OMEGA(2,1)    3.04666E+07  1.20681E+08  1.39771E+13 -8.72530E+14  8.67407E+15  1.26091E+15  0.00000E+00  4.06120E+17 -4.97161E+51  1.30485E+52 -8.56175E+51  4.01488E+48 -5.26872E+48 -8.10546E+44
 OMEGA(2,2)    5.82975E+07 -1.45770E+08 -3.82805E+12  2.05529E+15 -1.17890E+16 -8.26142E+14  0.00000E+00 -2.65981E+17  3.26212E+51 -8.56175E+51  5.61778E+51 -2.63436E+48  3.45707E+48  5.31839E+44
 OMEGA(3,1)    9.37418E+03  3.71320E+04  4.30058E+09 -2.68466E+11  2.66889E+12  3.87870E+11  0.00000E+00  1.24844E+14 -1.52971E+48  4.01488E+48 -2.63436E+48  1.23534E+45 -1.62113E+45 -2.49397E+41
 OMEGA(3,2)    3.58747E+04 -8.97032E+04 -2.35568E+09  1.26477E+12 -7.25463E+12 -5.09650E+11  0.00000E+00 -1.63864E+14  2.00744E+48 -5.26872E+48  3.45707E+48 -1.62113E+45  2.12740E+45  3.27283E+41
 OMEGA(3,3)    4.67736E+00  1.14796E-01  6.39944E+05  8.19056E+06  3.94911E+08 -7.83680E+07  0.00000E+00 -2.52074E+10  3.08827E+44 -8.10546E+44  5.31839E+44 -2.49397E+41  3.27283E+41  5.03496E+37
