TABLE NO.     1: First Order Conditional Estimation with Interaction: Problem=1 Subproblem=0 Superproblem1=0 Iteration1=0 Superproblem2=0 Iteration2=0
 NAME         THETA1       THETA2       THETA3       THETA4       THETA5       SIGMA(1,1)   SIGMA(2,1)   SIGMA(2,2)   OMEGA(1,1)   OMEGA(2,1)   OMEGA(2,2)   OMEGA(3,1)   OMEGA(3,2)   OMEGA(3,3)
 THETA1        4.33257E+06 -4.28641E+06 -1.22135E+08  5.47768E+09  1.94038E+10 -2.62320E+09  0.00000E+00  3.64650E+14  1.56820E+11  4.68434E+10 -1.48119E+11 -1.77745E+11  1.75672E+10  6.20404E+10
 THETA2       -4.28641E+06  4.24284E+06  1.20992E+08 -5.48450E+09 -1.92017E+10  2.58351E+09  0.00000E+00 -3.59170E+14 -1.54369E+11 -4.61236E+10  1.45814E+11  1.74958E+11 -1.72814E+10 -6.10667E+10
 THETA3       -1.22135E+08  1.20992E+08  3.45621E+09 -1.60608E+11 -5.47311E+11  7.24978E+10  0.00000E+00 -1.00719E+16 -4.31329E+12 -1.28882E+12  4.07437E+12  4.88535E+12 -4.80650E+11 -1.70488E+12
 THETA4        5.47768E+09 -5.48450E+09 -1.60608E+11  2.11578E+13  2.46620E+13  1.61062E+12  0.00000E+00 -2.23131E+17 -9.62719E+13 -2.86384E+13  9.07621E+13  1.08941E+14 -1.07572E+13 -3.80216E+13
 THETA5        1.94038E+10 -1.92017E+10 -5.47311E+11  2.46620E+13  8.69135E+13 -1.17241E+13  0.00000E+00  1.62997E+18  7.00983E+14  2.09422E+14 -6.62116E+14 -7.94548E+14  7.85313E+13  2.77332E+14
 SIGMA(1,1)   -2.62320E+09  2.58351E+09  7.24978E+10  1.61062E+12 -1.17241E+13  3.96945E+12  0.00000E+00 -5.67595E+17 -2.47359E+14 -7.41723E+13  2.33803E+14  2.81285E+14 -2.82248E+13 -9.82606E+13
 SIGMA(2,1)    0.00000E+00  0.00000E+00  0.00000E+00  0.00000E+00  0.00000E+00  0.00000E+00  0.00000E+00  0.00000E+00  0.00000E+00  0.00000E+00  0.00000E+00  0.00000E+00  0.00000E+00  0.00000E+00
 SIGMA(2,2)    3.64650E+14 -3.59170E+14 -1.00719E+16 -2.23131E+17  1.62997E+18 -5.67595E+17  0.00000E+00  8.15506E+22  3.56827E+19  1.07076E+19 -3.37326E+19 -4.06145E+19  4.09360E+18  1.41909E+19
 OMEGA(1,1)    1.56820E+11 -1.54369E+11 -4.31329E+12 -9.62719E+13  7.00983E+14 -2.47359E+14  0.00000E+00  3.56827E+19  1.67818E+16  5.07932E+15 -1.58948E+16 -1.93879E+16  2.09843E+15  6.79812E+15
 OMEGA(2,1)    4.68434E+10 -4.61236E+10 -1.28882E+12 -2.86384E+13  2.09422E+14 -7.41723E+13  0.00000E+00  1.07076E+19  5.07932E+15  1.54022E+15 -4.81286E+15 -5.87938E+15  6.41467E+14  2.06244E+15
 OMEGA(2,2)   -1.48119E+11  1.45814E+11  4.07437E+12  9.07621E+13 -6.62116E+14  2.33803E+14  0.00000E+00 -3.37326E+19 -1.58948E+16 -4.81286E+15  1.50560E+16  1.83709E+16 -1.99190E+15 -6.44216E+15
 OMEGA(3,1)   -1.77745E+11  1.74958E+11  4.88535E+12  1.08941E+14 -7.94548E+14  2.81285E+14  0.00000E+00 -4.06145E+19 -1.93879E+16 -5.87938E+15  1.83709E+16  2.24655E+16 -2.46417E+15 -7.88270E+15
 OMEGA(3,2)    1.75672E+10 -1.72814E+10 -4.80650E+11 -1.07572E+13  7.85313E+13 -2.82248E+13  0.00000E+00  4.09360E+18  2.09843E+15  6.41467E+14 -1.99190E+15 -2.46417E+15  2.86357E+14  8.67297E+14
 OMEGA(3,3)    6.20404E+10 -6.10667E+10 -1.70488E+12 -3.80216E+13  2.77332E+14 -9.82606E+13  0.00000E+00  1.41909E+19  6.79812E+15  2.06244E+15 -6.44216E+15 -7.88270E+15  8.67297E+14  2.76633E+15
