TABLE NO.     1: First Order Conditional Estimation with Interaction: Problem=1 Subproblem=0 Superproblem1=0 Iteration1=0 Superproblem2=0 Iteration2=0
 NAME         THETA1       THETA2       THETA3       THETA4       THETA5       SIGMA(1,1)   SIGMA(2,1)   SIGMA(2,2)   OMEGA(1,1)   OMEGA(2,1)   OMEGA(2,2)   OMEGA(3,1)   OMEGA(3,2)   OMEGA(3,3)
 THETA1        7.63113E-01  7.37837E-01  3.64146E-01 -9.50713E-01 -3.52492E-01  8.44181E-01  0.00000E+00  6.77348E-01 -6.74115E-01 -6.77889E-01  6.73243E-01 -6.72947E-01 -6.74722E-01 -6.72197E-01
 THETA2        7.37837E-01  2.60976E-01  1.40909E-01 -7.52388E-01 -2.40528E-01  6.98956E-01  0.00000E+00  4.25676E-01 -4.22550E-01 -4.30559E-01  4.21503E-01 -4.20453E-01 -4.24465E-01 -4.18941E-01
 THETA3        3.64146E-01  1.40909E-01  3.34943E-02 -7.18320E-02  7.19099E-01 -1.84164E-01  0.00000E+00  9.30343E-01 -9.32015E-01 -9.28046E-01  9.32471E-01 -9.32671E-01 -9.31461E-01 -9.33011E-01
 THETA4       -9.50713E-01 -7.52388E-01 -7.18320E-02  3.10720E-05  5.99149E-01 -9.66801E-01  0.00000E+00 -4.30577E-01  4.26471E-01  4.32612E-01 -4.25308E-01  4.24812E-01  4.27477E-01  4.23756E-01
 THETA5       -3.52492E-01 -2.40528E-01  7.19099E-01  5.99149E-01  1.68517E-04 -7.76070E-01  0.00000E+00  4.38120E-01 -4.41932E-01 -4.36893E-01  4.42894E-01 -4.43034E-01 -4.41417E-01 -4.43602E-01
 SIGMA(1,1)    8.44181E-01  6.98956E-01 -1.84164E-01 -9.66801E-01 -7.76070E-01  4.66643E-04  0.00000E+00  1.86567E-01 -1.82141E-01 -1.88478E-01  1.80974E-01 -1.80515E-01 -1.83125E-01 -1.79508E-01
 SIGMA(2,1)    0.00000E+00  0.00000E+00  0.00000E+00  0.00000E+00  0.00000E+00  0.00000E+00  0.00000E+00  0.00000E+00  0.00000E+00  0.00000E+00  0.00000E+00  0.00000E+00  0.00000E+00  0.00000E+00
 SIGMA(2,2)    6.77348E-01  4.25676E-01  9.30343E-01 -4.30577E-01  4.38120E-01  1.86567E-01  0.00000E+00  6.63623E-07 -9.99985E-01 -9.99015E-01  9.99943E-01 -9.99882E-01 -9.99957E-01 -9.99732E-01
 OMEGA(1,1)   -6.74115E-01 -4.22550E-01 -9.32015E-01  4.26471E-01 -4.41932E-01 -1.82141E-01  0.00000E+00 -9.99985E-01  1.74475E-02  9.98877E-01 -9.99977E-01  9.99934E-01  9.99940E-01  9.99810E-01
 OMEGA(2,1)   -6.77889E-01 -4.30559E-01 -9.28046E-01  4.32612E-01 -4.36893E-01 -1.88478E-01  0.00000E+00 -9.99015E-01  9.98877E-01  3.77293E-03 -9.98564E-01  9.98266E-01  9.99301E-01  9.97765E-01
 OMEGA(2,2)    6.73243E-01  4.21503E-01  9.32471E-01 -4.25308E-01  4.42894E-01  1.80974E-01  0.00000E+00  9.99943E-01 -9.99977E-01 -9.98564E-01  1.93949E-02 -9.99982E-01 -9.99865E-01 -9.99904E-01
 OMEGA(3,1)   -6.72947E-01 -4.20453E-01 -9.32671E-01  4.24812E-01 -4.43034E-01 -1.80515E-01  0.00000E+00 -9.99882E-01  9.99934E-01  9.98266E-01 -9.99982E-01  7.78568E-02  9.99757E-01  9.99968E-01
 OMEGA(3,2)   -6.74722E-01 -4.24465E-01 -9.31461E-01  4.27477E-01 -4.41417E-01 -1.83125E-01  0.00000E+00 -9.99957E-01  9.99940E-01  9.99301E-01 -9.99865E-01  9.99757E-01  2.33209E-02  9.99548E-01
 OMEGA(3,3)   -6.72197E-01 -4.18941E-01 -9.33011E-01  4.23756E-01 -4.43602E-01 -1.79508E-01  0.00000E+00 -9.99732E-01  9.99810E-01  9.97765E-01 -9.99904E-01  9.99968E-01  9.99548E-01  1.27099E-01
