TABLE NO.     1: First Order Conditional Estimation with Interaction: Problem=1 Subproblem=0 Superproblem1=0 Iteration1=0 Superproblem2=0 Iteration2=0
 NAME         THETA1       THETA2       THETA3       THETA4       THETA5       SIGMA(1,1)   SIGMA(2,1)   SIGMA(2,2)   OMEGA(1,1)   OMEGA(2,1)   OMEGA(2,2)   OMEGA(3,1)   OMEGA(3,2)   OMEGA(3,3)
 THETA1        3.18785E-05 -7.17111E-05 -1.32456E-03  1.39138E-02  0.00000E+00 -1.50228E-02  0.00000E+00 -2.24159E-02 -1.81458E-01  2.34844E-01 -8.28910E-02  5.09477E-02 -3.45381E-02  1.56038E-02
 THETA2       -7.17111E-05  1.79566E-04  3.39694E-03 -5.34166E-03  0.00000E+00  8.45023E-02  0.00000E+00  4.64201E-02  4.17279E-01 -5.53397E-01  1.95384E-01 -1.27656E-01  6.72612E-02 -4.15280E-02
 THETA3       -1.32456E-03  3.39694E-03  1.92579E-01 -1.22539E+00  0.00000E+00  3.72730E+00  0.00000E+00 -7.92987E+00  4.42007E+00 -3.84594E+00  6.11225E-01  2.90597E+00 -3.21510E+00 -4.25142E+00
 THETA4        1.39138E-02 -5.34166E-03 -1.22539E+00  1.38006E+02  0.00000E+00  1.69276E+01  0.00000E+00  7.78498E+01 -2.09865E+02  2.79972E+02 -9.37812E+01  3.51357E+01 -4.75846E+01  4.66848E+01
 THETA5        0.00000E+00  0.00000E+00  0.00000E+00  0.00000E+00  0.00000E+00  0.00000E+00  0.00000E+00  0.00000E+00  0.00000E+00  0.00000E+00  0.00000E+00  0.00000E+00  0.00000E+00  0.00000E+00
 SIGMA(1,1)   -1.50228E-02  8.45023E-02  3.72730E+00  1.69276E+01  0.00000E+00  2.14452E+03  0.00000E+00 -1.38703E+02 -5.97006E+02  1.10504E+03 -4.97538E+02  7.41083E+02 -8.47617E+02 -5.07223E+02
 SIGMA(2,1)    0.00000E+00  0.00000E+00  0.00000E+00  0.00000E+00  0.00000E+00  0.00000E+00  0.00000E+00  0.00000E+00  0.00000E+00  0.00000E+00  0.00000E+00  0.00000E+00  0.00000E+00  0.00000E+00
 SIGMA(2,2)   -2.24159E-02  4.64201E-02 -7.92987E+00  7.78498E+01  0.00000E+00 -1.38703E+02  0.00000E+00  2.04176E+03 -8.80274E+01  2.51984E+00  2.93310E+01  3.57909E+02 -1.19527E+02  2.20922E+02
 OMEGA(1,1)   -1.81458E-01  4.17279E-01  4.42007E+00 -2.09865E+02  0.00000E+00 -5.97006E+02  0.00000E+00 -8.80274E+01  8.71034E+03 -1.18770E+04  4.09990E+03 -5.33091E+03  3.56916E+03  6.88799E+02
 OMEGA(2,1)    2.34844E-01 -5.53397E-01 -3.84594E+00  2.79972E+02  0.00000E+00  1.10504E+03  0.00000E+00  2.51984E+00 -1.18770E+04  1.69419E+04 -6.11076E+03  7.51723E+03 -5.33713E+03 -1.13821E+03
 OMEGA(2,2)   -8.28910E-02  1.95384E-01  6.11225E-01 -9.37812E+01  0.00000E+00 -4.97538E+02  0.00000E+00  2.93310E+01  4.09990E+03 -6.11076E+03  2.30704E+03 -2.68448E+03  2.02362E+03  4.61884E+02
 OMEGA(3,1)    5.09477E-02 -1.27656E-01  2.90597E+00  3.51357E+01  0.00000E+00  7.41083E+02  0.00000E+00  3.57909E+02 -5.33091E+03  7.51723E+03 -2.68448E+03  6.28997E+03 -4.50078E+03 -1.79395E+03
 OMEGA(3,2)   -3.45381E-02  6.72612E-02 -3.21510E+00 -4.75846E+01  0.00000E+00 -8.47617E+02  0.00000E+00 -1.19527E+02  3.56916E+03 -5.33713E+03  2.02362E+03 -4.50078E+03  3.52464E+03  1.47674E+03
 OMEGA(3,3)    1.56038E-02 -4.15280E-02 -4.25142E+00  4.66848E+01  0.00000E+00 -5.07223E+02  0.00000E+00  2.20922E+02  6.88799E+02 -1.13821E+03  4.61884E+02 -1.79395E+03  1.47674E+03  1.19871E+03
