TABLE NO.     1: First Order Conditional Estimation with Interaction: Problem=1 Subproblem=0 Superproblem1=0 Iteration1=0 Superproblem2=0 Iteration2=0
 NAME         THETA1       THETA2       THETA3       THETA4       THETA5       SIGMA(1,1)   SIGMA(2,1)   SIGMA(2,2)   OMEGA(1,1)   OMEGA(2,1)   OMEGA(2,2)   OMEGA(3,1)   OMEGA(3,2)   OMEGA(3,3)
 THETA1        3.06104E-07 -2.89913E-07  8.03369E-06  1.86505E-03  2.12532E+49  5.36793E-03  0.00000E+00 -2.55731E-02  1.66464E-02 -2.14884E-02  6.82745E-03 -3.36430E-02  2.16561E-02  8.49942E-03
 THETA2       -2.89913E-07  3.54660E-07 -1.02911E-05 -2.01108E-03 -2.43214E+49 -7.05904E-03  0.00000E+00  2.79205E-02 -2.51633E-02  3.21485E-02 -1.02605E-02  2.63295E-02 -1.56141E-02 -3.67812E-03
 THETA3        8.03369E-06 -1.02911E-05  5.39772E-04  7.76883E-02  9.38142E+50  2.78353E-01  0.00000E+00 -9.47054E-01 -6.32401E-02  1.90492E-01 -1.08628E-01  7.22690E-02 -1.43685E-01 -1.31935E-01
 THETA4        1.86505E-03 -2.01108E-03  7.76883E-02  1.38765E+01  1.62920E+53  4.48690E+01  0.00000E+00 -1.80177E+02  6.01139E+01 -6.81863E+01  1.75392E+01 -1.21920E+02  6.98944E+01  2.05061E+01
 THETA5        2.12532E+49 -2.43214E+49  9.38142E+50  1.62920E+53  3.5764E+105  1.01192E+54  0.00000E+00 -3.91961E+54  1.53370E+54 -1.76634E+54  4.73607E+53 -2.35059E+54  1.28654E+54  2.79725E+53
 SIGMA(1,1)    5.36793E-03 -7.05904E-03  2.78353E-01  4.48690E+01  1.01192E+54  1.64118E+02  0.00000E+00 -5.85040E+02  2.80602E+02 -3.24848E+02  8.95398E+01 -2.23839E+02  9.55256E+01 -2.09877E+01
 SIGMA(2,1)    0.00000E+00  0.00000E+00  0.00000E+00  0.00000E+00  0.00000E+00  0.00000E+00  0.00000E+00  0.00000E+00  0.00000E+00  0.00000E+00  0.00000E+00  0.00000E+00  0.00000E+00  0.00000E+00
 SIGMA(2,2)   -2.55731E-02  2.79205E-02 -9.47054E-01 -1.80177E+02 -3.91961E+54 -5.85040E+02  0.00000E+00  2.40402E+03 -1.30698E+03  1.60964E+03 -4.82000E+02  2.06567E+03 -1.23468E+03 -3.75524E+02
 OMEGA(1,1)    1.66464E-02 -2.51633E-02 -6.32401E-02  6.01139E+01  1.53370E+54  2.80602E+02  0.00000E+00 -1.30698E+03  4.78539E+03 -6.47100E+03  2.23063E+03 -3.80413E+03  2.47100E+03  6.60091E+02
 OMEGA(2,1)   -2.14884E-02  3.21485E-02  1.90492E-01 -6.81863E+01 -1.76634E+54 -3.24848E+02  0.00000E+00  1.60964E+03 -6.47100E+03  8.77363E+03 -3.03312E+03  5.24823E+03 -3.43406E+03 -9.55537E+02
 OMEGA(2,2)    6.82745E-03 -1.02605E-02 -1.08628E-01  1.75392E+01  4.73607E+53  8.95398E+01  0.00000E+00 -4.82000E+02  2.23063E+03 -3.03312E+03  1.05204E+03 -1.82419E+03  1.20208E+03  3.44396E+02
 OMEGA(3,1)   -3.36430E-02  2.63295E-02  7.22690E-02 -1.21920E+02 -2.35059E+54 -2.23839E+02  0.00000E+00  2.06567E+03 -3.80413E+03  5.24823E+03 -1.82419E+03  6.55906E+03 -4.48327E+03 -1.90788E+03
 OMEGA(3,2)    2.16561E-02 -1.56141E-02 -1.43685E-01  6.98944E+01  1.28654E+54  9.55256E+01  0.00000E+00 -1.23468E+03  2.47100E+03 -3.43406E+03  1.20208E+03 -4.48327E+03  3.08777E+03  1.34672E+03
 OMEGA(3,3)    8.49942E-03 -3.67812E-03 -1.31935E-01  2.05061E+01  2.79725E+53 -2.09877E+01  0.00000E+00 -3.75524E+02  6.60091E+02 -9.55537E+02  3.44396E+02 -1.90788E+03  1.34672E+03  6.56611E+02
