TABLE NO.     1: First Order Conditional Estimation with Interaction: Problem=1 Subproblem=0 Superproblem1=0 Iteration1=0 Superproblem2=0 Iteration2=0
 NAME         THETA1       THETA2       THETA3       THETA4       SIGMA(1,1)   SIGMA(2,1)   SIGMA(2,2)   OMEGA(1,1)   OMEGA(2,1)   OMEGA(2,2)
 THETA1        1.60333E+03  9.91581E-01 -8.80237E-01 -8.65866E-01 -5.17645E-01  0.00000E+00 -3.25791E-01  6.32341E-01  5.63278E-01  1.09649E-01
 THETA2        9.91581E-01  7.57603E+02 -9.21550E-01 -8.92929E-01 -5.22063E-01  0.00000E+00 -3.46132E-01  6.59851E-01  5.77353E-01  1.09351E-01
 THETA3       -8.80237E-01 -9.21550E-01  7.20239E+00  9.19002E-01  4.71587E-01  0.00000E+00  3.36880E-01 -6.45743E-01 -5.11740E-01 -7.08454E-02
 THETA4       -8.65866E-01 -8.92929E-01  9.19002E-01  2.17014E-01  4.10307E-01  0.00000E+00  4.21791E-01 -6.21179E-01 -4.89738E-01 -1.07606E-01
 SIGMA(1,1)   -5.17645E-01 -5.22063E-01  4.71587E-01  4.10307E-01  1.07038E-01  0.00000E+00  1.92939E-01 -3.98237E-01 -3.83973E-01 -1.28385E-01
 SIGMA(2,1)    0.00000E+00  0.00000E+00  0.00000E+00  0.00000E+00  0.00000E+00  0.00000E+00  0.00000E+00  0.00000E+00  0.00000E+00  0.00000E+00
 SIGMA(2,2)   -3.25791E-01 -3.46132E-01  3.36880E-01  4.21791E-01  1.92939E-01  0.00000E+00  2.16967E-02 -3.06547E-01 -1.88013E-01 -1.23252E-01
 OMEGA(1,1)    6.32341E-01  6.59851E-01 -6.45743E-01 -6.21179E-01 -3.98237E-01  0.00000E+00 -3.06547E-01  2.56706E-02  8.93308E-01  4.51151E-01
 OMEGA(2,1)    5.63278E-01  5.77353E-01 -5.11740E-01 -4.89738E-01 -3.83973E-01  0.00000E+00 -1.88013E-01  8.93308E-01  2.81286E-02  6.29703E-01
 OMEGA(2,2)    1.09649E-01  1.09351E-01 -7.08454E-02 -1.07606E-01 -1.28385E-01  0.00000E+00 -1.23252E-01  4.51151E-01  6.29703E-01  3.25751E-02
