TABLE NO.     1: First Order Conditional Estimation with Interaction: Problem=1 Subproblem=0 Superproblem1=0 Iteration1=0 Superproblem2=0 Iteration2=0
 NAME         THETA1       THETA2       THETA3       THETA4       SIGMA(1,1)   SIGMA(2,1)   SIGMA(2,2)   OMEGA(1,1)   OMEGA(2,1)   OMEGA(2,2)
 THETA1        1.49217E+00 -4.88362E+00 -9.58423E+01  3.11229E+00  1.68056E+04  0.00000E+00 -3.28733E+03  6.83412E+03 -1.42857E+04  6.81694E+03
 THETA2       -4.88362E+00  1.59838E+01  3.13688E+02 -1.02182E+01 -5.50381E+04  0.00000E+00  1.07672E+04 -2.23465E+04  4.67134E+04 -2.22925E+04
 THETA3       -9.58423E+01  3.13688E+02  6.15662E+03 -2.04014E+02 -1.08035E+06  0.00000E+00  2.11378E+05 -4.38665E+05  9.16985E+05 -4.37596E+05
 THETA4        3.11229E+00 -1.02182E+01 -2.04014E+02  8.23834E+01  3.34511E+04  0.00000E+00 -6.62216E+03  1.46147E+04 -3.05204E+04  1.45167E+04
 SIGMA(1,1)    1.68056E+04 -5.50381E+04 -1.08035E+06  3.34511E+04  1.96740E+08  0.00000E+00 -3.82490E+07  7.34955E+07 -1.53852E+08  7.36578E+07
 SIGMA(2,1)    0.00000E+00  0.00000E+00  0.00000E+00  0.00000E+00  0.00000E+00  0.00000E+00  0.00000E+00  0.00000E+00  0.00000E+00  0.00000E+00
 SIGMA(2,2)   -3.28733E+03  1.07672E+04  2.11378E+05 -6.62216E+03 -3.82490E+07  0.00000E+00  7.51884E+06 -1.46040E+07  3.05618E+07 -1.46197E+07
 OMEGA(1,1)    6.83412E+03 -2.23465E+04 -4.38665E+05  1.46147E+04  7.34955E+07  0.00000E+00 -1.46040E+07  3.34541E+07 -6.97814E+07  3.31573E+07
 OMEGA(2,1)   -1.42857E+04  4.67134E+04  9.16985E+05 -3.05204E+04 -1.53852E+08  0.00000E+00  3.05618E+07 -6.97814E+07  1.45580E+08 -6.91853E+07
 OMEGA(2,2)    6.81694E+03 -2.22925E+04 -4.37596E+05  1.45167E+04  7.36578E+07  0.00000E+00 -1.46197E+07  3.31573E+07 -6.91853E+07  3.28918E+07
