TABLE NO.     1: First Order Conditional Estimation with Interaction: Problem=1 Subproblem=0 Superproblem1=0 Iteration1=0 Superproblem2=0 Iteration2=0
 NAME         THETA1       THETA2       THETA3       THETA4       SIGMA(1,1)   SIGMA(2,1)   SIGMA(2,2)   OMEGA(1,1)   OMEGA(2,1)   OMEGA(2,2)
 THETA1        9.70083E+05  4.25438E+05 -2.59677E+03 -7.67308E+01 -5.27179E+01  0.00000E+00  1.40603E+01  1.28620E+01  1.13409E+01  1.95284E+00
 THETA2        4.25438E+05  1.95168E+05 -1.36929E+03 -3.87864E+01 -2.32626E+01  0.00000E+00  6.42377E+00  6.24782E+00  5.34150E+00  8.47924E-01
 THETA3       -2.59677E+03 -1.36929E+03  1.74341E+01  4.47830E-01  1.33209E-01  0.00000E+00 -5.37663E-02 -5.01509E-02 -3.25770E-02  2.45931E-03
 THETA4       -7.67308E+01 -3.87864E+01  4.47830E-01  1.74307E-02  3.08375E-03  0.00000E+00 -1.88984E-03 -1.50404E-03 -9.84533E-04 -5.63847E-05
 SIGMA(1,1)   -5.27179E+01 -2.32626E+01  1.33209E-01  3.08375E-03  1.07665E-02  0.00000E+00 -6.39512E-04 -1.02095E-03 -8.15545E-04 -5.83029E-04
 SIGMA(2,1)    0.00000E+00  0.00000E+00  0.00000E+00  0.00000E+00  0.00000E+00  0.00000E+00  0.00000E+00  0.00000E+00  0.00000E+00  0.00000E+00
 SIGMA(2,2)    1.40603E+01  6.42377E+00 -5.37663E-02 -1.88984E-03 -6.39512E-04  0.00000E+00  6.09266E-04  2.70669E-04  2.28573E-04 -7.91196E-05
 OMEGA(1,1)    1.28620E+01  6.24782E+00 -5.01509E-02 -1.50404E-03 -1.02095E-03  0.00000E+00  2.70669E-04  5.95269E-04  5.55721E-04  3.39946E-04
 OMEGA(2,1)    1.13409E+01  5.34150E+00 -3.25770E-02 -9.84533E-04 -8.15545E-04  0.00000E+00  2.28573E-04  5.55721E-04  6.79457E-04  5.38913E-04
 OMEGA(2,2)    1.95284E+00  8.47924E-01  2.45931E-03 -5.63847E-05 -5.83029E-04  0.00000E+00 -7.91196E-05  3.39946E-04  5.38913E-04  1.07884E-03
