TABLE NO.     1: First Order Conditional Estimation with Interaction: Problem=1 Subproblem=0 Superproblem1=0 Iteration1=0 Superproblem2=0 Iteration2=0
 NAME         THETA1       THETA2       THETA3       THETA4       SIGMA(1,1)   SIGMA(2,1)   SIGMA(2,2)   OMEGA(1,1)   OMEGA(2,1)   OMEGA(2,2)
 THETA1        4.51376E-05 -1.15729E-04 -2.34859E-03  7.43143E-03  7.86615E-04  0.00000E+00 -6.33158E-02  1.89981E-02  6.89740E-02 -2.98654E-02
 THETA2       -1.15729E-04  3.12856E-04  6.91651E-03 -1.38432E-03  8.67129E-03  0.00000E+00  1.73584E-01  2.94610E-02 -3.20352E-01  1.17892E-01
 THETA3       -2.34859E-03  6.91651E-03  3.22286E-01 -3.47639E+00 -4.19786E-01  0.00000E+00  7.06063E+00  9.90201E+00 -1.11362E+01  5.78497E-01
 THETA4        7.43143E-03 -1.38432E-03 -3.47639E+00  1.73332E+02  2.40328E+01  0.00000E+00 -1.84222E+02  1.26178E+02 -1.65745E+02  7.34954E+01
 SIGMA(1,1)    7.86615E-04  8.67129E-03 -4.19786E-01  2.40328E+01  1.25218E+02  0.00000E+00 -3.93618E+01 -1.47828E+01  6.03471E+01  6.38969E+00
 SIGMA(2,1)    0.00000E+00  0.00000E+00  0.00000E+00  0.00000E+00  0.00000E+00  0.00000E+00  0.00000E+00  0.00000E+00  0.00000E+00  0.00000E+00
 SIGMA(2,2)   -6.33158E-02  1.73584E-01  7.06063E+00 -1.84222E+02 -3.93618E+01  0.00000E+00  2.91174E+03  1.24039E+03 -1.38525E+03  4.13444E+02
 OMEGA(1,1)    1.89981E-02  2.94610E-02  9.90201E+00  1.26178E+02 -1.47828E+01  0.00000E+00  1.24039E+03  1.11823E+04 -9.06771E+03  1.11863E+03
 OMEGA(2,1)    6.89740E-02 -3.20352E-01 -1.11362E+01 -1.65745E+02  6.03471E+01  0.00000E+00 -1.38525E+03 -9.06771E+03  1.13173E+04 -2.86902E+03
 OMEGA(2,2)   -2.98654E-02  1.17892E-01  5.78497E-01  7.34954E+01  6.38969E+00  0.00000E+00  4.13444E+02  1.11863E+03 -2.86902E+03  2.06445E+03
