TABLE NO.     1: First Order Conditional Estimation with Interaction: Problem=1 Subproblem=0 Superproblem1=0 Iteration1=0 Superproblem2=0 Iteration2=0
 NAME         THETA1       THETA2       THETA3       THETA4       SIGMA(1,1)   SIGMA(2,1)   SIGMA(2,2)   OMEGA(1,1)   OMEGA(2,1)   OMEGA(2,2)
 THETA1        4.61895E-05 -1.16492E-04 -2.40795E-03  2.59545E-03  4.76553E-03  0.00000E+00 -7.93482E-02  2.42914E-02  7.21634E-02 -3.33719E-02
 THETA2       -1.16492E-04  3.11781E-04  6.88861E-03  1.50901E-03  9.22872E-03  0.00000E+00  1.59342E-01 -2.09167E-02 -2.95719E-01  1.21179E-01
 THETA3       -2.40795E-03  6.88861E-03  3.50689E-01 -3.97367E+00 -3.68503E-03  0.00000E+00  2.38415E+00  7.60447E+00 -1.08205E+01  1.11923E+00
 THETA4        2.59545E-03  1.50901E-03 -3.97367E+00  2.00905E+02  2.99921E+01  0.00000E+00  2.43508E+02  2.64369E+02 -3.12240E+02  1.20410E+02
 SIGMA(1,1)    4.76553E-03  9.22872E-03 -3.68503E-03  2.99921E+01  1.43217E+02  0.00000E+00  1.51796E+01  3.33547E+02 -3.02063E+02  1.09994E+02
 SIGMA(2,1)    0.00000E+00  0.00000E+00  0.00000E+00  0.00000E+00  0.00000E+00  0.00000E+00  0.00000E+00  0.00000E+00  0.00000E+00  0.00000E+00
 SIGMA(2,2)   -7.93482E-02  1.59342E-01  2.38415E+00  2.43508E+02  1.51796E+01  0.00000E+00  3.37939E+03  2.33442E+02 -1.54977E+03  9.82321E+02
 OMEGA(1,1)    2.42914E-02 -2.09167E-02  7.60447E+00  2.64369E+02  3.33547E+02  0.00000E+00  2.33442E+02  1.09702E+04 -9.16552E+03  1.28804E+03
 OMEGA(2,1)    7.21634E-02 -2.95719E-01 -1.08205E+01 -3.12240E+02 -3.02063E+02  0.00000E+00 -1.54977E+03 -9.16552E+03  1.17880E+04 -3.16711E+03
 OMEGA(2,2)   -3.33719E-02  1.21179E-01  1.11923E+00  1.20410E+02  1.09994E+02  0.00000E+00  9.82321E+02  1.28804E+03 -3.16711E+03  2.20351E+03
