TABLE NO.     1: First Order Conditional Estimation with Interaction: Problem=1 Subproblem=0 Superproblem1=0 Iteration1=0 Superproblem2=0 Iteration2=0
 NAME         THETA1       THETA2       THETA3       THETA4       SIGMA(1,1)   SIGMA(2,1)   SIGMA(2,2)   OMEGA(1,1)   OMEGA(2,1)   OMEGA(2,2)
 THETA1        5.16145E+02  9.62201E-01 -7.29369E-01 -5.14655E-01 -9.02496E-01  0.00000E+00 -9.27353E-01  4.30448E-01  4.82961E-01  1.71688E-01
 THETA2        9.62201E-01  2.23779E+02 -8.87413E-01 -6.85550E-01 -9.35583E-01  0.00000E+00 -9.12598E-01  4.64138E-01  5.31859E-01  2.18487E-01
 THETA3       -7.29369E-01 -8.87413E-01  4.94348E+00  8.59271E-01  8.44677E-01  0.00000E+00  7.38715E-01 -4.51710E-01 -5.26978E-01 -2.51141E-01
 THETA4       -5.14655E-01 -6.85550E-01  8.59271E-01  2.39113E-01  6.75486E-01  0.00000E+00  5.54521E-01 -3.69234E-01 -4.25447E-01 -1.99784E-01
 SIGMA(1,1)   -9.02496E-01 -9.35583E-01  8.44677E-01  6.75486E-01  4.24537E-03  0.00000E+00  9.63624E-01 -5.08863E-01 -5.60381E-01 -2.11308E-01
 SIGMA(2,1)    0.00000E+00  0.00000E+00  0.00000E+00  0.00000E+00  0.00000E+00  0.00000E+00  0.00000E+00  0.00000E+00  0.00000E+00  0.00000E+00
 SIGMA(2,2)   -9.27353E-01 -9.12598E-01  7.38715E-01  5.54521E-01  9.63624E-01  0.00000E+00  1.26061E-02 -4.73238E-01 -4.94394E-01 -1.36591E-01
 OMEGA(1,1)    4.30448E-01  4.64138E-01 -4.51710E-01 -3.69234E-01 -5.08863E-01  0.00000E+00 -4.73238E-01  2.16712E-02  8.90455E-01  4.50344E-01
 OMEGA(2,1)    4.82961E-01  5.31859E-01 -5.26978E-01 -4.25447E-01 -5.60381E-01  0.00000E+00 -4.94394E-01  8.90455E-01  1.80559E-02  7.88391E-01
 OMEGA(2,2)    1.71688E-01  2.18487E-01 -2.51141E-01 -1.99784E-01 -2.11308E-01  0.00000E+00 -1.36591E-01  4.50344E-01  7.88391E-01  1.96246E-02
