TABLE NO.     1: First Order Conditional Estimation with Interaction: Problem=1 Subproblem=0 Superproblem1=0 Iteration1=0 Superproblem2=0 Iteration2=0
 NAME         THETA1       THETA2       THETA3       THETA4       SIGMA(1,1)   SIGMA(2,1)   SIGMA(2,2)   OMEGA(1,1)   OMEGA(2,1)   OMEGA(2,2)
 THETA1        2.66405E+05  1.11137E+05 -1.86102E+03 -6.35171E+01 -1.97757E+00  0.00000E+00 -6.03390E+00  4.81478E+00  4.50095E+00  1.73905E+00
 THETA2        1.11137E+05  5.00772E+04 -9.81701E+02 -3.66828E+01 -8.88829E-01  0.00000E+00 -2.57443E+00  2.25087E+00  2.14900E+00  9.59499E-01
 THETA3       -1.86102E+03 -9.81701E+02  2.44380E+01  1.01570E+00  1.77272E-02  0.00000E+00  4.60353E-02 -4.83923E-02 -4.70377E-02 -2.43641E-02
 THETA4       -6.35171E+01 -3.66828E+01  1.01570E+00  5.71751E-02  6.85702E-04  0.00000E+00  1.67149E-03 -1.91332E-03 -1.83683E-03 -9.37483E-04
 SIGMA(1,1)   -1.97757E+00 -8.88829E-01  1.77272E-02  6.85702E-04  1.80232E-05  0.00000E+00  5.15709E-05 -4.68167E-05 -4.29555E-05 -1.76049E-05
 SIGMA(2,1)    0.00000E+00  0.00000E+00  0.00000E+00  0.00000E+00  0.00000E+00  0.00000E+00  0.00000E+00  0.00000E+00  0.00000E+00  0.00000E+00
 SIGMA(2,2)   -6.03390E+00 -2.57443E+00  4.60353E-02  1.67149E-03  5.15709E-05  0.00000E+00  1.58914E-04 -1.29284E-04 -1.12532E-04 -3.37912E-05
 OMEGA(1,1)    4.81478E+00  2.25087E+00 -4.83923E-02 -1.91332E-03 -4.68167E-05  0.00000E+00 -1.29284E-04  4.69642E-04  3.48430E-04  1.91526E-04
 OMEGA(2,1)    4.50095E+00  2.14900E+00 -4.70377E-02 -1.83683E-03 -4.29555E-05  0.00000E+00 -1.12532E-04  3.48430E-04  3.26017E-04  2.79358E-04
 OMEGA(2,2)    1.73905E+00  9.59499E-01 -2.43641E-02 -9.37483E-04 -1.76049E-05  0.00000E+00 -3.37912E-05  1.91526E-04  2.79358E-04  3.85123E-04
