TABLE NO.     1: First Order Conditional Estimation with Interaction: Problem=1 Subproblem=0 Superproblem1=0 Iteration1=0 Superproblem2=0 Iteration2=0
 NAME         THETA1       THETA2       THETA3       THETA4       THETA5       THETA6       THETA7       SIGMA(1,1)   SIGMA(2,1)   SIGMA(2,2)   OMEGA(1,1)   OMEGA(2,1)   OMEGA(2,2)
 THETA1        1.23979E+03  9.93006E-01  8.92677E-01  9.07877E-01 -8.10723E-01  4.29258E-01  9.46370E-01  7.41726E-02  0.00000E+00 -3.29210E-01  4.30838E-01  9.43584E-01 -4.94176E-01
 THETA2        9.93006E-01  3.42372E+02  9.00318E-01  9.13792E-01 -8.59809E-01  4.17643E-01  9.44856E-01  7.29583E-02  0.00000E+00 -3.49890E-01  3.92508E-01  9.43171E-01 -4.99023E-01
 THETA3        8.92677E-01  9.00318E-01  8.09397E+00  9.93218E-01 -8.48242E-01  2.76093E-01  9.65546E-01  3.33579E-02  0.00000E+00 -3.04899E-01  3.72840E-01  8.79361E-01 -6.41576E-01
 THETA4        9.07877E-01  9.13792E-01  9.93218E-01  1.45326E-01 -8.41354E-01  3.75754E-01  9.83894E-01 -3.45981E-02  0.00000E+00 -2.95921E-01  3.69416E-01  8.91044E-01 -6.48094E-01
 THETA5       -8.10723E-01 -8.59809E-01 -8.48242E-01 -8.41354E-01  5.08704E-01 -2.11900E-01 -8.05011E-01 -2.08802E-02  0.00000E+00  3.46694E-01 -1.28720E-01 -8.25253E-01  5.54506E-01
 THETA6        4.29258E-01  4.17643E-01  2.76093E-01  3.75754E-01 -2.11900E-01  3.35045E-01  4.87912E-01 -5.34126E-01  0.00000E+00 -3.47083E-02  1.15155E-01  3.68053E-01 -1.93515E-01
 THETA7        9.46370E-01  9.44856E-01  9.65546E-01  9.83894E-01 -8.05011E-01  4.87912E-01  1.78101E-01 -6.01889E-02  0.00000E+00 -2.81356E-01  4.09864E-01  9.09360E-01 -6.05127E-01
 SIGMA(1,1)    7.41726E-02  7.29583E-02  3.33579E-02 -3.45981E-02 -2.08802E-02 -5.34126E-01 -6.01889E-02  1.06862E-03  0.00000E+00 -5.20626E-01  4.53349E-01  2.00830E-03  5.15738E-01
 SIGMA(2,1)    0.00000E+00  0.00000E+00  0.00000E+00  0.00000E+00  0.00000E+00  0.00000E+00  0.00000E+00  0.00000E+00  0.00000E+00  0.00000E+00  0.00000E+00  0.00000E+00  0.00000E+00
 SIGMA(2,2)   -3.29210E-01 -3.49890E-01 -3.04899E-01 -2.95921E-01  3.46694E-01 -3.47083E-02 -2.81356E-01 -5.20626E-01  0.00000E+00  1.66845E-02 -3.59419E-01 -3.15254E-01  1.10326E-02
 OMEGA(1,1)    4.30838E-01  3.92508E-01  3.72840E-01  3.69416E-01 -1.28720E-01  1.15155E-01  4.09864E-01  4.53349E-01  0.00000E+00 -3.59419E-01  2.69071E-02  4.04065E-01 -7.25004E-02
 OMEGA(2,1)    9.43584E-01  9.43171E-01  8.79361E-01  8.91044E-01 -8.25253E-01  3.68053E-01  9.09360E-01  2.00830E-03  0.00000E+00 -3.15254E-01  4.04065E-01  6.94769E-02 -5.70772E-01
 OMEGA(2,2)   -4.94176E-01 -4.99023E-01 -6.41576E-01 -6.48094E-01  5.54506E-01 -1.93515E-01 -6.05127E-01  5.15738E-01  0.00000E+00  1.10326E-02 -7.25004E-02 -5.70772E-01  5.74091E-02
