TABLE NO.     1: First Order Conditional Estimation with Interaction: Problem=1 Subproblem=0 Superproblem1=0 Iteration1=0 Superproblem2=0 Iteration2=0
 NAME         THETA1       THETA2       THETA3       THETA4       THETA5       THETA6       THETA7       SIGMA(1,1)   SIGMA(2,1)   SIGMA(2,2)   OMEGA(1,1)   OMEGA(2,1)   OMEGA(2,2)
 THETA1        1.28712E+03  9.93463E-01  9.00885E-01  9.14297E-01 -8.22660E-01  4.06850E-01  9.49749E-01  4.42026E-01  0.00000E+00 -3.53109E-01  4.49914E-01  9.47856E-01 -5.15797E-01
 THETA2        9.93463E-01  3.55673E+02  9.08204E-01  9.20113E-01 -8.68815E-01  3.96406E-01  9.48607E-01  4.19163E-01  0.00000E+00 -3.73626E-01  4.12811E-01  9.47541E-01 -5.20791E-01
 THETA3        9.00885E-01  9.08204E-01  8.40688E+00  9.93646E-01 -8.58355E-01  2.62357E-01  9.67950E-01  4.70999E-01  0.00000E+00 -3.32363E-01  3.94781E-01  8.88471E-01 -6.54716E-01
 THETA4        9.14297E-01  9.20113E-01  9.93646E-01  1.50447E-01 -8.51908E-01  3.59396E-01  9.84991E-01  3.99656E-01  0.00000E+00 -3.24925E-01  3.90217E-01  8.98491E-01 -6.60592E-01
 THETA5       -8.22660E-01 -8.68815E-01 -8.58355E-01 -8.51908E-01  5.25024E-01 -2.03896E-01 -8.17630E-01 -3.14066E-01  0.00000E+00  3.71905E-01 -1.57694E-01 -8.36574E-01  5.73030E-01
 THETA6        4.06850E-01  3.96406E-01  2.62357E-01  3.59396E-01 -2.03896E-01  3.33911E-01  4.67786E-01 -5.27448E-01  0.00000E+00 -4.99344E-02  1.05113E-01  3.47079E-01 -1.84268E-01
 THETA7        9.49749E-01  9.48607E-01  9.67950E-01  9.84991E-01 -8.17630E-01  4.67786E-01  1.83979E-01  3.55570E-01  0.00000E+00 -3.10912E-01  4.28371E-01  9.15051E-01 -6.19379E-01
 SIGMA(1,1)    4.42026E-01  4.19163E-01  4.70999E-01  3.99656E-01 -3.14066E-01 -5.27448E-01  3.55570E-01  5.89594E-04  0.00000E+00 -3.10885E-01  6.42926E-01  4.66155E-01 -2.26315E-01
 SIGMA(2,1)    0.00000E+00  0.00000E+00  0.00000E+00  0.00000E+00  0.00000E+00  0.00000E+00  0.00000E+00  0.00000E+00  0.00000E+00  0.00000E+00  0.00000E+00  0.00000E+00  0.00000E+00
 SIGMA(2,2)   -3.53109E-01 -3.73626E-01 -3.32363E-01 -3.24925E-01  3.71905E-01 -4.99344E-02 -3.10912E-01 -3.10885E-01  0.00000E+00  1.67116E-02 -3.60896E-01 -3.42637E-01  5.04503E-02
 OMEGA(1,1)    4.49914E-01  4.12811E-01  3.94781E-01  3.90217E-01 -1.57694E-01  1.05113E-01  4.28371E-01  6.42926E-01  0.00000E+00 -3.60896E-01  2.72967E-02  4.25822E-01 -1.00523E-01
 OMEGA(2,1)    9.47856E-01  9.47541E-01  8.88471E-01  8.98491E-01 -8.36574E-01  3.47079E-01  9.15051E-01  4.66155E-01  0.00000E+00 -3.42637E-01  4.25822E-01  7.21820E-02 -5.87142E-01
 OMEGA(2,2)   -5.15797E-01 -5.20791E-01 -6.54716E-01 -6.60592E-01  5.73030E-01 -1.84268E-01 -6.19379E-01 -2.26315E-01  0.00000E+00  5.04503E-02 -1.00523E-01 -5.87142E-01  5.77693E-02
