TABLE NO.     1: First Order Conditional Estimation with Interaction: Problem=1 Subproblem=0 Superproblem1=0 Iteration1=0 Superproblem2=0 Iteration2=0
 NAME         THETA1       THETA2       THETA3       THETA4       THETA5       THETA6       THETA7       SIGMA(1,1)   SIGMA(2,1)   SIGMA(2,2)   OMEGA(1,1)   OMEGA(2,1)   OMEGA(2,2)
 THETA1        3.69983E-01  4.13230E-01 -2.55275E+00 -7.10009E+02  7.70507E+02 -3.03231E+03  1.19221E+03 -1.97748E+06  0.00000E+00 -2.68559E+03  1.64187E+04  4.17057E+03 -1.46731E+03
 THETA2        4.13230E-01  4.65006E-01 -2.82231E+00 -7.93688E+02  8.62209E+02 -3.39145E+03  1.33108E+03 -2.21179E+06  0.00000E+00 -3.00286E+03  1.83644E+04  4.66506E+03 -1.64148E+03
 THETA3       -2.55275E+00 -2.82231E+00  2.67038E+01  4.56315E+03 -5.30739E+03  2.09606E+04 -8.43036E+03  1.36462E+07  0.00000E+00  1.85709E+04 -1.13292E+05 -2.87645E+04  1.01091E+04
 THETA4       -7.10009E+02 -7.93688E+02  4.56315E+03  1.38547E+06 -1.47911E+06  5.82017E+06 -2.29133E+06  3.79605E+09  0.00000E+00  5.15602E+06 -3.15174E+07 -8.00718E+06  2.81751E+06
 THETA5        7.70507E+02  8.62209E+02 -5.30739E+03 -1.47911E+06  1.60545E+06 -6.31738E+06  2.48317E+06 -4.11982E+09  0.00000E+00 -5.59481E+06  3.42061E+07  8.68920E+06 -3.05704E+06
 THETA6       -3.03231E+03 -3.39145E+03  2.09606E+04  5.82017E+06 -6.31738E+06  2.48605E+07 -9.77576E+06  1.62123E+10  0.00000E+00  2.20173E+07 -1.34608E+08 -3.41934E+07  1.20298E+07
 THETA7        1.19221E+03  1.33108E+03 -8.43036E+03 -2.29133E+06  2.48317E+06 -9.77576E+06  3.85841E+06 -6.37424E+09  0.00000E+00 -8.65979E+06  5.29228E+07  1.34439E+07 -4.72933E+06
 SIGMA(1,1)   -1.97748E+06 -2.21179E+06  1.36462E+07  3.79605E+09 -4.11982E+09  1.62123E+10 -6.37424E+09  1.05726E+13  0.00000E+00  1.43581E+10 -8.77826E+10 -2.22987E+10  7.84509E+09
 SIGMA(2,1)    0.00000E+00  0.00000E+00  0.00000E+00  0.00000E+00  0.00000E+00  0.00000E+00  0.00000E+00  0.00000E+00  0.00000E+00  0.00000E+00  0.00000E+00  0.00000E+00  0.00000E+00
 SIGMA(2,2)   -2.68559E+03 -3.00286E+03  1.85709E+04  5.15602E+06 -5.59481E+06  2.20173E+07 -8.65979E+06  1.43581E+10  0.00000E+00  1.95047E+07 -1.19211E+08 -3.02827E+07  1.06542E+07
 OMEGA(1,1)    1.64187E+04  1.83644E+04 -1.13292E+05 -3.15174E+07  3.42061E+07 -1.34608E+08  5.29228E+07 -8.77826E+10  0.00000E+00 -1.19211E+08  7.28848E+08  1.85142E+08 -6.51368E+07
 OMEGA(2,1)    4.17057E+03  4.66506E+03 -2.87645E+04 -8.00718E+06  8.68920E+06 -3.41934E+07  1.34439E+07 -2.22987E+10  0.00000E+00 -3.02827E+07  1.85142E+08  4.70328E+07 -1.65458E+07
 OMEGA(2,2)   -1.46731E+03 -1.64148E+03  1.01091E+04  2.81751E+06 -3.05704E+06  1.20298E+07 -4.72933E+06  7.84509E+09  0.00000E+00  1.06542E+07 -6.51368E+07 -1.65458E+07  5.82195E+06
