TABLE NO.     1: First Order Conditional Estimation with Interaction: Problem=1 Subproblem=0 Superproblem1=0 Iteration1=0 Superproblem2=0 Iteration2=0
 NAME         THETA1       THETA2       THETA3       THETA4       THETA5       THETA6       THETA7       SIGMA(1,1)   SIGMA(2,1)   SIGMA(2,2)   OMEGA(1,1)   OMEGA(2,1)   OMEGA(2,2)
 THETA1        1.53708E+06  4.21500E+05  8.95784E+03  1.63575E+02 -5.11311E+02  1.78307E+02  2.08966E+02  9.82681E-02  0.00000E+00 -6.80980E+00  1.43724E+01  8.12771E+01 -3.51731E+01
 THETA2        4.21500E+05  1.17218E+05  2.49491E+03  4.54662E+01 -1.49749E+02  4.79077E+01  5.76144E+01  2.66928E-02  0.00000E+00 -1.99868E+00  3.61588E+00  2.24351E+01 -9.80842E+00
 THETA3        8.95784E+03  2.49491E+03  6.55123E+01  1.16829E+00 -3.49258E+00  7.48721E-01  1.39188E+00  2.88524E-04  0.00000E+00 -4.11748E-02  8.11990E-02  4.94503E-01 -2.98120E-01
 THETA4        1.63575E+02  4.54662E+01  1.16829E+00  2.11197E-02 -6.21995E-02  1.82957E-02  2.54659E-02 -5.37301E-06  0.00000E+00 -7.17518E-04  1.44453E-03  8.99670E-03 -5.40708E-03
 THETA5       -5.11311E+02 -1.49749E+02 -3.49258E+00 -6.21995E-02  2.58779E-01 -3.61159E-02 -7.29347E-02 -1.13507E-05  0.00000E+00  2.94256E-03 -1.76189E-03 -2.91670E-02  1.61939E-02
 THETA6        1.78307E+02  4.79077E+01  7.48721E-01  1.82957E-02 -3.61159E-02  1.12255E-01  2.91147E-02 -1.91235E-04  0.00000E+00 -1.94021E-04  1.03813E-03  8.56747E-03 -3.72219E-03
 THETA7        2.08966E+02  5.76144E+01  1.39188E+00  2.54659E-02 -7.29347E-02  2.91147E-02  3.17201E-02 -1.14553E-05  0.00000E+00 -8.36060E-04  1.96415E-03  1.12524E-02 -6.18721E-03
 SIGMA(1,1)    9.82681E-02  2.66928E-02  2.88524E-04 -5.37301E-06 -1.13507E-05 -1.91235E-04 -1.14553E-05  1.14194E-06  0.00000E+00 -9.28241E-06  1.30353E-05  1.49105E-07  3.16397E-05
 SIGMA(2,1)    0.00000E+00  0.00000E+00  0.00000E+00  0.00000E+00  0.00000E+00  0.00000E+00  0.00000E+00  0.00000E+00  0.00000E+00  0.00000E+00  0.00000E+00  0.00000E+00  0.00000E+00
 SIGMA(2,2)   -6.80980E+00 -1.99868E+00 -4.11748E-02 -7.17518E-04  2.94256E-03 -1.94021E-04 -8.36060E-04 -9.28241E-06  0.00000E+00  2.78373E-04 -1.61355E-04 -3.65438E-04  1.05675E-05
 OMEGA(1,1)    1.43724E+01  3.61588E+00  8.11990E-02  1.44453E-03 -1.76189E-03  1.03813E-03  1.96415E-03  1.30353E-05  0.00000E+00 -1.61355E-04  7.23992E-04  7.55368E-04 -1.11992E-04
 OMEGA(2,1)    8.12771E+01  2.24351E+01  4.94503E-01  8.99670E-03 -2.91670E-02  8.56747E-03  1.12524E-02  1.49105E-07  0.00000E+00 -3.65438E-04  7.55368E-04  4.82703E-03 -2.27659E-03
 OMEGA(2,2)   -3.51731E+01 -9.80842E+00 -2.98120E-01 -5.40708E-03  1.61939E-02 -3.72219E-03 -6.18721E-03  3.16397E-05  0.00000E+00  1.05675E-05 -1.11992E-04 -2.27659E-03  3.29581E-03
