TABLE NO.     1: First Order Conditional Estimation with Interaction: Problem=1 Subproblem=0 Superproblem1=0 Iteration1=0 Superproblem2=0 Iteration2=0
 NAME         THETA1       THETA2       THETA3       THETA4       SIGMA(1,1)   SIGMA(2,1)   SIGMA(2,2)   OMEGA(1,1)   OMEGA(2,1)   OMEGA(2,2)   OMEGA(3,1)   OMEGA(3,2)   OMEGA(3,3)
 THETA1        3.12531E-05 -6.96406E-05 -1.39437E-03 -5.37501E-03 -3.31623E-03  0.00000E+00 -1.18616E-02  1.45649E-01 -2.17193E-01  7.02464E-02 -1.08674E-01  6.03204E-02  5.51807E-04
 THETA2       -6.96406E-05  1.72458E-04  3.72837E-03  1.19063E-02 -3.23052E-02  0.00000E+00  5.53255E-02 -3.49409E-01  4.89315E-01 -1.59645E-01  1.57541E-01 -8.60874E-02  1.85517E-02
 THETA3       -1.39437E-03  3.72837E-03  3.22780E-01 -2.85434E+00 -2.60654E-01  0.00000E+00  1.03857E+01 -5.15542E+00  6.94066E+00 -1.94285E+00 -7.92303E+00  5.34837E+00  5.45929E+00
 THETA4       -5.37501E-03  1.19063E-02 -2.85434E+00  2.14923E+02  6.94115E+01  0.00000E+00 -2.02751E+02  1.76782E+02 -1.70553E+02  3.96125E+01  6.69721E+01 -7.29086E+01 -8.12271E+01
 SIGMA(1,1)   -3.31623E-03 -3.23052E-02 -2.60654E-01  6.94115E+01  8.15566E+02  0.00000E+00  2.18574E+01  2.31027E+02 -4.59185E+02  2.42293E+02  1.23313E+02  9.51292E+01  9.10590E+01
 SIGMA(2,1)    0.00000E+00  0.00000E+00  0.00000E+00  0.00000E+00  0.00000E+00  0.00000E+00  0.00000E+00  0.00000E+00  0.00000E+00  0.00000E+00  0.00000E+00  0.00000E+00  0.00000E+00
 SIGMA(2,2)   -1.18616E-02  5.53255E-02  1.03857E+01 -2.02751E+02  2.18574E+01  0.00000E+00  3.59422E+03  1.70254E+02 -2.22091E+02  1.03845E+02 -1.11841E+03  3.20831E+02  4.60466E+02
 OMEGA(1,1)    1.45649E-01 -3.49409E-01 -5.15542E+00  1.76782E+02  2.31027E+02  0.00000E+00  1.70254E+02  4.52955E+03 -6.05714E+03  2.08005E+03 -2.61082E+03  1.68052E+03  3.91882E+02
 OMEGA(2,1)   -2.17193E-01  4.89315E-01  6.94066E+00 -1.70553E+02 -4.59185E+02  0.00000E+00 -2.22091E+02 -6.05714E+03  8.58085E+03 -3.08397E+03  3.89069E+03 -2.67693E+03 -5.86253E+02
 OMEGA(2,2)    7.02464E-02 -1.59645E-01 -1.94285E+00  3.96125E+01  2.42293E+02  0.00000E+00  1.03845E+02  2.08005E+03 -3.08397E+03  1.16595E+03 -1.40889E+03  1.04809E+03  2.27297E+02
 OMEGA(3,1)   -1.08674E-01  1.57541E-01 -7.92303E+00  6.69721E+01  1.23313E+02  0.00000E+00 -1.11841E+03 -2.61082E+03  3.89069E+03 -1.40889E+03  6.66571E+03 -4.32228E+03 -1.42936E+03
 OMEGA(3,2)    6.03204E-02 -8.60874E-02  5.34837E+00 -7.29086E+01  9.51292E+01  0.00000E+00  3.20831E+02  1.68052E+03 -2.67693E+03  1.04809E+03 -4.32228E+03  3.27919E+03  9.75579E+02
 OMEGA(3,3)    5.51807E-04  1.85517E-02  5.45929E+00 -8.12271E+01  9.10590E+01  0.00000E+00  4.60466E+02  3.91882E+02 -5.86253E+02  2.27297E+02 -1.42936E+03  9.75579E+02  8.92790E+02
