TABLE NO.     1: First Order Conditional Estimation with Interaction: Problem=1 Subproblem=0 Superproblem1=0 Iteration1=0 Superproblem2=0 Iteration2=0
 NAME         THETA1       THETA2       THETA3       THETA4       SIGMA(1,1)   SIGMA(2,1)   SIGMA(2,2)   OMEGA(1,1)   OMEGA(2,1)   OMEGA(2,2)   OMEGA(3,1)   OMEGA(3,2)   OMEGA(3,3)
 THETA1        1.62862E+01 -1.00000E+00 -1.00000E+00 -1.00000E+00  1.00000E+00  0.00000E+00  1.00000E+00 -9.99573E-01 -9.99625E-01  9.99592E-01  9.99616E-01 -9.99638E-01  9.99580E-01
 THETA2       -1.00000E+00  4.20706E+01  9.99999E-01  9.99999E-01 -9.99999E-01  0.00000E+00 -9.99999E-01  9.99567E-01  9.99621E-01 -9.99587E-01 -9.99611E-01  9.99634E-01 -9.99574E-01
 THETA3       -1.00000E+00  9.99999E-01  1.48409E+01  1.00000E+00 -9.99999E-01  0.00000E+00 -1.00000E+00  9.99545E-01  9.99603E-01 -9.99565E-01 -9.99591E-01  9.99617E-01 -9.99552E-01
 THETA4       -1.00000E+00  9.99999E-01  1.00000E+00  5.41580E+01 -9.99999E-01  0.00000E+00 -1.00000E+00  9.99545E-01  9.99603E-01 -9.99565E-01 -9.99591E-01  9.99617E-01 -9.99552E-01
 SIGMA(1,1)    1.00000E+00 -9.99999E-01 -9.99999E-01 -9.99999E-01  6.37962E-03  0.00000E+00  1.00000E+00 -9.99584E-01 -9.99635E-01  9.99603E-01  9.99627E-01 -9.99647E-01  9.99591E-01
 SIGMA(2,1)    0.00000E+00  0.00000E+00  0.00000E+00  0.00000E+00  0.00000E+00  0.00000E+00  0.00000E+00  0.00000E+00  0.00000E+00  0.00000E+00  0.00000E+00  0.00000E+00  0.00000E+00
 SIGMA(2,2)    1.00000E+00 -9.99999E-01 -1.00000E+00 -1.00000E+00  1.00000E+00  0.00000E+00  3.09878E-04 -9.99568E-01 -9.99622E-01  9.99587E-01  9.99612E-01 -9.99636E-01  9.99574E-01
 OMEGA(1,1)   -9.99573E-01  9.99567E-01  9.99545E-01  9.99545E-01 -9.99584E-01  0.00000E+00 -9.99568E-01  5.14347E-02  9.99927E-01 -9.99995E-01 -9.99976E-01  9.99912E-01 -9.99999E-01
 OMEGA(2,1)   -9.99625E-01  9.99621E-01  9.99603E-01  9.99603E-01 -9.99635E-01  0.00000E+00 -9.99622E-01  9.99927E-01  2.10138E-01 -9.99960E-01 -9.99987E-01  9.99999E-01 -9.99916E-01
 OMEGA(2,2)    9.99592E-01 -9.99587E-01 -9.99565E-01 -9.99565E-01  9.99603E-01  0.00000E+00  9.99587E-01 -9.99995E-01 -9.99960E-01  1.86434E-01  9.99993E-01 -9.99948E-01  9.99991E-01
 OMEGA(3,1)    9.99616E-01 -9.99611E-01 -9.99591E-01 -9.99591E-01  9.99627E-01  0.00000E+00  9.99612E-01 -9.99976E-01 -9.99987E-01  9.99993E-01  1.58814E-01 -9.99980E-01  9.99969E-01
 OMEGA(3,2)   -9.99638E-01  9.99634E-01  9.99617E-01  9.99617E-01 -9.99647E-01  0.00000E+00 -9.99636E-01  9.99912E-01  9.99999E-01 -9.99948E-01 -9.99980E-01  4.36502E-01 -9.99900E-01
 OMEGA(3,3)    9.99580E-01 -9.99574E-01 -9.99552E-01 -9.99552E-01  9.99591E-01  0.00000E+00  9.99574E-01 -9.99999E-01 -9.99916E-01  9.99991E-01  9.99969E-01 -9.99900E-01  8.04022E-01
