TABLE NO.     1: First Order Conditional Estimation with Interaction: Problem=1 Subproblem=0 Superproblem1=0 Iteration1=0 Superproblem2=0 Iteration2=0
 NAME         THETA1       THETA2       THETA3       THETA4       SIGMA(1,1)   SIGMA(2,1)   SIGMA(2,2)   OMEGA(1,1)   OMEGA(2,1)   OMEGA(2,2)   OMEGA(3,1)   OMEGA(3,2)   OMEGA(3,3)
 THETA1        7.24506E+05  4.66606E+04  3.28708E+08 -8.99412E+07 -5.97086E+08  0.00000E+00  3.39114E+09  1.01604E+12  6.07723E+12  2.73519E+12  2.60173E+12 -1.83981E+12 -4.93641E+11
 THETA2        4.66606E+04  1.06708E+04 -1.83764E+07  5.00906E+06 -3.48578E+08  0.00000E+00  1.42353E+09  1.29396E+11  7.74052E+11  3.48373E+11  3.31385E+11 -2.34335E+11 -6.28751E+10
 THETA3        3.28708E+08 -1.83764E+07  4.07611E+11 -1.11456E+11  1.34404E+12  0.00000E+00 -5.57354E+12  4.49522E+13  2.68246E+14  1.20770E+14  1.14800E+14 -8.12121E+13 -2.17859E+13
 THETA4       -8.99412E+07  5.00906E+06 -1.11456E+11  3.04763E+10 -3.66375E+11  0.00000E+00  1.51962E+12 -1.25168E+13 -7.46955E+13 -3.36293E+13 -3.19675E+13  2.26143E+13  6.06652E+12
 SIGMA(1,1)   -5.97086E+08 -3.48578E+08  1.34404E+12 -3.66375E+11  2.02846E+13  0.00000E+00 -8.77950E+13 -4.59394E+15 -2.74826E+16 -1.23689E+16 -1.17658E+16  8.32004E+15  2.23238E+15
 SIGMA(2,1)    0.00000E+00  0.00000E+00  0.00000E+00  0.00000E+00  0.00000E+00  0.00000E+00  0.00000E+00  0.00000E+00  0.00000E+00  0.00000E+00  0.00000E+00  0.00000E+00  0.00000E+00
 SIGMA(2,2)    3.39114E+09  1.42353E+09 -5.57354E+12  1.51962E+12 -8.77950E+13  0.00000E+00  4.46723E+14  2.25750E+16  1.35051E+17  6.07814E+16  5.78180E+16 -4.08852E+16 -1.09700E+16
 OMEGA(1,1)    1.01604E+12  1.29396E+11  4.49522E+13 -1.25168E+13 -4.59394E+15  0.00000E+00  2.25750E+16  5.36953E+18  3.21198E+19  1.44561E+19  1.37509E+19 -9.72393E+18 -2.60904E+18
 OMEGA(2,1)    6.07723E+12  7.74052E+11  2.68246E+14 -7.46955E+13 -2.74826E+16  0.00000E+00  1.35051E+17  3.21198E+19  1.92137E+20  8.64745E+19  8.22560E+19 -5.81673E+19 -1.56069E+19
 OMEGA(2,2)    2.73519E+12  3.48373E+11  1.20770E+14 -3.36293E+13 -1.23689E+16  0.00000E+00  6.07814E+16  1.44561E+19  8.64745E+19  3.89194E+19  3.70208E+19 -2.61792E+19 -7.02418E+18
 OMEGA(3,1)    2.60173E+12  3.31385E+11  1.14800E+14 -3.19675E+13 -1.17658E+16  0.00000E+00  5.78180E+16  1.37509E+19  8.22560E+19  3.70208E+19  3.52148E+19 -2.49021E+19 -6.68152E+18
 OMEGA(3,2)   -1.83981E+12 -2.34335E+11 -8.12121E+13  2.26143E+13  8.32004E+15  0.00000E+00 -4.08852E+16 -9.72393E+18 -5.81673E+19 -2.61792E+19 -2.49021E+19  1.76095E+19  4.72483E+18
 OMEGA(3,3)   -4.93641E+11 -6.28751E+10 -2.17859E+13  6.06652E+12  2.23238E+15  0.00000E+00 -1.09700E+16 -2.60904E+18 -1.56069E+19 -7.02418E+18 -6.68152E+18  4.72483E+18  1.26773E+18
