TABLE NO.     1: First Order Conditional Estimation with Interaction: Problem=1 Subproblem=0 Superproblem1=0 Iteration1=0 Superproblem2=0 Iteration2=0
 NAME         THETA1       THETA2       THETA3       THETA4       SIGMA(1,1)   SIGMA(2,1)   SIGMA(2,2)   OMEGA(1,1)   OMEGA(2,1)   OMEGA(2,2)   OMEGA(3,1)   OMEGA(3,2)   OMEGA(3,3)
 THETA1        9.56608E+02  9.62430E-01 -2.35189E-01 -3.03792E-01  4.02963E-01  0.00000E+00 -2.23459E-01  7.49121E-01  7.19691E-01  6.44273E-01 -1.16670E-01 -1.28027E-01 -1.29296E-01
 THETA2        9.62430E-01  3.96572E+02 -3.69537E-01 -3.95225E-01  4.43916E-01  0.00000E+00 -2.18347E-01  7.03703E-01  6.55904E-01  5.75867E-01 -1.37983E-01 -1.39550E-01 -1.42574E-01
 THETA3       -2.35189E-01 -3.69537E-01  2.53296E+00  4.49116E-01 -2.10512E-01  0.00000E+00 -6.55564E-02 -2.37599E-01 -2.04684E-01 -1.61400E-01  1.10157E-01  5.14788E-02 -6.38998E-02
 THETA4       -3.03792E-01 -3.95225E-01  4.49116E-01  9.15572E-02 -4.03235E-01  0.00000E+00  2.46959E-01 -3.25854E-01 -2.47449E-01 -1.71491E-01  2.24692E-01  1.78946E-01  1.86719E-01
 SIGMA(1,1)    4.02963E-01  4.43916E-01 -2.10512E-01 -4.03235E-01  4.64990E-02  0.00000E+00 -1.78200E-01  2.72027E-01  1.91894E-01  8.35406E-02 -2.69889E-01 -1.82736E-01 -2.44479E-01
 SIGMA(2,1)    0.00000E+00  0.00000E+00  0.00000E+00  0.00000E+00  0.00000E+00  0.00000E+00  0.00000E+00  0.00000E+00  0.00000E+00  0.00000E+00  0.00000E+00  0.00000E+00  0.00000E+00
 SIGMA(2,2)   -2.23459E-01 -2.18347E-01 -6.55564E-02  2.46959E-01 -1.78200E-01  0.00000E+00  2.06654E-02 -2.67722E-01 -2.92028E-01 -3.01194E-01  4.48713E-01  4.39944E-01 -4.08377E-02
 OMEGA(1,1)    7.49121E-01  7.03703E-01 -2.37599E-01 -3.25854E-01  2.72027E-01  0.00000E+00 -2.67722E-01  1.71707E-01  9.66657E-01  8.74504E-01 -2.17505E-01 -1.66448E-01 -1.57964E-01
 OMEGA(2,1)    7.19691E-01  6.55904E-01 -2.04684E-01 -2.47449E-01  1.91894E-01  0.00000E+00 -2.92028E-01  9.66657E-01  2.41355E-01  9.66156E-01 -2.95482E-01 -2.54943E-01 -1.30285E-01
 OMEGA(2,2)    6.44273E-01  5.75867E-01 -1.61400E-01 -1.71491E-01  8.35406E-02  0.00000E+00 -3.01194E-01  8.74504E-01  9.66156E-01  3.46038E-01 -3.42774E-01 -3.38746E-01 -8.54985E-02
 OMEGA(3,1)   -1.16670E-01 -1.37983E-01  1.10157E-01  2.24692E-01 -2.69889E-01  0.00000E+00  4.48713E-01 -2.17505E-01 -2.95482E-01 -3.42774E-01  4.31361E-02  8.98997E-01  1.87730E-01
 OMEGA(3,2)   -1.28027E-01 -1.39550E-01  5.14788E-02  1.78946E-01 -1.82736E-01  0.00000E+00  4.39944E-01 -1.66448E-01 -2.54943E-01 -3.38746E-01  8.98997E-01  5.92095E-02 -5.58028E-02
 OMEGA(3,3)   -1.29296E-01 -1.42574E-01 -6.38998E-02  1.86719E-01 -2.44479E-01  0.00000E+00 -4.08377E-02 -1.57964E-01 -1.30285E-01 -8.54985E-02  1.87730E-01 -5.58028E-02  4.54178E-02
