TABLE NO.     1: First Order Conditional Estimation with Interaction: Problem=1 Subproblem=0 Superproblem1=0 Iteration1=0 Superproblem2=0 Iteration2=0
 NAME         THETA1       THETA2       THETA3       THETA4       SIGMA(1,1)   SIGMA(2,1)   SIGMA(2,2)   OMEGA(1,1)   OMEGA(2,1)   OMEGA(2,2)   OMEGA(3,1)   OMEGA(3,2)   OMEGA(3,3)
 THETA1        3.21016E-05 -7.11371E-05 -1.30392E-03 -1.41876E-02 -1.75841E-03  0.00000E+00 -2.98496E-02  1.46319E-01 -2.20815E-01  7.22878E-02 -1.09394E-01  6.33312E-02  2.84785E-03
 THETA2       -7.11371E-05  1.76610E-04  3.29698E-03  1.80722E-02 -3.51033E-02  0.00000E+00  2.79028E-02 -3.59276E-01  5.02758E-01 -1.64388E-01  1.75995E-01 -9.72153E-02  1.11970E-02
 THETA3       -1.30392E-03  3.29698E-03  3.21810E-01 -4.46714E+00  1.01828E+00  0.00000E+00  8.34707E+00 -7.30229E+00  9.57790E+00 -2.72260E+00 -6.26590E+00  4.67897E+00  4.56317E+00
 THETA4       -1.41876E-02  1.80722E-02 -4.46714E+00  2.88230E+02  5.96721E+01  0.00000E+00  2.89045E+02  1.67099E+02 -1.38103E+02  2.30774E+01  7.28750E+01 -9.12368E+01 -1.09362E+02
 SIGMA(1,1)   -1.75841E-03 -3.51033E-02  1.01828E+00  5.96721E+01  6.28558E+02  0.00000E+00  3.24017E+02  1.35700E+02 -2.43748E+02  1.33602E+02  8.81350E+01  7.84462E+01  6.06600E+01
 SIGMA(2,1)    0.00000E+00  0.00000E+00  0.00000E+00  0.00000E+00  0.00000E+00  0.00000E+00  0.00000E+00  0.00000E+00  0.00000E+00  0.00000E+00  0.00000E+00  0.00000E+00  0.00000E+00
 SIGMA(2,2)   -2.98496E-02  2.79028E-02  8.34707E+00  2.89045E+02  3.24017E+02  0.00000E+00  3.48923E+03 -1.57328E+02  3.00889E+02 -9.40702E+01 -8.23852E+02  3.82486E+02 -5.33181E+01
 OMEGA(1,1)    1.46319E-01 -3.59276E-01 -7.30229E+00  1.67099E+02  1.35700E+02  0.00000E+00 -1.57328E+02  4.47421E+03 -5.96488E+03  2.03804E+03 -2.42406E+03  1.56729E+03  3.55327E+02
 OMEGA(2,1)   -2.20815E-01  5.02758E-01  9.57790E+00 -1.38103E+02 -2.43748E+02  0.00000E+00  3.00889E+02 -5.96488E+03  8.42384E+03 -3.00905E+03  3.64917E+03 -2.52051E+03 -5.32858E+02
 OMEGA(2,2)    7.22878E-02 -1.64388E-01 -2.72260E+00  2.30774E+01  1.33602E+02  0.00000E+00 -9.40702E+01  2.03804E+03 -3.00905E+03  1.12957E+03 -1.32796E+03  9.90230E+02  2.07083E+02
 OMEGA(3,1)   -1.09394E-01  1.75995E-01 -6.26590E+00  7.28750E+01  8.81350E+01  0.00000E+00 -8.23852E+02 -2.42406E+03  3.64917E+03 -1.32796E+03  6.40907E+03 -4.20626E+03 -1.29539E+03
 OMEGA(3,2)    6.33312E-02 -9.72153E-02  4.67897E+00 -9.12368E+01  7.84462E+01  0.00000E+00  3.82486E+02  1.56729E+03 -2.52051E+03  9.90230E+02 -4.20626E+03  3.21985E+03  8.99901E+02
 OMEGA(3,3)    2.84785E-03  1.11970E-02  4.56317E+00 -1.09362E+02  6.06600E+01  0.00000E+00 -5.33181E+01  3.55327E+02 -5.32858E+02  2.07083E+02 -1.29539E+03  8.99901E+02  8.57643E+02
