TABLE NO.     1: First Order Conditional Estimation with Interaction: Problem=1 Subproblem=0 Superproblem1=0 Iteration1=0 Superproblem2=0 Iteration2=0
 NAME         THETA1       THETA2       THETA3       THETA4       SIGMA(1,1)   SIGMA(2,1)   SIGMA(2,2)   OMEGA(1,1)   OMEGA(2,1)   OMEGA(2,2)   OMEGA(3,1)   OMEGA(3,2)   OMEGA(3,3)
 THETA1        8.31230E+02  9.42052E-01  6.51606E-03  1.08868E-01  2.68712E-01  0.00000E+00 -8.93128E-03  6.79510E-01  6.58994E-01  5.92130E-01 -4.18633E-02 -7.21953E-02 -9.41411E-02
 THETA2        9.42052E-01  3.32372E+02 -1.94616E-01 -7.66805E-02  3.44051E-01  0.00000E+00  9.10890E-02  6.17996E-01  5.70271E-01  4.96662E-01 -6.51268E-02 -8.51921E-02 -1.10801E-01
 THETA3        6.51606E-03 -1.94616E-01  2.96759E+00  6.82786E-01 -2.07016E-01  0.00000E+00 -4.62083E-01 -6.96292E-02 -2.42783E-02  1.34523E-02  7.84249E-02  3.37594E-02 -8.20417E-02
 THETA4        1.08868E-01 -7.66805E-02  6.82786E-01  9.44012E-02 -2.26414E-01  0.00000E+00 -4.73778E-01 -7.56273E-03  8.21472E-02  1.39056E-01  5.94183E-02  2.98928E-02  9.48920E-02
 SIGMA(1,1)    2.68712E-01  3.44051E-01 -2.07016E-01 -2.26414E-01  4.92662E-02  0.00000E+00 -1.10158E-01  1.34069E-01  7.83245E-02  5.91512E-03 -2.76895E-01 -1.98531E-01 -2.06678E-01
 SIGMA(2,1)    0.00000E+00  0.00000E+00  0.00000E+00  0.00000E+00  0.00000E+00  0.00000E+00  0.00000E+00  0.00000E+00  0.00000E+00  0.00000E+00  0.00000E+00  0.00000E+00  0.00000E+00
 SIGMA(2,2)   -8.93128E-03  9.10890E-02 -4.62083E-01 -4.73778E-01 -1.10158E-01  0.00000E+00  2.23676E-02 -7.67634E-02 -1.28042E-01 -1.40172E-01  2.50767E-01  1.42998E-01  1.89755E-01
 OMEGA(1,1)    6.79510E-01  6.17996E-01 -6.96292E-02 -7.56273E-03  1.34069E-01  0.00000E+00 -7.67634E-02  1.53228E-01  9.60237E-01  8.58098E-01 -1.51043E-01 -9.15762E-02 -1.62326E-01
 OMEGA(2,1)    6.58994E-01  5.70271E-01 -2.42783E-02  8.21472E-02  7.83245E-02  0.00000E+00 -1.28042E-01  9.60237E-01  2.19261E-01  9.63310E-01 -2.38263E-01 -1.89265E-01 -1.44962E-01
 OMEGA(2,2)    5.92130E-01  4.96662E-01  1.34523E-02  1.39056E-01  5.91512E-03  0.00000E+00 -1.40172E-01  8.58098E-01  9.63310E-01  3.20732E-01 -2.87940E-01 -2.79086E-01 -1.09909E-01
 OMEGA(3,1)   -4.18633E-02 -6.51268E-02  7.84249E-02  5.94183E-02 -2.76895E-01  0.00000E+00  2.50767E-01 -1.51043E-01 -2.38263E-01 -2.87940E-01  4.09108E-02  8.83789E-01  2.55508E-01
 OMEGA(3,2)   -7.21953E-02 -8.51921E-02  3.37594E-02  2.98928E-02 -1.98531E-01  0.00000E+00  1.42998E-01 -9.15762E-02 -1.89265E-01 -2.79086E-01  8.83789E-01  5.48997E-02 -1.41372E-03
 OMEGA(3,3)   -9.41411E-02 -1.10801E-01 -8.20417E-02  9.48920E-02 -2.06678E-01  0.00000E+00  1.89755E-01 -1.62326E-01 -1.44962E-01 -1.09909E-01  2.55508E-01 -1.41372E-03  4.50074E-02
