TABLE NO.     1: First Order Conditional Estimation with Interaction: Problem=1 Subproblem=0 Superproblem1=0 Iteration1=0 Superproblem2=0 Iteration2=0
 NAME         THETA1       THETA2       THETA3       THETA4       SIGMA(1,1)   SIGMA(2,1)   SIGMA(2,2)   OMEGA(1,1)   OMEGA(2,1)   OMEGA(2,2)   OMEGA(3,1)   OMEGA(3,2)   OMEGA(3,3)
 THETA1        2.65241E+02 -6.85171E+02 -2.41702E+02 -8.82029E+02  1.03900E-01  0.00000E+00  5.04675E-03 -8.37320E-01 -3.42108E+00  3.03507E+00  2.58549E+00 -7.10640E+00  1.30890E+01
 THETA2       -6.85171E+02  1.76994E+03  6.24366E+02  2.27846E+03 -2.68394E-01  0.00000E+00 -1.30368E-02  2.16295E+00  8.83730E+00 -7.84016E+00 -6.67881E+00  1.83572E+01 -3.38113E+01
 THETA3       -2.41702E+02  6.24366E+02  2.20253E+02  8.03754E+02 -9.46792E-02  0.00000E+00 -4.59887E-03  7.62991E-01  3.11741E+00 -2.76565E+00 -2.35599E+00  6.47561E+00 -1.19271E+01
 THETA4       -8.82029E+02  2.27846E+03  8.03754E+02  2.93309E+03 -3.45507E-01  0.00000E+00 -1.67824E-02  2.78434E+00  1.13762E+01 -1.00925E+01 -8.59755E+00  2.36310E+01 -4.35247E+01
 SIGMA(1,1)    1.03900E-01 -2.68394E-01 -9.46792E-02 -3.45507E-01  4.06995E-05  0.00000E+00  1.97690E-06 -3.27998E-04 -1.34011E-03  1.18891E-03  1.01280E-03 -2.78373E-03  5.12726E-03
 SIGMA(2,1)    0.00000E+00  0.00000E+00  0.00000E+00  0.00000E+00  0.00000E+00  0.00000E+00  0.00000E+00  0.00000E+00  0.00000E+00  0.00000E+00  0.00000E+00  0.00000E+00  0.00000E+00
 SIGMA(2,2)    5.04675E-03 -1.30368E-02 -4.59887E-03 -1.67824E-02  1.97690E-06  0.00000E+00  9.60246E-08 -1.59316E-05 -6.50928E-05  5.77481E-05  4.91940E-05 -1.35213E-04  2.49043E-04
 OMEGA(1,1)   -8.37320E-01  2.16295E+00  7.62991E-01  2.78434E+00 -3.27998E-04  0.00000E+00 -1.59316E-05  2.64553E-03  1.08076E-02 -9.58915E-03 -8.16838E-03  2.24494E-02 -4.13547E-02
 OMEGA(2,1)   -3.42108E+00  8.83730E+00  3.11741E+00  1.13762E+01 -1.34011E-03  0.00000E+00 -6.50928E-05  1.08076E-02  4.41582E-02 -3.91754E-02 -3.33725E-02  9.17258E-02 -1.68942E-01
 OMEGA(2,2)    3.03507E+00 -7.84016E+00 -2.76565E+00 -1.00925E+01  1.18891E-03  0.00000E+00  5.77481E-05 -9.58915E-03 -3.91754E-02  3.47577E-02  2.96082E-02 -8.13747E-02  1.49896E-01
 OMEGA(3,1)    2.58549E+00 -6.67881E+00 -2.35599E+00 -8.59755E+00  1.01280E-03  0.00000E+00  4.91940E-05 -8.16838E-03 -3.33725E-02  2.96082E-02  2.52220E-02 -6.93214E-02  1.27686E-01
 OMEGA(3,2)   -7.10640E+00  1.83572E+01  6.47561E+00  2.36310E+01 -2.78373E-03  0.00000E+00 -1.35213E-04  2.24494E-02  9.17258E-02 -8.13747E-02 -6.93214E-02  1.90534E-01 -3.50922E-01
 OMEGA(3,3)    1.30890E+01 -3.38113E+01 -1.19271E+01 -4.35247E+01  5.12726E-03  0.00000E+00  2.49043E-04 -4.13547E-02 -1.68942E-01  1.49896E-01  1.27686E-01 -3.50922E-01  6.46452E-01
