TABLE NO.     1: First Order Conditional Estimation with Interaction: Problem=1 Subproblem=0 Superproblem1=0 Iteration1=0 Superproblem2=0 Iteration2=0
 NAME         THETA1       THETA2       THETA3       THETA4       THETA5       THETA6       SIGMA(1,1)   SIGMA(2,1)   SIGMA(2,2)   OMEGA(1,1)   OMEGA(2,1)   OMEGA(2,2)   OMEGA(3,1)   OMEGA(3,2)   OMEGA(3,3)
 THETA1        3.89371E-05 -1.33071E-04 -2.00256E-04  1.81894E-02 -6.88211E-02  5.31464E-02  0.00000E+00  0.00000E+00 -1.11291E-01 -3.74689E-02  1.67960E-03  4.44604E-03 -9.35618E-02  8.27364E-02  3.80328E-02
 THETA2       -1.33071E-04  6.01762E-04  1.04701E-03 -6.45090E-03  4.47561E-01 -2.77867E-01  0.00000E+00  0.00000E+00  4.41606E-01  1.01585E-01  2.39411E-03 -1.00863E-02  3.23442E-01 -4.35843E-01 -1.38637E-01
 THETA3       -2.00256E-04  1.04701E-03  4.42526E-02 -7.43445E-01  7.13960E-01 -1.17443E+01  0.00000E+00  0.00000E+00 -4.27551E+00 -8.47797E-01  3.27939E+00 -2.49079E+00  3.05712E+00 -2.92571E+00 -1.50765E+00
 THETA4        1.81894E-02 -6.45090E-03 -7.43445E-01  1.07907E+02  4.35470E+01  1.97304E+02  0.00000E+00  0.00000E+00  1.03509E+02 -7.95469E+01  3.87905E+01  2.98402E+01 -1.18478E+02  8.01163E+01  7.21868E+01
 THETA5       -6.88211E-02  4.47561E-01  7.13960E-01  4.35470E+01  5.62920E+02 -1.89479E+02  0.00000E+00  0.00000E+00  3.51169E+02 -1.27258E+02  3.98564E+02 -2.06306E+02  3.99202E+02 -6.04594E+02 -9.77302E+01
 THETA6        5.31464E-02 -2.77867E-01 -1.17443E+01  1.97304E+02 -1.89479E+02  3.11682E+03  0.00000E+00  0.00000E+00  1.13468E+03  2.25000E+02 -8.70324E+02  6.61034E+02 -8.11335E+02  7.76458E+02  4.00116E+02
 SIGMA(1,1)    0.00000E+00  0.00000E+00  0.00000E+00  0.00000E+00  0.00000E+00  0.00000E+00  0.00000E+00  0.00000E+00  0.00000E+00  0.00000E+00  0.00000E+00  0.00000E+00  0.00000E+00  0.00000E+00  0.00000E+00
 SIGMA(2,1)    0.00000E+00  0.00000E+00  0.00000E+00  0.00000E+00  0.00000E+00  0.00000E+00  0.00000E+00  0.00000E+00  0.00000E+00  0.00000E+00  0.00000E+00  0.00000E+00  0.00000E+00  0.00000E+00  0.00000E+00
 SIGMA(2,2)   -1.11291E-01  4.41606E-01 -4.27551E+00  1.03509E+02  3.51169E+02  1.13468E+03  0.00000E+00  0.00000E+00  2.59632E+03 -4.28512E+01 -2.27561E+01  1.24003E+02  2.18742E+02 -1.20615E+02  1.75121E+02
 OMEGA(1,1)   -3.74689E-02  1.01585E-01 -8.47797E-01 -7.95469E+01 -1.27258E+02  2.25000E+02  0.00000E+00  0.00000E+00 -4.28512E+01  2.79516E+03 -4.78802E+03  2.10578E+03 -3.33636E+02  2.64778E+02  1.51505E+01
 OMEGA(2,1)    1.67960E-03  2.39411E-03  3.27939E+00  3.87905E+01  3.98564E+02 -8.70324E+02  0.00000E+00  0.00000E+00 -2.27561E+01 -4.78802E+03  9.23732E+03 -4.54689E+03  8.48387E+02 -7.66688E+02 -2.35764E+02
 OMEGA(2,2)    4.44604E-03 -1.00863E-02 -2.49079E+00  2.98402E+01 -2.06306E+02  6.61034E+02  0.00000E+00  0.00000E+00  1.24003E+02  2.10578E+03 -4.54689E+03  2.52236E+03 -4.07448E+02  4.02963E+02  1.78586E+02
 OMEGA(3,1)   -9.35618E-02  3.23442E-01  3.05712E+00 -1.18478E+02  3.99202E+02 -8.11335E+02  0.00000E+00  0.00000E+00  2.18742E+02 -3.33636E+02  8.48387E+02 -4.07448E+02  2.03612E+03 -1.99383E+03 -5.75730E+02
 OMEGA(3,2)    8.27364E-02 -4.35843E-01 -2.92571E+00  8.01163E+01 -6.04594E+02  7.76458E+02  0.00000E+00  0.00000E+00 -1.20615E+02  2.64778E+02 -7.66688E+02  4.02963E+02 -1.99383E+03  2.38398E+03  6.49608E+02
 OMEGA(3,3)    3.80328E-02 -1.38637E-01 -1.50765E+00  7.21868E+01 -9.77302E+01  4.00116E+02  0.00000E+00  0.00000E+00  1.75121E+02  1.51505E+01 -2.35764E+02  1.78586E+02 -5.75730E+02  6.49608E+02  5.64497E+02
