TABLE NO.     1: First Order Conditional Estimation with Interaction: Problem=1 Subproblem=0 Superproblem1=0 Iteration1=0 Superproblem2=0 Iteration2=0
 NAME         THETA1       THETA2       THETA3       THETA4       THETA5       THETA6       SIGMA(1,1)   SIGMA(2,1)   SIGMA(2,2)   OMEGA(1,1)   OMEGA(2,1)   OMEGA(2,2)   OMEGA(3,1)   OMEGA(3,2)   OMEGA(3,3)
 THETA1        1.15122E+03  9.86065E-01 -3.53189E-01 -6.16730E-01 -9.03007E-01 -3.26366E-01  0.00000E+00  0.00000E+00 -2.35764E-01  9.25861E-01  8.80089E-01  6.77738E-01  2.99600E-01 -1.13294E-01 -1.36931E-01
 THETA2        9.86065E-01  3.50084E+02 -3.46881E-01 -6.36365E-01 -9.39702E-01 -3.17305E-01  0.00000E+00  0.00000E+00 -2.16990E-01  9.20107E-01  8.71560E-01  6.64587E-01  2.72622E-01 -1.40388E-01 -1.48199E-01
 THETA3       -3.53189E-01 -3.46881E-01  2.46047E+01  8.66372E-01  2.14499E-01  9.87277E-01  0.00000E+00  0.00000E+00  2.69220E-01 -4.66132E-01 -4.42207E-01 -3.79088E-01  5.75164E-02  2.10251E-01  1.17385E-01
 THETA4       -6.16730E-01 -6.36365E-01  8.66372E-01  1.20998E-01  5.38215E-01  8.92713E-01  0.00000E+00  0.00000E+00  2.53464E-01 -6.77463E-01 -6.20830E-01 -4.59218E-01 -1.03371E-01  2.09047E-01  1.98761E-01
 THETA5       -9.03007E-01 -9.39702E-01  2.14499E-01  5.38215E-01  1.79812E-01  1.84850E-01  0.00000E+00  0.00000E+00  1.60847E-01 -8.36530E-01 -7.91271E-01 -5.84477E-01 -3.04764E-01  5.85728E-02  1.22689E-01
 THETA6       -3.26366E-01 -3.17305E-01  9.87277E-01  8.92713E-01  1.84850E-01  7.72108E-02  0.00000E+00  0.00000E+00  3.04081E-01 -4.40907E-01 -4.10660E-01 -3.40678E-01  4.46102E-02  2.05946E-01  1.37504E-01
 SIGMA(1,1)    0.00000E+00  0.00000E+00  0.00000E+00  0.00000E+00  0.00000E+00  0.00000E+00  0.00000E+00  0.00000E+00  0.00000E+00  0.00000E+00  0.00000E+00  0.00000E+00  0.00000E+00  0.00000E+00  0.00000E+00
 SIGMA(2,1)    0.00000E+00  0.00000E+00  0.00000E+00  0.00000E+00  0.00000E+00  0.00000E+00  0.00000E+00  0.00000E+00  0.00000E+00  0.00000E+00  0.00000E+00  0.00000E+00  0.00000E+00  0.00000E+00  0.00000E+00
 SIGMA(2,2)   -2.35764E-01 -2.16990E-01  2.69220E-01  2.53464E-01  1.60847E-01  3.04081E-01  0.00000E+00  0.00000E+00  1.69963E-02 -3.08297E-01 -3.09067E-01 -3.12241E-01  1.33717E-01  1.91758E-01  9.24361E-02
 OMEGA(1,1)    9.25861E-01  9.20107E-01 -4.66132E-01 -6.77463E-01 -8.36530E-01 -4.40907E-01  0.00000E+00  0.00000E+00 -3.08297E-01  1.67307E-01  9.72707E-01  8.05609E-01  1.75948E-01 -1.94838E-01 -1.29355E-01
 OMEGA(2,1)    8.80089E-01  8.71560E-01 -4.42207E-01 -6.20830E-01 -7.91271E-01 -4.10660E-01  0.00000E+00  0.00000E+00 -3.09067E-01  9.72707E-01  1.58800E-01  9.06095E-01  4.23773E-02 -2.94514E-01 -7.29776E-02
 OMEGA(2,2)    6.77738E-01  6.64587E-01 -3.79088E-01 -4.59218E-01 -5.84477E-01 -3.40678E-01  0.00000E+00  0.00000E+00 -3.12241E-01  8.05609E-01  9.06095E-01  1.40860E-01 -1.66872E-01 -4.55281E-01  2.46703E-02
 OMEGA(3,1)    2.99600E-01  2.72622E-01  5.75164E-02 -1.03371E-01 -3.04764E-01  4.46102E-02  0.00000E+00  0.00000E+00  1.33717E-01  1.75948E-01  4.23773E-02 -1.66872E-01  4.52385E-02  7.89690E-01 -2.17786E-01
 OMEGA(3,2)   -1.13294E-01 -1.40388E-01  2.10251E-01  2.09047E-01  5.85728E-02  2.05946E-01  0.00000E+00  0.00000E+00  1.91758E-01 -1.94838E-01 -2.94514E-01 -4.55281E-01  7.89690E-01  5.25820E-02 -1.24015E-01
 OMEGA(3,3)   -1.36931E-01 -1.48199E-01  1.17385E-01  1.98761E-01  1.22689E-01  1.37504E-01  0.00000E+00  0.00000E+00  9.24361E-02 -1.29355E-01 -7.29776E-02  2.46703E-02 -2.17786E-01 -1.24015E-01  4.29249E-02
