TABLE NO.     1: First Order Conditional Estimation with Interaction: Problem=1 Subproblem=0 Superproblem1=0 Iteration1=0 Superproblem2=0 Iteration2=0
 NAME         THETA1       THETA2       THETA3       THETA4       THETA5       THETA6       SIGMA(1,1)   SIGMA(2,1)   SIGMA(2,2)   OMEGA(1,1)   OMEGA(2,1)   OMEGA(2,2)   OMEGA(3,1)   OMEGA(3,2)   OMEGA(3,3)
 THETA1        1.15959E+03  9.86267E-01  3.42367E-01 -6.21155E-01 -9.05098E-01  3.64657E-01  2.55830E-01  0.00000E+00 -2.42731E-01  9.25079E-01  8.77429E-01  6.73750E-01  2.90950E-01 -1.23346E-01 -1.40844E-01
 THETA2        9.86267E-01  3.52883E+02  3.57771E-01 -6.41735E-01 -9.41117E-01  3.80252E-01  2.84371E-01  0.00000E+00 -2.26287E-01  9.20306E-01  8.70391E-01  6.63268E-01  2.62411E-01 -1.51852E-01 -1.52908E-01
 THETA3        3.42367E-01  3.57771E-01  7.26690E+01 -5.00907E-01 -3.06126E-01  9.97092E-01  6.55673E-01  0.00000E+00 -8.51441E-01  4.74590E-01  5.08679E-01  5.80646E-01 -2.50414E-01 -4.89254E-01 -2.08249E-01
 THETA4       -6.21155E-01 -6.41735E-01 -5.00907E-01  1.22038E-01  5.46625E-01 -5.34482E-01 -4.57826E-01  0.00000E+00  2.50138E-01 -6.85791E-01 -6.32424E-01 -4.78776E-01 -8.52300E-02  2.34569E-01  2.08142E-01
 THETA5       -9.05098E-01 -9.41117E-01 -3.06126E-01  5.46625E-01  1.80629E-01 -3.22152E-01 -2.10481E-01  0.00000E+00  1.74764E-01 -8.38748E-01 -7.92396E-01 -5.86280E-01 -2.93283E-01  7.36619E-02  1.27695E-01
 THETA6        3.64657E-01  3.80252E-01  9.97092E-01 -5.34482E-01 -3.22152E-01  2.62964E-01  6.67654E-01  0.00000E+00 -8.39706E-01  5.00587E-01  5.34473E-01  6.03271E-01 -2.53223E-01 -4.94210E-01 -2.05725E-01
 SIGMA(1,1)    2.55830E-01  2.84371E-01  6.55673E-01 -4.57826E-01 -2.10481E-01  6.67654E-01  3.56404E-09  0.00000E+00 -1.86028E-01  4.11226E-01  5.08182E-01  7.10547E-01 -4.16071E-01 -7.60487E-01 -2.56346E-01
 SIGMA(2,1)    0.00000E+00  0.00000E+00  0.00000E+00  0.00000E+00  0.00000E+00  0.00000E+00  0.00000E+00  0.00000E+00  0.00000E+00  0.00000E+00  0.00000E+00  0.00000E+00  0.00000E+00  0.00000E+00  0.00000E+00
 SIGMA(2,2)   -2.42731E-01 -2.26287E-01 -8.51441E-01  2.50138E-01  1.74764E-01 -8.39706E-01 -1.86028E-01  0.00000E+00  1.77010E-02 -3.08626E-01 -3.01523E-01 -2.93551E-01  8.51567E-02  1.50125E-01  8.28204E-02
 OMEGA(1,1)    9.25079E-01  9.20306E-01  4.74590E-01 -6.85791E-01 -8.38748E-01  5.00587E-01  4.11226E-01  0.00000E+00 -3.08626E-01  1.69738E-01  9.72741E-01  8.07859E-01  1.59282E-01 -2.17370E-01 -1.38286E-01
 OMEGA(2,1)    8.77429E-01  8.70391E-01  5.08679E-01 -6.32424E-01 -7.92396E-01  5.34473E-01  5.08182E-01  0.00000E+00 -3.01523E-01  9.72741E-01  1.61970E-01  9.08111E-01  2.22069E-02 -3.21460E-01 -8.61232E-02
 OMEGA(2,2)    6.73750E-01  6.63268E-01  5.80646E-01 -4.78776E-01 -5.86280E-01  6.03271E-01  7.10547E-01  0.00000E+00 -2.93551E-01  8.07859E-01  9.08111E-01  1.45908E-01 -1.90770E-01 -4.86948E-01  2.18487E-03
 OMEGA(3,1)    2.90950E-01  2.62411E-01 -2.50414E-01 -8.52300E-02 -2.93283E-01 -2.53223E-01 -4.16071E-01  0.00000E+00  8.51567E-02  1.59282E-01  2.22069E-02 -1.90770E-01  4.57945E-02  7.93063E-01 -2.01842E-01
 OMEGA(3,2)   -1.23346E-01 -1.51852E-01 -4.89254E-01  2.34569E-01  7.36619E-02 -4.94210E-01 -7.60487E-01  0.00000E+00  1.50125E-01 -2.17370E-01 -3.21460E-01 -4.86948E-01  7.93063E-01  5.43987E-02 -9.74173E-02
 OMEGA(3,3)   -1.40844E-01 -1.52908E-01 -2.08249E-01  2.08142E-01  1.27695E-01 -2.05725E-01 -2.56346E-01  0.00000E+00  8.28204E-02 -1.38286E-01 -8.61232E-02  2.18487E-03 -2.01842E-01 -9.74173E-02  4.30785E-02
