TABLE NO.     1: First Order Conditional Estimation with Interaction: Problem=1 Subproblem=0 Superproblem1=0 Iteration1=0 Superproblem2=0 Iteration2=0
 NAME         THETA1       THETA2       THETA3       THETA4       THETA5       THETA6       SIGMA(1,1)   SIGMA(2,1)   SIGMA(2,2)   OMEGA(1,1)   OMEGA(2,1)   OMEGA(2,2)   OMEGA(3,1)   OMEGA(3,2)   OMEGA(3,3)
 THETA1        1.25738E+00 -1.75489E+00  3.19757E+00  3.61421E+03  5.52487E+02 -3.41793E+02  4.66435E+11  0.00000E+00  3.23092E+03 -2.97305E+03  1.00168E+04 -1.42842E+04 -1.86238E+04  2.61364E+04  1.15670E+04
 THETA2       -1.75489E+00  2.57283E+00 -1.34099E+00 -4.76775E+03 -2.23587E+02  1.46585E+03 -7.55722E+11  0.00000E+00  1.60915E+04  4.40490E+03 -1.48136E+04  2.11197E+04  2.75382E+04 -3.86417E+04 -1.71029E+04
 THETA3        3.19757E+00 -1.34099E+00  8.72547E+01  1.61865E+04  1.52673E+04  2.41714E+04 -1.46814E+12  0.00000E+00  5.30130E+05 -1.07477E+03  4.33329E+03 -6.30726E+03 -8.16985E+03  1.15892E+04  5.09017E+03
 THETA4        3.61421E+03 -4.76775E+03  1.61865E+04  1.10085E+07  2.81490E+06  1.23503E+06  1.10590E+15  0.00000E+00  5.54690E+07 -7.97232E+06  2.69235E+07 -3.84042E+07 -5.00655E+07  7.02729E+07  3.10970E+07
 THETA5        5.52487E+02 -2.23587E+02  1.52673E+04  2.81490E+06  2.67327E+06  4.24219E+06 -2.60354E+14  0.00000E+00  9.29159E+07 -1.69923E+05  6.96541E+05 -1.01504E+06 -1.31270E+06  1.86456E+06  8.18599E+05
 THETA6       -3.41793E+02  1.46585E+03  2.41714E+04  1.23503E+06  4.24219E+06  8.03756E+06 -9.67957E+14  0.00000E+00  1.64513E+08  2.86266E+06 -9.42098E+06  1.33952E+07  1.74855E+07 -2.44985E+07 -1.08537E+07
 SIGMA(1,1)    4.66435E+11 -7.55722E+11 -1.46814E+12  1.10590E+15 -2.60354E+14 -9.67957E+14  2.62143E+23  0.00000E+00 -1.63224E+16 -1.32062E+15  4.42563E+15 -6.30677E+15 -8.22473E+15  1.15383E+16  5.10771E+15
 SIGMA(2,1)    0.00000E+00  0.00000E+00  0.00000E+00  0.00000E+00  0.00000E+00  0.00000E+00  0.00000E+00  0.00000E+00  0.00000E+00  0.00000E+00  0.00000E+00  0.00000E+00  0.00000E+00  0.00000E+00  0.00000E+00
 SIGMA(2,2)    3.23092E+03  1.60915E+04  5.30130E+05  5.54690E+07  9.29159E+07  1.64513E+08 -1.63224E+16  0.00000E+00  3.45334E+09  3.51643E+07 -1.13793E+08  1.61438E+08  2.10878E+08 -2.95114E+08 -1.30855E+08
 OMEGA(1,1)   -2.97305E+03  4.40490E+03 -1.07477E+03 -7.97232E+06 -1.69923E+05  2.86266E+06 -1.32062E+15  0.00000E+00  3.51643E+07  7.56457E+06 -2.54228E+07  3.62392E+07  4.72508E+07 -6.63024E+07 -2.93464E+07
 OMEGA(2,1)    1.00168E+04 -1.48136E+04  4.33329E+03  2.69235E+07  6.96541E+05 -9.42098E+06  4.42563E+15  0.00000E+00 -1.13793E+08 -2.54228E+07  8.54594E+07 -1.21827E+08 -1.58848E+08  2.22895E+08  9.86559E+07
 OMEGA(2,2)   -1.42842E+04  2.11197E+04 -6.30726E+03 -3.84042E+07 -1.01504E+06  1.33952E+07 -6.30677E+15  0.00000E+00  1.61438E+08  3.62392E+07 -1.21827E+08  1.73677E+08  2.26459E+08 -3.17764E+08 -1.40646E+08
 OMEGA(3,1)   -1.86238E+04  2.75382E+04 -8.16985E+03 -5.00655E+07 -1.31270E+06  1.74855E+07 -8.22473E+15  0.00000E+00  2.10878E+08  4.72508E+07 -1.58848E+08  2.26459E+08  2.95289E+08 -4.14343E+08 -1.83391E+08
 OMEGA(3,2)    2.61364E+04 -3.86417E+04  1.15892E+04  7.02729E+07  1.86456E+06 -2.44985E+07  1.15383E+16  0.00000E+00 -2.95114E+08 -6.63024E+07  2.22895E+08 -3.17764E+08 -4.14343E+08  5.81399E+08  2.57331E+08
 OMEGA(3,3)    1.15670E+04 -1.71029E+04  5.09017E+03  3.10970E+07  8.18599E+05 -1.08537E+07  5.10771E+15  0.00000E+00 -1.30855E+08 -2.93464E+07  9.86559E+07 -1.40646E+08 -1.83391E+08  2.57331E+08  1.13898E+08
