TABLE NO.     1: First Order Conditional Estimation with Interaction: Problem=1 Subproblem=0 Superproblem1=0 Iteration1=0 Superproblem2=0 Iteration2=0
 NAME         THETA1       THETA2       THETA3       THETA4       THETA5       THETA6       SIGMA(1,1)   SIGMA(2,1)   SIGMA(2,2)   OMEGA(1,1)   OMEGA(2,1)   OMEGA(2,2)   OMEGA(3,1)   OMEGA(3,2)   OMEGA(3,3)
 THETA1        3.84776E-06 -1.87232E-05 -2.68369E-04  4.08630E-03 -1.62792E-02  7.13191E-02 -1.8060E-184  0.00000E+00 -8.60892E-02 -4.68126E-03 -1.58581E-03  1.24401E-03 -1.44917E-02  1.28382E-02  7.43711E-04
 THETA2       -1.87232E-05  1.00920E-04  1.66142E-03 -2.66703E-02  7.75122E-02 -4.41505E-01  1.1127E-183  0.00000E+00  4.57704E-01  8.07110E-02 -9.35088E-02  3.79994E-02 -5.98285E-02  6.06533E-02  1.86645E-02
 THETA3       -2.68369E-04  1.66142E-03  5.18108E-02 -9.01003E-01  1.02939E+00 -1.37639E+01  2.0461E-182  0.00000E+00  2.20173E+00  2.23117E+00 -3.04076E+00  1.14696E+00 -2.96206E+00  2.95209E+00  4.28191E-01
 THETA4        4.08630E-03 -2.66703E-02 -9.01003E-01  1.59733E+01 -1.46793E+01  2.39352E+02 -3.3933E-181  0.00000E+00 -2.27885E+01 -5.49743E+01  8.20504E+01 -3.27489E+01  6.07924E+01 -5.91818E+01 -8.18454E+00
 THETA5       -1.62792E-02  7.75122E-02  1.02939E+00 -1.46793E+01  7.16264E+01 -2.73574E+02  7.3650E-181  0.00000E+00  3.69273E+02 -4.12042E+01  1.11399E+02 -5.10980E+01  8.14042E+01 -7.01449E+01 -4.60913E+00
 THETA6        7.13191E-02 -4.41505E-01 -1.37639E+01  2.39352E+02 -2.73574E+02  3.65647E+03 -5.4372E-180  0.00000E+00 -5.86126E+02 -5.92854E+02  8.07982E+02 -3.04789E+02  7.87096E+02 -7.84433E+02 -1.13822E+02
 SIGMA(1,1)   -1.8060E-184  1.1127E-183  2.0461E-182 -3.3933E-181  7.3650E-181 -5.4372E-180  0.00000E+00  0.00000E+00 -7.6513E-165  1.3532E-180 -1.9191E-180  8.1051E-181 -2.4544E-180  2.3720E-180  5.1458E-181
 SIGMA(2,1)    0.00000E+00  0.00000E+00  0.00000E+00  0.00000E+00  0.00000E+00  0.00000E+00  0.00000E+00  0.00000E+00  0.00000E+00  0.00000E+00  0.00000E+00  0.00000E+00  0.00000E+00  0.00000E+00  0.00000E+00
 SIGMA(2,2)   -8.60892E-02  4.57704E-01  2.20173E+00 -2.27885E+01  3.69273E+02 -5.86126E+02 -7.6513E-165  0.00000E+00  3.42173E+03  3.76318E+02 -4.84808E+02  2.34002E+02 -3.84422E+02  3.58221E+02  1.56046E+02
 OMEGA(1,1)   -4.68126E-03  8.07110E-02  2.23117E+00 -5.49743E+01 -4.12042E+01 -5.92854E+02  1.3532E-180  0.00000E+00  3.76318E+02  1.46895E+03 -2.52330E+03  1.11133E+03 -7.39982E+02  6.25944E+02  9.70817E+01
 OMEGA(2,1)   -1.58581E-03 -9.35088E-02 -3.04076E+00  8.20504E+01  1.11399E+02  8.07982E+02 -1.9191E-180  0.00000E+00 -4.84808E+02 -2.52330E+03  4.36046E+03 -1.92296E+03  1.33688E+03 -1.13437E+03 -1.75471E+02
 OMEGA(2,2)    1.24401E-03  3.79994E-02  1.14696E+00 -3.27489E+01 -5.10980E+01 -3.04789E+02  8.1051E-181  0.00000E+00  2.34002E+02  1.11133E+03 -1.92296E+03  8.49038E+02 -5.88784E+02  4.98678E+02  7.82894E+01
 OMEGA(3,1)   -1.44917E-02 -5.98285E-02 -2.96206E+00  6.07924E+01  8.14042E+01  7.87096E+02 -2.4544E-180  0.00000E+00 -3.84422E+02 -7.39982E+02  1.33688E+03 -5.88784E+02  1.81409E+03 -1.70812E+03 -3.11559E+02
 OMEGA(3,2)    1.28382E-02  6.06533E-02  2.95209E+00 -5.91818E+01 -7.01449E+01 -7.84433E+02  2.3720E-180  0.00000E+00  3.58221E+02  6.25944E+02 -1.13437E+03  4.98678E+02 -1.70812E+03  1.61374E+03  2.94999E+02
 OMEGA(3,3)    7.43711E-04  1.86645E-02  4.28191E-01 -8.18454E+00 -4.60913E+00 -1.13822E+02  5.1458E-181  0.00000E+00  1.56046E+02  9.70817E+01 -1.75471E+02  7.82894E+01 -3.11559E+02  2.94999E+02  5.72496E+01
