TABLE NO.     1: First Order Conditional Estimation with Interaction: Problem=1 Subproblem=0 Superproblem1=0 Iteration1=0 Superproblem2=0 Iteration2=0
 NAME         THETA1       THETA2       THETA3       THETA4       THETA5       THETA6       THETA7       THETA8       SIGMA(1,1)   SIGMA(2,1)   SIGMA(2,2)   OMEGA(1,1)
 THETA1        7.78202E+02  9.64827E-01  6.14663E-02  2.75663E-01 -6.46055E-01 -5.67394E-02 -3.63533E-01  4.84712E-01 -7.72888E-01  0.00000E+00 -1.51861E-01  4.96661E-01
 THETA2        9.64827E-01  1.72731E+02  1.24930E-01  3.45940E-01 -7.84836E-01 -1.14334E-02 -4.04122E-01  4.68737E-01 -7.36087E-01  0.00000E+00 -1.63918E-01  5.50999E-01
 THETA3        6.14663E-02  1.24930E-01  1.81072E+01  2.44896E-01 -2.06848E-01  9.57611E-01 -9.40141E-01 -1.18051E-01  5.28818E-01  0.00000E+00 -1.46446E-01  2.24915E-01
 THETA4        2.75663E-01  3.45940E-01  2.44896E-01  2.71743E-02 -5.37292E-01 -3.80068E-02 -1.85645E-01  7.28000E-01 -1.91319E-01  0.00000E+00  9.71409E-03  2.23192E-01
 THETA5       -6.46055E-01 -7.84836E-01 -2.06848E-01 -5.37292E-01  3.69108E-01 -3.31742E-02  3.57376E-01 -3.00242E-01  4.60058E-01  0.00000E+00  2.71458E-01 -3.76536E-01
 THETA6       -5.67394E-02 -1.14334E-02  9.57611E-01 -3.80068E-02 -3.31742E-02  3.00694E-01 -9.00118E-01 -3.55919E-01  6.33292E-01  0.00000E+00 -1.38648E-01  1.42545E-01
 THETA7       -3.63533E-01 -4.04122E-01 -9.40141E-01 -1.85645E-01  3.57376E-01 -9.00118E-01  5.76155E-01  7.10972E-02 -2.67392E-01  0.00000E+00  2.48952E-01 -3.59729E-01
 THETA8        4.84712E-01  4.68737E-01 -1.18051E-01  7.28000E-01 -3.00242E-01 -3.55919E-01  7.10972E-02  3.22065E-02 -5.66910E-01  0.00000E+00  1.80197E-01  2.87410E-01
 SIGMA(1,1)   -7.72888E-01 -7.36087E-01  5.28818E-01 -1.91319E-01  4.60058E-01  6.33292E-01 -2.67392E-01 -5.66910E-01  1.18381E-05  0.00000E+00 -4.48967E-02 -4.65936E-01
 SIGMA(2,1)    0.00000E+00  0.00000E+00  0.00000E+00  0.00000E+00  0.00000E+00  0.00000E+00  0.00000E+00  0.00000E+00  0.00000E+00  0.00000E+00  0.00000E+00  0.00000E+00
 SIGMA(2,2)   -1.51861E-01 -1.63918E-01 -1.46446E-01  9.71409E-03  2.71458E-01 -1.38648E-01  2.48952E-01  1.80197E-01 -4.48967E-02  0.00000E+00  1.84401E-02  4.81759E-02
 OMEGA(1,1)    4.96661E-01  5.50999E-01  2.24915E-01  2.23192E-01 -3.76536E-01  1.42545E-01 -3.59729E-01  2.87410E-01 -4.65936E-01  0.00000E+00  4.81759E-02  4.20819E-02
