TABLE NO.     1: First Order Conditional Estimation with Interaction: Problem=1 Subproblem=0 Superproblem1=0 Iteration1=0 Superproblem2=0 Iteration2=0
 NAME         THETA1       THETA2       THETA3       THETA4       THETA5       THETA6       THETA7       THETA8       SIGMA(1,1)   SIGMA(2,1)   SIGMA(2,2)   OMEGA(1,1)
 THETA1        6.05598E+05  1.29692E+05  8.66127E+02  5.82949E+00 -1.85573E+02 -1.32770E+01 -1.62995E+02  1.21484E+01 -7.12015E-03  0.00000E+00 -2.17921E+00  1.62648E+01
 THETA2        1.29692E+05  2.98360E+04  3.90742E+02  1.62379E+00 -5.00383E+01 -5.93840E-01 -4.02182E+01  2.60761E+00 -1.50515E-03  0.00000E+00 -5.22106E-01  4.00514E+00
 THETA3        8.66127E+02  3.90742E+02  3.27872E+02  1.20502E-01 -1.38247E+00  5.21393E+00 -9.80808E+00 -6.88438E-02  1.13354E-04  0.00000E+00 -4.88982E-02  1.71382E-01
 THETA4        5.82949E+00  1.62379E+00  1.20502E-01  7.38445E-04 -5.38918E-03 -3.10559E-04 -2.90658E-03  6.37138E-04 -6.15457E-08  0.00000E+00  4.86770E-06  2.55231E-04
 THETA5       -1.85573E+02 -5.00383E+01 -1.38247E+00 -5.38918E-03  1.36241E-01 -3.68195E-03  7.60007E-02 -3.56918E-03  2.01023E-06  0.00000E+00  1.84765E-03 -5.84865E-03
 THETA6       -1.32770E+01 -5.93840E-01  5.21393E+00 -3.10559E-04 -3.68195E-03  9.04167E-02 -1.55942E-01 -3.44682E-03  2.25429E-06  0.00000E+00 -7.68779E-04  1.80373E-03
 THETA7       -1.62995E+02 -4.02182E+01 -9.80808E+00 -2.90658E-03  7.60007E-02 -1.55942E-01  3.31954E-01  1.31927E-03 -1.82376E-06  0.00000E+00  2.64495E-03 -8.72187E-03
 THETA8        1.21484E+01  2.60761E+00 -6.88438E-02  6.37138E-04 -3.56918E-03 -3.44682E-03  1.31927E-03  1.03726E-03 -2.16141E-07  0.00000E+00  1.07017E-04  3.89530E-04
 SIGMA(1,1)   -7.12015E-03 -1.50515E-03  1.13354E-04 -6.15457E-08  2.01023E-06  2.25429E-06 -1.82376E-06 -2.16141E-07  1.40139E-10  0.00000E+00 -9.80072E-09 -2.32114E-07
 SIGMA(2,1)    0.00000E+00  0.00000E+00  0.00000E+00  0.00000E+00  0.00000E+00  0.00000E+00  0.00000E+00  0.00000E+00  0.00000E+00  0.00000E+00  0.00000E+00  0.00000E+00
 SIGMA(2,2)   -2.17921E+00 -5.22106E-01 -4.88982E-02  4.86770E-06  1.84765E-03 -7.68779E-04  2.64495E-03  1.07017E-04 -9.80072E-09  0.00000E+00  3.40037E-04  3.73842E-05
 OMEGA(1,1)    1.62648E+01  4.00514E+00  1.71382E-01  2.55231E-04 -5.84865E-03  1.80373E-03 -8.72187E-03  3.89530E-04 -2.32114E-07  0.00000E+00  3.73842E-05  1.77089E-03
