TABLE NO.     1: First Order Conditional Estimation with Interaction: Problem=1 Subproblem=0 Superproblem1=0 Iteration1=0 Superproblem2=0 Iteration2=0
 NAME         THETA1       THETA2       THETA3       THETA4       THETA5       THETA6       THETA7       THETA8       SIGMA(1,1)   SIGMA(2,1)   SIGMA(2,2)   OMEGA(1,1)
 THETA1        1.06398E+00 -9.66267E-01 -1.40570E+01 -2.98792E+03 -4.39589E+02 -2.23189E+02  5.90158E+02  3.54648E+03  8.77829E+07  0.00000E+00  1.34008E+03  6.58392E+03
 THETA2       -9.66267E-01  8.83887E-01  1.30624E+01  2.72962E+03  4.01411E+02  2.17640E+02 -5.21625E+02 -3.24341E+03 -8.00393E+07  0.00000E+00 -1.25450E+03 -5.99795E+03
 THETA3       -1.40570E+01  1.30624E+01  2.06646E+02  4.00852E+04  5.93502E+03  3.74548E+03 -6.91698E+03 -4.83236E+04 -1.18091E+09  0.00000E+00 -1.99957E+04 -8.82258E+04
 THETA4       -2.98792E+03  2.72962E+03  4.00852E+04  8.50519E+06  1.24086E+06  7.00585E+05 -1.60989E+06 -1.00240E+07 -2.47667E+11  0.00000E+00 -3.89478E+06 -1.85555E+07
 THETA5       -4.39589E+02  4.01411E+02  5.93502E+03  1.24086E+06  1.82511E+05  9.82827E+04 -2.37918E+05 -1.47494E+06 -3.64078E+10  0.00000E+00 -5.69253E+05 -2.72836E+06
 THETA6       -2.23189E+02  2.17640E+02  3.74548E+03  7.00585E+05  9.82827E+04  1.06554E+05 -7.76952E+04 -8.08345E+05 -1.95287E+10  0.00000E+00 -4.05916E+05 -1.44568E+06
 THETA7        5.90158E+02 -5.21625E+02 -6.91698E+03 -1.60989E+06 -2.37918E+05 -7.76952E+04  3.69810E+05  1.90169E+06  4.76728E+10  0.00000E+00  6.30769E+05  3.59256E+06
 THETA8        3.54648E+03 -3.24341E+03 -4.83236E+04 -1.00240E+07 -1.47494E+06 -8.08345E+05  1.90169E+06  1.19336E+07  2.94179E+11  0.00000E+00  4.63786E+06  2.20381E+07
 SIGMA(1,1)    8.77829E+07 -8.00393E+07 -1.18091E+09 -2.47667E+11 -3.64078E+10 -1.95287E+10  4.76728E+10  2.94179E+11  7.26739E+15  0.00000E+00  1.13268E+11  5.44656E+11
 SIGMA(2,1)    0.00000E+00  0.00000E+00  0.00000E+00  0.00000E+00  0.00000E+00  0.00000E+00  0.00000E+00  0.00000E+00  0.00000E+00  0.00000E+00  0.00000E+00  0.00000E+00
 SIGMA(2,2)    1.34008E+03 -1.25450E+03 -1.99957E+04 -3.89478E+06 -5.69253E+05 -4.05916E+05  6.30769E+05  4.63786E+06  1.13268E+11  0.00000E+00  1.99039E+06  8.44981E+06
 OMEGA(1,1)    6.58392E+03 -5.99795E+03 -8.82258E+04 -1.85555E+07 -2.72836E+06 -1.44568E+06  3.59256E+06  2.20381E+07  5.44656E+11  0.00000E+00  8.44981E+06  4.08271E+07
