dmp.txt <- structure(
	.Data = list(
		"coefficients" = list(
			"fixed" = c("CMultStdev" = 0.496354895773351, "tvVmax" = 6430.34346882052, "tvKm" = 2863.49078170407, "tvV" = 79.8286249914206, "tvKa" = 1.38385512574002, "K12" = 0.0460429104019268, "K21" = 0.104843152195124, "K13" = 0.0133793875409807, "K31" = 0.0174491950069859, "CEps" = 0.498080635314567)
			, "random" = list("Subject" = matrix(
				as.numeric(c(
					 0.477847547775378,  -0.699607142862244,  -0.1124686725773
					,  -0.553525690650875,  -0.2845625371958,  -0.087556116064054
					,  -0.0757454570825526,  0.0941901735120792,  -0.48398196172277
					,  -0.410524289038374,  -0.217643793462358,  0.193567296235294
					,  0.400721930648055,  0.246750207287904,  0.576089993004044
					,  0.19575807051235,  0.277047674654664,  -0.317310658832743
					,  -0.0258301944066743,  0.299000065304935,  -0.450517237678643
					,  -0.274899727731372,  0.956726063168669,  0.200057755024837
					,  -0.0737497495205506,  0.0761269285733271,  -0.357455832581757
					,  0.278429748583335,  0.344028128078776,  0.0991472696837266
					,  -0.154709388495183,  0.644594722824901,  -0.118071922617815
					,  -0.129595961573109,  -0.154985081149543,  -0.395556702051569
					,  -0.0134417077421036,  0.132052396246871,  0.51118445333181
					,  -0.141216431568226,  0.295436007322225,  -0.49046759348604
					,  -0.129989896445575,  0.366877670108088,  0.260890559635303
					,  0.221751617065259,  0.0622723086335851,  0.381736757881099
					,  0.404356336464714,  0.143025828448483,  0.327947905465553
					,  0.0256446167022226,  -0.656394640824579,  -0.623058276529291
					,  0.0631136902748003,  0.0221048370302102,  0.254770259620162
					,  -0.115932442139076,  -0.0500973500024809,  -0.0138477042612788
					,  -0.373877502603497,  -0.0145112163883061,  -0.471276977612924
					,  -0.298413680609951,  0.273531709575049,  -0.32197720415806
					,  0.699314626683044,  0.233834717855826,  0.0848380372458858
					,  0.012124965991771,  -0.38514178923875,  -0.0880389220530932
					,  -0.683673799484571,  -0.0237683336274853,  -0.468799612068456
					,  0.326957937916214,  -0.456641404016539,  -0.163059185436503
					,  0.269748087401425,  -0.0249445604663788,  0.0915314573001609
					,  -0.0675263448080054,  -0.0727559048198707,  0.094038265709153
					,  0.182260314995475,  0.349427835549827,  -0.118184679750974
					,  0.137975506963842,  -0.102905328439791,  0.0076047254516561
					,  -0.32398006223931,  0.327335376134605,  -0.695213801880816
					,  -0.436491380797559,  -0.0313446544612362,  0.164600904951675
					,  0.387910325646133,  -0.0505234615902162,  0.293331839126474
					,  0.188209964565325,  -0.245425031734558,  0.0209252751584477
					,  0.0803494655174706,  0.735173383092397,  0.0280074896050758
					,  -0.33523203584306,  -0.0563341087882239,  0.465239570015633
					,  0.0907883023350078,  0.343319402544151,  -0.808214350099848
					,  0.0760586299827965,  -0.0293159018067129,  0.58150292868219
					,  -0.407239466313614,  0.20590968229968,  -0.167894445379698
					,  0.585137470974651,  -0.124664557339453,  0.134503796452148
					,  -0.49766826282166,  0.627454418267024,  -0.255833821329762
					,  0.500404546084506,  0.276976168751651,  0.149410537268153
					,  0.0822721241399414,  -0.0916955261158775,  0.443744675162949
					,  0.364746513685478,  0.0783186967748719,  -0.135693099614754
					,  -0.26716933035392,  -0.118838325034168,  -0.636882324565507
					,  -0.127626937619551,  -0.248906579382563,  0.241380306533267
					,  0.0580138717892892,  -0.199909014633542,  0.406910058942218
					,  0.166550012586054,  -0.622808568417086,  -0.141827521684907
					,  0.117239661454295,  -0.0397269177394566,  0.30525863272321
					,  -0.195382442162312,  -0.396800346586707,  -0.097325085274441
					,  0.181087980480545,  -0.588380511151201,  -0.0941848258067587
					,  0.0854117161841777,  0.07949290823822,  0.364700707946543
					,  -0.00130053690302326,  -0.197048215951735,  -0.338508522741524
					,  0.0768384675805145,  -0.291301958383682,  0.430492326676969
					,  0.139893422367326,  -0.312893798208967,  -0.163328104602093
					,  -0.489051143812811,  0.0111730881555814,  -0.282004373760493
					,  -0.443817621471662,  -0.202615651177993,  -0.134484683811397
					,  -0.0188081101487285,  0.601430358019833,  0.586376908153675
					,  -0.029643496421803,  0.00517919981228703,  -0.310087617343666
					,  0.117044744277344,  0.0807259979658465,  0.0412127203983995
					,  0.0462836570135217,  -0.128608028920807,  -0.622711410478334
					,  0.220364252686019,  0.292130530897642,  0.287759314177653
					,  0.400912354767782,  -0.262064629877502,  0.20166555523783
					,  -0.667948336901758,  -0.408638705671724,  0.0334058373673248
					,  -0.175680746408744,  0.685503472537604,  -0.291136291883253
					,  0.291117640552047,  0.41965833969374,  -0.452744601779036
					,  -0.227811785165474,  -0.219678218020679,  -0.475047942465319
					,  -0.805515551820714,  0.476885146447047,  -0.144406862696007
					,  0.781902265930158,  0.6150005296357,  -0.782306928059063
					,  0.284744208151154,  -0.129783967467879,  0.297249548599451
					,  0.412241499823861,  0.121178043492009,  -0.421658265298475
					,  -0.110636341445824,  -0.480601982445133,  -0.430434420879947
					,  -0.733393872892373,  -0.454127858097074,  0.670814512166991
					,  -0.266887745577034,  0.12882279515887,  -0.0638890547844571
					,  0.599605858525342,  0.22704381363892,  0.301748548229068
					,  -0.581512170280186,  0.322345161263809,  0.38773709743369
					,  0.174169304118331,  -0.535368433888954,  -0.164433767417239
					,  -0.0172156059261138,  0.0173085891937222,  -0.366277401239913
					,  0.300464275821131,  -0.110478514737428,  0.00872374122171518
					,  -0.0195518982798804,  0.189535969962546,  0.00556348818611891
					))
				, nrow = 60, ncol = 4
				, dimnames = list(
					as.character(c( "1", "2", "3", "4", "5", "6", "7", "8", "9", "10"
					  , "11", "12", "13", "14", "15", "16", "17", "18", "19", "20"
					  , "21", "22", "23", "24", "25", "26", "27", "28", "29", "30"
					  , "31", "32", "33", "34", "35", "36", "37", "38", "39", "40"
					  , "41", "42", "43", "44", "45", "46", "47", "48", "49", "50"
					  , "51", "52", "53", "54", "55", "56", "57", "58", "59", "60"))
					, as.character(c("nVmax", "nKm", "nV", "nKa"))
					)
				))
			)
		, "logLik" = c(-3228.13)
		, "nObs" = c(480)
		, "nSubj" = c(60)
		, "nParm" = c(14)
		, "returnCode" = c(3)
		, "omega" = matrix(
			as.numeric(c(0.321834834206546, 0, 0, 0, 0, 0.227777728748394, 0, 0, 0, 0, 0.316800918222324, 0, 0, 0, 0, 0.354059585009149))
			, nrow = 4, ncol = 4
			, dimnames = list(
				as.character(c("nVmax", "nKm", "nV", "nKa"))
				, as.character(c("nVmax", "nKm", "nV", "nKa"))
				)
			)
		, "eta" = matrix(
			as.numeric(c(0.0203417443134787, -0.00626462846890454, -0.0225302084102264, -0.0224777664812587, 0.115551395221249, 0.108818401263581, 0.0914885420803373, 0.15547469631484, 0.339928514869301, 0.329876342382386, 0.302470729295146, 0.394302797751728, 0.40080101021561, 0.30881303147812, 0.462609310774421, 0.337338589459352))
			, nrow = 4, ncol = 4
			, dimnames = list(
				as.character(c("nVmax", "nKm", "nV", "nKa"))
				, as.character(c("mean", "var", "sd", "shrinkage"))
				)
			)
		, "eta_shrinkage" = list("Subject" = matrix(
			as.numeric(c(
				 0.395453093452406,  0.747393144822847,  0.424038756451813
				,  0.578087462250647,  0.619270904739188,  0.46779699892877
				,  0.615917329995675,  0.488313830717431,  0.65749250632878
				,  0.603015273174992,  0.464247631838327,  0.455478130307172
				,  0.387915782978594,  0.461809419025614,  0.374120156524974
				,  0.487684846890264,  0.415985232132908,  0.512800327393608
				,  0.51846559704279,  0.454576150713133,  0.650056043778263
				,  0.517879428605368,  0.406597551055265,  0.469119598470438
				,  0.520502728940945,  0.50811699120547,  0.534481093944311
				,  0.46586346797858,  0.434035338475747,  0.467327541158608
				,  0.472275121525574,  0.446614800372844,  0.416319975885134
				,  0.454333766932471,  0.498255291384634,  0.628391917354886
				,  0.522030223354181,  0.457973928084567,  0.461794480057296
				,  0.519714681071394,  0.429198510826369,  0.643020904662813
				,  0.51456287742173,  0.497588327682979,  0.460298343643408
				,  0.412064274349187,  0.474075653441739,  0.478931329129216
				,  0.443213449174537,  0.488648686752504,  0.391097121529558
				,  0.484460925675396,  0.725985709427406,  0.840760370002235
				,  0.441656010803432,  0.500696169548284,  0.438012516336473
				,  0.606129986423557,  0.478417805021037,  0.497518498631462
				,  0.261685890052389,  0.194796258559184,  0.243560900547939
				,  0.212829964800409,  0.212382003461918,  0.222035543695752
				,  0.213863853801292,  0.241854015423401,  0.206884975011358
				,  0.235565426841891,  0.227832174857159,  0.241800849065471
				,  0.280570464347075,  0.219162909254001,  0.294137272669211
				,  0.226027916615972,  0.239368846194523,  0.241574563396681
				,  0.233723061790116,  0.249857428028776,  0.229778588758315
				,  0.247192021962353,  0.289352719198927,  0.241177509613497
				,  0.214707588454521,  0.227607831605139,  0.249473777715409
				,  0.232370795253089,  0.256922757232884,  0.234296088196011
				,  0.225961372446911,  0.254708694856148,  0.250510678633891
				,  0.232726907205049,  0.24480530903123,  0.220872961593663
				,  0.242541345362328,  0.242793610384416,  0.230547434333425
				,  0.230727239971432,  0.243431890820043,  0.22516364588721
				,  0.222584245217912,  0.232302571538403,  0.231898019106354
				,  0.261895243783479,  0.222146755204223,  0.227981303955059
				,  0.243994010967162,  0.2489767602175,  0.263244888623287
				,  0.226454407920342,  0.199231992529005,  0.175395118393935
				,  0.230537159594024,  0.241671274110725,  0.236129638534027
				,  0.223377009878921,  0.2312517631164,  0.234967123552501
				,  0.599319273330351,  0.790414908576589,  0.606526636077284
				,  0.666414510641117,  0.68425495356706,  0.592514348265308
				,  0.670394045273571,  0.589073214785167,  0.717902783143287
				,  0.677846254135559,  0.599492216706244,  0.590258284277845
				,  0.600734402984519,  0.580116395095266,  0.604059966768182
				,  0.582985428498609,  0.598025557466984,  0.61766320670022
				,  0.60475251300425,  0.583131716316982,  0.714115435259392
				,  0.620977240677677,  0.591184161498276,  0.581921333843683
				,  0.610135578105781,  0.600458400645503,  0.627721229657325
				,  0.580274485032382,  0.589334260257921,  0.587962836739809
				,  0.598523003176982,  0.579328353524113,  0.609025134321929
				,  0.604071454107591,  0.608652924497707,  0.69071605742382
				,  0.601261275114739,  0.588776520368742,  0.57592574556986
				,  0.607592542816034,  0.593472960865707,  0.709878403286315
				,  0.612496649066104,  0.577790425157557,  0.582072866082658
				,  0.60266976585857,  0.588824389780332,  0.573354003168303
				,  0.58467784836726,  0.587736575407552,  0.603241476635886
				,  0.592109977977942,  0.774062560204585,  0.858117976638428
				,  0.595513525657627,  0.598927759417477,  0.590260280819562
				,  0.664397424084042,  0.594746393110736,  0.596226109305225
				,  0.695697123103408,  0.613697267007019,  0.5225471542292
				,  0.695346269633862,  0.724420936100109,  0.68379092924756
				,  0.730403679670719,  0.584886155832233,  0.676785902486304
				,  0.515588133791137,  0.55003764967354,  0.622219729592343
				,  0.624162647235363,  0.774293720650331,  0.590146369691528
				,  0.669687722114214,  0.719588211826599,  0.568059849902259
				,  0.57471007262937,  0.585539753040545,  0.538893700991349
				,  0.517430247285858,  0.762918050961136,  0.619696784472913
				,  0.821642541141886,  0.805496239544586,  0.504056855582683
				,  0.650682607820071,  0.604256702962678,  0.70857476971876
				,  0.753716226417296,  0.644269394921248,  0.561909946157848
				,  0.624740649208767,  0.561566430318314,  0.556954164884515
				,  0.533150694885235,  0.546162231155825,  0.784593538266703
				,  0.580091348066565,  0.679443148287847,  0.59607856154322
				,  0.819391334710019,  0.678621440048564,  0.729379925752544
				,  0.541428849644497,  0.691836936123976,  0.744817553567971
				,  0.673454153270131,  0.531088717799733,  0.603736888190118
				,  0.663029416407654,  0.64417711419885,  0.598654590776871
				,  0.682580756800174,  0.621928046051089,  0.657007011252581
				,  0.629651786391269,  0.678517548279284,  0.641627797939297
				))
			, nrow = 60, ncol = 4
			, dimnames = list(
				as.character(c( "1", "2", "3", "4", "5", "6", "7", "8", "9", "10"
				  , "11", "12", "13", "14", "15", "16", "17", "18", "19", "20"
				  , "21", "22", "23", "24", "25", "26", "27", "28", "29", "30"
				  , "31", "32", "33", "34", "35", "36", "37", "38", "39", "40"
				  , "41", "42", "43", "44", "45", "46", "47", "48", "49", "50"
				  , "51", "52", "53", "54", "55", "56", "57", "58", "59", "60"))
				, as.character(c("nVmax_shrinkage", "nKm_shrinkage", "nV_shrinkage", "nKa_shrinkage"))
				)
			))
		, "sigma" = matrix(
			as.numeric(c(0.248084319275362))
			, nrow = 1, ncol = 1
			, dimnames = list(
				as.character(c("CEps"))
				, as.character(c("CEps"))
				)
			)
		, "method" = "FOCE-ELS"
		, "varFix" = matrix(
			as.numeric(c(0.000938521574355373, 0.563415745457266, -2.45141123491821, 0.0412470292647088, 0.00024320625246487, 1.34242818565571e-005, -4.37703211644198e-005, 1.17494655096005e-005, -4.55861922802712e-006, -0.0101853649820366, 0.563415745457266, 63093446.4840992, 32551218.9640799, 34383.9398322951, 759.539994388055, -127.035007769501, -300.358136917468, -49.7636227079546, -60.5365037796565, -5019.15648205946, -2.45141123491821, 32551218.9640799, 17491155.2934908, 18054.1030390107, 444.191833099961, -65.278698462348, -158.94526492436, -27.1662626667968, -33.1203037365336, -2381.02925356463, 0.0412470292647088, 34383.9398322951, 18054.1030390107, 156.438971912206, 2.52265198658833, -0.375250531834636, -1.15112831627573, -0.0923609317820998, -0.13536178384656, 3.67169970551247, 0.00024320625246487, 759.539994388055, 444.191833099961, 2.52265198658833, 0.12868964438652, -0.0114630233527799, -0.0348686226962223, -0.00290544232040792, -0.00377038653279322, -0.0376895756015876, 1.34242818565571e-005, -127.035007769501, -65.278698462348, -0.375250531834636, -0.0114630233527799, 0.00171310741525826, 0.00545664064924043, 0.000386675739880277, 0.000481902427986318, 0.0081879129597235, -4.37703211644198e-005, -300.358136917468, -158.94526492436, -1.15112831627573, -0.0348686226962223, 0.00545664064924043, 0.0179777094249057, 0.00117251758239505, 0.00141300505196432, 0.0281186614980076, 1.17494655096005e-005, -49.7636227079546, -27.1662626667968, -0.0923609317820998, -0.00290544232040792, 0.000386675739880277, 0.00117251758239505, 0.000103487934775723, 0.000130583849692802, 0.00264758868619819, -4.55861922802712e-006, -60.5365037796565, -33.1203037365336, -0.13536178384656, -0.00377038653279322, 0.000481902427986318, 0.00141300505196432, 0.000130583849692802, 0.000219832485214954, 0.00329189292205326, -0.0101853649820366, -5019.15648205946, -2381.02925356463, 3.67169970551247, -0.0376895756015876, 0.0081879129597235, 0.0281186614980076, 0.00264758868619819, 0.00329189292205326, 5.08319523133742))
			, nrow = 10, ncol = 10
			, dimnames = list(
				as.character(c("CMultStdev", "tvVmax", "tvKm", "tvV", "tvKa", "K12", "K21", "K13", "K31", "CEps"))
				, as.character(c("CMultStdev", "tvVmax", "tvKm", "tvV", "tvKa", "K12", "K21", "K13", "K31", "CEps"))
				)
			)
		, "omegaSE" = matrix(
			as.numeric(c(0.627964401802236, 0, 0, 0, 0, 0.085564921211479, 0, 0, 0, 0, 0.924663145417272, 0, 0, 0, 0, 0.221726955899854))
			, nrow = 4, ncol = 4, byrow = TRUE
			, dimnames = list(
				as.character(c("nVmax", "nKm", "nV", "nKa"))
				, as.character(c("nVmax", "nKm", "nV", "nKa"))
				)
			)
		, "Covariance" = matrix(
			as.numeric(c(0.00093852157, 0.56341575, -2.4514112, 0.041247029, 0.00024320625, 1.3424282e-005, -4.3770321e-005, 1.1749466e-005, -4.5586192e-006, -0.010185365, -0.0014258975,         0, -2.5286877e-005,         0,         0, 0.0027404804,         0,         0,         0, -0.0010278584, 0.56341575,  63093446,  32551219,  34383.94, 759.53999, -127.03501, -300.35814, -49.763623, -60.536504, -5019.1565, -3400.8231,         0, 38.935768,         0,         0, 4307.7603,         0,         0,         0, 536.38371, -2.4514112,  32551219,  17491155, 18054.103, 444.19183, -65.278698, -158.94526, -27.166263, -33.120304, -2381.0293, -1737.5011,         0, 33.876778,         0,         0,  2392.781,         0,         0,         0, 272.05825, 0.041247029,  34383.94, 18054.103, 156.43897,  2.522652, -0.37525053, -1.1511283, -0.092360932, -0.13536178, 3.6716997, -3.0174179,         0, -0.12692221,         0,         0, 4.6239051,         0,         0,         0, 0.57207038, 0.00024320625, 759.53999, 444.19183,  2.522652, 0.12868964, -0.011463023, -0.034868623, -0.0029054423, -0.0037703865, -0.037689576, -0.064254882,         0, -0.0011477062,         0,         0, 0.095335087,         0,         0,         0, 0.011946689, 1.3424282e-005, -127.03501, -65.278698, -0.37525053, -0.011463023, 0.0017131074, 0.0054566406, 0.00038667574, 0.00048190243, 0.008187913, 0.011977323,         0, 0.0004485974,         0,         0, -0.016498608,         0,         0,         0, -0.0033524724, -4.3770321e-005, -300.35814, -158.94526, -1.1511283, -0.034868623, 0.0054566406, 0.017977709, 0.0011725176, 0.0014130051, 0.028118661, 0.03619664,         0, 0.0014767219,         0,         0, -0.053458465,         0,         0,         0, -0.010345262, 1.1749466e-005, -49.763623, -27.166263, -0.092360932, -0.0029054423, 0.00038667574, 0.0011725176, 0.00010348793, 0.00013058385, 0.0026475887, 0.0032581865,         0, 4.1972851e-005,         0,         0, -0.0048209539,         0,         0,         0, -0.00082160477, -4.5586192e-006, -60.536504, -33.120304, -0.13536178, -0.0037703865, 0.00048190243, 0.0014130051, 0.00013058385, 0.00021983249, 0.0032918929, 0.0046649976,         0, 0.00019657457,         0,         0, -0.0077361989,         0,         0,         0, -0.00093435152, -0.010185365, -5019.1565, -2381.0293, 3.6716997, -0.037689576, 0.008187913, 0.028118661, 0.0026475887, 0.0032918929, 5.0831952, 0.5027285,         0, -0.0023812097,         0,         0, -0.73246892,         0,         0,         0, -0.027459545, -0.0014258975, -3400.8231, -1737.5011, -3.0174179, -0.064254882, 0.011977323, 0.03619664, 0.0032581865, 0.0046649976, 0.5027285, 0.39433929,         0, 0.0022009346,         0,         0, -0.52622518,         0,         0,         0, -0.047711192,         0,         0,         0,         0,         0,         0,         0,         0,         0,         0,         0,         0,         0,         0,         0,         0,         0,         0,         0,         0, -2.5286877e-005, 38.935768, 33.876778, -0.12692221, -0.0011477062, 0.0004485974, 0.0014767219, 4.1972851e-005, 0.00019657457, -0.0023812097, 0.0022009346,         0, 0.0073213557,         0,         0, -0.0034033263,         0,         0,         0, 0.001520596,         0,         0,         0,         0,         0,         0,         0,         0,         0,         0,         0,         0,         0,         0,         0,         0,         0,         0,         0,         0,         0,         0,         0,         0,         0,         0,         0,         0,         0,         0,         0,         0,         0,         0,         0,         0,         0,         0,         0,         0, 0.0027404804, 4307.7603,  2392.781, 4.6239051, 0.095335087, -0.016498608, -0.053458465, -0.0048209539, -0.0077361989, -0.73246892, -0.52622518,         0, -0.0034033263,         0,         0, 0.85500193,         0,         0,         0, 0.066762779,         0,         0,         0,         0,         0,         0,         0,         0,         0,         0,         0,         0,         0,         0,         0,         0,         0,         0,         0,         0,         0,         0,         0,         0,         0,         0,         0,         0,         0,         0,         0,         0,         0,         0,         0,         0,         0,         0,         0,         0,         0,         0,         0,         0,         0,         0,         0,         0,         0,         0,         0,         0,         0,         0,         0,         0,         0,         0,         0,         0, -0.0010278584, 536.38371, 272.05825, 0.57207038, 0.011946689, -0.0033524724, -0.010345262, -0.00082160477, -0.00093435152, -0.027459545, -0.047711192,         0, 0.001520596,         0,         0, 0.066762779,         0,         0,         0, 0.049162843))
			, nrow = 20, ncol = 20
			, dimnames = list(
				as.character(c("CMultStdev", "tvVmax", "tvKm", "tvV", "tvKa", "K12", "K21", "K13", "K31", "stdev0", "nVmax-nVmax", "nKm-nVmax", "nKm-nKm", "nV-nVmax", "nV-nKm", "nV-nV", "nKa-nVmax", "nKa-nKm", "nKa-nV", "nKa-nKa"))
				, as.character(c("CMultStdev", "tvVmax", "tvKm", "tvV", "tvKa", "K12", "K21", "K13", "K31", "stdev0", "nVmax-nVmax", "nKm-nVmax", "nKm-nKm", "nV-nVmax", "nV-nKm", "nV-nV", "nKa-nVmax", "nKa-nKm", "nKa-nV", "nKa-nKa"))
				)
			)
		, "Correlation" = matrix(
			as.numeric(c(0.030635299, 0.0023153397, -0.019133076, 0.10764604, 0.022129969, 0.010587091, -0.010655907, 0.037700848, -0.010036106, -0.14746402, -0.074119273,         0, -0.0096466676,         0,         0, 0.096743326,         0,         0,         0, -0.15131873, 0.0023153397, 7943.1383, 0.97986418, 0.34609158, 0.26655493, -0.38640167, -0.28202012, -0.61585008, -0.51401912, -0.28026587, -0.68179983,         0, 0.057287631,         0,         0, 0.58651058,         0,         0,         0, 0.30455446, -0.019133076, 0.97986418, 4182.2429, 0.34513912, 0.29606667, -0.37711164, -0.28344655, -0.63852189, -0.53412035, -0.25251495, -0.66157763,         0, 0.094666669,         0,         0, 0.61874281,         0,         0,         0, 0.29338247, 0.10764604, 0.34609158, 0.34513912, 12.507557, 0.56222877, -0.72486402, -0.68641076, -0.72589026, -0.72992402, 0.13020459, -0.384174,         0, -0.11859583,         0,         0, 0.3998093,         0,         0,         0, 0.20628065, 0.022129969, 0.26655493, 0.29606667, 0.56222877, 0.35873339, -0.7720316, -0.72492957, -0.79615128, -0.70887252, -0.046599478, -0.28523269,         0, -0.037390664,         0,         0, 0.28740705,         0,         0,         0, 0.15019562, 0.010587091, -0.38640167, -0.37711164, -0.72486402, -0.7720316, 0.041389702, 0.98325435, 0.91835325, 0.78527339, 0.087743009, 0.46082119,         0, 0.12666852,         0,         0, -0.43109349,         0,         0,         0, -0.36530399, -0.010655907, -0.28202012, -0.28344655, -0.68641076, -0.72492957, 0.98325435, 0.13408098, 0.85962161, 0.71077248, 0.093016302, 0.42989862,         0, 0.12871697,         0,         0, -0.4311871,         0,         0,         0, -0.34798124, 0.037700848, -0.61585008, -0.63852189, -0.72589026, -0.79615128, 0.91835325, 0.85962161, 0.010172902, 0.8657623, 0.11543493, 0.5100304,         0, 0.048220071,         0,         0, -0.51251263,         0,         0,         0, -0.36425003, -0.010036106, -0.51401912, -0.53412035, -0.72992402, -0.70887252, 0.78527339, 0.71077248, 0.8657623, 0.014826749, 0.09847622, 0.50103777,         0, 0.15494789,         0,         0, -0.56428453,         0,         0,         0, -0.28421426, -0.14746402, -0.28026587, -0.25251495, 0.13020459, -0.046599478, 0.087743009, 0.093016302, 0.11543493, 0.09847622, 2.2545942, 0.35508317,         0, -0.012343363,         0,         0, -0.35134782,         0,         0,         0, -0.054929602, -0.074119273, -0.68179983, -0.66157763, -0.384174, -0.28523269, 0.46082119, 0.42989862, 0.5100304, 0.50103777, 0.35508317, 0.6279644,         0, 0.040961548,         0,         0, -0.9062605,         0,         0,         0, -0.34266263,         0,         0,         0,         0,         0,         0,         0,         0,         0,         0,         0,         0,         0,         0,         0,         0,         0,         0,         0,         0, -0.0096466676, 0.057287631, 0.094666669, -0.11859583, -0.037390664, 0.12666852, 0.12871697, 0.048220071, 0.15494789, -0.012343363, 0.040961548,         0, 0.085564921,         0,         0, -0.043015432,         0,         0,         0, 0.080149274,         0,         0,         0,         0,         0,         0,         0,         0,         0,         0,         0,         0,         0,         0,         0,         0,         0,         0,         0,         0,         0,         0,         0,         0,         0,         0,         0,         0,         0,         0,         0,         0,         0,         0,         0,         0,         0,         0,         0,         0, 0.096743326, 0.58651058, 0.61874281, 0.3998093, 0.28740705, -0.43109349, -0.4311871, -0.51251263, -0.56428453, -0.35134782, -0.9062605,         0, -0.043015432,         0,         0, 0.92466315,         0,         0,         0, 0.32563596,         0,         0,         0,         0,         0,         0,         0,         0,         0,         0,         0,         0,         0,         0,         0,         0,         0,         0,         0,         0,         0,         0,         0,         0,         0,         0,         0,         0,         0,         0,         0,         0,         0,         0,         0,         0,         0,         0,         0,         0,         0,         0,         0,         0,         0,         0,         0,         0,         0,         0,         0,         0,         0,         0,         0,         0,         0,         0,         0,         0, -0.15131873, 0.30455446, 0.29338247, 0.20628065, 0.15019562, -0.36530399, -0.34798124, -0.36425003, -0.28421426, -0.054929602, -0.34266263,         0, 0.080149274,         0,         0, 0.32563596,         0,         0,         0, 0.22172696))
			, nrow = 20, ncol = 20
			, dimnames = list(
				as.character(c("CMultStdev", "tvVmax", "tvKm", "tvV", "tvKa", "K12", "K21", "K13", "K31", "stdev0", "nVmax-nVmax", "nKm-nVmax", "nKm-nKm", "nV-nVmax", "nV-nKm", "nV-nV", "nKa-nVmax", "nKa-nKm", "nKa-nV", "nKa-nKa"))
				, as.character(c("CMultStdev", "tvVmax", "tvKm", "tvV", "tvKa", "K12", "K21", "K13", "K31", "stdev0", "nVmax-nVmax", "nKm-nVmax", "nKm-nKm", "nV-nVmax", "nV-nKm", "nV-nV", "nKa-nVmax", "nKa-nKm", "nKa-nV", "nKa-nKa"))
				)
			)
		, "Inverse" = matrix(
			as.numeric(c( 1333.551, -0.01266144, 0.020931481, -1.0819942, -50.571083, -5259.3955,  1286.032, 609.80671, 1398.4959, 1.5699379,  8.195403,         0, -29.431804,         0,         0, 12.409966,         0,         0,         0, 16.700893, -0.01266144, 1.7863921e-006, -3.3905468e-006, -2.1301691e-005, 0.002695179, 0.59355198, -0.13082065, -0.57156418, -0.13366107, 0.0002620863, -0.00076982609,         0, 0.0028554941,         0,         0, -0.0010695557,         0,         0,         0, 0.00021858723, 0.020931481, -3.3905468e-006, 6.9539457e-006, 5.9054382e-005, -0.0030302167, -1.135805, 0.23503096, 1.4807121, 0.22100267, -0.00049298852, 0.002836898,         0, -0.0058125253,         0,         0, 0.0020098747,         0,         0,         0, -0.00012381504, -1.0819942, -2.1301691e-005, 5.9054382e-005, 0.020468374, 0.16274744, -1.659816, 0.30590524, 23.236997, 5.4990607, -0.030919546, 0.035319588,         0, -0.080808062,         0,         0, -0.028954682,         0,         0,         0, 0.10812655, -50.571083, 0.002695179, -0.0030302167, 0.16274744, 38.522424, 1189.4266, -310.64244, 1068.2295, -293.71913, 0.25574016, 0.45464614,         0, -3.4471821,         0,         0, -3.384183,         0,         0,         0, 8.3479346, -5259.3955, 0.59355198, -1.135805, -1.659816, 1189.4266, 375755.13, -84414.128, -317571.21,   -104047, 82.692971, -2456.3455,         0, 493.06275,         0,         0, -2162.9097,         0,         0,         0,  589.5298,  1286.032, -0.13082065, 0.23503096, 0.30590524, -310.64244, -84414.128,  19683.05, 56936.564,  25208.21, -18.925129, 527.85922,         0, -137.3638,         0,         0, 499.43714,         0,         0,         0, -130.60472, 609.80671, -0.57156418, 1.4807121, 23.236997, 1068.2295, -317571.21, 56936.564, 665942.53, 31313.868, -92.46938, 2541.1754,         0, -54.758451,         0,         0, 1441.2163,         0,         0,         0, 33.587782, 1398.4959, -0.13366107, 0.22100267, 5.4990607, -293.71913,   -104047,  25208.21, 31313.868, 58595.256, -21.320029, 855.29946,         0, -546.72487,         0,         0, 850.27148,         0,         0,         0, -201.32221, 1.5699379, 0.0002620863, -0.00049298852, -0.030919546, 0.25574016, 82.692971, -18.925129, -92.46938, -21.320029, 0.31294513, -0.27884107,         0, 0.48261088,         0,         0, 0.0060667625,         0,         0,         0, -0.21384534,  8.195403, -0.00076982609, 0.002836898, 0.035319588, 0.45464614, -2456.3455, 527.85922, 2541.1754, 855.29946, -0.27884107, 46.133328,         0, -0.17784721,         0,         0, 31.803811,         0,         0,         0, -3.919829,         0,         0,         0,         0,         0,         0,         0,         0,         0,         0,         0,         0,         0,         0,         0,         0,         0,         0,         0,         0, -29.431804, 0.0028554941, -0.0058125253, -0.080808062, -3.4471821, 493.06275, -137.3638, -54.758451, -546.72487, 0.48261088, -0.17784721,         0, 160.99726,         0,         0, 0.15287876,         0,         0,         0, -9.5050686,         0,         0,         0,         0,         0,         0,         0,         0,         0,         0,         0,         0,         0,         0,         0,         0,         0,         0,         0,         0,         0,         0,         0,         0,         0,         0,         0,         0,         0,         0,         0,         0,         0,         0,         0,         0,         0,         0,         0,         0, 12.409966, -0.0010695557, 0.0020098747, -0.028954682, -3.384183, -2162.9097, 499.43714, 1441.2163, 850.27148, 0.0060667625, 31.803811,         0, 0.15287876,         0,         0, 26.759735,         0,         0,         0, -5.6609372,         0,         0,         0,         0,         0,         0,         0,         0,         0,         0,         0,         0,         0,         0,         0,         0,         0,         0,         0,         0,         0,         0,         0,         0,         0,         0,         0,         0,         0,         0,         0,         0,         0,         0,         0,         0,         0,         0,         0,         0,         0,         0,         0,         0,         0,         0,         0,         0,         0,         0,         0,         0,         0,         0,         0,         0,         0,         0,         0,         0, 16.700893, 0.00021858723, -0.00012381504, 0.10812655, 8.3479346,  589.5298, -130.60472, 33.587782, -201.32221, -0.21384534, -3.919829,         0, -9.5050686,         0,         0, -5.6609372,         0,         0,         0, 29.214181))
			, nrow = 20, ncol = 20
			, dimnames = list(
				as.character(c("CMultStdev", "tvVmax", "tvKm", "tvV", "tvKa", "K12", "K21", "K13", "K31", "stdev0", "nVmax-nVmax", "nKm-nVmax", "nKm-nKm", "nV-nVmax", "nV-nKm", "nV-nV", "nKa-nVmax", "nKa-nKm", "nKa-nV", "nKa-nKa"))
				, as.character(c("CMultStdev", "tvVmax", "tvKm", "tvV", "tvKa", "K12", "K21", "K13", "K31", "stdev0", "nVmax-nVmax", "nKm-nVmax", "nKm-nKm", "nV-nVmax", "nV-nKm", "nV-nV", "nKa-nVmax", "nKa-nKm", "nKa-nV", "nKa-nKa"))
				)
			)
		, "LLTable" = data.frame(
			id = as.character(c( "1", "2", "3", "4", "5", "6", "7", "8", "9", "10", "11", "12", "13", "14", "15", "16", "17", "18", "19", "20", "21", "22", "23", "24", "25", "26", "27", "28", "29", "30", "31", "32", "33", "34", "35", "36", "37", "38", "39", "40", "41", "42", "43", "44", "45", "46", "47", "48", "49", "50", "51", "52", "53", "54", "55", "56", "57", "58", "59", "60"))
			, "LL" = c(-50.283798, -58.423743, -57.712335, -60.938077, -55.425952, -58.971985, -51.399785, -52.491493, -56.607066, -56.275312, -57.383128, -54.196404, -52.193669, -53.365928, -47.04406, -52.456941, -52.829512, -57.701381, -52.26741, -52.449395, -55.544626, -57.718586, -44.811876, -51.812132, -56.403923, -53.284189, -58.638727, -49.740175, -48.910835, -52.784571, -55.716957, -45.86486, -58.884506, -57.31698, -54.155323, -57.557041, -51.204264, -53.223149, -50.005397, -56.904463, -51.202346, -56.721743, -54.701312, -48.548358, -52.022263, -52.225085, -55.317094, -51.114409, -52.591163, -51.983309, -55.265819, -52.245354, -59.768689, -55.511418, -55.48905, -51.546817, -54.387223, -51.129345, -53.728554, -51.733747)
			) # end of LLTable
		, "residuals" = data.frame(
			  ID1 = as.character(c(  "",   "",   "",   "",   "",   "",   "",   "",   "",   "",   "",   "",   "",   "",   "",   "",   "",   "",   "",   "",   "",   "",   "",   "",   "",   "",   "",   "",   "",   "",   "",   "",   "",   "",   "",   "",   "",   "",   "",   "",   "",   "",   "",   "",   "",   "",   "",   "",   "",   "",   "",   "",   "",   "",   "",   "",   "",   "",   "",   "",   "",   "",   "",   "",   "",   "",   "",   "",   "",   "",   "",   "",   "",   "",   "",   "",   "",   "",   "",   "",   "",   "",   "",   "",   "",   "",   "",   "",   "",   "",   "",   "",   "",   "",   "",   "",   "",   "",   "",   "",   "",   "",   "",   "",   "",   "",   "",   "",   "",   "",   "",   "",   "",   "",   "",   "",   "",   "",   "",   "",   "",   "",   "",   "",   "",   "",   "",   "",   "",   "",   "",   "",   "",   "",   "",   "",   "",   "",   "",   "",   "",   "",   "",   "",   "",   "",   "",   "",   "",   "",   "",   "",   "",   "",   "",   "",   "",   "",   "",   "",   "",   "",   "",   "",   "",   "",   "",   "",   "",   "",   "",   "",   "",   "",   "",   "",   "",   "",   "",   "",   "",   "",   "",   "",   "",   "",   "",   "",   "",   "",   "",   "",   "",   "",   "",   "",   "",   "",   "",   "",   "",   "",   "",   "",   "",   "",   "",   "",   "",   "",   "",   "",   "",   "",   "",   "",   "",   "",   "",   "",   "",   "",   "",   "",   "",   "",   "",   "",   "",   "",   "",   "",   "",   "",   "",   "",   "",   "",   "",   "",   "",   "",   "",   "",   "",   "",   "",   "",   "",   "",   "",   "",   "",   "",   "",   "",   "",   "",   "",   "",   "",   "",   "",   "",   "",   "",   "",   "",   "",   "",   "",   "",   "",   "",   "",   "",   "",   "",   "",   "",   "",   "",   "",   "",   "",   "",   "",   "",   "",   "",   "",   "",   "",   "",   "",   "",   "",   "",   "",   "",   "",   "",   "",   "",   "",   "",   "",   "",   "",   "",   "",   "",   "",   "",   "",   "",   "",   "",   "",   "",   "",   "",   "",   "",   "",   "",   "",   "",   "",   "",   "",   "",   "",   "",   "",   "",   "",   "",   "",   "",   "",   "",   "",   "",   "",   "",   "",   "",   "",   "",   "",   "",   "",   "",   "",   "",   "",   "",   "",   "",   "",   "",   "",   "",   "",   "",   "",   "",   "",   "",   "",   "",   "",   "",   "",   "",   "",   "",   "",   "",   "",   "",   "",   "",   "",   "",   "",   "",   "",   "",   "",   "",   "",   "",   "",   "",   "",   "",   "",   "",   "",   "",   "",   "",   "",   "",   "",   "",   "",   "",   "",   "",   "",   "",   "",   "",   "",   "",   "",   "",   "",   "",   "",   "",   "",   "",   "",   "",   "",   "",   "",   "",   "",   "",   "",   "",   "",   "",   "",   "",   "",   "",   "",   "",   "",   "",   "",   "",   "",   "",   "",   "",   "",   "",   "",   "",   "",   "",   "",   "",   "",   "",   "",   "",   "",   "",   "",   "",   "",   "",   "",   "",   "",   "",   "",   "",   "",   "",   "",   ""))
			, ID2 = as.character(c(  "",   "",   "",   "",   "",   "",   "",   "",   "",   "",   "",   "",   "",   "",   "",   "",   "",   "",   "",   "",   "",   "",   "",   "",   "",   "",   "",   "",   "",   "",   "",   "",   "",   "",   "",   "",   "",   "",   "",   "",   "",   "",   "",   "",   "",   "",   "",   "",   "",   "",   "",   "",   "",   "",   "",   "",   "",   "",   "",   "",   "",   "",   "",   "",   "",   "",   "",   "",   "",   "",   "",   "",   "",   "",   "",   "",   "",   "",   "",   "",   "",   "",   "",   "",   "",   "",   "",   "",   "",   "",   "",   "",   "",   "",   "",   "",   "",   "",   "",   "",   "",   "",   "",   "",   "",   "",   "",   "",   "",   "",   "",   "",   "",   "",   "",   "",   "",   "",   "",   "",   "",   "",   "",   "",   "",   "",   "",   "",   "",   "",   "",   "",   "",   "",   "",   "",   "",   "",   "",   "",   "",   "",   "",   "",   "",   "",   "",   "",   "",   "",   "",   "",   "",   "",   "",   "",   "",   "",   "",   "",   "",   "",   "",   "",   "",   "",   "",   "",   "",   "",   "",   "",   "",   "",   "",   "",   "",   "",   "",   "",   "",   "",   "",   "",   "",   "",   "",   "",   "",   "",   "",   "",   "",   "",   "",   "",   "",   "",   "",   "",   "",   "",   "",   "",   "",   "",   "",   "",   "",   "",   "",   "",   "",   "",   "",   "",   "",   "",   "",   "",   "",   "",   "",   "",   "",   "",   "",   "",   "",   "",   "",   "",   "",   "",   "",   "",   "",   "",   "",   "",   "",   "",   "",   "",   "",   "",   "",   "",   "",   "",   "",   "",   "",   "",   "",   "",   "",   "",   "",   "",   "",   "",   "",   "",   "",   "",   "",   "",   "",   "",   "",   "",   "",   "",   "",   "",   "",   "",   "",   "",   "",   "",   "",   "",   "",   "",   "",   "",   "",   "",   "",   "",   "",   "",   "",   "",   "",   "",   "",   "",   "",   "",   "",   "",   "",   "",   "",   "",   "",   "",   "",   "",   "",   "",   "",   "",   "",   "",   "",   "",   "",   "",   "",   "",   "",   "",   "",   "",   "",   "",   "",   "",   "",   "",   "",   "",   "",   "",   "",   "",   "",   "",   "",   "",   "",   "",   "",   "",   "",   "",   "",   "",   "",   "",   "",   "",   "",   "",   "",   "",   "",   "",   "",   "",   "",   "",   "",   "",   "",   "",   "",   "",   "",   "",   "",   "",   "",   "",   "",   "",   "",   "",   "",   "",   "",   "",   "",   "",   "",   "",   "",   "",   "",   "",   "",   "",   "",   "",   "",   "",   "",   "",   "",   "",   "",   "",   "",   "",   "",   "",   "",   "",   "",   "",   "",   "",   "",   "",   "",   "",   "",   "",   "",   "",   "",   "",   "",   "",   "",   "",   "",   "",   "",   "",   "",   "",   "",   "",   "",   "",   "",   "",   "",   "",   "",   "",   "",   "",   "",   "",   "",   "",   "",   "",   "",   "",   "",   "",   "",   "",   "",   "",   "",   "",   "",   "",   "",   "",   "",   "",   "",   "",   "",   "",   "",   "",   "",   "",   "",   ""))
