dmp.txt <- structure(
	.Data = list(
		"coefficients" = list(
			"fixed" = c("CMultStdev" = 0.453261147383683, "tvVmax" = 2500.45685324645, "tvKm" = 2996.2879274184, "tvV" = 5.89724484420941, "tvKa" = 0.409384526590998, "K12" = 2.93374623944445, "K21" = 2.00353330958407, "K13" = 0.413364505910136, "K31" = 0.0884139507191132, "CEps" = 0.48675249646644)
			, "random" = list("Subject" = matrix(
				as.numeric(c(
					 0.000211161811267135,  0.000160484394321554,  -0.00021394988376276
					,  6.33028492432561e-006,  -0.000117085038147361,  5.63152496350168e-005
					,  -0.000108519841260952,  2.19268021177476e-005,  0.000203894838095768
					,  -0.000171128440006085,  -3.37331499468167e-005,  -0.000173026982766445
					,  6.75689744175198e-005,  3.21124022391749e-005,  6.06748780612174e-005
					,  -1.03391165158591e-005,  7.09524342838487e-005,  -0.00024144037277404
					,  -0.000104716753413438,  0.000205450837987825,  5.24031852850812e-005
					,  0.000111047638052443,  -0.000144071910118397,  -0.000221937008005076
					,  0.000133999548463274,  -9.14693394704525e-005,  0.000259204906909279
					,  -8.62598398505327e-005,  -0.000126124713502222,  9.83242972874214e-005
					,  -3.60382014490846e-005,  -2.00743438027002e-005,  7.62175286425544e-005
					,  -6.0603391908413e-005,  0.000255353592826768,  -3.05897420645455e-005
					,  7.79950373126762e-005,  -7.72917710079773e-005,  0.000132306155082985
					,  0.000220360106273393,  -4.91346152225798e-005,  0.000196830131082349
					,  0.000126867515732359,  1.4549846946852e-005,  7.200016424962e-005
					,  -0.000164576961277487,  4.10841876253102e-005,  9.69628649011876e-005
					,  0.000149527868054466,  0.00023331987173806,  1.45268823379732e-005
					,  1.09127245613557e-005,  0.000182651886187007,  -0.000107308085390562
					,  6.92560176618213e-005,  0.000163004591837495,  -5.47161711280822e-007
					,  -0.000184572093608635,  -7.35003441769619e-006,  -5.13560864424575e-005
					,  -0.392760957334203,  -0.0451017965052415,  0.15229352838016
					,  -0.0248955707684462,  0.350365485172549,  0.199119706854025
					,  0.122884612141666,  0.572761257485527,  -0.0669974111175404
					,  -0.0409405852313972,  0.134434200283776,  -0.606440028675341
					,  -0.333326414968708,  -0.590551122877696,  -0.204667843982402
					,  0.636676029333059,  -0.106872035690463,  -0.161411744104959
					,  -0.760546219121472,  -0.687004208416951,  0.478494897749279
					,  0.512219808979672,  -0.0523923976971388,  -0.0834114366974147
					,  0.0423844389207821,  0.0803622049931381,  0.321558316421929
					,  -0.108040973228647,  -0.0439363860522401,  0.296421946512736
					,  -0.0449248125170179,  0.394859519526182,  0.428905908007111
					,  -0.282540803768018,  0.458584934985544,  0.468798313829667
					,  -0.0233900165510267,  -0.312222272605952,  0.126596056962706
					,  -0.570353811224326,  0.147300501495247,  -0.283042323342636
					,  0.605465756112113,  -0.565255487810868,  -0.475099667786046
					,  -0.205740998395157,  -0.115420483243921,  -0.0355737609675476
					,  0.552561436147709,  0.315547595853531,  0.2669215872339
					,  0.490727179487734,  -0.227674867701061,  -0.570009228048326
					,  -0.0218452197139126,  -0.773566182584651,  -0.00847477063099788
					,  -0.680565235364976,  -0.214757242989937,  -0.276722230305148
					,  -0.720716482811249,  -0.636548928399793,  1.11968061564016
					,  -0.00332687427548741,  0.602183302163203,  -0.188745328988561
					,  0.506578735657875,  -0.093538529925527,  -0.680108226584667
					,  0.830252100058429,  0.164381721719015,  0.598372745289911
					,  -0.48530649721045,  -0.459510779657493,  -0.179919017645387
					,  0.078373089732749,  -0.339681264659936,  1.23122922958061
					,  0.340057086443089,  -0.574040641876346,  -0.221293363724105
					,  -0.421682827324041,  0.684183431382286,  1.11122281496084
					,  -0.542762644987053,  0.424723368613546,  -0.920578350666328
					,  0.333887631816507,  0.536721832661726,  -0.324474852331091
					,  0.171429413678969,  0.134124223164679,  -0.29645751709198
					,  0.314921179684394,  -0.901898952799031,  0.137367599308288
					,  -0.300743334019951,  0.344868553938437,  -0.50798856111276
					,  -0.564164326994012,  0.275192525261177,  -0.802991744405528
					,  -0.474071612349612,  -0.527169442408915,  -0.363439871898931
					,  0.758266886056814,  -0.0668006669136542,  -0.283823791359646
					,  -0.596462950257457,  -0.817581121069706,  -0.0425249379888602
					,  -0.0318211426269026,  -0.733124841419205,  0.239643903049959
					,  -0.365465899544066,  -0.430280826944905,  -0.0123448235028914
					,  0.764438895334007,  0.0631316999442897,  0.146293117592713
					,  0.180272053434478,  0.201309296063919,  -0.372927757352617
					,  0.137073221573437,  0.190317733798753,  0.35001386599165
					,  -0.750559867216506,  -0.332210357003347,  0.867103416782485
					,  -0.35787176258539,  0.156891312540821,  -0.548196116323988
					,  -0.255922741521565,  -0.331393948061348,  -0.0706160672702241
					,  -0.842441619565881,  0.106520147662994,  -0.387761882858076
					,  0.719661768346045,  -0.18710749004267,  0.451011447013872
					,  0.250199123869858,  -0.336161033157095,  -0.740460854562588
					,  -0.405934374134017,  0.15696389222834,  -0.0886643812045072
					,  -0.465512219099293,  -0.0437071208055173,  0.137582951413769
					,  0.448160835192074,  0.0138402566602415,  -0.059212485145976
					,  0.617907105954357,  0.119845702738805,  -0.173534266029762
					,  0.331463371097676,  0.0279177666149233,  -0.312083952273323
					,  -0.268480552128499,  0.701941782591925,  0.392964522746748
					,  0.227199394347069,  -0.123734810644012,  0.0605106182453273
					,  0.740901112039193,  0.9641977377631,  0.0691840622198379
					,  -0.382049609784521,  0.11014030761507,  -0.554508063056047
					,  -0.430654089536695,  -0.565820823190294,  -0.65338651844331
					,  -0.662924490937317,  0.442949724979048,  -0.115972386494759
					,  0.0186015967730341,  -0.0819508266775171,  -0.166018191268886
					))
				, nrow = 60, ncol = 4
				, dimnames = list(
					as.character(c( "1", "2", "3", "4", "5", "6", "7", "8", "9", "10"
					  , "11", "12", "13", "14", "15", "16", "17", "18", "19", "20"
					  , "21", "22", "23", "24", "25", "26", "27", "28", "29", "30"
					  , "31", "32", "33", "34", "35", "36", "37", "38", "39", "40"
					  , "41", "42", "43", "44", "45", "46", "47", "48", "49", "50"
					  , "51", "52", "53", "54", "55", "56", "57", "58", "59", "60"))
					, as.character(c("nVmax", "nKm", "nV", "nKa"))
					)
				))
			)
		, "logLik" = c(-3497.68)
		, "nObs" = c(420)
		, "nSubj" = c(60)
		, "nParm" = c(14)
		, "returnCode" = c(3)
		, "omega" = matrix(
			as.numeric(c(6.72841709418497e-005, 0, 0, 0, 0, 0.187066707263819, 0, 0, 0, 0, 0.412685861180335, 0, 0, 0, 0, 0.325280776859893))
			, nrow = 4, ncol = 4
			, dimnames = list(
				as.character(c("nVmax", "nKm", "nV", "nKa"))
				, as.character(c("nVmax", "nKm", "nV", "nKa"))
				)
			)
		, "eta" = matrix(
			as.numeric(c(2.08722429759834e-005, -0.0306705220858674, -0.0499977545506975, -0.0312522421679449, 1.67498984953432e-008, 0.139509891877097, 0.282763057609736, 0.172841585269045, 0.000129421398908153, 0.373510229949726, 0.531754696838435, 0.415742210112282, 0.984222084093507, 0.136416670616409, 0.17224552064228, 0.271054731739738))
			, nrow = 4, ncol = 4
			, dimnames = list(
				as.character(c("nVmax", "nKm", "nV", "nKa"))
				, as.character(c("mean", "var", "sd", "shrinkage"))
				)
			)
		, "eta_shrinkage" = list("Subject" = matrix(
			as.numeric(c(
				 0.999442221063436,  0.999588079361059,  0.999948035592549
				,  0.999739554887127,  0.999887683557606,  0.999749375175776
				,  0.999861936236976,  0.999846040225068,  0.999570078277812
				,  0.999893592252543,  0.999811499719563,  0.999759290435307
				,  0.999578155464508,  0.999490097876391,  0.999663590657832
				,  0.999875284776638,  0.999648885543505,  0.999924089328988
				,  0.999653465643949,  0.999405588279279,  0.999782209788972
				,  0.99977952740938,  0.999885451226234,  0.999936906512243
				,  0.999644821837959,  0.9998269712089,  0.999619283615013
				,  0.999782518087762,  0.999843975222012,  0.999751047514668
				,  0.999789697741199,  0.99985030961785,  0.999774751386377
				,  0.999741837159489,  0.999656885327873,  0.999855232989882
				,  0.999682041850664,  0.999750130428802,  0.999675862856417
				,  0.999456096566797,  0.999817558705123,  0.99946192370628
				,  0.999804335762066,  0.999476080245562,  0.999545304638889
				,  0.999830809393828,  0.999718726028507,  0.999682623866783
				,  0.999739566995191,  0.999633827144595,  0.99978484030269
				,  0.999860942753759,  0.999512705735082,  0.999684122212683
				,  0.999671735084318,  0.99942604816794,  0.99975916213871
				,  0.999761325231181,  0.999722536968554,  0.99971866044439
				,  0.228066652086532,  0.23185938940816,  0.241884814843886
				,  0.258296916443403,  0.240349924570313,  0.236875865210194
				,  0.306385113355613,  0.275129605815955,  0.21292460904022
				,  0.262236967155963,  0.243798133593135,  0.303570367971384
				,  0.225986013193408,  0.257679461529028,  0.256918086888319
				,  0.324223674548459,  0.239449335083705,  0.249205367126257
				,  0.224149853538129,  0.238320753153833,  0.231283247199625
				,  0.250130803673124,  0.275275714866314,  0.288307372178635
				,  0.280714752749496,  0.251294870377982,  0.239871692041368
				,  0.279232035533697,  0.257258350670716,  0.244283512969669
				,  0.259590763063709,  0.257429569288461,  0.272788455136499
				,  0.232213872384563,  0.224559037927726,  0.2628310431864
				,  0.246523940804431,  0.241995616539299,  0.263310591886358
				,  0.239109652860573,  0.22162035601949,  0.215576364855351
				,  0.251518106864403,  0.23410577619669,  0.240430242926471
				,  0.229077313146966,  0.228059679000958,  0.251523402839218
				,  0.297824126704039,  0.247772691751299,  0.28516738003028
				,  0.277882518225624,  0.288747995318666,  0.297038494789469
				,  0.290583094524409,  0.215652533030526,  0.270507807479577
				,  0.252394198213577,  0.245720363703207,  0.270151482895439
				,  0.122512552872976,  0.151070630405154,  0.772789986009935
				,  0.266579768062081,  0.542287949666574,  0.274987267233168
				,  0.488923576866709,  0.469535535520367,  0.122584392123175
				,  0.593013454101002,  0.395239443275531,  0.304547660851231
				,  0.113074797835445,  0.105313879169308,  0.190984206270087
				,  0.527057637609399,  0.129247237974292,  0.683933171281213
				,  0.19203786530128,  0.0928110988368434,  0.29919991640363
				,  0.368744861402452,  0.593478859953763,  0.742980425107536
				,  0.156447706152772,  0.387879405302014,  0.14743143046669
				,  0.28740447379313,  0.46237930310788,  0.309795559783077
				,  0.405496348190665,  0.481792014694194,  0.322845133134082
				,  0.232172479949373,  0.124050064567982,  0.47690601334384
				,  0.239477965348806,  0.258013417631365,  0.197940085028141
				,  0.101958293072173,  0.374314846456972,  0.0974656001490695
				,  0.446456093667501,  0.0898099627685141,  0.139680738727108
				,  0.395899178452035,  0.301396250539524,  0.224816892641582
				,  0.268670662354787,  0.167830099142794,  0.295445758816982
				,  0.535259045673018,  0.149595695830697,  0.185428030234896
				,  0.166574853122322,  0.0959924470187617,  0.327631418032686
				,  0.282777045289523,  0.24277046967921,  0.227326550324194
				,  0.453469531809663,  0.450713254816528,  0.408120803228436
				,  0.473077096686171,  0.473291800440106,  0.470758419840539
				,  0.397983710771651,  0.41818982483011,  0.54940203937525
				,  0.416014875357495,  0.448277160823403,  0.420747019962543
				,  0.385815163578126,  0.403789967393212,  0.440945867818687
				,  0.407291393875498,  0.447137836544177,  0.404215542052548
				,  0.545868005030502,  0.394228896465103,  0.499751016970575
				,  0.469750623565087,  0.441909529135113,  0.403056682352973
				,  0.425446598616905,  0.472759167791128,  0.417512739680441
				,  0.416578943888236,  0.435194040722049,  0.467528533781407
				,  0.512418942567607,  0.436307854091842,  0.435349092364761
				,  0.534738968658223,  0.434416093850732,  0.44011816805728
				,  0.470385315679577,  0.444692808603066,  0.408651629421694
				,  0.397401719234482,  0.53391830339266,  0.470174109191536
				,  0.486032443750086,  0.413402843418499,  0.422821395309275
				,  0.544038393040482,  0.571398519253513,  0.450341179742644
				,  0.427282582735725,  0.442166200957571,  0.416311201758252
				,  0.400999859586807,  0.402816430164109,  0.393784889739772
				,  0.390963058190532,  0.445032546762893,  0.42354833056694
				,  0.434379009783664,  0.424501773079684,  0.441848791851068
				))
			, nrow = 60, ncol = 4
			, dimnames = list(
				as.character(c( "1", "2", "3", "4", "5", "6", "7", "8", "9", "10"
				  , "11", "12", "13", "14", "15", "16", "17", "18", "19", "20"
				  , "21", "22", "23", "24", "25", "26", "27", "28", "29", "30"
				  , "31", "32", "33", "34", "35", "36", "37", "38", "39", "40"
				  , "41", "42", "43", "44", "45", "46", "47", "48", "49", "50"
				  , "51", "52", "53", "54", "55", "56", "57", "58", "59", "60"))
				, as.character(c("nVmax_shrinkage", "nKm_shrinkage", "nV_shrinkage", "nKa_shrinkage"))
				)
			))
		, "sigma" = matrix(
			as.numeric(c(0.236927992816311))
			, nrow = 1, ncol = 1
			, dimnames = list(
				as.character(c("CEps"))
				, as.character(c("CEps"))
				)
			)
		, "method" = "FOCE-ELS"
		, "varFix" = matrix(
			as.numeric(c(0.00111090348047085, -0.488323065181636, -0.607601982534409, 0.0344743631707427, 0.000458975615190034, -0.0344623565211405, -0.0105515537856095, -0.0022921528400255, -8.55615060377324e-005, 0.215887121788485, -0.488323065181636, 2288942.1447012, 3806536.0595778, 1473.33650742529, 25.9990400127412, -1533.31830123758, -533.205162561262, -104.867012155274, 16.233223814237, 53063.1603234703, -0.607601982534409, 3806536.0595778, 6475016.96544262, 2377.72446223647, 36.0841926072327, -2664.69976050984, -973.834844844582, -169.272564562897, 25.9291169439933, 85779.2535156284, 0.0344743631707427, 1473.33650742529, 2377.72446223647, 37.5568073249081, 1.01620104694959, -25.3510506852044, -3.53973942772965, -3.10900743216307, -0.00723179555068145, 220.944021416451, 0.000458975615190034, 25.9990400127412, 36.0841926072327, 1.01620104694959, 0.0425695219757841, -0.412070065333347, 0.00443511161546868, -0.0918672780346552, -0.000633162725711811, 0.470720103521229, -0.0344623565211405, -1533.31830123758, -2664.69976050984, -25.3510506852044, -0.412070065333347, 23.2811299955022, 4.90605459006424, 1.96746492229374, -0.00292000262064336, -277.40859928795, -0.0105515537856095, -533.205162561262, -973.834844844582, -3.53973942772965, 0.00443511161546868, 4.90605459006424, 1.65711280195253, 0.268710549477887, 0.00133382093276518, -78.5054624240271, -0.0022921528400255, -104.867012155274, -169.272564562897, -3.10900743216307, -0.0918672780346552, 1.96746492229374, 0.268710549477887, 0.26662553068209, 0.00168244669955371, -15.4292797242468, -8.55615060377324e-005, 16.233223814237, 25.9291169439933, -0.00723179555068145, -0.000633162725711811, -0.00292000262064336, 0.00133382093276518, 0.00168244669955371, 0.000314738992211041, 0.35066285445843, 0.215887121788485, 53063.1603234703, 85779.2535156284, 220.944021416451, 0.470720103521229, -277.40859928795, -78.5054624240271, -15.4292797242468, 0.35066285445843, 8462.06805027746))
			, nrow = 10, ncol = 10
			, dimnames = list(
				as.character(c("CMultStdev", "tvVmax", "tvKm", "tvV", "tvKa", "K12", "K21", "K13", "K31", "CEps"))
				, as.character(c("CMultStdev", "tvVmax", "tvKm", "tvV", "tvKa", "K12", "K21", "K13", "K31", "CEps"))
				)
			)
		, "omegaSE" = matrix(
			as.numeric(c(0.0254011861836533, 0, 0, 0, 0, 0.0617541522185948, 0, 0, 0, 0, 0.211559159189464, 0, 0, 0, 0, 0.16082037562472))
			, nrow = 4, ncol = 4, byrow = TRUE
			, dimnames = list(
				as.character(c("nVmax", "nKm", "nV", "nKa"))
				, as.character(c("nVmax", "nKm", "nV", "nKa"))
				)
			)
		, "Covariance" = matrix(
			as.numeric(c(0.0011109035, -0.48832307, -0.60760198, 0.034474363, 0.00045897562, -0.034462357, -0.010551554, -0.0022921528, -8.5561506e-005, 0.21588712, -5.879826e-005,         0, -0.00018874286,         0,         0, 0.00046631873,         0,         0,         0, 0.00026506133, -0.48832307, 2288942.1, 3806536.1, 1473.3365,  25.99904, -1533.3183, -533.20516, -104.86701, 16.233224,  53063.16, -14.708735,         0, 7.8268674,         0,         0, -216.66132,         0,         0,         0, -4.8021423, -0.60760198, 3806536.1,   6475017, 2377.7245, 36.084193, -2664.6998, -973.83484, -169.27256, 25.929117, 85779.254, -23.776116,         0, 15.969546,         0,         0, -381.1715,         0,         0,         0, -22.450381, 0.034474363, 1473.3365, 2377.7245, 37.556807,  1.016201, -25.351051, -3.5397394, -3.1090074, -0.0072317956, 220.94402, -0.061516175,         0, 0.046582332,         0,         0, 0.025701772,         0,         0,         0, 0.50921494, 0.00045897562,  25.99904, 36.084193,  1.016201, 0.042569522, -0.41207007, 0.0044351116, -0.091867278, -0.00063316273, 0.4707201, -0.00014897314,         0, 0.00075379229,         0,         0, 0.0016403462,         0,         0,         0, 0.016864806, -0.034462357, -1533.3183, -2664.6998, -25.351051, -0.41207007,  23.28113, 4.9060546, 1.9674649, -0.0029200026, -277.4086, 0.076823166,         0, -0.045696316,         0,         0, 0.0022821018,         0,         0,         0, -0.22881279, -0.010551554, -533.20516, -973.83484, -3.5397394, 0.0044351116, 4.9060546, 1.6571128, 0.26871055, 0.0013338209, -78.505462, 0.021689169,         0, -0.011384438,         0,         0, 0.014950222,         0,         0,         0, 0.0085957391, -0.0022921528, -104.86701, -169.27256, -3.1090074, -0.091867278, 1.9674649, 0.26871055, 0.26662553, 0.0016824467, -15.42928, 0.0043055611,         0, -0.0031909742,         0,         0, -0.0041545202,         0,         0,         0, -0.044082473, -8.5561506e-005, 16.233224, 25.929117, -0.0072317956, -0.00063316273, -0.0029200026, 0.0013338209, 0.0016824467, 0.00031473899, 0.35066285, -9.6918603e-005,         0, 8.9588532e-005,         0,         0, -0.001957159,         0,         0,         0, -0.00025112765, 0.21588712,  53063.16, 85779.254, 220.94402, 0.4707201, -277.4086, -78.505462, -15.42928, 0.35066285, 8462.0681, -2.3365464,         0, 0.70538342,         0,         0, 0.19908089,         0,         0,         0, 0.086353046, -5.879826e-005, -14.708735, -23.776116, -0.061516175, -0.00014897314, 0.076823166, 0.021689169, 0.0043055611, -9.6918603e-005, -2.3365464, 0.00064522026,         0, -0.00019973541,         0,         0, -5.6391086e-005,         0,         0,         0, -3.6904926e-005,         0,         0,         0,         0,         0,         0,         0,         0,         0,         0,         0,         0,         0,         0,         0,         0,         0,         0,         0,         0, -0.00018874286, 7.8268674, 15.969546, 0.046582332, 0.00075379229, -0.045696316, -0.011384438, -0.0031909742, 8.9588532e-005, 0.70538342, -0.00019973541,         0, 0.0038135753,         0,         0, 0.00070441319,         0,         0,         0, 0.0001419377,         0,         0,         0,         0,         0,         0,         0,         0,         0,         0,         0,         0,         0,         0,         0,         0,         0,         0,         0,         0,         0,         0,         0,         0,         0,         0,         0,         0,         0,         0,         0,         0,         0,         0,         0,         0,         0,         0,         0,         0, 0.00046631873, -216.66132, -381.1715, 0.025701772, 0.0016403462, 0.0022821018, 0.014950222, -0.0041545202, -0.001957159, 0.19908089, -5.6391086e-005,         0, 0.00070441319,         0,         0, 0.044757278,         0,         0,         0, 0.0022740105,         0,         0,         0,         0,         0,         0,         0,         0,         0,         0,         0,         0,         0,         0,         0,         0,         0,         0,         0,         0,         0,         0,         0,         0,         0,         0,         0,         0,         0,         0,         0,         0,         0,         0,         0,         0,         0,         0,         0,         0,         0,         0,         0,         0,         0,         0,         0,         0,         0,         0,         0,         0,         0,         0,         0,         0,         0,         0,         0,         0, 0.00026506133, -4.8021423, -22.450381, 0.50921494, 0.016864806, -0.22881279, 0.0085957391, -0.044082473, -0.00025112765, 0.086353046, -3.6904926e-005,         0, 0.0001419377,         0,         0, 0.0022740105,         0,         0,         0, 0.025863193))
			, nrow = 20, ncol = 20
			, dimnames = list(
				as.character(c("CMultStdev", "tvVmax", "tvKm", "tvV", "tvKa", "K12", "K21", "K13", "K31", "stdev0", "nVmax-nVmax", "nKm-nVmax", "nKm-nKm", "nV-nVmax", "nV-nKm", "nV-nV", "nKa-nVmax", "nKa-nKm", "nKa-nV", "nKa-nKa"))
				, as.character(c("CMultStdev", "tvVmax", "tvKm", "tvV", "tvKa", "K12", "K21", "K13", "K31", "stdev0", "nVmax-nVmax", "nKm-nVmax", "nKm-nKm", "nV-nVmax", "nV-nKm", "nV-nV", "nKa-nVmax", "nKa-nKm", "nKa-nV", "nKa-nKa"))
				)
			)
		, "Correlation" = matrix(
			as.numeric(c(0.033330219, -0.0096839306, -0.0071640822, 0.16877719, 0.066742437, -0.21429142, -0.24592474, -0.13318476, -0.14469882, 0.070412589, -0.069450011,         0, -0.091699339,         0,         0, 0.066132184,         0,         0,         0, 0.049450096, -0.0096839306,  1512.925, 0.98876272, 0.15890597, 0.08328955, -0.21004526, -0.27377948, -0.1342365, 0.60480043, 0.38127423, -0.38274006,         0, 0.083773065,         0,         0, -0.6769119,         0,         0,         0, -0.019736791, -0.0071640822, 0.98876272, 2544.6055, 0.15247433, 0.068730128, -0.21703301, -0.29729583, -0.12882948, 0.57437033, 0.36645745, -0.36784635,         0, 0.10162626,         0,         0, -0.70805686,         0,         0,         0, -0.054860806, 0.16877719, 0.15890597, 0.15247433, 6.1283609, 0.8036851, -0.85733312, -0.44869468, -0.98248643, -0.066516062, 0.39192202, -0.3951764,         0, 0.12308659,         0,         0, 0.0198238,         0,         0,         0, 0.51667296, 0.066742437, 0.08328955, 0.068730128, 0.8036851, 0.20632383, -0.41392309, 0.016698564, -0.86230439, -0.17297792, 0.024801338, -0.028425269,         0, 0.059161087,         0,         0, 0.037579785,         0,         0,         0, 0.50826579, -0.21429142, -0.21004526, -0.21703301, -0.85733312, -0.41392309, 4.8250523, 0.78986762, 0.78968539, -0.034111902, -0.62499945, 0.62681037,         0, -0.15336032,         0,         0, 0.0022356363,         0,         0,         0, -0.29487449, -0.24592474, -0.27377948, -0.29729583, -0.44869468, 0.016698564, 0.78986762, 1.2872889, 0.40425725, 0.058404488, -0.66295734, 0.66330439,         0, -0.14320869,         0,         0, 0.054895882,         0,         0,         0, 0.041520839, -0.13318476, -0.1342365, -0.12882948, -0.98248643, -0.86230439, 0.78968539, 0.40425725, 0.51635795, 0.18366025, -0.3248303, 0.32826524,         0, -0.10007055,         0,         0, -0.038031038,         0,         0,         0, -0.53085267, -0.14469882, 0.60480043, 0.57437033, -0.066516062, -0.17297792, -0.034111902, 0.058404488, 0.18366025, 0.017740885, 0.21487022, -0.21506903,         0, 0.081773198,         0,         0, -0.52145761,         0,         0,         0, -0.088019357, 0.070412589, 0.38127423, 0.36645745, 0.39192202, 0.024801338, -0.62499945, -0.66295734, -0.3248303, 0.21487022,   91.9895, -0.99995891,         0, 0.12417119,         0,         0, 0.01022962,         0,         0,         0, 0.0058371161, -0.069450011, -0.38274006, -0.36784635, -0.3951764, -0.028425269, 0.62681037, 0.66330439, 0.32826524, -0.21506903, -0.99995891, 0.025401186,         0, -0.12733122,         0,         0, -0.010493603,         0,         0,         0, -0.009034191,         0,         0,         0,         0,         0,         0,         0,         0,         0,         0,         0,         0,         0,         0,         0,         0,         0,         0,         0,         0, -0.091699339, 0.083773065, 0.10162626, 0.12308659, 0.059161087, -0.15336032, -0.14320869, -0.10007055, 0.081773198, 0.12417119, -0.12733122,         0, 0.061754152,         0,         0, 0.053917467,         0,         0,         0, 0.014291918,         0,         0,         0,         0,         0,         0,         0,         0,         0,         0,         0,         0,         0,         0,         0,         0,         0,         0,         0,         0,         0,         0,         0,         0,         0,         0,         0,         0,         0,         0,         0,         0,         0,         0,         0,         0,         0,         0,         0,         0, 0.066132184, -0.6769119, -0.70805686, 0.0198238, 0.037579785, 0.0022356363, 0.054895882, -0.038031038, -0.52145761, 0.01022962, -0.010493603,         0, 0.053917467,         0,         0, 0.21155916,         0,         0,         0, 0.066837401,         0,         0,         0,         0,         0,         0,         0,         0,         0,         0,         0,         0,         0,         0,         0,         0,         0,         0,         0,         0,         0,         0,         0,         0,         0,         0,         0,         0,         0,         0,         0,         0,         0,         0,         0,         0,         0,         0,         0,         0,         0,         0,         0,         0,         0,         0,         0,         0,         0,         0,         0,         0,         0,         0,         0,         0,         0,         0,         0,         0, 0.049450096, -0.019736791, -0.054860806, 0.51667296, 0.50826579, -0.29487449, 0.041520839, -0.53085267, -0.088019357, 0.0058371161, -0.009034191,         0, 0.014291918,         0,         0, 0.066837401,         0,         0,         0, 0.16082038))
			, nrow = 20, ncol = 20
			, dimnames = list(
				as.character(c("CMultStdev", "tvVmax", "tvKm", "tvV", "tvKa", "K12", "K21", "K13", "K31", "stdev0", "nVmax-nVmax", "nKm-nVmax", "nKm-nKm", "nV-nVmax", "nV-nKm", "nV-nV", "nKa-nVmax", "nKa-nKm", "nKa-nV", "nKa-nKa"))
				, as.character(c("CMultStdev", "tvVmax", "tvKm", "tvV", "tvKa", "K12", "K21", "K13", "K31", "stdev0", "nVmax-nVmax", "nKm-nVmax", "nKm-nKm", "nV-nVmax", "nV-nKm", "nV-nV", "nKa-nVmax", "nKa-nKm", "nKa-nV", "nKa-nKa"))
				)
			)
		, "Inverse" = matrix(
			as.numeric(c( 1464.349, -0.033597965, 0.012134671, -48.409198, -199.96723, -9.1273352,  31.71284, -597.86357, 2383.7653, -7.3096416, -26921.813,         0,  93.99259,         0,         0, -2.2392695,         0,         0,         0, -28.699832, -0.033597965, 3.206897e-005, -1.8092747e-005, 0.0018129245, 0.024909095, -0.0020282972, 0.0020605749, 0.044040512, -0.43605065, -0.00027396444, -0.9365851,         0, 0.015002348,         0,         0, -0.015792214,         0,         0,         0, -0.0082575261, 0.012134671, -1.8092747e-005, 1.0911442e-005, -0.00056655697, -0.012690287, 0.00093364937, -0.0006221875, -0.017530134, 0.18541129, 0.00035886063, 1.2863057,         0, -0.0097498595,         0,         0, 0.012551506,         0,         0,         0, 0.0053928919, -48.409198, 0.0018129245, -0.00056655697, 7.1090595, -4.9487534, 3.2270836, -4.6986951, 62.452866, -183.59882, 0.33160148,  1221.073,         0, -5.7236467,         0,         0, -0.070145928,         0,         0,         0, -0.95131975, -199.96723, 0.024909095, -0.012690287, -4.9487534, 595.95463, -26.033984, 9.6301774, 350.99858, -1643.9661, -2.9893062, -10900.234,         0, -27.116349,         0,         0, -48.264481,         0,         0,         0, 52.076252, -9.1273352, -0.0020282972, 0.00093364937, 3.2270836, -26.033984, 3.4021594, -4.4896783, 6.7457958, 79.921102, 0.48644915, 1763.1353,         0, -1.4584207,         0,         0, 2.9342671,         0,         0,         0, -1.5270071,  31.71284, 0.0020605749, -0.0006221875, -4.6986951, 9.6301774, -4.4896783, 9.1926053, -25.514465, -120.02085, -0.75391949, -2769.9376,         0, 5.7419938,         0,         0, -3.8516245,         0,         0,         0, -2.8077003, -597.86357, 0.044040512, -0.017530134, 62.452866, 350.99858, 6.7457958, -25.514465, 853.20173, -3391.4529, -1.3196072, -4612.1069,         0, -71.833829,         0,         0, -39.953283,         0,         0,         0, 31.787751, 2383.7653, -0.43605065, 0.18541129, -183.59882, -1643.9661, 79.921102, -120.02085, -3391.4529, 25889.326, 25.487152, 92602.233,         0, 8.2012733,         0,         0, 467.25379,         0,         0,         0, -33.925492, -7.3096416, -0.00027396444, 0.00035886063, 0.33160148, -2.9893062, 0.48644915, -0.75391949, -1.3196072, 25.487152, 2.3343309, 8473.6724,         0, 8.5107298,         0,         0, 2.9868235,         0,         0,         0,  2.296505, -26921.813, -0.9365851, 1.2863057,  1221.073, -10900.234, 1763.1353, -2769.9376, -4612.1069, 92602.233, 8473.6724,  30763742,         0, 30822.752,         0,         0, 11018.142,         0,         0,         0, 8309.6274,         0,         0,         0,         0,         0,         0,         0,         0,         0,         0,         0,         0,         0,         0,         0,         0,         0,         0,         0,         0,  93.99259, 0.015002348, -0.0097498595, -5.7236467, -27.116349, -1.4584207, 5.7419938, -71.833829, 8.2012733, 8.5107298, 30822.752,         0, 335.24499,         0,         0, -19.662042,         0,         0,         0, 2.0189477,         0,         0,         0,         0,         0,         0,         0,         0,         0,         0,         0,         0,         0,         0,         0,         0,         0,         0,         0,         0,         0,         0,         0,         0,         0,         0,         0,         0,         0,         0,         0,         0,         0,         0,         0,         0,         0,         0,         0,         0, -2.2392695, -0.015792214, 0.012551506, -0.070145928, -48.264481, 2.9342671, -3.8516245, -39.953283, 467.25379, 2.9868235, 11018.142,         0, -19.662042,         0,         0, 73.188486,         0,         0,         0, 3.9400256,         0,         0,         0,         0,         0,         0,         0,         0,         0,         0,         0,         0,         0,         0,         0,         0,         0,         0,         0,         0,         0,         0,         0,         0,         0,         0,         0,         0,         0,         0,         0,         0,         0,         0,         0,         0,         0,         0,         0,         0,         0,         0,         0,         0,         0,         0,         0,         0,         0,         0,         0,         0,         0,         0,         0,         0,         0,         0,         0,         0, -28.699832, -0.0082575261, 0.0053928919, -0.95131975, 52.076252, -1.5270071, -2.8077003, 31.787751, -33.925492,  2.296505, 8309.6274,         0, 2.0189477,         0,         0, 3.9400256,         0,         0,         0, 71.986647))
			, nrow = 20, ncol = 20
			, dimnames = list(
				as.character(c("CMultStdev", "tvVmax", "tvKm", "tvV", "tvKa", "K12", "K21", "K13", "K31", "stdev0", "nVmax-nVmax", "nKm-nVmax", "nKm-nKm", "nV-nVmax", "nV-nKm", "nV-nV", "nKa-nVmax", "nKa-nKm", "nKa-nV", "nKa-nKa"))
				, as.character(c("CMultStdev", "tvVmax", "tvKm", "tvV", "tvKa", "K12", "K21", "K13", "K31", "stdev0", "nVmax-nVmax", "nKm-nVmax", "nKm-nKm", "nV-nVmax", "nV-nKm", "nV-nV", "nKa-nVmax", "nKa-nKm", "nKa-nV", "nKa-nKa"))
				)
			)
		, "LLTable" = data.frame(
			id = as.character(c( "1", "2", "3", "4", "5", "6", "7", "8", "9", "10", "11", "12", "13", "14", "15", "16", "17", "18", "19", "20", "21", "22", "23", "24", "25", "26", "27", "28", "29", "30", "31", "32", "33", "34", "35", "36", "37", "38", "39", "40", "41", "42", "43", "44", "45", "46", "47", "48", "49", "50", "51", "52", "53", "54", "55", "56", "57", "58", "59", "60"))
			, "LL" = c(-58.44299, -55.606558, -59.433081, -57.011038, -57.646105, -57.758989, -55.95837, -53.874743, -58.558611, -60.001486, -57.216582, -63.958965, -59.799631, -60.893917, -57.417303, -54.54412, -56.441152, -61.793989, -64.687464, -61.605834, -55.593446, -54.165001, -59.092506, -60.251423, -57.522656, -57.962212, -54.293623, -58.173675, -60.94098, -56.411786, -58.384199, -55.925227, -55.119137, -59.685602, -52.962058, -55.266543, -58.944247, -60.06523, -54.942533, -63.635505, -57.850181, -58.674482, -53.870548, -63.654604, -60.034865, -62.822356, -60.529439, -56.984983, -54.079598, -53.927712, -55.500115, -54.785766, -59.461432, -63.14833, -56.559196, -63.799757, -57.484488, -65.006939, -58.996445, -58.516376)
			) # end of LLTable
		, "residuals" = data.frame(
			  ID1 = as.character(c(  "",   "",   "",   "",   "",   "",   "",   "",   "",   "",   "",   "",   "",   "",   "",   "",   "",   "",   "",   "",   "",   "",   "",   "",   "",   "",   "",   "",   "",   "",   "",   "",   "",   "",   "",   "",   "",   "",   "",   "",   "",   "",   "",   "",   "",   "",   "",   "",   "",   "",   "",   "",   "",   "",   "",   "",   "",   "",   "",   "",   "",   "",   "",   "",   "",   "",   "",   "",   "",   "",   "",   "",   "",   "",   "",   "",   "",   "",   "",   "",   "",   "",   "",   "",   "",   "",   "",   "",   "",   "",   "",   "",   "",   "",   "",   "",   "",   "",   "",   "",   "",   "",   "",   "",   "",   "",   "",   "",   "",   "",   "",   "",   "",   "",   "",   "",   "",   "",   "",   "",   "",   "",   "",   "",   "",   "",   "",   "",   "",   "",   "",   "",   "",   "",   "",   "",   "",   "",   "",   "",   "",   "",   "",   "",   "",   "",   "",   "",   "",   "",   "",   "",   "",   "",   "",   "",   "",   "",   "",   "",   "",   "",   "",   "",   "",   "",   "",   "",   "",   "",   "",   "",   "",   "",   "",   "",   "",   "",   "",   "",   "",   "",   "",   "",   "",   "",   "",   "",   "",   "",   "",   "",   "",   "",   "",   "",   "",   "",   "",   "",   "",   "",   "",   "",   "",   "",   "",   "",   "",   "",   "",   "",   "",   "",   "",   "",   "",   "",   "",   "",   "",   "",   "",   "",   "",   "",   "",   "",   "",   "",   "",   "",   "",   "",   "",   "",   "",   "",   "",   "",   "",   "",   "",   "",   "",   "",   "",   "",   "",   "",   "",   "",   "",   "",   "",   "",   "",   "",   "",   "",   "",   "",   "",   "",   "",   "",   "",   "",   "",   "",   "",   "",   "",   "",   "",   "",   "",   "",   "",   "",   "",   "",   "",   "",   "",   "",   "",   "",   "",   "",   "",   "",   "",   "",   "",   "",   "",   "",   "",   "",   "",   "",   "",   "",   "",   "",   "",   "",   "",   "",   "",   "",   "",   "",   "",   "",   "",   "",   "",   "",   "",   "",   "",   "",   "",   "",   "",   "",   "",   "",   "",   "",   "",   "",   "",   "",   "",   "",   "",   "",   "",   "",   "",   "",   "",   "",   "",   "",   "",   "",   "",   "",   "",   "",   "",   "",   "",   "",   "",   "",   "",   "",   "",   "",   "",   "",   "",   "",   "",   "",   "",   "",   "",   "",   "",   "",   "",   "",   "",   "",   "",   "",   "",   "",   "",   "",   "",   "",   "",   "",   "",   "",   "",   "",   "",   "",   "",   "",   "",   "",   "",   "",   "",   "",   "",   "",   "",   "",   "",   "",   "",   "",   "",   "",   "",   "",   "",   "",   "",   ""))
			, ID2 = as.character(c(  "",   "",   "",   "",   "",   "",   "",   "",   "",   "",   "",   "",   "",   "",   "",   "",   "",   "",   "",   "",   "",   "",   "",   "",   "",   "",   "",   "",   "",   "",   "",   "",   "",   "",   "",   "",   "",   "",   "",   "",   "",   "",   "",   "",   "",   "",   "",   "",   "",   "",   "",   "",   "",   "",   "",   "",   "",   "",   "",   "",   "",   "",   "",   "",   "",   "",   "",   "",   "",   "",   "",   "",   "",   "",   "",   "",   "",   "",   "",   "",   "",   "",   "",   "",   "",   "",   "",   "",   "",   "",   "",   "",   "",   "",   "",   "",   "",   "",   "",   "",   "",   "",   "",   "",   "",   "",   "",   "",   "",   "",   "",   "",   "",   "",   "",   "",   "",   "",   "",   "",   "",   "",   "",   "",   "",   "",   "",   "",   "",   "",   "",   "",   "",   "",   "",   "",   "",   "",   "",   "",   "",   "",   "",   "",   "",   "",   "",   "",   "",   "",   "",   "",   "",   "",   "",   "",   "",   "",   "",   "",   "",   "",   "",   "",   "",   "",   "",   "",   "",   "",   "",   "",   "",   "",   "",   "",   "",   "",   "",   "",   "",   "",   "",   "",   "",   "",   "",   "",   "",   "",   "",   "",   "",   "",   "",   "",   "",   "",   "",   "",   "",   "",   "",   "",   "",   "",   "",   "",   "",   "",   "",   "",   "",   "",   "",   "",   "",   "",   "",   "",   "",   "",   "",   "",   "",   "",   "",   "",   "",   "",   "",   "",   "",   "",   "",   "",   "",   "",   "",   "",   "",   "",   "",   "",   "",   "",   "",   "",   "",   "",   "",   "",   "",   "",   "",   "",   "",   "",   "",   "",   "",   "",   "",   "",   "",   "",   "",   "",   "",   "",   "",   "",   "",   "",   "",   "",   "",   "",   "",   "",   "",   "",   "",   "",   "",   "",   "",   "",   "",   "",   "",   "",   "",   "",   "",   "",   "",   "",   "",   "",   "",   "",   "",   "",   "",   "",   "",   "",   "",   "",   "",   "",   "",   "",   "",   "",   "",   "",   "",   "",   "",   "",   "",   "",   "",   "",   "",   "",   "",   "",   "",   "",   "",   "",   "",   "",   "",   "",   "",   "",   "",   "",   "",   "",   "",   "",   "",   "",   "",   "",   "",   "",   "",   "",   "",   "",   "",   "",   "",   "",   "",   "",   "",   "",   "",   "",   "",   "",   "",   "",   "",   "",   "",   "",   "",   "",   "",   "",   "",   "",   "",   "",   "",   "",   "",   "",   "",   "",   "",   "",   "",   "",   "",   "",   "",   "",   "",   "",   "",   "",   "",   "",   "",   "",   "",   "",   "",   "",   "",   "",   "",   "",   "",   "",   "",   "",   "",   "",   "",   ""))
