dmp.txt <- structure(
	.Data = list(
		"coefficients" = list(
			"fixed" = c("CMultStdev" = 0.512452132729799, "tvVmax" = 5082.27051410336, "tvKm" = 1438.56395446861, "tvV" = 35.4108697616532, "tvKa" = 0.819448538235982, "K12" = 2.42308029866983, "K21" = 2.38203552942462, "dVdWT" = 1.23033286268835, "CEps" = 0.262850135184425)
			, "random" = list("Subject" = matrix(
				as.numeric(c(
					 0.047337838279474,  0.340725434717605,  0.291829604025941
					,  0.146501354007988,  -0.099930066570451,  0.0478903139801122
					,  -0.104869275440385,  0.275947198270457,  0.381001448449807
					,  -0.260529028659017,  -0.146004047315777,  -0.14307566233271
					,  0.253935895890981,  0.172243545375981,  0.0552212817575517
					,  -0.122904737422488,  -0.281573302425188,  -0.481322248791305
					,  0.0959398897144245,  0.197831688598776,  0.0961204727643904
					,  0.0323768110708416,  -0.328854275317851,  -0.0291048756857025
					,  0.0763632542868018,  -0.0724712886906656,  0.0642952646182227
					,  -0.881428354469835,  -0.113612789858683,  -0.489450438390155
					,  0.359174894602776,  -0.221179922888449,  -0.162888853347401
					,  -0.465487411172739,  0.323517284839574,  0.278673470096308
					,  0.0340140100843973,  0.0993860776742472,  -0.142381784774431
					,  0.166198017964782,  -0.147811038720963,  0.190548438361394
					,  0.421699905980933,  -0.177758848656816,  0.233130885958499
					,  -0.199402987949255,  0.0107739752672974,  -0.0376802738962242
					,  0.470299386610371,  0.414007466554257,  0.143436055030142
					,  -0.265177134712817,  -0.0819218647269573,  -0.374768356401704
					,  0.0708292905265554,  0.365555500090325,  0.244867932809425
					,  -0.0530164975348042,  -0.324987175534806,  -0.325327466335297
					,  -0.970042700220714,  -0.620460498593639,  0.879596251201679
					,  0.165318323751326,  0.541806313636932,  0.0400273704992501
					,  0.74535049555959,  0.193985311141826,  -0.254825175463449
					,  0.0680573766643452,  0.0871034858163737,  0.0658690959058315
					,  0.102884273615726,  0.141498775959307,  -0.164319361038882
					,  0.101890549896942,  0.174995144535647,  0.415999476967822
					,  0.233710227969611,  -0.781530243706767,  0.355145825584638
					,  -0.305725174367319,  0.607713574885518,  0.310083256719993
					,  -0.0430293121164149,  0.0217027644567724,  -0.177451577683104
					,  -0.459364253957694,  0.200439595460551,  -0.158319689150416
					,  0.380858502897827,  -0.115266926450251,  0.027854617495374
					,  -0.0769384724609734,  0.018188611811843,  -0.211838004356569
					,  -0.622621684508726,  0.599970166020429,  -0.245174041005251
					,  -0.450475038524945,  -0.115346614956968,  -0.302442996966131
					,  0.303919719010505,  -0.731537398165201,  -0.162689653087387
					,  0.419785022865039,  -0.117589197312585,  0.00575241261066706
					,  0.00664984708823276,  0.0625255195954289,  -0.277362005113729
					,  -0.116902721770898,  0.034973226611475,  -0.369353663667693
					,  -0.0331226746390212,  -0.109647057181023,  0.525899499213269
					,  0.125103979530622,  -0.373011831168289,  -0.508005562230792
					))
				, nrow = 60, ncol = 2
				, dimnames = list(
					as.character(c( "1", "2", "3", "4", "5", "6", "7", "8", "9", "10"
					  , "11", "12", "13", "14", "15", "16", "17", "18", "19", "20"
					  , "21", "22", "23", "24", "25", "26", "27", "28", "29", "30"
					  , "31", "32", "33", "34", "35", "36", "37", "38", "39", "40"
					  , "41", "42", "43", "44", "45", "46", "47", "48", "49", "50"
					  , "51", "52", "53", "54", "55", "56", "57", "58", "59", "60"))
					, as.character(c("nVmax", "nV"))
					)
				))
			)
		, "logLik" = c(-3178.26)
		, "nObs" = c(480)
		, "nSubj" = c(60)
		, "nParm" = c(11)
		, "returnCode" = c(3)
		, "omega" = matrix(
			as.numeric(c(0.0876347502170676, 0, 0, 0.173330855645561))
			, nrow = 2, ncol = 2
			, dimnames = list(
				as.character(c("nVmax", "nV"))
				, as.character(c("nVmax", "nV"))
				)
			)
		, "eta" = matrix(
			as.numeric(c(-0.00222076866270392, -0.0151622485814073, 0.071392261183129, 0.13532835089403, 0.267193303028218, 0.367870019020347, 0.097416495495055, 0.116398479932063))
			, nrow = 2, ncol = 4
			, dimnames = list(
				as.character(c("nVmax", "nV"))
				, as.character(c("mean", "var", "sd", "shrinkage"))
				)
			)
		, "eta_shrinkage" = list("Subject" = matrix(
			as.numeric(c(
				 0.11360559129378,  0.1448668643276,  0.187414262599981
				,  0.182445128384453,  0.235722502054149,  0.161537013479806
				,  0.29981630188117,  0.1760140340069,  0.170676631783087
				,  0.154035582757189,  0.188097910193258,  0.16685030065562
				,  0.170762704902986,  0.163198985107324,  0.167849968441551
				,  0.15861194062464,  0.178961382760267,  0.340644351120901
				,  0.175678619179424,  0.145522632383216,  0.191091480994919
				,  0.157338106231821,  0.300821489507932,  0.154014574511325
				,  0.163721642258309,  0.151632075234236,  0.16135561829711
				,  0.102090390676902,  0.157155427941545,  0.1599011771375
				,  0.187385413294275,  0.14896789359603,  0.157972751650313
				,  0.161670312567415,  0.159352138985435,  0.164815352656441
				,  0.141455849166722,  0.189860282223639,  0.155752428337211
				,  0.158900609761704,  0.144772218386472,  0.15362883681126
				,  0.182090152220693,  0.132578643770174,  0.152684049363886
				,  0.177776489381665,  0.159130548123377,  0.164262702555356
				,  0.177431874302195,  0.178291850101502,  0.158294898338274
				,  0.140228134742409,  0.159847687183569,  0.126391979725479
				,  0.169825512722634,  0.177335352372821,  0.17751767739982
				,  0.150770780186391,  0.14063577271349,  0.129777055689641
				,  0.158965452387386,  0.162905991805028,  0.208460341307287
				,  0.197657850668299,  0.227816164799376,  0.166210901681336
				,  0.239180217960977,  0.192581725374451,  0.160362221224329
				,  0.196676649121976,  0.208382811459149,  0.208975585307774
				,  0.160043464373323,  0.158150560094492,  0.180065741357026
				,  0.194833641845097,  0.221601478581507,  0.241953716996695
				,  0.200325686700274,  0.181410269809573,  0.225797856052813
				,  0.174716908855147,  0.243565751329963,  0.171182120591095
				,  0.186271368241572,  0.198545127779108,  0.164919818007364
				,  0.197121185075389,  0.193093844209965,  0.21511682822634
				,  0.20420150868055,  0.1762924602187,  0.213238651732033
				,  0.220347907069402,  0.161473169169846,  0.152935042401906
				,  0.173662801960231,  0.215157247003705,  0.187012759782172
				,  0.169486185974395,  0.176890068697928,  0.156077501078095
				,  0.19562475525397,  0.148739147878638,  0.180495532371114
				,  0.221213803939271,  0.179016912295294,  0.192228889635755
				,  0.156617109185043,  0.170175647324877,  0.160504175239569
				,  0.18627583717997,  0.194764886137303,  0.144106339033931
				,  0.200124189446104,  0.191463381254024,  0.191346430843669
				,  0.175473186572105,  0.175974060739118,  0.172216473340983
				))
			, nrow = 60, ncol = 2
			, dimnames = list(
				as.character(c( "1", "2", "3", "4", "5", "6", "7", "8", "9", "10"
				  , "11", "12", "13", "14", "15", "16", "17", "18", "19", "20"
				  , "21", "22", "23", "24", "25", "26", "27", "28", "29", "30"
				  , "31", "32", "33", "34", "35", "36", "37", "38", "39", "40"
				  , "41", "42", "43", "44", "45", "46", "47", "48", "49", "50"
				  , "51", "52", "53", "54", "55", "56", "57", "58", "59", "60"))
				, as.character(c("nVmax_shrinkage", "nV_shrinkage"))
				)
			))
		, "sigma" = matrix(
			as.numeric(c(0.0690901935664703))
			, nrow = 1, ncol = 1
			, dimnames = list(
				as.character(c("CEps"))
				, as.character(c("CEps"))
				)
			)
		, "method" = "FOCE-ELS"
		, "varFix" = matrix(
			as.numeric(c(0.00102008843796239, -0.792783030795813, -1.37976046479434, -0.0085021099012401, -0.000443563645838758, 0.00654247344079027, -0.00144923293151779, 0.0012072890495262, -0.000114873936663965, -0.792783030795813, 386576.668320044, 140800.030967823, -1572.31484630678, -27.9830982887352, 138.535583667413, -19.1469389005845, -64.3223557398262, -24.1694389543625, -1.37976046479434, 140800.030967823, 60334.8448867581, -525.046110585583, -9.74923668950591, 50.0728840019847, 7.93848697983703, -32.3667593855013, -10.3698635527666, -0.0085021099012401, -1572.31484630678, -525.046110585583, 142.757443595442, 1.47315669426629, -16.1875947287461, 2.051665524494, -0.701114735338312, 0.156926655034378, -0.000443563645838758, -27.9830982887352, -9.74923668950591, 1.47315669426629, 0.0191992257242036, -0.158411328778648, 0.0341633378378698, -0.00979921812371135, 0.000242237001658333, 0.00654247344079027, 138.535583667413, 50.0728840019847, -16.1875947287461, -0.158411328778648, 2.21854224929579, 0.0230635397580417, -0.0142724290521044, -0.0522014507326529, -0.00144923293151779, -19.1469389005845, 7.93848697983703, 2.051665524494, 0.0341633378378698, 0.0230635397580417, 0.291587487182293, -0.102937820228755, -0.0288562934921149, 0.0012072890495262, -64.3223557398262, -32.3667593855013, -0.701114735338312, -0.00979921812371135, -0.0142724290521044, -0.102937820228755, 0.144506144413053, 0.00291153353951141, -0.000114873936663965, -24.1694389543625, -10.3698635527666, 0.156926655034378, 0.000242237001658333, -0.0522014507326529, -0.0288562934921149, 0.00291153353951141, 0.00956962541520359))
			, nrow = 9, ncol = 9
			, dimnames = list(
				as.character(c("CMultStdev", "tvVmax", "tvKm", "tvV", "tvKa", "K12", "K21", "dVdWT", "CEps"))
				, as.character(c("CMultStdev", "tvVmax", "tvKm", "tvV", "tvKa", "K12", "K21", "dVdWT", "CEps"))
				)
			)
		, "omegaSE" = matrix(
			as.numeric(c(0.0210611590634492, 0, 0, 0.0422873108737654))
			, nrow = 2, ncol = 2, byrow = TRUE
			, dimnames = list(
				as.character(c("nVmax", "nV"))
				, as.character(c("nVmax", "nV"))
				)
			)
		, "Covariance" = matrix(
			as.numeric(c(0.0010200884, -0.79278303, -1.3797605, -0.0085021099, -0.00044356365, 0.0065424734, -0.0014492329, 0.001207289, -0.00011487394, -5.3670337e-007,         0, -9.2855002e-007, -0.79278303, 386576.67, 140800.03, -1572.3148, -27.983098, 138.53558, -19.146939, -64.322356, -24.169439, 5.0175913,         0, 4.9470363, -1.3797605, 140800.03, 60334.845, -525.04611, -9.7492367, 50.072884,  7.938487, -32.366759, -10.369864, 1.5071386,         0, 1.8642108, -0.0085021099, -1572.3148, -525.04611, 142.75744, 1.4731567, -16.187595, 2.0516655, -0.70111474, 0.15692666, 0.034729349,         0, 0.0051692633, -0.00044356365, -27.983098, -9.7492367, 1.4731567, 0.019199226, -0.15841133, 0.034163338, -0.0097992181, 0.000242237, 0.00029238202,         0, -0.0007779729, 0.0065424734, 138.53558, 50.072884, -16.187595, -0.15841133, 2.2185422, 0.02306354, -0.014272429, -0.052201451, -0.0048449709,         0, -0.012032244, -0.0014492329, -19.146939,  7.938487, 2.0516655, 0.034163338, 0.02306354, 0.29158749, -0.10293782, -0.028856293, -0.00052760079,         0, -0.010659866, 0.001207289, -64.322356, -32.366759, -0.70111474, -0.0097992181, -0.014272429, -0.10293782, 0.14450614, 0.0029115335, -0.0027986178,         0, 0.00094229332, -0.00011487394, -24.169439, -10.369864, 0.15692666, 0.000242237, -0.052201451, -0.028856293, 0.0029115335, 0.0095696254, -0.0003594684,         0, 0.00042009799, -5.3670337e-007, 5.0175913, 1.5071386, 0.034729349, 0.00029238202, -0.0048449709, -0.00052760079, -0.0027986178, -0.0003594684, 0.00044357242,         0, 5.6246829e-005,         0,         0,         0,         0,         0,         0,         0,         0,         0,         0,         0,         0, -9.2855002e-007, 4.9470363, 1.8642108, 0.0051692633, -0.0007779729, -0.012032244, -0.010659866, 0.00094229332, 0.00042009799, 5.6246829e-005,         0, 0.0017882167))
			, nrow = 12, ncol = 12
			, dimnames = list(
				as.character(c("CMultStdev", "tvVmax", "tvKm", "tvV", "tvKa", "K12", "K21", "dVdWT", "stdev0", "nVmax-nVmax", "nV-nVmax", "nV-nV"))
				, as.character(c("CMultStdev", "tvVmax", "tvKm", "tvV", "tvKa", "K12", "K21", "dVdWT", "stdev0", "nVmax-nVmax", "nV-nVmax", "nV-nV"))
				)
			)
		, "Correlation" = matrix(
			as.numeric(c(0.031938823, -0.039922489, -0.17587361, -0.022279653, -0.10022941, 0.13752739, -0.084030092, 0.09943727, -0.03676674, -0.00079787185,         0, -0.00068750573, -0.039922489,  621.7529, 0.92193612, -0.21165197, -0.32481503, 0.14959245, -0.057029175, -0.27214538, -0.39737568, 0.38317326,         0, 0.18815563, -0.17587361, 0.92193612, 245.63152, -0.17890149, -0.28644725, 0.13686256, 0.059850695, -0.34663464, -0.43156029, 0.29133108,         0, 0.17947372, -0.022279653, -0.21165197, -0.17890149, 11.948115, 0.88983136, -0.90959715, 0.31799679, -0.15436419,  0.134261, 0.13801141,         0, 0.010231026, -0.10022941, -0.32481503, -0.28644725, 0.88983136, 0.13856127, -0.76755681, 0.45659799, -0.18604003, 0.017871095, 0.1001905,         0, -0.13277385, 0.13752739, 0.14959245, 0.13686256, -0.90959715, -0.76755681, 1.4894772, 0.02867528, -0.025206984, -0.35826242, -0.15444543,         0, -0.19103049, -0.084030092, -0.057029175, 0.059850695, 0.31799679, 0.45659799, 0.02867528, 0.53998841, -0.50147279, -0.54627162, -0.046391534,         0, -0.46682836, 0.09943727, -0.27214538, -0.34663464, -0.15436419, -0.18604003, -0.025206984, -0.50147279, 0.38013964, 0.078294485, -0.34955713,         0, 0.058618255, -0.03676674, -0.39737568, -0.43156029,  0.134261, 0.017871095, -0.35826242, -0.54627162, 0.078294485, 0.097824462, -0.17447411,         0, 0.10155307, -0.00079787185, 0.38317326, 0.29133108, 0.13801141, 0.1001905, -0.15444543, -0.046391534, -0.34955713, -0.17447411, 0.021061159,         0, 0.063154705,         0,         0,         0,         0,         0,         0,         0,         0,         0,         0,         0,         0, -0.00068750573, 0.18815563, 0.17947372, 0.010231026, -0.13277385, -0.19103049, -0.46682836, 0.058618255, 0.10155307, 0.063154705,         0, 0.042287311))
			, nrow = 12, ncol = 12
			, dimnames = list(
				as.character(c("CMultStdev", "tvVmax", "tvKm", "tvV", "tvKa", "K12", "K21", "dVdWT", "stdev0", "nVmax-nVmax", "nV-nVmax", "nV-nV"))
				, as.character(c("CMultStdev", "tvVmax", "tvKm", "tvV", "tvKa", "K12", "K21", "dVdWT", "stdev0", "nVmax-nVmax", "nV-nVmax", "nV-nV"))
				)
			)
		, "Inverse" = matrix(
			as.numeric(c(1681.2797, -0.056276839, 0.098805851, -11.524314, 1.6955576, -93.189641, 54.606461, -41.181853, -154.72486, -114.7485,         0, -152.2537, -0.056276839, 2.3996102e-005, -5.0565865e-005, 0.00024250836, 0.0056894581, 0.0025639639, 0.0045179427, 0.0031758635, 0.024523841, -0.052501802,         0, 0.026476208, 0.098805851, -5.0565865e-005, 0.00020969806, 0.0019731373, 0.15339953, 0.031902698, 0.0098814304, 0.057657314, 0.26394838, 0.52325378,         0, 0.14708097, -11.524314, 0.00024250836, 0.0019731373, 0.27385694, 1.9060075, 2.3819774, -0.72041979, 1.8241713, 8.4875198, 10.660107,         0, 5.7461174, 1.6955576, 0.0056894581, 0.15339953, 1.9060075, 587.12641, 68.078613, 9.7219194, 98.691398, 510.91612, 619.50549,         0, 398.77654, -93.189641, 0.0025639639, 0.031902698, 2.3819774, 68.078613, 26.431464, -0.72486296, 27.604241,  135.3183, 189.64794,         0, 103.55785, 54.606461, 0.0045179427, 0.0098814304, -0.72041979, 9.7219194, -0.72486296, 37.880636, 29.562026, 139.81621,  283.6861,         0,  147.1289, -41.181853, 0.0031758635, 0.057657314, 1.8241713, 98.691398, 27.604241, 29.562026, 63.529981, 266.61326, 485.99836,         0, 219.31325, -154.72486, 0.024523841, 0.26394838, 8.4875198, 510.91612,  135.3183, 139.81621, 266.61326, 1411.8137, 2160.6501,         0, 1058.5028, -114.7485, -0.052501802, 0.52325378, 10.660107, 619.50549, 189.64794,  283.6861, 485.99836, 2160.6501, 6821.7601,         0, 1827.3098,         0,         0,         0,         0,         0,         0,         0,         0,         0,         0,         0,         0, -152.2537, 0.026476208, 0.14708097, 5.7461174, 398.77654, 103.55785,  147.1289, 219.31325, 1058.5028, 1827.3098,         0, 1641.5903))
			, nrow = 12, ncol = 12
			, dimnames = list(
				as.character(c("CMultStdev", "tvVmax", "tvKm", "tvV", "tvKa", "K12", "K21", "dVdWT", "stdev0", "nVmax-nVmax", "nV-nVmax", "nV-nV"))
				, as.character(c("CMultStdev", "tvVmax", "tvKm", "tvV", "tvKa", "K12", "K21", "dVdWT", "stdev0", "nVmax-nVmax", "nV-nVmax", "nV-nV"))
				)
			)
		, "LLTable" = data.frame(
			id = as.character(c( "1", "2", "3", "4", "5", "6", "7", "8", "9", "10", "11", "12", "13", "14", "15", "16", "17", "18", "19", "20", "21", "22", "23", "24", "25", "26", "27", "28", "29", "30", "31", "32", "33", "34", "35", "36", "37", "38", "39", "40", "41", "42", "43", "44", "45", "46", "47", "48", "49", "50", "51", "52", "53", "54", "55", "56", "57", "58", "59", "60"))
			, "LL" = c(-51.775937, -46.801033, -51.369855, -50.019494, -54.226973, -51.10614, -52.707413, -49.09399, -49.903697, -56.796963, -53.37803, -56.574262, -49.235327, -46.363247, -49.308738, -55.054302, -56.035449, -56.049922, -50.141887, -49.575378, -52.339663, -53.513454, -54.344526, -51.673161,  -53.8396, -54.801539, -49.356408, -70.118826, -54.905446, -59.958636, -48.337518, -55.482303, -54.708905, -58.113509, -47.405929, -46.688324, -52.460366, -51.575402, -54.571529, -52.268934, -54.631484, -50.153116, -48.345998, -57.679582, -47.753281, -56.052922, -55.57156, -51.850754, -46.594332, -47.741699, -51.448079, -57.521861, -55.510017, -61.103382, -53.811378, -49.741106, -50.993484, -53.609112, -59.010012, -57.153955)
			) # end of LLTable
		, "residuals" = data.frame(
			  ID1 = as.character(c(  "",   "",   "",   "",   "",   "",   "",   "",   "",   "",   "",   "",   "",   "",   "",   "",   "",   "",   "",   "",   "",   "",   "",   "",   "",   "",   "",   "",   "",   "",   "",   "",   "",   "",   "",   "",   "",   "",   "",   "",   "",   "",   "",   "",   "",   "",   "",   "",   "",   "",   "",   "",   "",   "",   "",   "",   "",   "",   "",   "",   "",   "",   "",   "",   "",   "",   "",   "",   "",   "",   "",   "",   "",   "",   "",   "",   "",   "",   "",   "",   "",   "",   "",   "",   "",   "",   "",   "",   "",   "",   "",   "",   "",   "",   "",   "",   "",   "",   "",   "",   "",   "",   "",   "",   "",   "",   "",   "",   "",   "",   "",   "",   "",   "",   "",   "",   "",   "",   "",   "",   "",   "",   "",   "",   "",   "",   "",   "",   "",   "",   "",   "",   "",   "",   "",   "",   "",   "",   "",   "",   "",   "",   "",   "",   "",   "",   "",   "",   "",   "",   "",   "",   "",   "",   "",   "",   "",   "",   "",   "",   "",   "",   "",   "",   "",   "",   "",   "",   "",   "",   "",   "",   "",   "",   "",   "",   "",   "",   "",   "",   "",   "",   "",   "",   "",   "",   "",   "",   "",   "",   "",   "",   "",   "",   "",   "",   "",   "",   "",   "",   "",   "",   "",   "",   "",   "",   "",   "",   "",   "",   "",   "",   "",   "",   "",   "",   "",   "",   "",   "",   "",   "",   "",   "",   "",   "",   "",   "",   "",   "",   "",   "",   "",   "",   "",   "",   "",   "",   "",   "",   "",   "",   "",   "",   "",   "",   "",   "",   "",   "",   "",   "",   "",   "",   "",   "",   "",   "",   "",   "",   "",   "",   "",   "",   "",   "",   "",   "",   "",   "",   "",   "",   "",   "",   "",   "",   "",   "",   "",   "",   "",   "",   "",   "",   "",   "",   "",   "",   "",   "",   "",   "",   "",   "",   "",   "",   "",   "",   "",   "",   "",   "",   "",   "",   "",   "",   "",   "",   "",   "",   "",   "",   "",   "",   "",   "",   "",   "",   "",   "",   "",   "",   "",   "",   "",   "",   "",   "",   "",   "",   "",   "",   "",   "",   "",   "",   "",   "",   "",   "",   "",   "",   "",   "",   "",   "",   "",   "",   "",   "",   "",   "",   "",   "",   "",   "",   "",   "",   "",   "",   "",   "",   "",   "",   "",   "",   "",   "",   "",   "",   "",   "",   "",   "",   "",   "",   "",   "",   "",   "",   "",   "",   "",   "",   "",   "",   "",   "",   "",   "",   "",   "",   "",   "",   "",   "",   "",   "",   "",   "",   "",   "",   "",   "",   "",   "",   "",   "",   "",   "",   "",   "",   "",   "",   "",   "",   "",   "",   "",   "",   "",   "",   "",   "",   "",   "",   "",   "",   "",   "",   "",   "",   "",   "",   "",   "",   "",   "",   "",   "",   "",   "",   "",   "",   "",   "",   "",   "",   "",   "",   "",   "",   "",   "",   "",   "",   "",   "",   "",   "",   "",   "",   "",   "",   "",   "",   "",   "",   "",   "",   "",   "",   "",   "",   "",   "",   "",   "",   "",   ""))
			, ID2 = as.character(c(  "",   "",   "",   "",   "",   "",   "",   "",   "",   "",   "",   "",   "",   "",   "",   "",   "",   "",   "",   "",   "",   "",   "",   "",   "",   "",   "",   "",   "",   "",   "",   "",   "",   "",   "",   "",   "",   "",   "",   "",   "",   "",   "",   "",   "",   "",   "",   "",   "",   "",   "",   "",   "",   "",   "",   "",   "",   "",   "",   "",   "",   "",   "",   "",   "",   "",   "",   "",   "",   "",   "",   "",   "",   "",   "",   "",   "",   "",   "",   "",   "",   "",   "",   "",   "",   "",   "",   "",   "",   "",   "",   "",   "",   "",   "",   "",   "",   "",   "",   "",   "",   "",   "",   "",   "",   "",   "",   "",   "",   "",   "",   "",   "",   "",   "",   "",   "",   "",   "",   "",   "",   "",   "",   "",   "",   "",   "",   "",   "",   "",   "",   "",   "",   "",   "",   "",   "",   "",   "",   "",   "",   "",   "",   "",   "",   "",   "",   "",   "",   "",   "",   "",   "",   "",   "",   "",   "",   "",   "",   "",   "",   "",   "",   "",   "",   "",   "",   "",   "",   "",   "",   "",   "",   "",   "",   "",   "",   "",   "",   "",   "",   "",   "",   "",   "",   "",   "",   "",   "",   "",   "",   "",   "",   "",   "",   "",   "",   "",   "",   "",   "",   "",   "",   "",   "",   "",   "",   "",   "",   "",   "",   "",   "",   "",   "",   "",   "",   "",   "",   "",   "",   "",   "",   "",   "",   "",   "",   "",   "",   "",   "",   "",   "",   "",   "",   "",   "",   "",   "",   "",   "",   "",   "",   "",   "",   "",   "",   "",   "",   "",   "",   "",   "",   "",   "",   "",   "",   "",   "",   "",   "",   "",   "",   "",   "",   "",   "",   "",   "",   "",   "",   "",   "",   "",   "",   "",   "",   "",   "",   "",   "",   "",   "",   "",   "",   "",   "",   "",   "",   "",   "",   "",   "",   "",   "",   "",   "",   "",   "",   "",   "",   "",   "",   "",   "",   "",   "",   "",   "",   "",   "",   "",   "",   "",   "",   "",   "",   "",   "",   "",   "",   "",   "",   "",   "",   "",   "",   "",   "",   "",   "",   "",   "",   "",   "",   "",   "",   "",   "",   "",   "",   "",   "",   "",   "",   "",   "",   "",   "",   "",   "",   "",   "",   "",   "",   "",   "",   "",   "",   "",   "",   "",   "",   "",   "",   "",   "",   "",   "",   "",   "",   "",   "",   "",   "",   "",   "",   "",   "",   "",   "",   "",   "",   "",   "",   "",   "",   "",   "",   "",   "",   "",   "",   "",   "",   "",   "",   "",   "",   "",   "",   "",   "",   "",   "",   "",   "",   "",   "",   "",   "",   "",   "",   "",   "",   "",   "",   "",   "",   "",   "",   "",   "",   "",   "",   "",   "",   "",   "",   "",   "",   "",   "",   "",   "",   "",   "",   "",   "",   "",   "",   "",   "",   "",   "",   "",   "",   "",   "",   "",   "",   "",   "",   "",   "",   "",   "",   "",   "",   "",   "",   "",   "",   "",   "",   "",   "",   "",   "",   "",   "",   "",   "",   "",   "",   "",   "",   "",   "",   ""))
			, ID3 = as.character(c(  "",   "",   "",   "",   "",   "",   "",   "",   "",   "",   "",   "",   "",   "",   "",   "",   "",   "",   "",   "",   "",   "",   "",   "",   "",   "",   "",   "",   "",   "",   "",   "",   "",   "",   "",   "",   "",   "",   "",   "",   "",   "",   "",   "",   "",   "",   "",   "",   "",   "",   "",   "",   "",   "",   "",   "",   "",   "",   "",   "",   "",   "",   "",   "",   "",   "",   "",   "",   "",   "",   "",   "",   "",   "",   "",   "",   "",   "",   "",   "",   "",   "",   "",   "",   "",   "",   "",   "",   "",   "",   "",   "",   "",   "",   "",   "",   "",   "",   "",   "",   "",   "",   "",   "",   "",   "",   "",   "",   "",   "",   "",   "",   "",   "",   "",   "",   "",   "",   "",   "",   "",   "",   "",   "",   "",   "",   "",   "",   "",   "",   "",   "",   "",   "",   "",   "",   "",   "",   "",   "",   "",   "",   "",   "",   "",   "",   "",   "",   "",   "",   "",   "",   "",   "",   "",   "",   "",   "",   "",   "",   "",   "",   "",   "",   "",   "",   "",   "",   "",   "",   "",   "",   "",   "",   "",   "",   "",   "",   "",   "",   "",   "",   "",   "",   "",   "",   "",   "",   "",   "",   "",   "",   "",   "",   "",   "",   "",   "",   "",   "",   "",   "",   "",   "",   "",   "",   "",   "",   "",   "",   "",   "",   "",   "",   "",   "",   "",   "",   "",   "",   "",   "",   "",   "",   "",   "",   "",   "",   "",   "",   "",   "",   "",   "",   "",   "",   "",   "",   "",   "",   "",   "",   "",   "",   "",   "",   "",   "",   "",   "",   "",   "",   "",   "",   "",   "",   "",   "",   "",   "",   "",   "",   "",   "",   "",   "",   "",   "",   "",   "",   "",   "",   "",   "",   "",   "",   "",   "",   "",   "",   "",   "",   "",   "",   "",   "",   "",   "",   "",   "",   "",   "",   "",   "",   "",   "",   "",   "",   "",   "",   "",   "",   "",   "",   "",   "",   "",   "",   "",   "",   "",   "",   "",   "",   "",   "",   "",   "",   "",   "",   "",   "",   "",   "",   "",   "",   "",   "",   "",   "",   "",   "",   "",   "",   "",   "",   "",   "",   "",   "",   "",   "",   "",   "",   "",   "",   "",   "",   "",   "",   "",   "",   "",   "",   "",   "",   "",   "",   "",   "",   "",   "",   "",   "",   "",   "",   "",   "",   "",   "",   "",   "",   "",   "",   "",   "",   "",   "",   "",   "",   "",   "",   "",   "",   "",   "",   "",   "",   "",   "",   "",   "",   "",   "",   "",   "",   "",   "",   "",   "",   "",   "",   "",   "",   "",   "",   "",   "",   "",   "",   "",   "",   "",   "",   "",   "",   "",   "",   "",   "",   "",   "",   "",   "",   "",   "",   "",   "",   "",   "",   "",   "",   "",   "",   "",   "",   "",   "",   "",   "",   "",   "",   "",   "",   "",   "",   "",   "",   "",   "",   "",   "",   "",   "",   "",   "",   "",   "",   "",   "",   "",   "",   "",   "",   "",   "",   "",   "",   "",   "",   "",   "",   "",   "",   "",   "",   "",   "",   "",   ""))
			, ID4 = as.character(c(  "",   "",   "",   "",   "",   "",   "",   "",   "",   "",   "",   "",   "",   "",   "",   "",   "",   "",   "",   "",   "",   "",   "",   "",   "",   "",   "",   "",   "",   "",   "",   "",   "",   "",   "",   "",   "",   "",   "",   "",   "",   "",   "",   "",   "",   "",   "",   "",   "",   "",   "",   "",   "",   "",   "",   "",   "",   "",   "",   "",   "",   "",   "",   "",   "",   "",   "",   "",   "",   "",   "",   "",   "",   "",   "",   "",   "",   "",   "",   "",   "",   "",   "",   "",   "",   "",   "",   "",   "",   "",   "",   "",   "",   "",   "",   "",   "",   "",   "",   "",   "",   "",   "",   "",   "",   "",   "",   "",   "",   "",   "",   "",   "",   "",   "",   "",   "",   "",   "",   "",   "",   "",   "",   "",   "",   "",   "",   "",   "",   "",   "",   "",   "",   "",   "",   "",   "",   "",   "",   "",   "",   "",   "",   "",   "",   "",   "",   "",   "",   "",   "",   "",   "",   "",   "",   "",   "",   "",   "",   "",   "",   "",   "",   "",   "",   "",   "",   "",   "",   "",   "",   "",   "",   "",   "",   "",   "",   "",   "",   "",   "",   "",   "",   "",   "",   "",   "",   "",   "",   "",   "",   "",   "",   "",   "",   "",   "",   "",   "",   "",   "",   "",   "",   "",   "",   "",   "",   "",   "",   "",   "",   "",   "",   "",   "",   "",   "",   "",   "",   "",   "",   "",   "",   "",   "",   "",   "",   "",   "",   "",   "",   "",   "",   "",   "",   "",   "",   "",   "",   "",   "",   "",   "",   "",   "",   "",   "",   "",   "",   "",   "",   "",   "",   "",   "",   "",   "",   "",   "",   "",   "",   "",   "",   "",   "",   "",   "",   "",   "",   "",   "",   "",   "",   "",   "",   "",   "",   "",   "",   "",   "",   "",   "",   "",   "",   "",   "",   "",   "",   "",   "",   "",   "",   "",   "",   "",   "",   "",   "",   "",   "",   "",   "",   "",   "",   "",   "",   "",   "",   "",   "",   "",   "",   "",   "",   "",   "",   "",   "",   "",   "",   "",   "",   "",   "",   "",   "",   "",   "",   "",   "",   "",   "",   "",   "",   "",   "",   "",   "",   "",   "",   "",   "",   "",   "",   "",   "",   "",   "",   "",   "",   "",   "",   "",   "",   "",   "",   "",   "",   "",   "",   "",   "",   "",   "",   "",   "",   "",   "",   "",   "",   "",   "",   "",   "",   "",   "",   "",   "",   "",   "",   "",   "",   "",   "",   "",   "",   "",   "",   "",   "",   "",   "",   "",   "",   "",   "",   "",   "",   "",   "",   "",   "",   "",   "",   "",   "",   "",   "",   "",   "",   "",   "",   "",   "",   "",   "",   "",   "",   "",   "",   "",   "",   "",   "",   "",   "",   "",   "",   "",   "",   "",   "",   "",   "",   "",   "",   "",   "",   "",   "",   "",   "",   "",   "",   "",   "",   "",   "",   "",   "",   "",   "",   "",   "",   "",   "",   "",   "",   "",   "",   "",   "",   "",   "",   "",   "",   "",   "",   "",   "",   "",   "",   "",   "",   "",   "",   "",   "",   ""))
			, ID5 = as.character(c( "1",  "1",  "1",  "1",  "1",  "1",  "1",  "1",  "2",  "2",  "2",  "2",  "2",  "2",  "2",  "2",  "3",  "3",  "3",  "3",  "3",  "3",  "3",  "3",  "4",  "4",  "4",  "4",  "4",  "4",  "4",  "4",  "5",  "5",  "5",  "5",  "5",  "5",  "5",  "5",  "6",  "6",  "6",  "6",  "6",  "6",  "6",  "6",  "7",  "7",  "7",  "7",  "7",  "7",  "7",  "7",  "8",  "8",  "8",  "8",  "8",  "8",  "8",  "8",  "9",  "9",  "9",  "9",  "9",  "9",  "9",  "9", "10", "10", "10", "10", "10", "10", "10", "10", "11", "11", "11", "11", "11", "11", "11", "11", "12", "12", "12", "12", "12", "12", "12", "12", "13", "13", "13", "13", "13", "13", "13", "13", "14", "14", "14", "14", "14", "14", "14", "14", "15", "15", "15", "15", "15", "15", "15", "15", "16", "16", "16", "16", "16", "16", "16", "16", "17", "17", "17", "17", "17", "17", "17", "17", "18", "18", "18", "18", "18", "18", "18", "18", "19", "19", "19", "19", "19", "19", "19", "19", "20", "20", "20", "20", "20", "20", "20", "20", "21", "21", "21", "21", "21", "21", "21", "21", "22", "22", "22", "22", "22", "22", "22", "22", "23", "23", "23", "23", "23", "23", "23", "23", "24", "24", "24", "24", "24", "24", "24", "24", "25", "25", "25", "25", "25", "25", "25", "25", "26", "26", "26", "26", "26", "26", "26", "26", "27", "27", "27", "27", "27", "27", "27", "27", "28", "28", "28", "28", "28", "28", "28", "28", "29", "29", "29", "29", "29", "29", "29", "29", "30", "30", "30", "30", "30", "30", "30", "30", "31", "31", "31", "31", "31", "31", "31", "31", "32", "32", "32", "32", "32", "32", "32", "32", "33", "33", "33", "33", "33", "33", "33", "33", "34", "34", "34", "34", "34", "34", "34", "34", "35", "35", "35", "35", "35", "35", "35", "35", "36", "36", "36", "36", "36", "36", "36", "36", "37", "37", "37", "37", "37", "37", "37", "37", "38", "38", "38", "38", "38", "38", "38", "38", "39", "39", "39", "39", "39", "39", "39", "39", "40", "40", "40", "40", "40", "40", "40", "40", "41", "41", "41", "41", "41", "41", "41", "41", "42", "42", "42", "42", "42", "42", "42", "42", "43", "43", "43", "43", "43", "43", "43", "43", "44", "44", "44", "44", "44", "44", "44", "44", "45", "45", "45", "45", "45", "45", "45", "45", "46", "46", "46", "46", "46", "46", "46", "46", "47", "47", "47", "47", "47", "47", "47", "47", "48", "48", "48", "48", "48", "48", "48", "48", "49", "49", "49", "49", "49", "49", "49", "49", "50", "50", "50", "50", "50", "50", "50", "50", "51", "51", "51", "51", "51", "51", "51", "51", "52", "52", "52", "52", "52", "52", "52", "52", "53", "53", "53", "53", "53", "53", "53", "53", "54", "54", "54", "54", "54", "54", "54", "54", "55", "55", "55", "55", "55", "55", "55", "55", "56", "56", "56", "56", "56", "56", "56", "56", "57", "57", "57", "57", "57", "57", "57", "57", "58", "58", "58", "58", "58", "58", "58", "58", "59", "59", "59", "59", "59", "59", "59", "59", "60", "60", "60", "60", "60", "60", "60", "60"))
			, IVAR = c(0.64, 1.99, 6.43, 12.03, 22.28, 48.91, 80.15, 138.94, 0.51, 2.49, 6.29, 11.18, 25.51, 43.72, 84.69, 123.55, 0.48, 2, 6.04, 11.31, 22.67, 47.36, 103.04, 108, 0.53, 2.07, 6.67, 11.64, 24.9, 49.3, 90.93, 135.41, 0.56, 2.15, 7.03, 12.69, 21.12, 45.33, 84.94, 114.45, 0.47, 2.01, 5.48, 12.19, 22.48, 57.28, 103.13, 131.43, 0.52, 2.37, 5.63, 11.46, 27.7, 44.98, 94.03, 115.38, 0.48, 1.94, 6.3, 11.79, 22.82, 54.9, 93.96, 117.86, 0.5, 2.15, 5.96, 11.95, 22.42, 46.47, 96.58, 113.14, 0.53, 1.72, 6.19, 10.29, 23.29, 45.53, 89.94, 119.32, 0.41, 2.25, 5.08, 11.46, 21.47, 44.53, 118.28, 120.21, 0.44, 1.7, 6.28, 11.98, 23.25, 43.74, 82.73, 107.77, 0.55, 1.88, 5.22, 14.47, 25.04, 46.87, 106.72, 131.12, 0.47, 2.49, 5.85, 10.41, 23.66, 49.01, 120.92, 121.28, 0.52, 1.98, 5.8, 11.96, 25.97, 59.07, 106.39, 135.41, 0.44, 2.21, 6.13, 10.36, 25.28, 47.24, 111.14, 111.15, 0.48, 1.82, 5.89, 12.49, 22.31, 52.16, 85.08, 108.06, 0.58, 1.81, 6.25, 11.55, 25, 56.83, 112.51, 116.09, 0.4, 2.57, 6.41, 12.67, 23.97, 50.51, 94.43, 125.16, 0.48, 1.74, 6.62, 13.97, 23.27, 42.35, 102.37, 119.46, 0.42, 2, 5.63, 11.6, 21.38, 57.48, 92.87, 102.2, 0.51, 2.05, 5.44, 8.99, 22.51, 50.82, 95.43, 118.83, 0.53, 1.78, 6.7, 11.99, 25.76, 53.23, 98.17, 109.91, 0.56, 1.64, 5.68, 11.7, 23.6, 53.16, 97.32, 124.99, 0.5, 1.95, 6.43, 13.46, 18.87, 50.83, 99.67, 115, 0.55, 1.92, 5.83, 13.07, 28.5, 49.31, 92.03, 106.55, 0.48, 1.82, 5.85, 12.48, 22.04, 62.56, 97.51, 134.36, 0.4, 2.15, 5.26, 13.16, 24.97, 46.08, 109.59, 111.87, 0.47, 1.81, 5.61, 13.19, 25.06, 53.08, 92.33, 124.6, 0.51, 1.73, 7.17, 12.16, 25.91, 52.81, 95.52, 116.39, 0.55, 1.8, 7.31, 11.55, 28.32, 55.84, 96.8, 127, 0.45, 2.07, 6.66, 12.12, 22.93, 44.95, 95.66, 133.54, 0.48, 1.98, 5.27, 12.61, 27.35, 55.75, 99.54, 104.15, 0.52, 2.09, 5.79, 12.21, 22.01, 51.37, 92.91, 102.57, 0.48, 2.29, 5.8, 12.91, 26.38, 48.02, 92.68, 113.81, 0.54, 1.8, 6.15, 11.66, 19.14, 41.69, 105.21, 117.73, 0.54, 2.42, 6.95, 12.84, 24.93, 47.08, 112.41, 127.37, 0.44, 1.97, 4.95, 11.77, 18.52, 54.74, 90.09, 114.95, 0.49, 2.13, 6.42, 12.7, 22.66, 41.88, 92.34, 123.38, 0.46, 1.99, 5.34, 11.99, 24.31, 47.3, 94.44, 143.14, 0.54, 2.24, 5.47, 12.2, 26.94, 47.73, 77.59, 124.21, 0.41, 1.84, 6.85, 12.76, 26.77, 49.49, 94.95, 109.41, 0.59, 2.01, 5.59, 13.08, 26.72, 58.02, 90.38, 115.4, 0.48, 1.93, 5.78, 11.65, 27.72, 44.77, 92.34, 128.09, 0.56, 1.85, 5.7, 12.65, 26.57, 46.81, 83.21, 142.37, 0.58, 1.86, 5.96, 10.06, 25.41, 56.4, 81.5, 111, 0.47, 1.87, 4.9, 12.62, 20.59, 47.88, 101.86, 117.65, 0.55, 1.99, 5.62, 12.8, 22.98, 57.31, 95.82, 130.68, 0.51, 1.48, 5.23, 11.5, 24.58, 37.98, 105.69, 112.96, 0.46, 1.71, 5.19, 12.07, 25.25, 38.92, 86.83, 126.6, 0.48, 2.48, 6.8, 12.74, 24.01, 49.36, 89.46, 127.78, 0.58, 2.23, 5.53, 10.21, 23.74, 50.16, 105.18, 109.89, 0.52, 2.05, 6.76, 11.97, 23.16, 42.8, 91.16, 115.73, 0.63, 2.55, 5.9, 10.81, 19.7, 50.54, 86.08, 150.8, 0.46, 2.02, 8.78, 10.74, 24.75, 42.97, 99.4, 109.97, 0.5, 1.94, 5.33, 12.01, 26.5, 56.29, 83.69, 117.04, 0.56, 1.79, 4.66, 10.93, 21.79, 48.23, 92.2, 122.81, 0.48, 2.08, 5.78, 13.52, 22.29, 49.42, 87.87, 122.52, 0.5, 1.69, 5.91, 13.5, 25.69, 48.69, 85.21, 134.88, 0.5, 1.91, 7.07, 11.11, 24.74, 54.56, 101.96, 116.37)
			, TAD = c(0.64, 1.99, 6.43, 12.03, 22.28, 48.91, 80.15, 138.94, 0.51, 2.49, 6.29, 11.18, 25.51, 43.72, 84.69, 123.55, 0.48, 2, 6.04, 11.31, 22.67, 47.36, 103.04, 108, 0.53, 2.07, 6.67, 11.64, 24.9, 49.3, 90.93, 135.41, 0.56, 2.15, 7.03, 12.69, 21.12, 45.33, 84.94, 114.45, 0.47, 2.01, 5.48, 12.19, 22.48, 57.28, 103.13, 131.43, 0.52, 2.37, 5.63, 11.46, 27.7, 44.98, 94.03, 115.38, 0.48, 1.94, 6.3, 11.79, 22.82, 54.9, 93.96, 117.86, 0.5, 2.15, 5.96, 11.95, 22.42, 46.47, 96.58, 113.14, 0.53, 1.72, 6.19, 10.29, 23.29, 45.53, 89.94, 119.32, 0.41, 2.25, 5.08, 11.46, 21.47, 44.53, 118.28, 120.21, 0.44, 1.7, 6.28, 11.98, 23.25, 43.74, 82.73, 107.77, 0.55, 1.88, 5.22, 14.47, 25.04, 46.87, 106.72, 131.12, 0.47, 2.49, 5.85, 10.41, 23.66, 49.01, 120.92, 121.28, 0.52, 1.98, 5.8, 11.96, 25.97, 59.07, 106.39, 135.41, 0.44, 2.21, 6.13, 10.36, 25.28, 47.24, 111.14, 111.15, 0.48, 1.82, 5.89, 12.49, 22.31, 52.16, 85.08, 108.06, 0.58, 1.81, 6.25, 11.55, 25, 56.83, 112.51, 116.09, 0.4, 2.57, 6.41, 12.67, 23.97, 50.51, 94.43, 125.16, 0.48, 1.74, 6.62, 13.97, 23.27, 42.35, 102.37, 119.46, 0.42, 2, 5.63, 11.6, 21.38, 57.48, 92.87, 102.2, 0.51, 2.05, 5.44, 8.99, 22.51, 50.82, 95.43, 118.83, 0.53, 1.78, 6.7, 11.99, 25.76, 53.23, 98.17, 109.91, 0.56, 1.64, 5.68, 11.7, 23.6, 53.16, 97.32, 124.99, 0.5, 1.95, 6.43, 13.46, 18.87, 50.83, 99.67, 115, 0.55, 1.92, 5.83, 13.07, 28.5, 49.31, 92.03, 106.55, 0.48, 1.82, 5.85, 12.48, 22.04, 62.56, 97.51, 134.36, 0.4, 2.15, 5.26, 13.16, 24.97, 46.08, 109.59, 111.87, 0.47, 1.81, 5.61, 13.19, 25.06, 53.08, 92.33, 124.6, 0.51, 1.73, 7.17, 12.16, 25.91, 52.81, 95.52, 116.39, 0.55, 1.8, 7.31, 11.55, 28.32, 55.84, 96.8, 127, 0.45, 2.07, 6.66, 12.12, 22.93, 44.95, 95.66, 133.54, 0.48, 1.98, 5.27, 12.61, 27.35, 55.75, 99.54, 104.15, 0.52, 2.09, 5.79, 12.21, 22.01, 51.37, 92.91, 102.57, 0.48, 2.29, 5.8, 12.91, 26.38, 48.02, 92.68, 113.81, 0.54, 1.8, 6.15, 11.66, 19.14, 41.69, 105.21, 117.73, 0.54, 2.42, 6.95, 12.84, 24.93, 47.08, 112.41, 127.37, 0.44, 1.97, 4.95, 11.77, 18.52, 54.74, 90.09, 114.95, 0.49, 2.13, 6.42, 12.7, 22.66, 41.88, 92.34, 123.38, 0.46, 1.99, 5.34, 11.99, 24.31, 47.3, 94.44, 143.14, 0.54, 2.24, 5.47, 12.2, 26.94, 47.73, 77.59, 124.21, 0.41, 1.84, 6.85, 12.76, 26.77, 49.49, 94.95, 109.41, 0.59, 2.01, 5.59, 13.08, 26.72, 58.02, 90.38, 115.4, 0.48, 1.93, 5.78, 11.65, 27.72, 44.77, 92.34, 128.09, 0.56, 1.85, 5.7, 12.65, 26.57, 46.81, 83.21, 142.37, 0.58, 1.86, 5.96, 10.06, 25.41, 56.4, 81.5, 111, 0.47, 1.87, 4.9, 12.62, 20.59, 47.88, 101.86, 117.65, 0.55, 1.99, 5.62, 12.8, 22.98, 57.31, 95.82, 130.68, 0.51, 1.48, 5.23, 11.5, 24.58, 37.98, 105.69, 112.96, 0.46, 1.71, 5.19, 12.07, 25.25, 38.92, 86.83, 126.6, 0.48, 2.48, 6.8, 12.74, 24.01, 49.36, 89.46, 127.78, 0.58, 2.23, 5.53, 10.21, 23.74, 50.16, 105.18, 109.89, 0.52, 2.05, 6.76, 11.97, 23.16, 42.8, 91.16, 115.73, 0.63, 2.55, 5.9, 10.81, 19.7, 50.54, 86.08, 150.8, 0.46, 2.02, 8.78, 10.74, 24.75, 42.97, 99.4, 109.97, 0.5, 1.94, 5.33, 12.01, 26.5, 56.29, 83.69, 117.04, 0.56, 1.79, 4.66, 10.93, 21.79, 48.23, 92.2, 122.81, 0.48, 2.08, 5.78, 13.52, 22.29, 49.42, 87.87, 122.52, 0.5, 1.69, 5.91, 13.5, 25.69, 48.69, 85.21, 134.88, 0.5, 1.91, 7.07, 11.11, 24.74, 54.56, 101.96, 116.37)
