dmp.txt <- structure(
	.Data = list(
		"coefficients" = list(
			"fixed" = c("CMultStdev" = 0.52462003223969, "tvVmax" = 4266.81720695722, "tvKm" = 1180.86883649723, "tvV" = 45.9165761270774, "tvKa" = 1.1431064422534, "dVdWT" = 0.90480813263522, "CEps" = 0.475169009136332)
			, "random" = list("Subject" = matrix(
				as.numeric(c(
					 0.243531539212151,  -0.365642244775016,  -0.0254944119500096
					,  -0.0449155591301274,  0.45173906218258,  -0.57100255933072
					,  -0.288460151764325,  0.0253669191469612,  0.266036279006124
					,  0.00605204291762258,  0.086491326513111,  0.0761361158485306
					,  0.120030415127347,  -0.123048408284371,  0.117802990443044
					,  -0.414086892008548,  -0.0764488913306987,  0.0147412240914418
					,  -0.0223693064418471,  0.160108536276592,  0.166236951948321
					,  0.374873685319086,  0.0729828997680053,  -0.394641286525953
					,  0.0376165762086131,  -0.0509692605509286,  0.102012931757306
					,  -0.25231125273455,  0.0806062541025342,  -0.0516138987932114
					,  0.155011341278043,  -0.408464522503896,  0.233558700938702
					,  -0.0220472553154065,  0.212264249718563,  0.213199120718521
					,  0.24800769921416,  -0.333086456711597,  -0.0308897031587419
					,  0.0957115600851568,  0.183596798758776,  -0.303932166774403
					,  -0.160048293999482,  0.0698477518242616,  -0.170238281602856
					,  0.207815755931385,  0.0472863543600315,  0.077158063746178
					,  -0.185116112243945,  -0.113950602067337,  -0.220979367706617
					,  0.313880198192486,  0.25706692993192,  0.101444704889085
					,  0.240459304998708,  0.114315478197782,  -0.403769673172843
					,  -0.0525644475660363,  -0.432388657778784,  0.0369972051582807
					,  -0.114268310582652,  0.821090144902748,  -0.0304958914062214
					,  -0.246042850510235,  0.144237289691736,  -0.362917950847574
					,  -0.394075944094759,  -0.291782039246133,  0.363507389467797
					,  -0.724580145344578,  0.359867261324503,  -0.467219912671498
					,  -0.214687448678574,  0.777997119385153,  -0.0196821775577349
					,  0.35827249961363,  0.340684123306311,  0.404296149103486
					,  0.452777345277435,  0.427284712023583,  0.741086137012763
					,  -0.482335068321106,  0.0760323252835328,  -0.382534426176523
					,  0.0110009155757491,  0.00793362899651546,  -0.107368896108638
					,  -0.241883990168002,  -0.066303727107628,  -0.0151981972241123
					,  0.124577005878651,  0.0615047538448423,  -0.782693616666415
					,  0.260241707553596,  -0.0650930672699996,  0.214510100215319
					,  0.230234986869012,  -0.854049392287709,  0.0371613441441155
					,  -0.28016949393655,  0.408421620176907,  -0.0547211680686132
					,  0.547237052396694,  0.213097581951633,  -0.0059118857013726
					,  0.0925795761468642,  0.0224107744074854,  0.462235990693062
					,  -0.413759925428363,  -0.0733100063691606,  -1.0917332429926
					,  0.825103318738682,  -0.21823985740664,  -0.133251431334134
					,  -0.185160205054809,  -0.448675278046796,  0.217481591890414
					,  -0.438232185696607,  -0.170546972897718,  0.0277301390420198
					,  -0.676264198602927,  0.587095381225593,  0.14758361769934
					,  0.0754112979376892,  -0.545619974879612,  -0.479969973889623
					,  -0.521269277598764,  -0.154564592145271,  -0.326053648075674
					,  0.334513499751928,  -0.287022686722705,  0.0246897214315454
					,  0.214769267424108,  0.173759799008234,  -0.0597981318945385
					,  0.623347513436905,  -0.156461178130141,  0.0251023029690232
					,  0.182628803747485,  -0.0947830010812376,  -0.204556851150914
					,  -0.415109337657996,  0.00497484590383814,  0.793508301932
					,  0.0791856392447861,  0.219209843716358,  0.0176819145265789
					,  0.0708776402700146,  0.0789901258569327,  -0.212297682658042
					,  -0.119537347644273,  0.298818112404626,  0.0159335208617071
					,  -0.0286133383642249,  -0.0198032737731295,  0.0183082386856002
					,  -0.306199693384889,  0.155454691613969,  -0.0690219285231888
					,  0.139616075863594,  -0.0871491721309441,  0.316695529618746
					,  0.245136242182214,  -0.31412043003392,  0.139780848335585
					,  0.0995786512292237,  -0.293578603871461,  -0.223222565118309
					,  -0.0621258180992694,  -0.0271267463065057,  -0.220509062453142
					,  -0.304575970073307,  0.109970718054443,  -0.145719977623347
					,  -0.0239554758043074,  -0.294911535281037,  0.599574824738848
					,  -0.0892924015701752,  0.551792248530127,  0.223132541619745
					))
				, nrow = 60, ncol = 3
				, dimnames = list(
					as.character(c( "1", "2", "3", "4", "5", "6", "7", "8", "9", "10"
					  , "11", "12", "13", "14", "15", "16", "17", "18", "19", "20"
					  , "21", "22", "23", "24", "25", "26", "27", "28", "29", "30"
					  , "31", "32", "33", "34", "35", "36", "37", "38", "39", "40"
					  , "41", "42", "43", "44", "45", "46", "47", "48", "49", "50"
					  , "51", "52", "53", "54", "55", "56", "57", "58", "59", "60"))
					, as.character(c("nVmax", "nKm", "nV"))
					)
				))
			)
		, "logLik" = c(-3194.19)
		, "nObs" = c(480)
		, "nSubj" = c(60)
		, "nParm" = c(10)
		, "returnCode" = c(1)
		, "omega" = matrix(
			as.numeric(c(0.0934071829346048, 0, 0, 0, 0.200556298387299, 0, 0, 0, 0.18575100584763))
			, nrow = 3, ncol = 3
			, dimnames = list(
				as.character(c("nVmax", "nKm", "nV"))
				, as.character(c("nVmax", "nKm", "nV"))
				)
			)
		, "eta" = matrix(
			as.numeric(c(-0.00514154494018064, -0.00577216867148683, -0.00326853524536809, 0.0501269093876594, 0.159495009615522, 0.0852119075264522, 0.22389039592546, 0.399368263155101, 0.291910786930617, 0.267436413952793, 0.108224787084077, 0.322694571199291))
			, nrow = 3, ncol = 4
			, dimnames = list(
				as.character(c("nVmax", "nKm", "nV"))
				, as.character(c("mean", "var", "sd", "shrinkage"))
				)
			)
		, "eta_shrinkage" = list("Subject" = matrix(
			as.numeric(c(
				 0.323044144676272,  0.689892762603495,  0.466416018652038
				,  0.474232073104028,  0.420452587206236,  0.264112372479973
				,  0.287512281353167,  0.403923960842174,  0.486312930334848
				,  0.358392523441809,  0.537846963949636,  0.375172287666167
				,  0.42728643465262,  0.554655725607146,  0.488013979801056
				,  0.593130477147438,  0.4926501999676,  0.557883843288019
				,  0.569417530149687,  0.542229695966715,  0.566305060478753
				,  0.336380275948359,  0.480025210968879,  0.472179093937242
				,  0.507343089210593,  0.499280131810966,  0.463381948039466
				,  0.393565294973321,  0.445944463103345,  0.426882861555622
				,  0.500528659752356,  0.514019990237176,  0.337360275950111
				,  0.506594485404485,  0.401240902083236,  0.500542462161534
				,  0.440875876913193,  0.306824977445974,  0.498215871375649
				,  0.462429739681854,  0.494347569840064,  0.493788513399686
				,  0.575035848419147,  0.457631747706951,  0.443597557121041
				,  0.474199058555644,  0.421052956312993,  0.524992474032252
				,  0.398468256336572,  0.475218456978511,  0.255741335095161
				,  0.535617375784672,  0.442128932248139,  0.386282632967592
				,  0.461929114893549,  0.397263981774988,  0.560293079242001
				,  0.317365122709632,  0.527006784818774,  0.507027166938616
				,  0.195427459205231,  0.218530930249565,  0.179347654814004
				,  0.178615612177349,  0.209960892705919,  0.174104013077817
				,  0.178547271036515,  0.187448795336483,  0.186711954534864
				,  0.181225459800575,  0.180465826586271,  0.183845312509097
				,  0.187430223124441,  0.190899435168475,  0.189127179793255
				,  0.216201495476218,  0.189315629113289,  0.196073280369689
				,  0.198765184359372,  0.183706382470107,  0.203852243061184
				,  0.198460833649272,  0.185242620241994,  0.184898886239425
				,  0.183559370925576,  0.190676402990671,  0.19063742132804
				,  0.172814368780558,  0.188563216622907,  0.18256581844687
				,  0.188847937465629,  0.187469758460725,  0.199667756442129
				,  0.19063851583267,  0.214600404013941,  0.178704966094407
				,  0.228664281438314,  0.177418550949032,  0.178361752937593
				,  0.186624841852018,  0.185672221832621,  0.194724512291962
				,  0.216584043597103,  0.186328179157322,  0.173558064732162
				,  0.191869494996603,  0.184454408122517,  0.18641940818746
				,  0.171310896592285,  0.174843061876496,  0.203841994753067
				,  0.186820214641964,  0.186492902191377,  0.194961644224039
				,  0.184252512201841,  0.194642786207078,  0.205851755395061
				,  0.195629562587581,  0.192480708150397,  0.186187926874106
				,  0.579639633741162,  0.613993723147912,  0.512787084542045
				,  0.504015746695022,  0.582597799025216,  0.531937144900962
				,  0.531610951545047,  0.522965609954224,  0.50581064155889
				,  0.509438970233173,  0.496290747492147,  0.519511153464946
				,  0.516546706634847,  0.506596953273154,  0.506201075417631
				,  0.560848686940307,  0.526441386892236,  0.500022471169953
				,  0.499651785655428,  0.496755585315043,  0.498288761887609
				,  0.546590276155279,  0.507071347375251,  0.547799227833447
				,  0.507138514727203,  0.524816060892615,  0.521364591889678
				,  0.521209998995776,  0.518518587672193,  0.513837551541343
				,  0.501050106898978,  0.540429472386914,  0.546074043964798
				,  0.523337055314097,  0.593842151285769,  0.498821095072735
				,  0.614726225058174,  0.511758194244079,  0.510996093351221
				,  0.519097232391435,  0.500444043701163,  0.552913829921159
				,  0.521486234974386,  0.520993647052318,  0.504804450264654
				,  0.51066981317023,  0.519407168869159,  0.49665200744999
				,  0.527731534515799,  0.5141066496551,  0.751497548392316
				,  0.490061708303416,  0.512295574303277,  0.56685944260506
				,  0.506581693558004,  0.538370763227342,  0.550852445261995
				,  0.583593928845322,  0.542806948339391,  0.505997262135095
				))
			, nrow = 60, ncol = 3
			, dimnames = list(
				as.character(c( "1", "2", "3", "4", "5", "6", "7", "8", "9", "10"
				  , "11", "12", "13", "14", "15", "16", "17", "18", "19", "20"
				  , "21", "22", "23", "24", "25", "26", "27", "28", "29", "30"
				  , "31", "32", "33", "34", "35", "36", "37", "38", "39", "40"
				  , "41", "42", "43", "44", "45", "46", "47", "48", "49", "50"
				  , "51", "52", "53", "54", "55", "56", "57", "58", "59", "60"))
				, as.character(c("nVmax_shrinkage", "nKm_shrinkage", "nV_shrinkage"))
				)
			))
		, "sigma" = matrix(
			as.numeric(c(0.225785587243604))
			, nrow = 1, ncol = 1
			, dimnames = list(
				as.character(c("CEps"))
				, as.character(c("CEps"))
				)
			)
		, "method" = "FOCE-ELS"
		, "varFix" = matrix(
			as.numeric(c(0.000651231624144992, -0.568415213540964, -0.421145274826801, -0.0193381286096319, 2.44825734311501e-005, 0.00129778990077744, 0.000101754535376225, -0.568415213540964, 278170.32342892, 113548.564017782, -592.816290455697, -11.8118145885797, -23.5770074546176, 17.2318053160481, -0.421145274826801, 113548.564017782, 55000.6814089544, -320.223627395569, -8.24047975330972, -6.95984537810328, 7.53105085506784, -0.0193381286096319, -592.816290455697, -320.223627395569, 8.93485857053239, 0.120120539143028, -0.11640869691701, -0.0340861680414956, 2.44825734311501e-005, -11.8118145885797, -8.24047975330972, 0.120120539143028, 0.0101361971158882, -0.000989056621365453, -0.00105823586660014, 0.00129778990077744, -23.5770074546176, -6.95984537810328, -0.11640869691701, -0.000989056621365453, 0.183510302459323, -0.0066766809304368, 0.000101754535376225, 17.2318053160481, 7.53105085506784, -0.0340861680414956, -0.00105823586660014, -0.0066766809304368, 0.00563444187245295))
			, nrow = 7, ncol = 7
			, dimnames = list(
				as.character(c("CMultStdev", "tvVmax", "tvKm", "tvV", "tvKa", "dVdWT", "CEps"))
				, as.character(c("CMultStdev", "tvVmax", "tvKm", "tvV", "tvKa", "dVdWT", "CEps"))
				)
			)
		, "omegaSE" = matrix(
			as.numeric(c(0.0213623209537634, 0, 0, 0, 0.0410593927784745, 0, 0, 0, 0.0822336518615374))
			, nrow = 3, ncol = 3, byrow = TRUE
			, dimnames = list(
				as.character(c("nVmax", "nKm", "nV"))
				, as.character(c("nVmax", "nKm", "nV"))
				)
			)
		, "Covariance" = matrix(
			as.numeric(c(0.00065123162, -0.56841521, -0.42114527, -0.019338129, 2.4482573e-005, 0.0012977899, 0.00010175454, 1.5645356e-005,         0, 3.8613355e-005,         0,         0, -0.00046051992, -0.56841521, 278170.32, 113548.56, -592.81629, -11.811815, -23.577007, 17.231805, 0.057334508,         0, 0.60640389,         0,         0, -11.001943, -0.42114527, 113548.56, 55000.681, -320.22363, -8.2404798, -6.9598454, 7.5310509, 0.47057625,         0, 0.59946914,         0,         0, -3.2251465, -0.019338129, -592.81629, -320.22363, 8.9348586, 0.12012054, -0.1164087, -0.034086168, 0.0035309435,         0, -0.00071708829,         0,         0, 0.032612867, 2.4482573e-005, -11.811815, -8.2404798, 0.12012054, 0.010136197, -0.00098905662, -0.0010582359, -7.5362386e-005,         0, -8.6096902e-005,         0,         0, 6.5270468e-005, 0.0012977899, -23.577007, -6.9598454, -0.1164087, -0.00098905662, 0.1835103, -0.0066766809, -0.0005987836,         0, -0.0033519578,         0,         0, 0.01058231, 0.00010175454, 17.231805, 7.5310509, -0.034086168, -0.0010582359, -0.0066766809, 0.0056344419, 0.00013928689,         0, -0.00049704449,         0,         0, -0.0021673241, 1.5645356e-005, 0.057334508, 0.47057625, 0.0035309435, -7.5362386e-005, -0.0005987836, 0.00013928689, 0.00045634876,         0, 5.3547011e-005,         0,         0, 0.0001853983,         0,         0,         0,         0,         0,         0,         0,         0,         0,         0,         0,         0,         0, 3.8613355e-005, 0.60640389, 0.59946914, -0.00071708829, -8.6096902e-005, -0.0033519578, -0.00049704449, 5.3547011e-005,         0, 0.0016858737,         0,         0, 0.00037503093,         0,         0,         0,         0,         0,         0,         0,         0,         0,         0,         0,         0,         0,         0,         0,         0,         0,         0,         0,         0,         0,         0,         0,         0,         0,         0, -0.00046051992, -11.001943, -3.2251465, 0.032612867, 6.5270468e-005, 0.01058231, -0.0021673241, 0.0001853983,         0, 0.00037503093,         0,         0, 0.0067623735))
			, nrow = 13, ncol = 13
			, dimnames = list(
				as.character(c("CMultStdev", "tvVmax", "tvKm", "tvV", "tvKa", "dVdWT", "stdev0", "nVmax-nVmax", "nKm-nVmax", "nKm-nKm", "nV-nVmax", "nV-nKm", "nV-nV"))
				, as.character(c("CMultStdev", "tvVmax", "tvKm", "tvV", "tvKa", "dVdWT", "stdev0", "nVmax-nVmax", "nKm-nVmax", "nKm-nKm", "nV-nVmax", "nV-nKm", "nV-nV"))
				)
			)
		, "Correlation" = matrix(
			as.numeric(c(0.02551924, -0.042232088, -0.070368802, -0.25351453, 0.0095290982, 0.11871523, 0.053120308, 0.028699166,         0, 0.036851678,         0,         0, -0.21944774, -0.042232088, 527.41855, 0.91799901, -0.37602861, -0.22244554, -0.10435255, 0.43526118, 0.0050887634,         0, 0.028002323,         0,         0, -0.25366726, -0.070368802, 0.91799901, 234.52224, -0.45679937, -0.34900443, -0.069276403, 0.42780523, 0.093928532,         0, 0.062254432,         0,         0, -0.16723063, -0.25351453, -0.37602861, -0.45679937, 2.9891234, 0.39914979, -0.090909938, -0.15191788, 0.055296609,         0, -0.0058427361,         0,         0, 0.13267697, 0.0095290982, -0.22244554, -0.34900443, 0.39914979, 0.10067868, -0.022932606, -0.14002949, -0.03504037,         0, -0.020827516,         0,         0, 0.0078836916, 0.11871523, -0.10435255, -0.069276403, -0.090909938, -0.022932606, 0.42838102, -0.2076371, -0.065432157,         0, -0.19057055,         0,         0, 0.30040051, 0.053120308, 0.43526118, 0.42780523, -0.15191788, -0.14002949, -0.2076371, 0.075062919, 0.086863303,         0, -0.16127137,         0,         0, -0.35111455, 0.028699166, 0.0050887634, 0.093928532, 0.055296609, -0.03504037, -0.065432157, 0.086863303, 0.021362321,         0, 0.061048398,         0,         0, 0.10553772,         0,         0,         0,         0,         0,         0,         0,         0,         0,         0,         0,         0,         0, 0.036851678, 0.028002323, 0.062254432, -0.0058427361, -0.020827516, -0.19057055, -0.16127137, 0.061048398,         0, 0.041059393,         0,         0, 0.1110721,         0,         0,         0,         0,         0,         0,         0,         0,         0,         0,         0,         0,         0,         0,         0,         0,         0,         0,         0,         0,         0,         0,         0,         0,         0,         0, -0.21944774, -0.25366726, -0.16723063, 0.13267697, 0.0078836916, 0.30040051, -0.35111455, 0.10553772,         0, 0.1110721,         0,         0, 0.082233652))
			, nrow = 13, ncol = 13
			, dimnames = list(
				as.character(c("CMultStdev", "tvVmax", "tvKm", "tvV", "tvKa", "dVdWT", "stdev0", "nVmax-nVmax", "nKm-nVmax", "nKm-nKm", "nV-nVmax", "nV-nKm", "nV-nV"))
				, as.character(c("CMultStdev", "tvVmax", "tvKm", "tvV", "tvKa", "dVdWT", "stdev0", "nVmax-nVmax", "nKm-nVmax", "nKm-nKm", "nV-nVmax", "nV-nKm", "nV-nV"))
				)
			)
		, "Inverse" = matrix(
			as.numeric(c(1948.3501, -0.014072661, 0.093166838, 5.9888082, -29.369574, -23.694627, -60.271257, -270.75018,         0, -163.49064,         0,         0, 159.87524, -0.014072661, 2.7688997e-005, -5.9875541e-005, -0.00023011855, -0.013578044, 0.00059154329, -0.0034445989, 0.054114205,         0, 0.0064332515,         0,         0, 0.012904479, 0.093166838, -5.9875541e-005, 0.00016087508, 0.00147119, 0.038975611, -0.0020626132, -0.027720277, -0.14763277,         0, -0.038028168,         0,         0, -0.02131487, 5.9888082, -0.00023011855, 0.00147119, 0.18105097, -1.3017267, 0.07352291, -0.5148081, -2.8838587,         0, -0.4134696,         0,         0, -0.30354448, -29.369574, -0.013578044, 0.038975611, -1.3017267, 130.72366, -0.071954106,  7.656329, -9.1683937,         0, -0.2970107,         0,         0,   2.34813, -23.694627, 0.00059154329, -0.0020626132, 0.07352291, -0.071954106, 7.0038276, 6.8377133, 12.056733,         0, 19.354775,         0,         0, -12.161428, -60.271257, -0.0034445989, -0.027720277, -0.5148081,  7.656329, 6.8377133, 261.43049, -65.533753,         0, 94.474308,         0,         0, 49.124635, -270.75018, 0.054114205, -0.14763277, -2.8838587, -9.1683937, 12.056733, -65.533753,  2442.084,         0, -14.72999,         0,         0, -92.817617,         0,         0,         0,         0,         0,         0,         0,         0,         0,         0,         0,         0,         0, -163.49064, 0.0064332515, -0.038028168, -0.4134696, -0.2970107, 19.354775, 94.474308, -14.72999,         0, 686.85467,         0,         0, -54.504182,         0,         0,         0,         0,         0,         0,         0,         0,         0,         0,         0,         0,         0,         0,         0,         0,         0,         0,         0,         0,         0,         0,         0,         0,         0,         0, 159.87524, 0.012904479, -0.02131487, -0.30354448,   2.34813, -12.161428, 49.124635, -92.817617,         0, -54.504182,         0,         0, 211.37795))
			, nrow = 13, ncol = 13
			, dimnames = list(
				as.character(c("CMultStdev", "tvVmax", "tvKm", "tvV", "tvKa", "dVdWT", "stdev0", "nVmax-nVmax", "nKm-nVmax", "nKm-nKm", "nV-nVmax", "nV-nKm", "nV-nV"))
				, as.character(c("CMultStdev", "tvVmax", "tvKm", "tvV", "tvKa", "dVdWT", "stdev0", "nVmax-nVmax", "nKm-nVmax", "nKm-nKm", "nV-nVmax", "nV-nKm", "nV-nV"))
				)
			)
		, "LLTable" = data.frame(
			id = as.character(c( "1", "2", "3", "4", "5", "6", "7", "8", "9", "10", "11", "12", "13", "14", "15", "16", "17", "18", "19", "20", "21", "22", "23", "24", "25", "26", "27", "28", "29", "30", "31", "32", "33", "34", "35", "36", "37", "38", "39", "40", "41", "42", "43", "44", "45", "46", "47", "48", "49", "50", "51", "52", "53", "54", "55", "56", "57", "58", "59", "60"))
			, "LL" = c(-44.936199, -59.01177, -53.33234, -53.298022, -45.32408, -56.501204, -52.648798, -48.991408, -45.963463, -56.52935, -48.727114, -52.768738, -52.169229, -54.94935, -50.070217, -61.716141, -56.326834, -51.90591, -55.74242, -51.106956, -52.443141, -44.426583, -51.118019, -69.899708, -53.263892, -56.754404, -47.870254, -57.226443, -50.728109, -50.413231, -48.229045, -61.49339, -49.929205, -53.609362, -47.552956, -50.63079, -46.087141, -62.539889, -51.622193, -55.207863, -50.050959, -63.710119, -56.552282, -48.25402, -56.854576, -51.582968, -46.884057, -49.19634, -55.672093, -54.09941, -58.434636, -47.178568, -54.553867, -50.350434, -51.097692, -50.084689, -63.744679, -51.323896, -65.044428, -56.450964)
			) # end of LLTable
		, "residuals" = data.frame(
			  ID1 = as.character(c(  "",   "",   "",   "",   "",   "",   "",   "",   "",   "",   "",   "",   "",   "",   "",   "",   "",   "",   "",   "",   "",   "",   "",   "",   "",   "",   "",   "",   "",   "",   "",   "",   "",   "",   "",   "",   "",   "",   "",   "",   "",   "",   "",   "",   "",   "",   "",   "",   "",   "",   "",   "",   "",   "",   "",   "",   "",   "",   "",   "",   "",   "",   "",   "",   "",   "",   "",   "",   "",   "",   "",   "",   "",   "",   "",   "",   "",   "",   "",   "",   "",   "",   "",   "",   "",   "",   "",   "",   "",   "",   "",   "",   "",   "",   "",   "",   "",   "",   "",   "",   "",   "",   "",   "",   "",   "",   "",   "",   "",   "",   "",   "",   "",   "",   "",   "",   "",   "",   "",   "",   "",   "",   "",   "",   "",   "",   "",   "",   "",   "",   "",   "",   "",   "",   "",   "",   "",   "",   "",   "",   "",   "",   "",   "",   "",   "",   "",   "",   "",   "",   "",   "",   "",   "",   "",   "",   "",   "",   "",   "",   "",   "",   "",   "",   "",   "",   "",   "",   "",   "",   "",   "",   "",   "",   "",   "",   "",   "",   "",   "",   "",   "",   "",   "",   "",   "",   "",   "",   "",   "",   "",   "",   "",   "",   "",   "",   "",   "",   "",   "",   "",   "",   "",   "",   "",   "",   "",   "",   "",   "",   "",   "",   "",   "",   "",   "",   "",   "",   "",   "",   "",   "",   "",   "",   "",   "",   "",   "",   "",   "",   "",   "",   "",   "",   "",   "",   "",   "",   "",   "",   "",   "",   "",   "",   "",   "",   "",   "",   "",   "",   "",   "",   "",   "",   "",   "",   "",   "",   "",   "",   "",   "",   "",   "",   "",   "",   "",   "",   "",   "",   "",   "",   "",   "",   "",   "",   "",   "",   "",   "",   "",   "",   "",   "",   "",   "",   "",   "",   "",   "",   "",   "",   "",   "",   "",   "",   "",   "",   "",   "",   "",   "",   "",   "",   "",   "",   "",   "",   "",   "",   "",   "",   "",   "",   "",   "",   "",   "",   "",   "",   "",   "",   "",   "",   "",   "",   "",   "",   "",   "",   "",   "",   "",   "",   "",   "",   "",   "",   "",   "",   "",   "",   "",   "",   "",   "",   "",   "",   "",   "",   "",   "",   "",   "",   "",   "",   "",   "",   "",   "",   "",   "",   "",   "",   "",   "",   "",   "",   "",   "",   "",   "",   "",   "",   "",   "",   "",   "",   "",   "",   "",   "",   "",   "",   "",   "",   "",   "",   "",   "",   "",   "",   "",   "",   "",   "",   "",   "",   "",   "",   "",   "",   "",   "",   "",   "",   "",   "",   "",   "",   "",   "",   "",   "",   "",   "",   "",   "",   "",   "",   "",   "",   "",   "",   "",   "",   "",   "",   "",   "",   "",   "",   "",   "",   "",   "",   "",   "",   "",   "",   "",   "",   "",   "",   "",   "",   "",   "",   "",   "",   "",   "",   "",   "",   "",   "",   "",   "",   "",   "",   "",   "",   "",   "",   "",   "",   "",   "",   "",   "",   "",   "",   "",   "",   "",   "",   "",   "",   "",   ""))
			, ID2 = as.character(c(  "",   "",   "",   "",   "",   "",   "",   "",   "",   "",   "",   "",   "",   "",   "",   "",   "",   "",   "",   "",   "",   "",   "",   "",   "",   "",   "",   "",   "",   "",   "",   "",   "",   "",   "",   "",   "",   "",   "",   "",   "",   "",   "",   "",   "",   "",   "",   "",   "",   "",   "",   "",   "",   "",   "",   "",   "",   "",   "",   "",   "",   "",   "",   "",   "",   "",   "",   "",   "",   "",   "",   "",   "",   "",   "",   "",   "",   "",   "",   "",   "",   "",   "",   "",   "",   "",   "",   "",   "",   "",   "",   "",   "",   "",   "",   "",   "",   "",   "",   "",   "",   "",   "",   "",   "",   "",   "",   "",   "",   "",   "",   "",   "",   "",   "",   "",   "",   "",   "",   "",   "",   "",   "",   "",   "",   "",   "",   "",   "",   "",   "",   "",   "",   "",   "",   "",   "",   "",   "",   "",   "",   "",   "",   "",   "",   "",   "",   "",   "",   "",   "",   "",   "",   "",   "",   "",   "",   "",   "",   "",   "",   "",   "",   "",   "",   "",   "",   "",   "",   "",   "",   "",   "",   "",   "",   "",   "",   "",   "",   "",   "",   "",   "",   "",   "",   "",   "",   "",   "",   "",   "",   "",   "",   "",   "",   "",   "",   "",   "",   "",   "",   "",   "",   "",   "",   "",   "",   "",   "",   "",   "",   "",   "",   "",   "",   "",   "",   "",   "",   "",   "",   "",   "",   "",   "",   "",   "",   "",   "",   "",   "",   "",   "",   "",   "",   "",   "",   "",   "",   "",   "",   "",   "",   "",   "",   "",   "",   "",   "",   "",   "",   "",   "",   "",   "",   "",   "",   "",   "",   "",   "",   "",   "",   "",   "",   "",   "",   "",   "",   "",   "",   "",   "",   "",   "",   "",   "",   "",   "",   "",   "",   "",   "",   "",   "",   "",   "",   "",   "",   "",   "",   "",   "",   "",   "",   "",   "",   "",   "",   "",   "",   "",   "",   "",   "",   "",   "",   "",   "",   "",   "",   "",   "",   "",   "",   "",   "",   "",   "",   "",   "",   "",   "",   "",   "",   "",   "",   "",   "",   "",   "",   "",   "",   "",   "",   "",   "",   "",   "",   "",   "",   "",   "",   "",   "",   "",   "",   "",   "",   "",   "",   "",   "",   "",   "",   "",   "",   "",   "",   "",   "",   "",   "",   "",   "",   "",   "",   "",   "",   "",   "",   "",   "",   "",   "",   "",   "",   "",   "",   "",   "",   "",   "",   "",   "",   "",   "",   "",   "",   "",   "",   "",   "",   "",   "",   "",   "",   "",   "",   "",   "",   "",   "",   "",   "",   "",   "",   "",   "",   "",   "",   "",   "",   "",   "",   "",   "",   "",   "",   "",   "",   "",   "",   "",   "",   "",   "",   "",   "",   "",   "",   "",   "",   "",   "",   "",   "",   "",   "",   "",   "",   "",   "",   "",   "",   "",   "",   "",   "",   "",   "",   "",   "",   "",   "",   "",   "",   "",   "",   "",   "",   "",   "",   "",   "",   "",   "",   "",   "",   "",   "",   "",   "",   "",   "",   "",   "",   "",   "",   ""))
			, ID3 = as.character(c(  "",   "",   "",   "",   "",   "",   "",   "",   "",   "",   "",   "",   "",   "",   "",   "",   "",   "",   "",   "",   "",   "",   "",   "",   "",   "",   "",   "",   "",   "",   "",   "",   "",   "",   "",   "",   "",   "",   "",   "",   "",   "",   "",   "",   "",   "",   "",   "",   "",   "",   "",   "",   "",   "",   "",   "",   "",   "",   "",   "",   "",   "",   "",   "",   "",   "",   "",   "",   "",   "",   "",   "",   "",   "",   "",   "",   "",   "",   "",   "",   "",   "",   "",   "",   "",   "",   "",   "",   "",   "",   "",   "",   "",   "",   "",   "",   "",   "",   "",   "",   "",   "",   "",   "",   "",   "",   "",   "",   "",   "",   "",   "",   "",   "",   "",   "",   "",   "",   "",   "",   "",   "",   "",   "",   "",   "",   "",   "",   "",   "",   "",   "",   "",   "",   "",   "",   "",   "",   "",   "",   "",   "",   "",   "",   "",   "",   "",   "",   "",   "",   "",   "",   "",   "",   "",   "",   "",   "",   "",   "",   "",   "",   "",   "",   "",   "",   "",   "",   "",   "",   "",   "",   "",   "",   "",   "",   "",   "",   "",   "",   "",   "",   "",   "",   "",   "",   "",   "",   "",   "",   "",   "",   "",   "",   "",   "",   "",   "",   "",   "",   "",   "",   "",   "",   "",   "",   "",   "",   "",   "",   "",   "",   "",   "",   "",   "",   "",   "",   "",   "",   "",   "",   "",   "",   "",   "",   "",   "",   "",   "",   "",   "",   "",   "",   "",   "",   "",   "",   "",   "",   "",   "",   "",   "",   "",   "",   "",   "",   "",   "",   "",   "",   "",   "",   "",   "",   "",   "",   "",   "",   "",   "",   "",   "",   "",   "",   "",   "",   "",   "",   "",   "",   "",   "",   "",   "",   "",   "",   "",   "",   "",   "",   "",   "",   "",   "",   "",   "",   "",   "",   "",   "",   "",   "",   "",   "",   "",   "",   "",   "",   "",   "",   "",   "",   "",   "",   "",   "",   "",   "",   "",   "",   "",   "",   "",   "",   "",   "",   "",   "",   "",   "",   "",   "",   "",   "",   "",   "",   "",   "",   "",   "",   "",   "",   "",   "",   "",   "",   "",   "",   "",   "",   "",   "",   "",   "",   "",   "",   "",   "",   "",   "",   "",   "",   "",   "",   "",   "",   "",   "",   "",   "",   "",   "",   "",   "",   "",   "",   "",   "",   "",   "",   "",   "",   "",   "",   "",   "",   "",   "",   "",   "",   "",   "",   "",   "",   "",   "",   "",   "",   "",   "",   "",   "",   "",   "",   "",   "",   "",   "",   "",   "",   "",   "",   "",   "",   "",   "",   "",   "",   "",   "",   "",   "",   "",   "",   "",   "",   "",   "",   "",   "",   "",   "",   "",   "",   "",   "",   "",   "",   "",   "",   "",   "",   "",   "",   "",   "",   "",   "",   "",   "",   "",   "",   "",   "",   "",   "",   "",   "",   "",   "",   "",   "",   "",   "",   "",   "",   "",   "",   "",   "",   "",   "",   "",   "",   "",   "",   "",   "",   "",   "",   "",   "",   "",   "",   "",   "",   "",   ""))
			, ID4 = as.character(c(  "",   "",   "",   "",   "",   "",   "",   "",   "",   "",   "",   "",   "",   "",   "",   "",   "",   "",   "",   "",   "",   "",   "",   "",   "",   "",   "",   "",   "",   "",   "",   "",   "",   "",   "",   "",   "",   "",   "",   "",   "",   "",   "",   "",   "",   "",   "",   "",   "",   "",   "",   "",   "",   "",   "",   "",   "",   "",   "",   "",   "",   "",   "",   "",   "",   "",   "",   "",   "",   "",   "",   "",   "",   "",   "",   "",   "",   "",   "",   "",   "",   "",   "",   "",   "",   "",   "",   "",   "",   "",   "",   "",   "",   "",   "",   "",   "",   "",   "",   "",   "",   "",   "",   "",   "",   "",   "",   "",   "",   "",   "",   "",   "",   "",   "",   "",   "",   "",   "",   "",   "",   "",   "",   "",   "",   "",   "",   "",   "",   "",   "",   "",   "",   "",   "",   "",   "",   "",   "",   "",   "",   "",   "",   "",   "",   "",   "",   "",   "",   "",   "",   "",   "",   "",   "",   "",   "",   "",   "",   "",   "",   "",   "",   "",   "",   "",   "",   "",   "",   "",   "",   "",   "",   "",   "",   "",   "",   "",   "",   "",   "",   "",   "",   "",   "",   "",   "",   "",   "",   "",   "",   "",   "",   "",   "",   "",   "",   "",   "",   "",   "",   "",   "",   "",   "",   "",   "",   "",   "",   "",   "",   "",   "",   "",   "",   "",   "",   "",   "",   "",   "",   "",   "",   "",   "",   "",   "",   "",   "",   "",   "",   "",   "",   "",   "",   "",   "",   "",   "",   "",   "",   "",   "",   "",   "",   "",   "",   "",   "",   "",   "",   "",   "",   "",   "",   "",   "",   "",   "",   "",   "",   "",   "",   "",   "",   "",   "",   "",   "",   "",   "",   "",   "",   "",   "",   "",   "",   "",   "",   "",   "",   "",   "",   "",   "",   "",   "",   "",   "",   "",   "",   "",   "",   "",   "",   "",   "",   "",   "",   "",   "",   "",   "",   "",   "",   "",   "",   "",   "",   "",   "",   "",   "",   "",   "",   "",   "",   "",   "",   "",   "",   "",   "",   "",   "",   "",   "",   "",   "",   "",   "",   "",   "",   "",   "",   "",   "",   "",   "",   "",   "",   "",   "",   "",   "",   "",   "",   "",   "",   "",   "",   "",   "",   "",   "",   "",   "",   "",   "",   "",   "",   "",   "",   "",   "",   "",   "",   "",   "",   "",   "",   "",   "",   "",   "",   "",   "",   "",   "",   "",   "",   "",   "",   "",   "",   "",   "",   "",   "",   "",   "",   "",   "",   "",   "",   "",   "",   "",   "",   "",   "",   "",   "",   "",   "",   "",   "",   "",   "",   "",   "",   "",   "",   "",   "",   "",   "",   "",   "",   "",   "",   "",   "",   "",   "",   "",   "",   "",   "",   "",   "",   "",   "",   "",   "",   "",   "",   "",   "",   "",   "",   "",   "",   "",   "",   "",   "",   "",   "",   "",   "",   "",   "",   "",   "",   "",   "",   "",   "",   "",   "",   "",   "",   "",   "",   "",   "",   "",   "",   "",   "",   "",   "",   "",   "",   "",   "",   "",   "",   ""))
			, ID5 = as.character(c( "1",  "1",  "1",  "1",  "1",  "1",  "1",  "1",  "2",  "2",  "2",  "2",  "2",  "2",  "2",  "2",  "3",  "3",  "3",  "3",  "3",  "3",  "3",  "3",  "4",  "4",  "4",  "4",  "4",  "4",  "4",  "4",  "5",  "5",  "5",  "5",  "5",  "5",  "5",  "5",  "6",  "6",  "6",  "6",  "6",  "6",  "6",  "6",  "7",  "7",  "7",  "7",  "7",  "7",  "7",  "7",  "8",  "8",  "8",  "8",  "8",  "8",  "8",  "8",  "9",  "9",  "9",  "9",  "9",  "9",  "9",  "9", "10", "10", "10", "10", "10", "10", "10", "10", "11", "11", "11", "11", "11", "11", "11", "11", "12", "12", "12", "12", "12", "12", "12", "12", "13", "13", "13", "13", "13", "13", "13", "13", "14", "14", "14", "14", "14", "14", "14", "14", "15", "15", "15", "15", "15", "15", "15", "15", "16", "16", "16", "16", "16", "16", "16", "16", "17", "17", "17", "17", "17", "17", "17", "17", "18", "18", "18", "18", "18", "18", "18", "18", "19", "19", "19", "19", "19", "19", "19", "19", "20", "20", "20", "20", "20", "20", "20", "20", "21", "21", "21", "21", "21", "21", "21", "21", "22", "22", "22", "22", "22", "22", "22", "22", "23", "23", "23", "23", "23", "23", "23", "23", "24", "24", "24", "24", "24", "24", "24", "24", "25", "25", "25", "25", "25", "25", "25", "25", "26", "26", "26", "26", "26", "26", "26", "26", "27", "27", "27", "27", "27", "27", "27", "27", "28", "28", "28", "28", "28", "28", "28", "28", "29", "29", "29", "29", "29", "29", "29", "29", "30", "30", "30", "30", "30", "30", "30", "30", "31", "31", "31", "31", "31", "31", "31", "31", "32", "32", "32", "32", "32", "32", "32", "32", "33", "33", "33", "33", "33", "33", "33", "33", "34", "34", "34", "34", "34", "34", "34", "34", "35", "35", "35", "35", "35", "35", "35", "35", "36", "36", "36", "36", "36", "36", "36", "36", "37", "37", "37", "37", "37", "37", "37", "37", "38", "38", "38", "38", "38", "38", "38", "38", "39", "39", "39", "39", "39", "39", "39", "39", "40", "40", "40", "40", "40", "40", "40", "40", "41", "41", "41", "41", "41", "41", "41", "41", "42", "42", "42", "42", "42", "42", "42", "42", "43", "43", "43", "43", "43", "43", "43", "43", "44", "44", "44", "44", "44", "44", "44", "44", "45", "45", "45", "45", "45", "45", "45", "45", "46", "46", "46", "46", "46", "46", "46", "46", "47", "47", "47", "47", "47", "47", "47", "47", "48", "48", "48", "48", "48", "48", "48", "48", "49", "49", "49", "49", "49", "49", "49", "49", "50", "50", "50", "50", "50", "50", "50", "50", "51", "51", "51", "51", "51", "51", "51", "51", "52", "52", "52", "52", "52", "52", "52", "52", "53", "53", "53", "53", "53", "53", "53", "53", "54", "54", "54", "54", "54", "54", "54", "54", "55", "55", "55", "55", "55", "55", "55", "55", "56", "56", "56", "56", "56", "56", "56", "56", "57", "57", "57", "57", "57", "57", "57", "57", "58", "58", "58", "58", "58", "58", "58", "58", "59", "59", "59", "59", "59", "59", "59", "59", "60", "60", "60", "60", "60", "60", "60", "60"))
			, IVAR = c(0.64, 1.99, 6.43, 12.03, 22.28, 48.91, 80.15, 138.94, 0.51, 2.49, 6.29, 11.18, 25.51, 43.72, 84.69, 123.55, 0.48, 2, 6.04, 11.31, 22.67, 47.36, 103.04, 108, 0.53, 2.07, 6.67, 11.64, 24.9, 49.3, 90.93, 135.41, 0.56, 2.15, 7.03, 12.69, 21.12, 45.33, 84.94, 114.45, 0.47, 2.01, 5.48, 12.19, 22.48, 57.28, 103.13, 131.43, 0.52, 2.37, 5.63, 11.46, 27.7, 44.98, 94.03, 115.38, 0.48, 1.94, 6.3, 11.79, 22.82, 54.9, 93.96, 117.86, 0.5, 2.15, 5.96, 11.95, 22.42, 46.47, 96.58, 113.14, 0.53, 1.72, 6.19, 10.29, 23.29, 45.53, 89.94, 119.32, 0.41, 2.25, 5.08, 11.46, 21.47, 44.53, 118.28, 120.21, 0.44, 1.7, 6.28, 11.98, 23.25, 43.74, 82.73, 107.77, 0.55, 1.88, 5.22, 14.47, 25.04, 46.87, 106.72, 131.12, 0.47, 2.49, 5.85, 10.41, 23.66, 49.01, 120.92, 121.28, 0.52, 1.98, 5.8, 11.96, 25.97, 59.07, 106.39, 135.41, 0.44, 2.21, 6.13, 10.36, 25.28, 47.24, 111.14, 111.15, 0.48, 1.82, 5.89, 12.49, 22.31, 52.16, 85.08, 108.06, 0.58, 1.81, 6.25, 11.55, 25, 56.83, 112.51, 116.09, 0.4, 2.57, 6.41, 12.67, 23.97, 50.51, 94.43, 125.16, 0.48, 1.74, 6.62, 13.97, 23.27, 42.35, 102.37, 119.46, 0.42, 2, 5.63, 11.6, 21.38, 57.48, 92.87, 102.2, 0.51, 2.05, 5.44, 8.99, 22.51, 50.82, 95.43, 118.83, 0.53, 1.78, 6.7, 11.99, 25.76, 53.23, 98.17, 109.91, 0.56, 1.64, 5.68, 11.7, 23.6, 53.16, 97.32, 124.99, 0.5, 1.95, 6.43, 13.46, 18.87, 50.83, 99.67, 115, 0.55, 1.92, 5.83, 13.07, 28.5, 49.31, 92.03, 106.55, 0.48, 1.82, 5.85, 12.48, 22.04, 62.56, 97.51, 134.36, 0.4, 2.15, 5.26, 13.16, 24.97, 46.08, 109.59, 111.87, 0.47, 1.81, 5.61, 13.19, 25.06, 53.08, 92.33, 124.6, 0.51, 1.73, 7.17, 12.16, 25.91, 52.81, 95.52, 116.39, 0.55, 1.8, 7.31, 11.55, 28.32, 55.84, 96.8, 127, 0.45, 2.07, 6.66, 12.12, 22.93, 44.95, 95.66, 133.54, 0.48, 1.98, 5.27, 12.61, 27.35, 55.75, 99.54, 104.15, 0.52, 2.09, 5.79, 12.21, 22.01, 51.37, 92.91, 102.57, 0.48, 2.29, 5.8, 12.91, 26.38, 48.02, 92.68, 113.81, 0.54, 1.8, 6.15, 11.66, 19.14, 41.69, 105.21, 117.73, 0.54, 2.42, 6.95, 12.84, 24.93, 47.08, 112.41, 127.37, 0.44, 1.97, 4.95, 11.77, 18.52, 54.74, 90.09, 114.95, 0.49, 2.13, 6.42, 12.7, 22.66, 41.88, 92.34, 123.38, 0.46, 1.99, 5.34, 11.99, 24.31, 47.3, 94.44, 143.14, 0.54, 2.24, 5.47, 12.2, 26.94, 47.73, 77.59, 124.21, 0.41, 1.84, 6.85, 12.76, 26.77, 49.49, 94.95, 109.41, 0.59, 2.01, 5.59, 13.08, 26.72, 58.02, 90.38, 115.4, 0.48, 1.93, 5.78, 11.65, 27.72, 44.77, 92.34, 128.09, 0.56, 1.85, 5.7, 12.65, 26.57, 46.81, 83.21, 142.37, 0.58, 1.86, 5.96, 10.06, 25.41, 56.4, 81.5, 111, 0.47, 1.87, 4.9, 12.62, 20.59, 47.88, 101.86, 117.65, 0.55, 1.99, 5.62, 12.8, 22.98, 57.31, 95.82, 130.68, 0.51, 1.48, 5.23, 11.5, 24.58, 37.98, 105.69, 112.96, 0.46, 1.71, 5.19, 12.07, 25.25, 38.92, 86.83, 126.6, 0.48, 2.48, 6.8, 12.74, 24.01, 49.36, 89.46, 127.78, 0.58, 2.23, 5.53, 10.21, 23.74, 50.16, 105.18, 109.89, 0.52, 2.05, 6.76, 11.97, 23.16, 42.8, 91.16, 115.73, 0.63, 2.55, 5.9, 10.81, 19.7, 50.54, 86.08, 150.8, 0.46, 2.02, 8.78, 10.74, 24.75, 42.97, 99.4, 109.97, 0.5, 1.94, 5.33, 12.01, 26.5, 56.29, 83.69, 117.04, 0.56, 1.79, 4.66, 10.93, 21.79, 48.23, 92.2, 122.81, 0.48, 2.08, 5.78, 13.52, 22.29, 49.42, 87.87, 122.52, 0.5, 1.69, 5.91, 13.5, 25.69, 48.69, 85.21, 134.88, 0.5, 1.91, 7.07, 11.11, 24.74, 54.56, 101.96, 116.37)
