TABLE NO.     1: First Order Conditional Estimation with Interaction: Problem=1 Subproblem=0 Superproblem1=0 Iteration1=0 Superproblem2=0 Iteration2=0
 NAME         THETA1       THETA2       THETA3       THETA4       THETA5       THETA6       THETA7       SIGMA(1,1)   SIGMA(2,1)   SIGMA(2,2)   OMEGA(1,1)   OMEGA(2,1)   OMEGA(2,2)
 THETA1        1.32160E+06  5.20066E+05  1.75337E+04  2.41680E+01  1.09114E+02  9.88549E+01  5.88552E+01 -1.73396E-01  0.00000E+00 -3.63180E-01 -2.67685E+00  0.00000E+00  5.28828E+00
 THETA2        5.20066E+05  2.10687E+05  6.64178E+03  9.38957E+00  4.19261E+01  4.80132E+01  2.45377E+01 -1.41352E-01  0.00000E+00 -3.73509E-01 -7.60943E-01  0.00000E+00  2.30363E+00
 THETA3        1.75337E+04  6.64178E+03  4.22119E+02 -5.72345E-01  4.06435E+00 -2.85453E-01 -3.77182E-01 -4.16768E-02  0.00000E+00  1.86904E-01  1.24787E-02  0.00000E+00  2.21123E-01
 THETA4        2.41680E+01  9.38957E+00 -5.72345E-01  1.06179E-02 -2.02117E-02 -3.13415E-03  1.23452E-02 -3.36901E-04  0.00000E+00 -2.96535E-04 -7.64979E-04  0.00000E+00 -1.79194E-03
 THETA5        1.09114E+02  4.19261E+01  4.06435E+00 -2.02117E-02  6.31191E-02  1.72897E-02 -1.99350E-02  1.28444E-04  0.00000E+00  1.83947E-03  1.13417E-03  0.00000E+00  4.18535E-03
 THETA6        9.88549E+01  4.80132E+01 -2.85453E-01 -3.13415E-03  1.72897E-02  1.40205E-01  1.11721E-02 -9.38088E-04  0.00000E+00 -5.75116E-04 -1.11342E-03  0.00000E+00 -9.72531E-04
 THETA7        5.88552E+01  2.45377E+01 -3.77182E-01  1.23452E-02 -1.99350E-02  1.11721E-02  1.66098E-02 -5.37027E-04  0.00000E+00 -3.33983E-04 -1.00366E-03  0.00000E+00 -1.94666E-03
 SIGMA(1,1)   -1.73396E-01 -1.41352E-01 -4.16768E-02 -3.36901E-04  1.28444E-04 -9.38088E-04 -5.37027E-04  6.42976E-04  0.00000E+00 -7.22554E-05  4.77510E-06  0.00000E+00  1.47012E-04
 SIGMA(2,1)    0.00000E+00  0.00000E+00  0.00000E+00  0.00000E+00  0.00000E+00  0.00000E+00  0.00000E+00  0.00000E+00  0.00000E+00  0.00000E+00  0.00000E+00  0.00000E+00  0.00000E+00
 SIGMA(2,2)   -3.63180E-01 -3.73509E-01  1.86904E-01 -2.96535E-04  1.83947E-03 -5.75116E-04 -3.33983E-04 -7.22554E-05  0.00000E+00  3.33557E-04 -5.07683E-05  0.00000E+00 -2.78978E-05
 OMEGA(1,1)   -2.67685E+00 -7.60943E-01  1.24787E-02 -7.64979E-04  1.13417E-03 -1.11342E-03 -1.00366E-03  4.77510E-06  0.00000E+00 -5.07683E-05  3.39261E-04  0.00000E+00  3.48945E-04
 OMEGA(2,1)    0.00000E+00  0.00000E+00  0.00000E+00  0.00000E+00  0.00000E+00  0.00000E+00  0.00000E+00  0.00000E+00  0.00000E+00  0.00000E+00  0.00000E+00  0.00000E+00  0.00000E+00
 OMEGA(2,2)    5.28828E+00  2.30363E+00  2.21123E-01 -1.79194E-03  4.18535E-03 -9.72531E-04 -1.94666E-03  1.47012E-04  0.00000E+00 -2.78978E-05  3.48945E-04  0.00000E+00  2.65479E-03
