TABLE NO.     1: First Order Conditional Estimation with Interaction: Problem=1 Subproblem=0 Superproblem1=0 Iteration1=0 Superproblem2=0 Iteration2=0
 NAME         THETA1       THETA2       THETA3       THETA4       THETA5       THETA6       THETA7       SIGMA(1,1)   SIGMA(2,1)   SIGMA(2,2)   OMEGA(1,1)   OMEGA(2,1)   OMEGA(2,2)
 THETA1        1.14961E+03  9.85574E-01  7.42344E-01  2.04019E-01  3.77789E-01  2.29650E-01  3.97239E-01 -5.94827E-03  0.00000E+00 -1.72976E-02 -1.26417E-01  0.00000E+00  8.92790E-02
 THETA2        9.85574E-01  4.59006E+02  7.04285E-01  1.98522E-01  3.63568E-01  2.79357E-01  4.14796E-01 -1.21447E-02  0.00000E+00 -4.45552E-02 -9.00050E-02  0.00000E+00  9.74044E-02
 THETA3        7.42344E-01  7.04285E-01  2.05455E+01 -2.70347E-01  7.87396E-01 -3.71053E-02 -1.42446E-01 -7.99981E-02  0.00000E+00  4.98099E-01  3.29751E-02  0.00000E+00  2.08882E-01
 THETA4        2.04019E-01  1.98522E-01 -2.70347E-01  1.03043E-01 -7.80735E-01 -8.12305E-02  9.29600E-01 -1.28940E-01  0.00000E+00 -1.57570E-01 -4.03054E-01  0.00000E+00 -3.37512E-01
 THETA5        3.77789E-01  3.63568E-01  7.87396E-01 -7.80735E-01  2.51235E-01  1.83792E-01 -6.15679E-01  2.01621E-02  0.00000E+00  4.00892E-01  2.45093E-01  0.00000E+00  3.23323E-01
 THETA6        2.29650E-01  2.79357E-01 -3.71053E-02 -8.12305E-02  1.83792E-01  3.74440E-01  2.31511E-01 -9.88017E-02  0.00000E+00 -8.40985E-02 -1.61439E-01  0.00000E+00 -5.04088E-02
 THETA7        3.97239E-01  4.14796E-01 -1.42446E-01  9.29600E-01 -6.15679E-01  2.31511E-01  1.28879E-01 -1.64330E-01  0.00000E+00 -1.41892E-01 -4.22802E-01  0.00000E+00 -2.93152E-01
 SIGMA(1,1)   -5.94827E-03 -1.21447E-02 -7.99981E-02 -1.28940E-01  2.01621E-02 -9.88017E-02 -1.64330E-01  2.53570E-02  0.00000E+00 -1.56023E-01  1.02239E-02  0.00000E+00  1.12523E-01
 SIGMA(2,1)    0.00000E+00  0.00000E+00  0.00000E+00  0.00000E+00  0.00000E+00  0.00000E+00  0.00000E+00  0.00000E+00  0.00000E+00  0.00000E+00  0.00000E+00  0.00000E+00  0.00000E+00
 SIGMA(2,2)   -1.72976E-02 -4.45552E-02  4.98099E-01 -1.57570E-01  4.00892E-01 -8.40985E-02 -1.41892E-01 -1.56023E-01  0.00000E+00  1.82635E-02 -1.50918E-01  0.00000E+00 -2.96462E-02
 OMEGA(1,1)   -1.26417E-01 -9.00050E-02  3.29751E-02 -4.03054E-01  2.45093E-01 -1.61439E-01 -4.22802E-01  1.02239E-02  0.00000E+00 -1.50918E-01  1.84190E-02  0.00000E+00  3.67685E-01
 OMEGA(2,1)    0.00000E+00  0.00000E+00  0.00000E+00  0.00000E+00  0.00000E+00  0.00000E+00  0.00000E+00  0.00000E+00  0.00000E+00  0.00000E+00  0.00000E+00  0.00000E+00  0.00000E+00
 OMEGA(2,2)    8.92790E-02  9.74044E-02  2.08882E-01 -3.37512E-01  3.23323E-01 -5.04088E-02 -2.93152E-01  1.12523E-01  0.00000E+00 -2.96462E-02  3.67685E-01  0.00000E+00  5.15247E-02
