TABLE NO.     1: First Order Conditional Estimation with Interaction: Problem=1 Subproblem=0 Superproblem1=0 Iteration1=0 Superproblem2=0 Iteration2=0
 NAME         THETA1       THETA2       THETA3       THETA4       THETA5       THETA6       THETA7       SIGMA(1,1)   SIGMA(2,1)   SIGMA(2,2)   OMEGA(1,1)   OMEGA(2,1)   OMEGA(2,2)
 THETA1        1.33796E+00 -4.50487E-01 -9.65915E+01 -1.42709E+03  3.11621E+03 -1.29556E+03 -1.22954E+02 -5.65251E+03  0.00000E+00  3.30203E+04 -1.39898E+02  0.00000E+00  8.59440E+00
 THETA2       -4.50487E-01  1.51901E-01  3.25171E+01  4.80846E+02 -1.04920E+03  4.36187E+02  4.07526E+01  1.90279E+03  0.00000E+00 -1.11154E+04  4.68951E+01  0.00000E+00 -2.87204E+00
 THETA3       -9.65915E+01  3.25171E+01  6.97359E+03  1.03004E+05 -2.24999E+05  9.35368E+04  8.86702E+03  4.08084E+05  0.00000E+00 -2.38389E+06  1.01146E+04  0.00000E+00 -6.20689E+02
 THETA4       -1.42709E+03  4.80846E+02  1.03004E+05  1.52857E+06 -3.32158E+06  1.38182E+06  1.28099E+05  6.02828E+06  0.00000E+00 -3.52169E+07  1.48907E+05  0.00000E+00 -8.89905E+03
 THETA5        3.11621E+03 -1.04920E+03 -2.24999E+05 -3.32158E+06  7.26158E+06 -3.01814E+06 -2.83904E+05 -1.31656E+07  0.00000E+00  7.69065E+07 -3.27044E+05  0.00000E+00  1.99779E+04
 THETA6       -1.29556E+03  4.36187E+02  9.35368E+04  1.38182E+06 -3.01814E+06  1.25467E+06  1.18355E+05  5.47353E+06  0.00000E+00 -3.19741E+07  1.35789E+05  0.00000E+00 -8.29707E+03
 THETA7       -1.22954E+02  4.07526E+01  8.86702E+03  1.28099E+05 -2.83904E+05  1.18355E+05  1.76223E+04  5.20188E+05  0.00000E+00 -3.04103E+06  1.23213E+04  0.00000E+00 -1.04946E+03
 SIGMA(1,1)   -5.65251E+03  1.90279E+03  4.08084E+05  6.02828E+06 -1.31656E+07  5.47353E+06  5.20188E+05  2.38827E+07  0.00000E+00 -1.39505E+08  5.91960E+05  0.00000E+00 -3.64220E+04
 SIGMA(2,1)    0.00000E+00  0.00000E+00  0.00000E+00  0.00000E+00  0.00000E+00  0.00000E+00  0.00000E+00  0.00000E+00  0.00000E+00  0.00000E+00  0.00000E+00  0.00000E+00  0.00000E+00
 SIGMA(2,2)    3.30203E+04 -1.11154E+04 -2.38389E+06 -3.52169E+07  7.69065E+07 -3.19741E+07 -3.04103E+06 -1.39505E+08  0.00000E+00  8.14958E+08 -3.45386E+06  0.00000E+00  2.12462E+05
 OMEGA(1,1)   -1.39898E+02  4.68951E+01  1.01146E+04  1.48907E+05 -3.27044E+05  1.35789E+05  1.23213E+04  5.91960E+05  0.00000E+00 -3.45386E+06  1.95550E+04  0.00000E+00 -1.24670E+03
 OMEGA(2,1)    0.00000E+00  0.00000E+00  0.00000E+00  0.00000E+00  0.00000E+00  0.00000E+00  0.00000E+00  0.00000E+00  0.00000E+00  0.00000E+00  0.00000E+00  0.00000E+00  0.00000E+00
 OMEGA(2,2)    8.59440E+00 -2.87204E+00 -6.20689E+02 -8.89905E+03  1.99779E+04 -8.29707E+03 -1.04946E+03 -3.64220E+04  0.00000E+00  2.12462E+05 -1.24670E+03  0.00000E+00  5.49443E+02
