TABLE NO.     1: First Order Conditional Estimation with Interaction: Problem=1 Subproblem=0 Superproblem1=0 Iteration1=0 Superproblem2=0 Iteration2=0
 NAME         THETA1       THETA2       THETA3       THETA4       THETA5       THETA6       THETA7       SIGMA(1,1)   SIGMA(2,1)   SIGMA(2,2)   OMEGA(1,1)   OMEGA(2,1)   OMEGA(2,2)
 THETA1        1.12102E+03  9.85339E-01  5.29741E-01  4.39886E-01  3.67318E-01  2.17090E-01  5.87192E-01  1.35898E-02  0.00000E+00 -2.00911E-02 -2.11565E-01  0.00000E+00 -4.44591E-02
 THETA2        9.85339E-01  4.48635E+02  5.58047E-01  4.30767E-01  3.95542E-01  2.61154E-01  5.99629E-01  7.62605E-03  0.00000E+00 -3.94208E-02 -1.73617E-01  0.00000E+00 -3.46308E-02
 THETA3        5.29741E-01  5.58047E-01  7.10166E+01 -4.66580E-01  9.80994E-01  4.63131E-01 -2.22519E-01  2.04454E-01  0.00000E+00 -9.29604E-02  1.73089E-01  0.00000E+00  2.32303E-01
 THETA4        4.39886E-01  4.30767E-01 -4.66580E-01  1.04734E-01 -6.20912E-01 -7.10145E-02  9.36088E-01 -2.13519E-01  0.00000E+00 -1.65869E-01 -3.91298E-01  0.00000E+00 -3.17939E-01
 THETA5        3.67318E-01  3.95542E-01  9.80994E-01 -6.20912E-01  7.05401E-01  4.69346E-01 -3.83216E-01  2.17725E-01  0.00000E+00 -3.61553E-02  2.25474E-01  0.00000E+00  2.62941E-01
 THETA6        2.17090E-01  2.61154E-01  4.63131E-01 -7.10145E-02  4.69346E-01  3.86669E-01  2.33713E-01 -1.15633E-01  0.00000E+00  7.87148E-02 -1.87379E-01  0.00000E+00 -7.07321E-02
 THETA7        5.87192E-01  5.99629E-01 -2.22519E-01  9.36088E-01 -3.83216E-01  2.33713E-01  1.35083E-01 -2.34155E-01  0.00000E+00 -1.01802E-01 -4.17367E-01  0.00000E+00 -2.91375E-01
 SIGMA(1,1)    1.35898E-02  7.62605E-03  2.04454E-01 -2.13519E-01  2.17725E-01 -1.15633E-01 -2.34155E-01  2.54807E-02  0.00000E+00 -1.23853E-01  8.14115E-02  0.00000E+00  1.67535E-01
 SIGMA(2,1)    0.00000E+00  0.00000E+00  0.00000E+00  0.00000E+00  0.00000E+00  0.00000E+00  0.00000E+00  0.00000E+00  0.00000E+00  0.00000E+00  0.00000E+00  0.00000E+00  0.00000E+00
 SIGMA(2,2)   -2.00911E-02 -3.94208E-02 -9.29604E-02 -1.65869E-01 -3.61553E-02  7.87148E-02 -1.01802E-01 -1.23853E-01  0.00000E+00  1.79930E-02 -1.26040E-01  0.00000E+00 -1.22651E-02
 OMEGA(1,1)   -2.11565E-01 -1.73617E-01  1.73089E-01 -3.91298E-01  2.25474E-01 -1.87379E-01 -4.17367E-01  8.14115E-02  0.00000E+00 -1.26040E-01  1.82391E-02  0.00000E+00  3.60933E-01
 OMEGA(2,1)    0.00000E+00  0.00000E+00  0.00000E+00  0.00000E+00  0.00000E+00  0.00000E+00  0.00000E+00  0.00000E+00  0.00000E+00  0.00000E+00  0.00000E+00  0.00000E+00  0.00000E+00
 OMEGA(2,2)   -4.44591E-02 -3.46308E-02  2.32303E-01 -3.17939E-01  2.62941E-01 -7.07321E-02 -2.91375E-01  1.67535E-01  0.00000E+00 -1.22651E-02  3.60933E-01  0.00000E+00  5.06422E-02
