TABLE NO.     1: First Order Conditional Estimation with Interaction: Problem=1 Subproblem=0 Superproblem1=0 Iteration1=0 Superproblem2=0 Iteration2=0
 NAME         THETA1       THETA2       THETA3       THETA4       THETA5       THETA6       THETA7       SIGMA(1,1)   SIGMA(2,1)   SIGMA(2,2)   OMEGA(1,1)   OMEGA(2,1)   OMEGA(2,2)
 THETA1        1.44488E+03  9.80358E-01  4.38684E-02  3.96885E-01 -7.38119E-02  2.90446E-01  4.44267E-01 -2.46022E-01  0.00000E+00 -2.58520E-01  3.18518E-01  0.00000E+00 -2.62481E-01
 THETA2        9.80358E-01  6.30320E+02 -9.69425E-02  2.85943E-01 -2.16389E-01  1.75623E-01  3.35987E-01 -3.65640E-01  0.00000E+00 -3.98207E-01  4.60152E-01  0.00000E+00 -3.29112E-01
 THETA3        4.38684E-02 -9.69425E-02  1.72884E+02  8.78547E-01  9.89614E-01  9.09133E-01  8.59314E-01  6.36825E-01  0.00000E+00  9.14079E-01 -8.77780E-01  0.00000E+00  4.67617E-01
 THETA4        3.96885E-01  2.85943E-01  8.78547E-01  1.03558E+00  8.01341E-01  9.93188E-01  9.98004E-01  3.35607E-01  0.00000E+00  6.09982E-01 -5.48367E-01  0.00000E+00  2.02294E-01
 THETA5       -7.38119E-02 -2.16389E-01  9.89614E-01  8.01341E-01  1.81283E+00  8.42759E-01  7.76990E-01  6.94881E-01  0.00000E+00  9.62180E-01 -9.35365E-01  0.00000E+00  5.24042E-01
 THETA6        2.90446E-01  1.75623E-01  9.09133E-01  9.93188E-01  8.42759E-01  1.92859E+00  9.85566E-01  3.82218E-01  0.00000E+00  6.65497E-01 -6.09601E-01  0.00000E+00  2.38013E-01
 THETA7        4.44267E-01  3.35987E-01  8.59314E-01  9.98004E-01  7.76990E-01  9.85566E-01  2.02029E+00  3.10561E-01  0.00000E+00  5.80141E-01 -5.16649E-01  0.00000E+00  1.85171E-01
 SIGMA(1,1)   -2.46022E-01 -3.65640E-01  6.36825E-01  3.35607E-01  6.94881E-01  3.82218E-01  3.10561E-01  3.70371E-01  0.00000E+00  7.54757E-01 -7.55910E-01  0.00000E+00  1.90633E-01
 SIGMA(2,1)    0.00000E+00  0.00000E+00  0.00000E+00  0.00000E+00  0.00000E+00  0.00000E+00  0.00000E+00  0.00000E+00  0.00000E+00  0.00000E+00  0.00000E+00  0.00000E+00  0.00000E+00
 SIGMA(2,2)   -2.58520E-01 -3.98207E-01  9.14079E-01  6.09982E-01  9.62180E-01  6.65497E-01  5.80141E-01  7.54757E-01  0.00000E+00  6.83075E-02 -9.92012E-01  0.00000E+00  6.19384E-01
 OMEGA(1,1)    3.18518E-01  4.60152E-01 -8.77780E-01 -5.48367E-01 -9.35365E-01 -6.09601E-01 -5.16649E-01 -7.55910E-01  0.00000E+00 -9.92012E-01  1.25799E-01  0.00000E+00 -6.06914E-01
 OMEGA(2,1)    0.00000E+00  0.00000E+00  0.00000E+00  0.00000E+00  0.00000E+00  0.00000E+00  0.00000E+00  0.00000E+00  0.00000E+00  0.00000E+00  0.00000E+00  0.00000E+00  0.00000E+00
 OMEGA(2,2)   -2.62481E-01 -3.29112E-01  4.67617E-01  2.02294E-01  5.24042E-01  2.38013E-01  1.85171E-01  1.90633E-01  0.00000E+00  6.19384E-01 -6.06914E-01  0.00000E+00  4.96968E-02
