TABLE NO.     1: First Order Conditional Estimation with Interaction: Problem=1 Subproblem=0 Superproblem1=0 Iteration1=0 Superproblem2=0 Iteration2=0
 NAME         THETA1       THETA2       THETA3       THETA4       THETA5       THETA6       THETA7       SIGMA(1,1)   SIGMA(2,1)   SIGMA(2,2)   OMEGA(1,1)
 THETA1        3.33595E-02 -8.95638E-02 -1.34315E+02  1.95443E+03  2.43345E+02 -1.00894E+02  1.48661E+03 -3.49219E+05  0.00000E+00  1.59106E+03 -2.88091E+03
 THETA2       -8.95638E-02  2.41195E-01  3.60213E+02 -5.24117E+03 -6.52107E+02  2.70697E+02 -3.98813E+03  9.36316E+05  0.00000E+00 -4.26604E+03  7.72393E+03
 THETA3       -1.34315E+02  3.60213E+02  5.41861E+05 -7.88691E+06 -9.81531E+05  4.07137E+05 -5.99727E+06  1.40849E+09  0.00000E+00 -6.41670E+06  1.16198E+07
 THETA4        1.95443E+03 -5.24117E+03 -7.88691E+06  1.14818E+08  1.42849E+07 -5.92650E+06  8.72844E+07 -2.04985E+10  0.00000E+00  9.33849E+07 -1.69109E+08
 THETA5        2.43345E+02 -6.52107E+02 -9.81531E+05  1.42849E+07  1.77863E+06 -7.37318E+05  1.08626E+07 -2.55185E+09  0.00000E+00  1.16256E+07 -2.10523E+07
 THETA6       -1.00894E+02  2.70697E+02  4.07137E+05 -5.92650E+06 -7.37318E+05  3.05972E+05 -4.50640E+06  1.05814E+09  0.00000E+00 -4.82056E+06  8.72951E+06
 THETA7        1.48661E+03 -3.98813E+03 -5.99727E+06  8.72844E+07  1.08626E+07 -4.50640E+06  6.63847E+07 -1.55889E+10  0.00000E+00  7.10188E+07 -1.28605E+08
 SIGMA(1,1)   -3.49219E+05  9.36316E+05  1.40849E+09 -2.04985E+10 -2.55185E+09  1.05814E+09 -1.55889E+10  3.66164E+12  0.00000E+00 -1.66816E+10  3.02078E+10
 SIGMA(2,1)    0.00000E+00  0.00000E+00  0.00000E+00  0.00000E+00  0.00000E+00  0.00000E+00  0.00000E+00  0.00000E+00  0.00000E+00  0.00000E+00  0.00000E+00
 SIGMA(2,2)    1.59106E+03 -4.26604E+03 -6.41670E+06  9.33849E+07  1.16256E+07 -4.82056E+06  7.10188E+07 -1.66816E+10  0.00000E+00  7.60016E+07 -1.37620E+08
 OMEGA(1,1)   -2.88091E+03  7.72393E+03  1.16198E+07 -1.69109E+08 -2.10523E+07  8.72951E+06 -1.28605E+08  3.02078E+10  0.00000E+00 -1.37620E+08  2.49209E+08
