TABLE NO.     1: First Order Conditional Estimation with Interaction: Problem=1 Subproblem=0 Superproblem1=0 Iteration1=0 Superproblem2=0 Iteration2=0
 NAME         THETA1       THETA2       THETA3       THETA4       THETA5       THETA6       THETA7       SIGMA(1,1)   SIGMA(2,1)   SIGMA(2,2)   OMEGA(1,1)
 THETA1        9.31876E+05  1.96493E+05  3.66340E+02  5.15474E+00 -1.53505E+02 -1.68268E+02  1.45946E+01  1.68227E-01  0.00000E+00 -2.54823E+00  1.81339E+01
 THETA2        1.96493E+05  4.33338E+04  9.02650E+01  1.26646E+00 -3.89548E+01 -3.96872E+01  2.83440E+00  3.60868E-02  0.00000E+00 -5.72194E-01  4.36819E+00
 THETA3        3.66340E+02  9.02650E+01  1.78956E+00  3.62517E-02 -1.65190E-01 -2.61906E-01  3.18210E-02  9.37901E-05  0.00000E+00 -1.96256E-03  1.46114E-02
 THETA4        5.15474E+00  1.26646E+00  3.62517E-02  8.38685E-04 -2.96014E-03 -2.46363E-03  7.53064E-04  1.16862E-06  0.00000E+00 -4.15095E-05  2.06562E-04
 THETA5       -1.53505E+02 -3.89548E+01 -1.65190E-01 -2.96014E-03  6.80525E-02  4.62357E-02 -1.06443E-03 -2.96955E-05  0.00000E+00  1.42172E-03 -3.79861E-03
 THETA6       -1.68268E+02 -3.96872E+01 -2.61906E-01 -2.46363E-03  4.62357E-02  1.37435E-01 -4.75044E-04 -4.43459E-05  0.00000E+00  3.38543E-04 -5.77787E-03
 THETA7        1.45946E+01  2.83440E+00  3.18210E-02  7.53064E-04 -1.06443E-03 -4.75044E-04  1.25690E-03  2.48812E-06  0.00000E+00  2.29618E-05  3.49631E-04
 SIGMA(1,1)    1.68227E-01  3.60868E-02  9.37901E-05  1.16862E-06 -2.96955E-05 -4.43459E-05  2.48812E-06  3.23785E-08  0.00000E+00 -2.21891E-07  3.61773E-06
 SIGMA(2,1)    0.00000E+00  0.00000E+00  0.00000E+00  0.00000E+00  0.00000E+00  0.00000E+00  0.00000E+00  0.00000E+00  0.00000E+00  0.00000E+00  0.00000E+00
 SIGMA(2,2)   -2.54823E+00 -5.72194E-01 -1.96256E-03 -4.15095E-05  1.42172E-03  3.38543E-04  2.29618E-05 -2.21891E-07  0.00000E+00  3.18991E-04  4.77829E-05
 OMEGA(1,1)    1.81339E+01  4.36819E+00  1.46114E-02  2.06562E-04 -3.79861E-03 -5.77787E-03  3.49631E-04  3.61773E-06  0.00000E+00  4.77829E-05  1.52468E-03
