TABLE NO.     1: First Order Conditional Estimation with Interaction: Problem=1 Subproblem=0 Superproblem1=0 Iteration1=0 Superproblem2=0 Iteration2=0
 NAME         THETA1       THETA2       THETA3       THETA4       THETA5       THETA6       THETA7       SIGMA(1,1)   SIGMA(2,1)   SIGMA(2,2)   OMEGA(1,1)
 THETA1        9.65337E+02  9.77809E-01  2.83682E-01  1.84386E-01 -6.09569E-01 -4.70190E-01  4.26444E-01  9.68477E-01  0.00000E+00 -1.47799E-01  4.81086E-01
 THETA2        9.77809E-01  2.08168E+02  3.24140E-01  2.10078E-01 -7.17341E-01 -5.14265E-01  3.84057E-01  9.63400E-01  0.00000E+00 -1.53901E-01  5.37401E-01
 THETA3        2.83682E-01  3.24140E-01  1.33774E+00  9.35743E-01 -4.73356E-01 -5.28108E-01  6.70950E-01  3.89633E-01  0.00000E+00 -8.21413E-02  2.79724E-01
 THETA4        1.84386E-01  2.10078E-01  9.35743E-01  2.89601E-02 -3.91824E-01 -2.29470E-01  7.33469E-01  2.24256E-01  0.00000E+00 -8.02525E-02  1.82668E-01
 THETA5       -6.09569E-01 -7.17341E-01 -4.73356E-01 -3.91824E-01  2.60869E-01  4.78086E-01 -1.15092E-01 -6.32616E-01  0.00000E+00  3.05143E-01 -3.72918E-01
 THETA6       -4.70190E-01 -5.14265E-01 -5.28108E-01 -2.29470E-01  4.78086E-01  3.70723E-01 -3.61438E-02 -6.64777E-01  0.00000E+00  5.11300E-02 -3.99144E-01
 THETA7        4.26444E-01  3.84057E-01  6.70950E-01  7.33469E-01 -1.15092E-01 -3.61438E-02  3.54528E-02  3.90025E-01  0.00000E+00  3.62632E-02  2.52563E-01
 SIGMA(1,1)    9.68477E-01  9.63400E-01  3.89633E-01  2.24256E-01 -6.32616E-01 -6.64777E-01  3.90025E-01  1.79940E-04  0.00000E+00 -6.90435E-02  5.14895E-01
 SIGMA(2,1)    0.00000E+00  0.00000E+00  0.00000E+00  0.00000E+00  0.00000E+00  0.00000E+00  0.00000E+00  0.00000E+00  0.00000E+00  0.00000E+00  0.00000E+00
 SIGMA(2,2)   -1.47799E-01 -1.53901E-01 -8.21413E-02 -8.02525E-02  3.05143E-01  5.11300E-02  3.62632E-02 -6.90435E-02  0.00000E+00  1.78603E-02  6.85163E-02
 OMEGA(1,1)    4.81086E-01  5.37401E-01  2.79724E-01  1.82668E-01 -3.72918E-01 -3.99144E-01  2.52563E-01  5.14895E-01  0.00000E+00  6.85163E-02  3.90472E-02
