TABLE NO.     1: First Order Conditional Estimation with Interaction: Problem=1 Subproblem=0 Superproblem1=0 Iteration1=0 Superproblem2=0 Iteration2=0
 NAME         THETA1       THETA2       THETA3       THETA4       THETA5       THETA6       THETA7       SIGMA(1,1)   SIGMA(2,1)   SIGMA(2,2)   OMEGA(1,1)
 THETA1        1.14069E+00  5.71041E-01  4.57206E+01 -2.88472E+03 -7.83720E+01 -1.01709E+03  1.64002E+03 -8.06007E+06  0.00000E+00  5.85660E+03 -7.34619E+02
 THETA2        5.71041E-01  2.87920E-01  2.29413E+01 -1.44410E+03 -3.88130E+01 -5.09321E+02  8.19600E+02 -4.03704E+06  0.00000E+00  2.93295E+03 -3.68482E+02
 THETA3        4.57206E+01  2.29413E+01  1.90329E+03 -1.17527E+05 -3.07447E+03 -4.06430E+04  6.48640E+04 -3.22962E+08  0.00000E+00  2.34723E+05 -2.94161E+04
 THETA4       -2.88472E+03 -1.44410E+03 -1.17527E+05  7.35668E+06  1.97289E+05  2.56900E+06 -4.13200E+06  2.03804E+10  0.00000E+00 -1.48103E+07  1.85691E+06
 THETA5       -7.83720E+01 -3.88130E+01 -3.07447E+03  1.97289E+05  5.58713E+03  6.99744E+04 -1.14168E+05  5.53582E+08  0.00000E+00 -4.02357E+05  5.04112E+04
 THETA6       -1.01709E+03 -5.09321E+02 -4.06430E+04  2.56900E+06  6.99744E+04  9.07163E+05 -1.46407E+06  7.18726E+09  0.00000E+00 -5.22222E+06  6.55192E+05
 THETA7        1.64002E+03  8.19600E+02  6.48640E+04 -4.13200E+06 -1.14168E+05 -1.46407E+06  2.37594E+06 -1.15899E+10  0.00000E+00  8.42062E+06 -1.05671E+06
 SIGMA(1,1)   -8.06007E+06 -4.03704E+06 -3.22962E+08  2.03804E+10  5.53582E+08  7.18726E+09 -1.15899E+10  5.69551E+13  0.00000E+00 -4.13840E+10  5.19164E+09
 SIGMA(2,1)    0.00000E+00  0.00000E+00  0.00000E+00  0.00000E+00  0.00000E+00  0.00000E+00  0.00000E+00  0.00000E+00  0.00000E+00  0.00000E+00  0.00000E+00
 SIGMA(2,2)    5.85660E+03  2.93295E+03  2.34723E+05 -1.48103E+07 -4.02357E+05 -5.22222E+06  8.42062E+06 -4.13840E+10  0.00000E+00  3.00737E+07 -3.77246E+06
 OMEGA(1,1)   -7.34619E+02 -3.68482E+02 -2.94161E+04  1.85691E+06  5.04112E+04  6.55192E+05 -1.05671E+06  5.19164E+09  0.00000E+00 -3.77246E+06  4.74348E+05
