TABLE NO.     1: First Order Conditional Estimation with Interaction: Problem=1 Subproblem=0 Superproblem1=0 Iteration1=0 Superproblem2=0 Iteration2=0
 NAME         THETA1       THETA2       THETA3       THETA4       THETA5       THETA6       THETA7       SIGMA(1,1)   SIGMA(2,1)   SIGMA(2,2)   OMEGA(1,1)
 THETA1        9.16369E+05  1.93234E+05  3.67428E+02  5.15392E+00 -1.51375E+02 -1.68683E+02  1.42984E+01 -2.30417E-01  0.00000E+00 -2.55850E+00  1.79867E+01
 THETA2        1.93234E+05  4.26569E+04  9.06302E+01  1.26876E+00 -3.85305E+01 -3.97994E+01  2.77333E+00 -6.22726E-02  0.00000E+00 -5.75501E-01  4.34785E+00
 THETA3        3.67428E+02  9.06302E+01  1.79403E+00  3.62978E-02 -1.65609E-01 -2.63867E-01  3.18340E-02 -5.11471E-04  0.00000E+00 -1.99708E-03  1.49962E-02
 THETA4        5.15392E+00  1.26876E+00  3.62978E-02  8.39435E-04 -2.96421E-03 -2.47245E-03  7.53669E-04 -9.18821E-06  0.00000E+00 -4.22885E-05  2.12972E-04
 THETA5       -1.51375E+02 -3.85305E+01 -1.65609E-01 -2.96421E-03  6.77710E-02  4.63383E-02 -1.03106E-03  1.10063E-04  0.00000E+00  1.42477E-03 -3.83001E-03
 THETA6       -1.68683E+02 -3.97994E+01 -2.63867E-01 -2.47245E-03  4.63383E-02  1.38716E-01 -4.56322E-04  1.22032E-04  0.00000E+00  3.42325E-04 -5.87412E-03
 THETA7        1.42984E+01  2.77333E+00  3.18340E-02  7.53669E-04 -1.03106E-03 -4.56322E-04  1.25205E-03 -5.39708E-06  0.00000E+00  2.21379E-05  3.47894E-04
 SIGMA(1,1)   -2.30417E-01 -6.22726E-02 -5.11471E-04 -9.18821E-06  1.10063E-04  1.22032E-04 -5.39708E-06  3.00754E-07  0.00000E+00  2.51947E-06 -1.59471E-05
 SIGMA(2,1)    0.00000E+00  0.00000E+00  0.00000E+00  0.00000E+00  0.00000E+00  0.00000E+00  0.00000E+00  0.00000E+00  0.00000E+00  0.00000E+00  0.00000E+00
 SIGMA(2,2)   -2.55850E+00 -5.75501E-01 -1.99708E-03 -4.22885E-05  1.42477E-03  3.42325E-04  2.21379E-05  2.51947E-06  0.00000E+00  3.19923E-04  4.37483E-05
 OMEGA(1,1)    1.79867E+01  4.34785E+00  1.49962E-02  2.12972E-04 -3.83001E-03 -5.87412E-03  3.47894E-04 -1.59471E-05  0.00000E+00  4.37483E-05  1.53740E-03
