TABLE NO.     1: First Order Conditional Estimation with Interaction: Problem=1 Subproblem=0 Superproblem1=0 Iteration1=0 Superproblem2=0 Iteration2=0
 NAME         THETA1       THETA2       THETA3       THETA4       THETA5       THETA6       THETA7       THETA8       THETA9       SIGMA(1,1)   SIGMA(2,1)   SIGMA(2,2)   OMEGA(1,1)   OMEGA(2,1)   OMEGA(2,2)   OMEGA(3,1)   OMEGA(3,2)   OMEGA(3,3)
 THETA1        2.18385E+02  5.13029E-01 -2.26656E-01  5.50821E-03  6.78530E-02  7.95003E-01  7.94494E-01  6.12360E-01  9.99712E-01 -8.30895E-01  0.00000E+00  1.67805E-01 -4.49668E-01  0.00000E+00 -3.54974E-01  0.00000E+00  0.00000E+00 -2.36185E-01
 THETA2        5.13029E-01  2.27866E+01  8.90656E-03  1.13152E-01 -4.38335E-01  3.11583E-01  3.09904E-01  2.56195E-01  5.27568E-01 -4.63501E-01  0.00000E+00 -1.51903E-01 -1.24046E-01  0.00000E+00  3.31898E-02  0.00000E+00  0.00000E+00 -7.37022E-02
 THETA3       -2.26656E-01  8.90656E-03  1.05958E+01  9.04814E-01  6.70382E-02 -5.28600E-01 -5.29111E-01 -8.66261E-01 -2.36809E-01  4.50740E-01  0.00000E+00 -4.26089E-01  1.73209E-01  0.00000E+00 -1.10006E-01  0.00000E+00  0.00000E+00  2.19554E-01
 THETA4        5.50821E-03  1.13152E-01  9.04814E-01  2.37101E-01  6.81411E-02 -3.01833E-01 -3.00544E-01 -7.33801E-01 -5.61430E-03  2.71550E-01  0.00000E+00 -2.52417E-01  6.27983E-02  0.00000E+00 -1.78665E-01  0.00000E+00  0.00000E+00  1.59671E-01
 THETA5        6.78530E-02 -4.38335E-01  6.70382E-02  6.81411E-02  3.15556E+00  3.98667E-01  3.99201E-01 -9.23488E-02  6.20868E-02 -2.58039E-01  0.00000E+00  1.26689E-01 -5.00465E-01  0.00000E+00 -4.14359E-01  0.00000E+00  0.00000E+00 -3.39541E-01
 THETA6        7.95003E-01  3.11583E-01 -5.28600E-01 -3.01833E-01  3.98667E-01  3.18404E-03  9.99985E-01  7.23944E-01  8.00331E-01 -9.62619E-01  0.00000E+00  3.35004E-01 -6.52741E-01  0.00000E+00 -4.51886E-01  0.00000E+00  0.00000E+00 -4.96322E-01
 THETA7        7.94494E-01  3.09904E-01 -5.29111E-01 -3.00544E-01  3.99201E-01  9.99985E-01  9.18088E-01  7.23387E-01  7.99781E-01 -9.61439E-01  0.00000E+00  3.37486E-01 -6.52427E-01  0.00000E+00 -4.51291E-01  0.00000E+00  0.00000E+00 -4.95833E-01
 THETA8        6.12360E-01  2.56195E-01 -8.66261E-01 -7.33801E-01 -9.23488E-02  7.23944E-01  7.23387E-01  6.28439E-02  6.22103E-01 -7.19788E-01  0.00000E+00  3.20691E-01 -3.47580E-01  0.00000E+00 -4.37181E-02  0.00000E+00  0.00000E+00 -2.46965E-01
 THETA9        9.99712E-01  5.27568E-01 -2.36809E-01 -5.61430E-03  6.20868E-02  8.00331E-01  7.99781E-01  6.22103E-01  4.19864E-02 -8.38096E-01  0.00000E+00  1.66109E-01 -4.54476E-01  0.00000E+00 -3.47794E-01  0.00000E+00  0.00000E+00 -2.41050E-01
 SIGMA(1,1)   -8.30895E-01 -4.63501E-01  4.50740E-01  2.71550E-01 -2.58039E-01 -9.62619E-01 -9.61439E-01 -7.19788E-01 -8.38096E-01  1.29918E+03  0.00000E+00 -1.62149E-01  6.32291E-01  0.00000E+00  4.69953E-01  0.00000E+00  0.00000E+00  4.91851E-01
 SIGMA(2,1)    0.00000E+00  0.00000E+00  0.00000E+00  0.00000E+00  0.00000E+00  0.00000E+00  0.00000E+00  0.00000E+00  0.00000E+00  0.00000E+00  0.00000E+00  0.00000E+00  0.00000E+00  0.00000E+00  0.00000E+00  0.00000E+00  0.00000E+00  0.00000E+00
 SIGMA(2,2)    1.67805E-01 -1.51903E-01 -4.26089E-01 -2.52417E-01  1.26689E-01  3.35004E-01  3.37486E-01  3.20691E-01  1.66109E-01 -1.62149E-01  0.00000E+00  1.46600E-02 -9.22076E-02  0.00000E+00 -5.09355E-02  0.00000E+00  0.00000E+00 -4.07189E-02
 OMEGA(1,1)   -4.49668E-01 -1.24046E-01  1.73209E-01  6.27983E-02 -5.00465E-01 -6.52741E-01 -6.52427E-01 -3.47580E-01 -4.54476E-01  6.32291E-01  0.00000E+00 -9.22076E-02  4.05106E-02  0.00000E+00  4.46271E-01  0.00000E+00  0.00000E+00  5.17550E-01
 OMEGA(2,1)    0.00000E+00  0.00000E+00  0.00000E+00  0.00000E+00  0.00000E+00  0.00000E+00  0.00000E+00  0.00000E+00  0.00000E+00  0.00000E+00  0.00000E+00  0.00000E+00  0.00000E+00  0.00000E+00  0.00000E+00  0.00000E+00  0.00000E+00  0.00000E+00
 OMEGA(2,2)   -3.54974E-01  3.31898E-02 -1.10006E-01 -1.78665E-01 -4.14359E-01 -4.51886E-01 -4.51291E-01 -4.37181E-02 -3.47794E-01  4.69953E-01  0.00000E+00 -5.09355E-02  4.46271E-01  0.00000E+00  6.69846E-02  0.00000E+00  0.00000E+00  3.44984E-01
 OMEGA(3,1)    0.00000E+00  0.00000E+00  0.00000E+00  0.00000E+00  0.00000E+00  0.00000E+00  0.00000E+00  0.00000E+00  0.00000E+00  0.00000E+00  0.00000E+00  0.00000E+00  0.00000E+00  0.00000E+00  0.00000E+00  0.00000E+00  0.00000E+00  0.00000E+00
 OMEGA(3,2)    0.00000E+00  0.00000E+00  0.00000E+00  0.00000E+00  0.00000E+00  0.00000E+00  0.00000E+00  0.00000E+00  0.00000E+00  0.00000E+00  0.00000E+00  0.00000E+00  0.00000E+00  0.00000E+00  0.00000E+00  0.00000E+00  0.00000E+00  0.00000E+00
 OMEGA(3,3)   -2.36185E-01 -7.37022E-02  2.19554E-01  1.59671E-01 -3.39541E-01 -4.96322E-01 -4.95833E-01 -2.46965E-01 -2.41050E-01  4.91851E-01  0.00000E+00 -4.07189E-02  5.17550E-01  0.00000E+00  3.44984E-01  0.00000E+00  0.00000E+00  4.79162E-02
