TABLE NO.     1: First Order Conditional Estimation with Interaction: Problem=1 Subproblem=0 Superproblem1=0 Iteration1=0 Superproblem2=0 Iteration2=0
 NAME         THETA1       THETA2       THETA3       THETA4       THETA5       THETA6       THETA7       THETA8       THETA9       SIGMA(1,1)   SIGMA(2,1)   SIGMA(2,2)   OMEGA(1,1)   OMEGA(2,1)   OMEGA(2,2)   OMEGA(3,1)   OMEGA(3,2)   OMEGA(3,3)
 THETA1        1.47460E+02  2.94191E-01 -1.94524E-01  2.66218E-02 -8.53745E-03  1.45278E-01  1.62307E-01  3.20590E-01  6.95896E-01  1.12221E-01  0.00000E+00 -1.42048E-01 -3.28587E-01  0.00000E+00 -6.79442E-02  0.00000E+00  0.00000E+00  3.33573E-01
 THETA2        2.94191E-01  1.89401E+01  3.92098E-01  1.98033E-01 -6.03113E-01 -3.76914E-01 -3.87628E-01 -3.50184E-01  2.98507E-02 -3.43643E-01  0.00000E+00  2.51026E-01 -5.30383E-02  0.00000E+00  5.07436E-01  0.00000E+00  0.00000E+00  1.87286E-01
 THETA3       -1.94524E-01  3.92098E-01  1.95950E+01  4.33219E-01 -4.70346E-01 -9.16446E-01 -8.71352E-01 -9.48388E-01 -3.90805E-01 -6.47522E-01  0.00000E+00  6.61628E-01  1.25316E-01  0.00000E+00  4.96330E-01  0.00000E+00  0.00000E+00 -4.98413E-02
 THETA4        2.66218E-02  1.98033E-01  4.33219E-01  1.28772E-01 -6.37024E-02 -6.84492E-02 -2.43014E-02 -4.35686E-01 -1.49546E-01  2.73251E-01  0.00000E+00 -2.96218E-01  7.56733E-02  0.00000E+00  3.08834E-02  0.00000E+00  0.00000E+00 -2.92853E-02
 THETA5       -8.53745E-03 -6.03113E-01 -4.70346E-01 -6.37024E-02  4.77473E+00  5.12902E-01  5.16471E-01  4.43953E-01  1.54986E-01  4.67545E-01  0.00000E+00 -4.44957E-01 -1.62246E-01  0.00000E+00 -6.12387E-01  0.00000E+00  0.00000E+00 -1.69698E-01
 THETA6        1.45278E-01 -3.76914E-01 -9.16446E-01 -6.84492E-02  5.12902E-01  3.04238E+00  9.77825E-01  8.58999E-01  3.30153E-01  8.59394E-01  0.00000E+00 -8.86707E-01 -7.53152E-02  0.00000E+00 -5.38721E-01  0.00000E+00  0.00000E+00  4.09999E-02
 THETA7        1.62307E-01 -3.87628E-01 -8.71352E-01 -2.43014E-02  5.16471E-01  9.77825E-01  6.44808E+00  8.63515E-01  4.17138E-01  8.76969E-01  0.00000E+00 -9.08184E-01 -7.79089E-02  0.00000E+00 -5.20156E-01  0.00000E+00  0.00000E+00  3.69153E-02
 THETA8        3.20590E-01 -3.50184E-01 -9.48388E-01 -4.35686E-01  4.43953E-01  8.58999E-01  8.63515E-01  3.33684E-01  6.35666E-01  6.16726E-01  0.00000E+00 -6.37439E-01 -1.76916E-01  0.00000E+00 -4.97193E-01  0.00000E+00  0.00000E+00  7.58943E-02
 THETA9        6.95896E-01  2.98507E-02 -3.90805E-01 -1.49546E-01  1.54986E-01  3.30153E-01  4.17138E-01  6.35666E-01  3.83101E-02  2.63477E-01  0.00000E+00 -2.78528E-01 -2.70710E-01  0.00000E+00 -2.80472E-01  0.00000E+00  0.00000E+00  1.33255E-01
 SIGMA(1,1)    1.12221E-01 -3.43643E-01 -6.47522E-01  2.73251E-01  4.67545E-01  8.59394E-01  8.76969E-01  6.16726E-01  2.63477E-01  5.02727E+02  0.00000E+00 -8.76381E-01  6.70868E-02  0.00000E+00 -4.02429E-01  0.00000E+00  0.00000E+00 -3.44301E-02
 SIGMA(2,1)    0.00000E+00  0.00000E+00  0.00000E+00  0.00000E+00  0.00000E+00  0.00000E+00  0.00000E+00  0.00000E+00  0.00000E+00  0.00000E+00  0.00000E+00  0.00000E+00  0.00000E+00  0.00000E+00  0.00000E+00  0.00000E+00  0.00000E+00  0.00000E+00
 SIGMA(2,2)   -1.42048E-01  2.51026E-01  6.61628E-01 -2.96218E-01 -4.44957E-01 -8.86707E-01 -9.08184E-01 -6.37439E-01 -2.78528E-01 -8.76381E-01  0.00000E+00  3.52089E-02  3.71433E-02  0.00000E+00  4.35086E-01  0.00000E+00  0.00000E+00 -9.12165E-02
 OMEGA(1,1)   -3.28587E-01 -5.30383E-02  1.25316E-01  7.56733E-02 -1.62246E-01 -7.53152E-02 -7.79089E-02 -1.76916E-01 -2.70710E-01  6.70868E-02  0.00000E+00  3.71433E-02  1.90883E-02  0.00000E+00  2.66096E-01  0.00000E+00  0.00000E+00  1.03634E-01
 OMEGA(2,1)    0.00000E+00  0.00000E+00  0.00000E+00  0.00000E+00  0.00000E+00  0.00000E+00  0.00000E+00  0.00000E+00  0.00000E+00  0.00000E+00  0.00000E+00  0.00000E+00  0.00000E+00  0.00000E+00  0.00000E+00  0.00000E+00  0.00000E+00  0.00000E+00
 OMEGA(2,2)   -6.79442E-02  5.07436E-01  4.96330E-01  3.08834E-02 -6.12387E-01 -5.38721E-01 -5.20156E-01 -4.97193E-01 -2.80472E-01 -4.02429E-01  0.00000E+00  4.35086E-01  2.66096E-01  0.00000E+00  5.84900E-02  0.00000E+00  0.00000E+00  1.32748E-01
 OMEGA(3,1)    0.00000E+00  0.00000E+00  0.00000E+00  0.00000E+00  0.00000E+00  0.00000E+00  0.00000E+00  0.00000E+00  0.00000E+00  0.00000E+00  0.00000E+00  0.00000E+00  0.00000E+00  0.00000E+00  0.00000E+00  0.00000E+00  0.00000E+00  0.00000E+00
 OMEGA(3,2)    0.00000E+00  0.00000E+00  0.00000E+00  0.00000E+00  0.00000E+00  0.00000E+00  0.00000E+00  0.00000E+00  0.00000E+00  0.00000E+00  0.00000E+00  0.00000E+00  0.00000E+00  0.00000E+00  0.00000E+00  0.00000E+00  0.00000E+00  0.00000E+00
 OMEGA(3,3)    3.33573E-01  1.87286E-01 -4.98413E-02 -2.92853E-02 -1.69698E-01  4.09999E-02  3.69153E-02  7.58943E-02  1.33255E-01 -3.44301E-02  0.00000E+00 -9.12165E-02  1.03634E-01  0.00000E+00  1.32748E-01  0.00000E+00  0.00000E+00  4.03235E-02
