TABLE NO.     1: First Order Conditional Estimation with Interaction: Problem=1 Subproblem=0 Superproblem1=0 Iteration1=0 Superproblem2=0 Iteration2=0
 NAME         THETA1       THETA2       THETA3       THETA4       THETA5       THETA6       THETA7       THETA8       THETA9       SIGMA(1,1)   SIGMA(2,1)   SIGMA(2,2)   OMEGA(1,1)   OMEGA(2,1)   OMEGA(2,2)   OMEGA(3,1)   OMEGA(3,2)   OMEGA(3,3)
 THETA1        2.23646E-04 -2.54139E-04  6.17703E-03 -7.82481E-02 -2.49205E-04  2.40214E-02 -5.79241E-04  2.55367E-01 -1.14287E+00 -2.60182E-05  0.00000E+00  3.79248E-01  2.91530E-01  0.00000E+00  3.39129E-03  0.00000E+00  0.00000E+00 -1.95673E-01
 THETA2       -2.54139E-04  7.27978E-03 -1.26938E-02  2.78245E-01  9.29018E-03 -1.58183E-01  3.25475E-02  3.03667E-02 -1.18111E+00  1.52292E-04  0.00000E+00  1.28169E-01  4.59712E-01  0.00000E+00 -9.49068E-01  0.00000E+00  0.00000E+00  2.38299E-01
 THETA3        6.17703E-03 -1.26938E-02  5.83468E-01 -5.75433E+00  1.87628E-02  3.48600E+00 -5.73470E-01  2.17291E+01 -5.24305E+01 -1.94310E-03  0.00000E+00  4.29362E+01  5.72039E+00  0.00000E+00  6.32142E+00  0.00000E+00  0.00000E+00 -5.76736E+00
 THETA4       -7.82481E-02  2.78245E-01 -5.75433E+00  7.83097E+02  1.33647E+00 -5.97820E+01  2.90577E+00  3.74461E+02 -1.07566E+03 -1.23627E-02  0.00000E+00  6.30637E+02  5.82560E+01  0.00000E+00  4.19378E+01  0.00000E+00  0.00000E+00  1.34466E+02
 THETA5       -2.49205E-04  9.29018E-03  1.87628E-02  1.33647E+00  1.00477E-01  1.10748E-01 -3.16579E-02  1.64872E+00 -2.89794E+00 -2.64679E-04  0.00000E+00  6.18798E+00  2.37005E+00  0.00000E+00  2.84387E+00  0.00000E+00  0.00000E+00  9.76259E-01
 THETA6        2.40214E-02 -1.58183E-01  3.48600E+00 -5.97820E+01  1.10748E-01  3.02567E+01 -4.97790E+00  7.24659E+01 -5.93396E+01 -1.78344E-02  0.00000E+00  3.25463E+02  2.15762E+01  0.00000E+00  7.13313E+01  0.00000E+00  0.00000E+00 -3.30592E+01
 THETA7       -5.79241E-04  3.25475E-02 -5.73470E-01  2.90577E+00 -3.16579E-02 -4.97790E+00  2.10669E+00 -2.81642E+01  2.76032E+01 -4.44869E-05  0.00000E+00  2.37289E+01  2.31524E+00  0.00000E+00 -1.23907E+01  0.00000E+00  0.00000E+00  4.88898E+00
 THETA8        2.55367E-01  3.03667E-02  2.17291E+01  3.74461E+02  1.64872E+00  7.24659E+01 -2.81642E+01  1.58753E+03 -4.32719E+03 -3.58874E-02  0.00000E+00  1.21160E+03  3.13391E+02  0.00000E+00  1.55110E+02  0.00000E+00  0.00000E+00 -1.91007E+02
 THETA9       -1.14287E+00 -1.18111E+00 -5.24305E+01 -1.07566E+03 -2.89794E+00 -5.93396E+01  2.76032E+01 -4.32719E+03  1.51439E+04  6.07202E-02  0.00000E+00 -3.35210E+03 -1.11096E+03  0.00000E+00  1.96183E+02  0.00000E+00  0.00000E+00  6.66163E+02
 SIGMA(1,1)   -2.60182E-05  1.52292E-04 -1.94310E-03 -1.23627E-02 -2.64679E-04 -1.78344E-02 -4.44869E-05 -3.58874E-02  6.07202E-02  4.59508E-05  0.00000E+00 -2.87498E-01 -1.20013E-01  0.00000E+00 -7.17843E-02  0.00000E+00  0.00000E+00  5.16240E-02
 SIGMA(2,1)    0.00000E+00  0.00000E+00  0.00000E+00  0.00000E+00  0.00000E+00  0.00000E+00  0.00000E+00  0.00000E+00  0.00000E+00  0.00000E+00  0.00000E+00  0.00000E+00  0.00000E+00  0.00000E+00  0.00000E+00  0.00000E+00  0.00000E+00  0.00000E+00
 SIGMA(2,2)    3.79248E-01  1.28169E-01  4.29362E+01  6.30637E+02  6.18798E+00  3.25463E+02  2.37289E+01  1.21160E+03 -3.35210E+03 -2.87498E-01  0.00000E+00  1.72217E+04  3.49702E+02  0.00000E+00  9.07895E+02  0.00000E+00  0.00000E+00  3.22189E+02
 OMEGA(1,1)    2.91530E-01  4.59712E-01  5.72039E+00  5.82560E+01  2.37005E+00  2.15762E+01  2.31524E+00  3.13391E+02 -1.11096E+03 -1.20013E-01  0.00000E+00  3.49702E+02  4.02902E+03  0.00000E+00 -2.49568E+02  0.00000E+00  0.00000E+00 -5.14292E+02
 OMEGA(2,1)    0.00000E+00  0.00000E+00  0.00000E+00  0.00000E+00  0.00000E+00  0.00000E+00  0.00000E+00  0.00000E+00  0.00000E+00  0.00000E+00  0.00000E+00  0.00000E+00  0.00000E+00  0.00000E+00  0.00000E+00  0.00000E+00  0.00000E+00  0.00000E+00
 OMEGA(2,2)    3.39129E-03 -9.49068E-01  6.32142E+00  4.19378E+01  2.84387E+00  7.13313E+01 -1.23907E+01  1.55110E+02  1.96183E+02 -7.17843E-02  0.00000E+00  9.07895E+02 -2.49568E+02  0.00000E+00  8.44739E+02  0.00000E+00  0.00000E+00 -8.51588E+01
 OMEGA(3,1)    0.00000E+00  0.00000E+00  0.00000E+00  0.00000E+00  0.00000E+00  0.00000E+00  0.00000E+00  0.00000E+00  0.00000E+00  0.00000E+00  0.00000E+00  0.00000E+00  0.00000E+00  0.00000E+00  0.00000E+00  0.00000E+00  0.00000E+00  0.00000E+00
 OMEGA(3,2)    0.00000E+00  0.00000E+00  0.00000E+00  0.00000E+00  0.00000E+00  0.00000E+00  0.00000E+00  0.00000E+00  0.00000E+00  0.00000E+00  0.00000E+00  0.00000E+00  0.00000E+00  0.00000E+00  0.00000E+00  0.00000E+00  0.00000E+00  0.00000E+00
 OMEGA(3,3)   -1.95673E-01  2.38299E-01 -5.76736E+00  1.34466E+02  9.76259E-01 -3.30592E+01  4.88898E+00 -1.91007E+02  6.66163E+02  5.16240E-02  0.00000E+00  3.22189E+02 -5.14292E+02  0.00000E+00 -8.51588E+01  0.00000E+00  0.00000E+00  9.23724E+02
