TABLE NO.     1: First Order Conditional Estimation with Interaction: Problem=1 Subproblem=0 Superproblem1=0 Iteration1=0 Superproblem2=0 Iteration2=0
 NAME         THETA1       THETA2       THETA3       THETA4       THETA5       THETA6       THETA7       THETA8       THETA9       SIGMA(1,1)   SIGMA(2,1)   SIGMA(2,2)   OMEGA(1,1)   OMEGA(2,1)   OMEGA(2,2)   OMEGA(3,1)   OMEGA(3,2)   OMEGA(3,3)
 THETA1        5.61337E+03  7.10813E+04  1.30755E+07 -5.23714E+08 -5.66407E+06 -2.79685E+12  9.72329E+09  2.30418E+07  7.81139E+07 -1.39380E+04  0.00000E+00 -2.26817E+08  1.56064E+05  0.00000E+00  5.93082E+04  0.00000E+00  0.00000E+00 -3.19692E+04
 THETA2        7.10813E+04  9.62939E+05  1.77144E+08 -7.09569E+09 -7.67039E+07 -3.78981E+13  1.31753E+11  3.10863E+08  1.08698E+09 -1.89227E+05  0.00000E+00 -3.07039E+09  2.22028E+06  0.00000E+00  7.43461E+05  0.00000E+00  0.00000E+00 -4.29827E+05
 THETA3        1.30755E+07  1.77144E+08  3.25878E+10 -1.30534E+12 -1.41106E+10 -6.97182E+15  2.42375E+13  5.71869E+10  1.99967E+11 -3.48106E+07  0.00000E+00 -5.64834E+11  4.08461E+08  0.00000E+00  1.36760E+08  0.00000E+00  0.00000E+00 -7.90701E+07
 THETA4       -5.23714E+08 -7.09569E+09 -1.30534E+12  5.22866E+13  5.65214E+11  2.79263E+17 -9.70858E+14 -2.29067E+12 -8.01008E+12  1.39437E+09  0.00000E+00  2.26250E+13 -1.63621E+10  0.00000E+00 -5.47758E+09  0.00000E+00  0.00000E+00  3.16721E+09
 THETA5       -5.66407E+06 -7.67039E+07 -1.41106E+10  5.65214E+11  6.10994E+09  3.01881E+15 -1.04949E+13 -2.47627E+10 -8.65724E+10  1.50729E+07  0.00000E+00  2.44576E+11 -1.76814E+08  0.00000E+00 -5.92456E+07  0.00000E+00  0.00000E+00  3.42389E+07
 THETA6       -2.79685E+12 -3.78981E+13 -6.97182E+15  2.79263E+17  3.01881E+15  1.49155E+21 -5.18536E+18 -1.22344E+16 -4.27838E+16  7.44740E+12  0.00000E+00  1.20840E+17 -8.73971E+13  0.00000E+00 -2.92520E+13  0.00000E+00  0.00000E+00  1.69159E+13
 THETA7        9.72329E+09  1.31753E+11  2.42375E+13 -9.70858E+14 -1.04949E+13 -5.18536E+18  1.80269E+16  4.25329E+13  1.48737E+14 -2.58909E+10  0.00000E+00 -4.20100E+14  3.03835E+11  0.00000E+00  1.01695E+11  0.00000E+00  0.00000E+00 -5.88082E+10
 THETA8        2.30418E+07  3.10863E+08  5.71869E+10 -2.29067E+12 -2.47627E+10 -1.22344E+16  4.25329E+13  1.00380E+11  3.50356E+11 -6.10797E+07  0.00000E+00 -9.91251E+11  7.14734E+08  0.00000E+00  2.41155E+08  0.00000E+00  0.00000E+00 -1.38816E+08
 THETA9        7.81139E+07  1.08698E+09  1.99967E+11 -8.01008E+12 -8.65724E+10 -4.27838E+16  1.48737E+14  3.50356E+11  1.23930E+12 -2.13776E+08  0.00000E+00 -3.46490E+12  2.55165E+09  0.00000E+00  8.13564E+08  0.00000E+00  0.00000E+00 -4.83800E+08
 SIGMA(1,1)   -1.39380E+04 -1.89227E+05 -3.48106E+07  1.39437E+09  1.50729E+07  7.44740E+12 -2.58909E+10 -6.10797E+07 -2.13776E+08  3.71873E+04  0.00000E+00  6.03346E+08 -4.36949E+05  0.00000E+00 -1.45734E+05  0.00000E+00  0.00000E+00  8.44461E+04
 SIGMA(2,1)    0.00000E+00  0.00000E+00  0.00000E+00  0.00000E+00  0.00000E+00  0.00000E+00  0.00000E+00  0.00000E+00  0.00000E+00  0.00000E+00  0.00000E+00  0.00000E+00  0.00000E+00  0.00000E+00  0.00000E+00  0.00000E+00  0.00000E+00  0.00000E+00
 SIGMA(2,2)   -2.26817E+08 -3.07039E+09 -5.64834E+11  2.26250E+13  2.44576E+11  1.20840E+17 -4.20100E+14 -9.91251E+11 -3.46490E+12  6.03346E+08  0.00000E+00  9.79019E+12 -7.07581E+09  0.00000E+00 -2.37262E+09  0.00000E+00  0.00000E+00  1.37060E+09
 OMEGA(1,1)    1.56064E+05  2.22028E+06  4.08461E+08 -1.63621E+10 -1.76814E+08 -8.73971E+13  3.03835E+11  7.14734E+08  2.55165E+09 -4.36949E+05  0.00000E+00 -7.07581E+09  5.28829E+06  0.00000E+00  1.61949E+06  0.00000E+00  0.00000E+00 -9.86261E+05
 OMEGA(2,1)    0.00000E+00  0.00000E+00  0.00000E+00  0.00000E+00  0.00000E+00  0.00000E+00  0.00000E+00  0.00000E+00  0.00000E+00  0.00000E+00  0.00000E+00  0.00000E+00  0.00000E+00  0.00000E+00  0.00000E+00  0.00000E+00  0.00000E+00  0.00000E+00
 OMEGA(2,2)    5.93082E+04  7.43461E+05  1.36760E+08 -5.47758E+09 -5.92456E+07 -2.92520E+13  1.01695E+11  2.41155E+08  8.13564E+08 -1.45734E+05  0.00000E+00 -2.37262E+09  1.61949E+06  0.00000E+00  6.28058E+05  0.00000E+00  0.00000E+00 -3.34763E+05
 OMEGA(3,1)    0.00000E+00  0.00000E+00  0.00000E+00  0.00000E+00  0.00000E+00  0.00000E+00  0.00000E+00  0.00000E+00  0.00000E+00  0.00000E+00  0.00000E+00  0.00000E+00  0.00000E+00  0.00000E+00  0.00000E+00  0.00000E+00  0.00000E+00  0.00000E+00
 OMEGA(3,2)    0.00000E+00  0.00000E+00  0.00000E+00  0.00000E+00  0.00000E+00  0.00000E+00  0.00000E+00  0.00000E+00  0.00000E+00  0.00000E+00  0.00000E+00  0.00000E+00  0.00000E+00  0.00000E+00  0.00000E+00  0.00000E+00  0.00000E+00  0.00000E+00
 OMEGA(3,3)   -3.19692E+04 -4.29827E+05 -7.90701E+07  3.16721E+09  3.42389E+07  1.69159E+13 -5.88082E+10 -1.38816E+08 -4.83800E+08  8.44461E+04  0.00000E+00  1.37060E+09 -9.86261E+05  0.00000E+00 -3.34763E+05  0.00000E+00  0.00000E+00  1.92861E+05
