TABLE NO.     1: First Order Conditional Estimation with Interaction: Problem=1 Subproblem=0 Superproblem1=0 Iteration1=0 Superproblem2=0 Iteration2=0
 NAME         THETA1       THETA2       THETA3       THETA4       THETA5       THETA6       THETA7       THETA8       THETA9       THETA10      SIGMA(1,1)   SIGMA(2,1)   SIGMA(2,2)   OMEGA(1,1)   OMEGA(2,1)   OMEGA(2,2)
 THETA1        6.02826E+02  1.70255E+03 -2.60710E+03 -2.04096E+05  2.15780E+05  2.32022E+06  3.76916E+07 -6.89694E+06  2.61930E+06  1.02949E+07 -1.94341E+12  0.00000E+00  1.13802E+10  1.47499E+06 -1.83038E+06  2.12048E+06
 THETA2        1.70255E+03  9.89395E+03 -2.66725E+04 -3.75894E+06  3.52049E+05  1.21381E+07 -1.49458E+08 -3.95161E+07 -4.12427E+07  7.77232E+07  5.67019E+11  0.00000E+00 -3.05502E+09  2.83459E+06 -8.20635E+06  7.22832E+06
 THETA3       -2.60710E+03 -2.66725E+04  1.80762E+05  2.23661E+07 -3.41572E+06 -6.48409E+07  1.53790E+09  7.15554E+07  3.14209E+08 -7.82293E+07 -1.87894E+13  0.00000E+00  1.09249E+11 -1.48527E+07  2.03062E+07 -2.08702E+07
 THETA4       -2.04096E+05 -3.75894E+06  2.23661E+07  2.98057E+09 -2.50335E+08 -7.49579E+09  2.18973E+11  1.15436E+10  4.33226E+10 -1.91814E+10 -2.18552E+15  0.00000E+00  1.26868E+13 -1.06008E+09  2.63549E+09 -2.21343E+09
 THETA5        2.15780E+05  3.52049E+05 -3.41572E+06 -2.50335E+08  2.14765E+08  1.74455E+09  1.55077E+08 -2.23452E+08 -1.66846E+09 -4.20765E+09 -1.08819E+15  0.00000E+00  6.34483E+12  1.09341E+09 -5.36952E+08  9.52879E+08
 THETA6        2.32022E+06  1.21381E+07 -6.48409E+07 -7.49579E+09  1.74455E+09  3.10403E+10 -3.71708E+11 -3.49116E+10 -9.23528E+10  3.96151E+10  8.40010E+16  0.00000E+00 -4.89661E+14  4.23817E+09 -8.59160E+09  9.51882E+09
 THETA7        3.76916E+07 -1.49458E+08  1.53790E+09  2.18973E+11  1.55077E+08 -3.71708E+11  2.08499E+13  3.23966E+11  3.68035E+12 -6.62384E+11 -8.33520E+16  0.00000E+00  4.85464E+14  3.50344E+10  5.38137E+10  5.71494E+09
 THETA8       -6.89694E+06 -3.95161E+07  7.15554E+07  1.15436E+10 -2.23452E+08 -3.49116E+10  3.23966E+11  1.70762E+11  1.11443E+11 -3.63664E+11  3.21013E+16  0.00000E+00 -1.88327E+14 -8.64007E+09  3.34661E+10 -2.76305E+10
 THETA9        2.61930E+06 -4.12427E+07  3.14209E+08  4.33226E+10 -1.66846E+09 -9.23528E+10  3.68035E+12  1.11443E+11  6.82908E+11 -1.99430E+11 -6.86642E+16  0.00000E+00  3.99974E+14 -8.09485E+08  2.24143E+10 -1.29303E+10
 THETA10       1.02949E+07  7.77232E+07 -7.82293E+07 -1.91814E+10 -4.20765E+09  3.96151E+10 -6.62384E+11 -3.63664E+11 -1.99430E+11  8.78398E+11  4.79344E+15  0.00000E+00 -2.54948E+13 -7.94704E+09 -5.93941E+10  3.75748E+10
 SIGMA(1,1)   -1.94341E+12  5.67019E+11 -1.87894E+13 -2.18552E+15 -1.08819E+15  8.40010E+16 -8.33520E+16  3.21013E+16 -6.86642E+16  4.79344E+15  1.65378E+24  0.00000E+00 -9.64412E+21 -9.79887E+16  4.34516E+16 -5.29397E+16
 SIGMA(2,1)    0.00000E+00  0.00000E+00  0.00000E+00  0.00000E+00  0.00000E+00  0.00000E+00  0.00000E+00  0.00000E+00  0.00000E+00  0.00000E+00  0.00000E+00  0.00000E+00  0.00000E+00  0.00000E+00  0.00000E+00  0.00000E+00
 SIGMA(2,2)    1.13802E+10 -3.05502E+09  1.09249E+11  1.26868E+13  6.34483E+12 -4.89661E+14  4.85464E+14 -1.88327E+14  3.99974E+14 -2.54948E+13 -9.64412E+21  0.00000E+00  5.62405E+19  5.71726E+14 -2.53249E+14  3.09237E+14
 OMEGA(1,1)    1.47499E+06  2.83459E+06 -1.48527E+07 -1.06008E+09  1.09341E+09  4.23817E+09  3.50344E+10 -8.64007E+09 -8.09485E+08 -7.94704E+09 -9.79887E+16  0.00000E+00  5.71726E+14  6.04773E+10 -2.81565E+10  4.39017E+10
 OMEGA(2,1)   -1.83038E+06 -8.20635E+06  2.03062E+07  2.63549E+09 -5.36952E+08 -8.59160E+09  5.38137E+10  3.34661E+10  2.24143E+10 -5.93941E+10  4.34516E+16  0.00000E+00 -2.53249E+14 -2.81565E+10  3.96602E+10 -2.70894E+10
 OMEGA(2,2)    2.12048E+06  7.22832E+06 -2.08702E+07 -2.21343E+09  9.52879E+08  9.51882E+09  5.71494E+09 -2.76305E+10 -1.29303E+10  3.75748E+10 -5.29397E+16  0.00000E+00  3.09237E+14  4.39017E+10 -2.70894E+10  4.80758E+10
