TABLE NO.     1: First Order Conditional Estimation with Interaction: Problem=1 Subproblem=0 Superproblem1=0 Iteration1=0 Superproblem2=0 Iteration2=0
 NAME         THETA1       THETA2       THETA3       THETA4       THETA5       THETA6       THETA7       THETA8       THETA9       THETA10      SIGMA(1,1)   SIGMA(2,1)   SIGMA(2,2)   OMEGA(1,1)   OMEGA(2,1)   OMEGA(2,2)
 THETA1        1.61925E+17  1.39724E+16 -3.86530E+16  1.01310E+12  2.63332E+13 -1.22824E+14  1.90062E+12 -1.22682E+13 -8.11012E+12 -6.40898E+12  6.12630E+06  0.00000E+00  1.83155E+07  1.42304E+09  1.21536E+09 -3.14249E+08
 THETA2        1.39724E+16  1.20567E+15 -3.33534E+15  8.74201E+10  2.27228E+12 -1.05984E+13  1.64003E+11 -1.05862E+12 -6.99817E+11 -5.53027E+11  5.28634E+05  0.00000E+00  1.58043E+06  1.22793E+08  1.04873E+08 -2.71163E+07
 THETA3       -3.86530E+16 -3.33534E+15  9.22681E+15 -2.41837E+11 -6.28597E+12  2.93193E+13 -4.53694E+11  2.92853E+12  1.93596E+12  1.52988E+12 -1.46240E+06  0.00000E+00 -4.37207E+06 -3.39692E+08 -2.90118E+08  7.50140E+07
 THETA4        1.01310E+12  8.74201E+10 -2.41837E+11  6.33860E+06  1.64757E+08 -7.68465E+08  1.18914E+07 -7.67576E+07 -5.07419E+07 -4.00985E+07  3.83298E+01  0.00000E+00  1.14593E+02  8.90342E+03  7.60405E+03 -1.96613E+03
 THETA5        2.63332E+13  2.27228E+12 -6.28597E+12  1.64757E+08  4.28246E+09 -1.99744E+10  3.09089E+08 -1.99513E+09 -1.31891E+09 -1.04226E+09  9.96293E+02  0.00000E+00  2.97857E+03  2.31423E+05  1.97649E+05 -5.11050E+04
 THETA6       -1.22824E+14 -1.05984E+13  2.93193E+13 -7.68465E+08 -1.99744E+10  9.31654E+10 -1.44167E+09  9.30576E+09  6.15173E+09  4.86137E+09 -4.64695E+03  0.00000E+00 -1.38928E+04 -1.07941E+06 -9.21882E+05  2.38366E+05
 THETA7        1.90062E+12  1.64003E+11 -4.53694E+11  1.18914E+07  3.09089E+08 -1.44167E+09  2.23088E+07 -1.44000E+08 -9.51936E+07 -7.52262E+07  7.19081E+01  0.00000E+00  2.14980E+02  1.67031E+04  1.42655E+04 -3.68854E+03
 THETA8       -1.22682E+13 -1.05862E+12  2.92853E+12 -7.67576E+07 -1.99513E+09  9.30576E+09 -1.44000E+08  9.29499E+08  6.14461E+08  4.85575E+08 -4.64157E+02  0.00000E+00 -1.38767E+03 -1.07816E+05 -9.20816E+04  2.38090E+04
 THETA9       -8.11012E+12 -6.99817E+11  1.93596E+12 -5.07419E+07 -1.31891E+09  6.15173E+09 -9.51936E+07  6.14461E+08  4.06200E+08  3.20997E+08 -3.06839E+02  0.00000E+00 -9.17342E+02 -7.12738E+04 -6.08721E+04  1.57393E+04
 THETA10      -6.40898E+12 -5.53027E+11  1.52988E+12 -4.00985E+07 -1.04226E+09  4.86137E+09 -7.52262E+07  4.85575E+08  3.20997E+08  2.53667E+08 -2.42478E+02  0.00000E+00 -7.24924E+02 -5.63238E+04 -4.81038E+04  1.24379E+04
 SIGMA(1,1)    6.12630E+06  5.28634E+05 -1.46240E+06  3.83298E+01  9.96293E+02 -4.64695E+03  7.19081E+01 -4.64157E+02 -3.06839E+02 -2.42478E+02  2.31783E-04  0.00000E+00  6.92949E-04  5.38394E-02  4.59821E-02 -1.18893E-02
 SIGMA(2,1)    0.00000E+00  0.00000E+00  0.00000E+00  0.00000E+00  0.00000E+00  0.00000E+00  0.00000E+00  0.00000E+00  0.00000E+00  0.00000E+00  0.00000E+00  0.00000E+00  0.00000E+00  0.00000E+00  0.00000E+00  0.00000E+00
 SIGMA(2,2)    1.83155E+07  1.58043E+06 -4.37207E+06  1.14593E+02  2.97857E+03 -1.38928E+04  2.14980E+02 -1.38767E+03 -9.17342E+02 -7.24924E+02  6.92949E-04  0.00000E+00  2.07168E-03  1.60961E-01  1.37470E-01 -3.55449E-02
 OMEGA(1,1)    1.42304E+09  1.22793E+08 -3.39692E+08  8.90342E+03  2.31423E+05 -1.07941E+06  1.67031E+04 -1.07816E+05 -7.12738E+04 -5.63238E+04  5.38394E-02  0.00000E+00  1.60961E-01  1.25061E+01  1.06809E+01 -2.76170E+00
 OMEGA(2,1)    1.21536E+09  1.04873E+08 -2.90118E+08  7.60405E+03  1.97649E+05 -9.21882E+05  1.42655E+04 -9.20816E+04 -6.08721E+04 -4.81038E+04  4.59821E-02  0.00000E+00  1.37470E-01  1.06809E+01  9.12214E+00 -2.35866E+00
 OMEGA(2,2)   -3.14249E+08 -2.71163E+07  7.50140E+07 -1.96613E+03 -5.11050E+04  2.38366E+05 -3.68854E+03  2.38090E+04  1.57393E+04  1.24379E+04 -1.18893E-02  0.00000E+00 -3.55449E-02 -2.76170E+00 -2.35866E+00  6.09864E-01
