TABLE NO.     1: First Order Conditional Estimation with Interaction: Problem=1 Subproblem=0 Superproblem1=0 Iteration1=0 Superproblem2=0 Iteration2=0
 NAME         THETA1       THETA2       THETA3       THETA4       THETA5       SIGMA(1,1)   SIGMA(2,1)   SIGMA(2,2)   OMEGA(1,1)   OMEGA(2,1)   OMEGA(2,2)
 THETA1        6.29446E-03 -3.15097E-03 -7.76660E-01 -1.31498E-01  0.00000E+00  4.22272E+01  0.00000E+00 -6.97444E+01  6.47097E-02 -1.43218E+00  9.20568E-01
 THETA2       -3.15097E-03  1.78695E-03  3.82204E-01  1.16727E-01  0.00000E+00 -2.05083E+01  0.00000E+00  3.42468E+01  7.25282E-02  4.66987E-01 -3.98032E-01
 THETA3       -7.76660E-01  3.82204E-01  9.63891E+01  1.41894E+01  0.00000E+00 -5.24128E+03  0.00000E+00  8.63334E+03 -2.05194E+01  1.87134E+02 -1.17046E+02
 THETA4       -1.31498E-01  1.16727E-01  1.41894E+01  2.21533E+02  0.00000E+00 -8.28054E+02  0.00000E+00  1.40467E+03 -1.94444E+02  1.41038E+02 -3.11073E+01
 THETA5        0.00000E+00  0.00000E+00  0.00000E+00  0.00000E+00  0.00000E+00  0.00000E+00  0.00000E+00  0.00000E+00  0.00000E+00  0.00000E+00  0.00000E+00
 SIGMA(1,1)    4.22272E+01 -2.05083E+01 -5.24128E+03 -8.28054E+02  0.00000E+00  2.85961E+05  0.00000E+00 -4.70745E+05  9.88026E+02 -1.00917E+04  6.33486E+03
 SIGMA(2,1)    0.00000E+00  0.00000E+00  0.00000E+00  0.00000E+00  0.00000E+00  0.00000E+00  0.00000E+00  0.00000E+00  0.00000E+00  0.00000E+00  0.00000E+00
 SIGMA(2,2)   -6.97444E+01  3.42468E+01  8.63334E+03  1.40467E+03  0.00000E+00 -4.70745E+05  0.00000E+00  7.77897E+05 -1.97344E+03  1.63531E+04 -1.00361E+04
 OMEGA(1,1)    6.47097E-02  7.25282E-02 -2.05194E+01 -1.94444E+02  0.00000E+00  9.88026E+02  0.00000E+00 -1.97344E+03  5.81572E+03 -4.00520E+03  1.17956E+03
 OMEGA(2,1)   -1.43218E+00  4.66987E-01  1.87134E+02  1.41038E+02  0.00000E+00 -1.00917E+04  0.00000E+00  1.63531E+04 -4.00520E+03  1.01220E+04 -4.81379E+03
 OMEGA(2,2)    9.20568E-01 -3.98032E-01 -1.17046E+02 -3.11073E+01  0.00000E+00  6.33486E+03  0.00000E+00 -1.00361E+04  1.17956E+03 -4.81379E+03  3.26343E+03
