TABLE NO.     1: First Order Conditional Estimation with Interaction: Problem=1 Subproblem=0 Superproblem1=0 Iteration1=0 Superproblem2=0 Iteration2=0
 NAME         THETA1       THETA2       THETA3       THETA4       THETA5       SIGMA(1,1)   SIGMA(2,1)   SIGMA(2,2)   OMEGA(1,1)   OMEGA(2,1)   OMEGA(2,2)
 THETA1        1.45580E-02  2.62769E-03 -2.47364E-01  1.47833E-01 -1.90188E-13 -3.36037E+02  0.00000E+00  3.31966E+04 -1.64600E+02  4.50210E+02 -1.85733E+02
 THETA2        2.62769E-03  4.74292E-04 -4.46486E-02  2.66836E-02 -3.43285E-14 -6.06538E+01  0.00000E+00  5.99191E+03 -2.97100E+01  8.12618E+01 -3.35244E+01
 THETA3       -2.47364E-01 -4.46486E-02  4.20310E+00 -2.51192E+00  3.23159E-12  5.70979E+03  0.00000E+00 -5.64062E+05  2.79682E+03 -7.64977E+03  3.15590E+03
 THETA4        1.47833E-01  2.66836E-02 -2.51192E+00  1.50121E+00 -1.93131E-12 -3.41237E+03  0.00000E+00  3.37103E+05 -1.67147E+03  4.57176E+03 -1.88607E+03
 THETA5       -1.90188E-13 -3.43285E-14  3.23159E-12 -1.93131E-12 -8.62603E-21 -1.52410E-05  0.00000E+00  1.50564E-03 -7.46549E-06  2.04194E-05 -8.42398E-06
 SIGMA(1,1)   -3.36037E+02 -6.06538E+01  5.70979E+03 -3.41237E+03 -1.52410E-05  7.75658E+06  0.00000E+00 -7.66261E+08  3.79939E+06 -1.03920E+07  4.28719E+06
 SIGMA(2,1)    0.00000E+00  0.00000E+00  0.00000E+00  0.00000E+00  0.00000E+00  0.00000E+00  0.00000E+00  0.00000E+00  0.00000E+00  0.00000E+00  0.00000E+00
 SIGMA(2,2)    3.31966E+04  5.99191E+03 -5.64062E+05  3.37103E+05  1.50564E-03 -7.66261E+08  0.00000E+00  7.56979E+10 -3.75337E+08  1.02661E+09 -4.23526E+08
 OMEGA(1,1)   -1.64600E+02 -2.97100E+01  2.79682E+03 -1.67147E+03 -7.46549E-06  3.79939E+06  0.00000E+00 -3.75337E+08  1.86105E+06 -5.09029E+06  2.09999E+06
 OMEGA(2,1)    4.50210E+02  8.12618E+01 -7.64977E+03  4.57176E+03  2.04194E-05 -1.03920E+07  0.00000E+00  1.02661E+09 -5.09029E+06  1.39228E+07 -5.74383E+06
 OMEGA(2,2)   -1.85733E+02 -3.35244E+01  3.15590E+03 -1.88607E+03 -8.42398E-06  4.28719E+06  0.00000E+00 -4.23526E+08  2.09999E+06 -5.74383E+06  2.36961E+06
