TABLE NO.     1: First Order Conditional Estimation with Interaction: Problem=1 Subproblem=0 Superproblem1=0 Iteration1=0 Superproblem2=0 Iteration2=0
 NAME         THETA1       THETA2       THETA3       THETA4       THETA5       SIGMA(1,1)   SIGMA(2,1)   SIGMA(2,2)   OMEGA(1,1)   OMEGA(2,1)   OMEGA(2,2)
 THETA1        8.32230E+00 -6.71896E-01  6.97167E-01  7.82037E-01  0.00000E+00 -7.71828E-02  0.00000E+00  9.42345E-03 -4.59130E-02 -6.70989E-02 -1.05947E-01
 THETA2       -6.71896E-01  5.48463E+01 -9.71185E-01 -9.79018E-01  0.00000E+00  7.68254E-01  0.00000E+00 -7.16754E-01  7.42168E-01  7.58526E-01  7.85866E-01
 THETA3        6.97167E-01 -9.71185E-01  8.74442E-01  9.87424E-01  0.00000E+00 -6.55923E-01  0.00000E+00  5.93874E-01 -6.21935E-01 -6.42245E-01 -6.77800E-01
 THETA4        7.82037E-01 -9.79018E-01  9.87424E-01  8.49126E+00  0.00000E+00 -6.26084E-01  0.00000E+00  5.63553E-01 -5.93725E-01 -6.13997E-01 -6.49370E-01
 THETA5        0.00000E+00  0.00000E+00  0.00000E+00  0.00000E+00  0.00000E+00  0.00000E+00  0.00000E+00  0.00000E+00  0.00000E+00  0.00000E+00  0.00000E+00
 SIGMA(1,1)   -7.71828E-02  7.68254E-01 -6.55923E-01 -6.26084E-01  0.00000E+00  6.57619E-03  0.00000E+00 -9.96834E-01  9.98940E-01  9.99428E-01  9.96041E-01
 SIGMA(2,1)    0.00000E+00  0.00000E+00  0.00000E+00  0.00000E+00  0.00000E+00  0.00000E+00  0.00000E+00  0.00000E+00  0.00000E+00  0.00000E+00  0.00000E+00
 SIGMA(2,2)    9.42345E-03 -7.16754E-01  5.93874E-01  5.63553E-01  0.00000E+00 -9.96834E-01  0.00000E+00  6.31777E-04 -9.99303E-01 -9.97639E-01 -9.90192E-01
 OMEGA(1,1)   -4.59130E-02  7.42168E-01 -6.21935E-01 -5.93725E-01  0.00000E+00  9.98940E-01  0.00000E+00 -9.99303E-01  4.60009E-01  9.99255E-01  9.93516E-01
 OMEGA(2,1)   -6.70989E-02  7.58526E-01 -6.42245E-01 -6.13997E-01  0.00000E+00  9.99428E-01  0.00000E+00 -9.97639E-01  9.99255E-01  3.30365E-01  9.97162E-01
 OMEGA(2,2)   -1.05947E-01  7.85866E-01 -6.77800E-01 -6.49370E-01  0.00000E+00  9.96041E-01  0.00000E+00 -9.90192E-01  9.93516E-01  9.97162E-01  2.66870E-01
