TABLE NO.     1: First Order Conditional Estimation with Interaction: Problem=1 Subproblem=0 Superproblem1=0 Iteration1=0 Superproblem2=0 Iteration2=0
 NAME         THETA1       THETA2       THETA3       THETA4       THETA5       SIGMA(1,1)   SIGMA(2,1)   SIGMA(2,2)   OMEGA(1,1)   OMEGA(2,1)   OMEGA(2,2)
 THETA1        1.42564E-01  5.85637E-01  3.98511E-01 -1.32707E+02 -5.04864E+02 -6.83116E+02  0.00000E+00 -1.36629E+04  3.66437E+01 -4.54917E+01  2.09779E+01
 THETA2        5.85637E-01  2.40704E+00  1.64450E+00 -5.45282E+02 -2.07641E+03 -2.78764E+03  0.00000E+00 -5.55959E+04  1.50426E+02 -1.87281E+02  8.64366E+01
 THETA3        3.98511E-01  1.64450E+00  1.21139E+00 -3.72583E+02 -1.43970E+03 -1.65998E+03  0.00000E+00 -3.11285E+04  1.10328E+02 -1.37424E+02  6.10473E+01
 THETA4       -1.32707E+02 -5.45282E+02 -3.72583E+02  1.23711E+05  4.70453E+05  6.35260E+05  0.00000E+00  1.26936E+07 -3.36099E+04  4.16244E+04 -1.92780E+04
 THETA5       -5.04864E+02 -2.07641E+03 -1.43970E+03  4.70453E+05  1.79632E+06  2.34896E+06  0.00000E+00  4.63939E+07 -1.31682E+05  1.63771E+05 -7.49781E+04
 SIGMA(1,1)   -6.83116E+02 -2.78764E+03 -1.65998E+03  6.35260E+05  2.34896E+06  6.12347E+06  0.00000E+00  1.44296E+08 -1.06281E+05  1.31617E+05 -9.05984E+04
 SIGMA(2,1)    0.00000E+00  0.00000E+00  0.00000E+00  0.00000E+00  0.00000E+00  0.00000E+00  0.00000E+00  0.00000E+00  0.00000E+00  0.00000E+00  0.00000E+00
 SIGMA(2,2)   -1.36629E+04 -5.55959E+04 -3.11285E+04  1.26936E+07  4.63939E+07  1.44296E+08  0.00000E+00  3.50385E+09 -1.63210E+06  2.06846E+06 -1.79067E+06
 OMEGA(1,1)    3.66437E+01  1.50426E+02  1.10328E+02 -3.36099E+04 -1.31682E+05 -1.06281E+05  0.00000E+00 -1.63210E+06  8.89705E+04 -9.17396E+04  8.28952E+03
 OMEGA(2,1)   -4.54917E+01 -1.87281E+02 -1.37424E+02  4.16244E+04  1.63771E+05  1.31617E+05  0.00000E+00  2.06846E+06 -9.17396E+04  1.08091E+05 -1.88457E+04
 OMEGA(2,2)    2.09779E+01  8.64366E+01  6.10473E+01 -1.92780E+04 -7.49781E+04 -9.05984E+04  0.00000E+00 -1.79067E+06  8.28952E+03 -1.88457E+04  1.10414E+04
