TABLE NO.     1: First Order Conditional Estimation with Interaction: Problem=1 Subproblem=0 Superproblem1=0 Iteration1=0 Superproblem2=0 Iteration2=0
 NAME         THETA1       THETA2       THETA3       THETA4       THETA5       SIGMA(1,1)   SIGMA(2,1)   SIGMA(2,2)   OMEGA(1,1)   OMEGA(2,1)   OMEGA(2,2)
 THETA1        3.16975E-01  8.21542E-01  2.82839E+01  3.66358E+03 -6.59511E+03  5.60836E+02  0.00000E+00 -1.70974E+04 -3.96561E+01 -2.78487E+01  2.73506E+01
 THETA2        8.21542E-01  2.13029E+00  7.33319E+01  9.49757E+03 -1.70989E+04  1.45397E+03  0.00000E+00 -4.43225E+04 -1.02816E+02 -7.24928E+01  7.10957E+01
 THETA3        2.82839E+01  7.33319E+01  2.52451E+03  3.26958E+05 -5.88643E+05  5.00536E+04  0.00000E+00 -1.52583E+06 -3.53210E+03 -2.49579E+03  2.44625E+03
 THETA4        3.66358E+03  9.49757E+03  3.26958E+05  4.23486E+07 -7.62381E+07  6.48298E+06  0.00000E+00 -1.97631E+08 -4.58268E+05 -3.22668E+05  3.16605E+05
 THETA5       -6.59511E+03 -1.70989E+04 -5.88643E+05 -7.62381E+07  1.37255E+08 -1.16711E+07  0.00000E+00  3.55785E+08  8.23887E+05  5.81710E+05 -5.70304E+05
 SIGMA(1,1)    5.60836E+02  1.45397E+03  5.00536E+04  6.48298E+06 -1.16711E+07  9.92756E+05  0.00000E+00 -3.02536E+07 -7.00204E+04 -4.96338E+04  4.86254E+04
 SIGMA(2,1)    0.00000E+00  0.00000E+00  0.00000E+00  0.00000E+00  0.00000E+00  0.00000E+00  0.00000E+00  0.00000E+00  0.00000E+00  0.00000E+00  0.00000E+00
 SIGMA(2,2)   -1.70974E+04 -4.43225E+04 -1.52583E+06 -1.97631E+08  3.55785E+08 -3.02536E+07  0.00000E+00  9.22333E+08  2.14609E+06  1.49991E+06 -1.47522E+06
 OMEGA(1,1)   -3.96561E+01 -1.02816E+02 -3.53210E+03 -4.58268E+05  8.23887E+05 -7.00204E+04  0.00000E+00  2.14609E+06  1.55565E+04 -2.40449E+03 -3.43030E+03
 OMEGA(2,1)   -2.78487E+01 -7.24928E+01 -2.49579E+03 -3.22668E+05  5.81710E+05 -4.96338E+04  0.00000E+00  1.49991E+06 -2.40449E+03  8.74341E+03 -3.92102E+03
 OMEGA(2,2)    2.73506E+01  7.10957E+01  2.44625E+03  3.16605E+05 -5.70304E+05  4.86254E+04  0.00000E+00 -1.47522E+06 -3.43030E+03 -3.92102E+03  4.14254E+03
