TABLE NO.     1: First Order Conditional Estimation with Interaction: Problem=1 Subproblem=0 Superproblem1=0 Iteration1=0 Superproblem2=0 Iteration2=0
 NAME         THETA1       THETA2       THETA3       THETA4       THETA5       SIGMA(1,1)   SIGMA(2,1)   SIGMA(2,2)   OMEGA(1,1)   OMEGA(2,1)   OMEGA(2,2)
 THETA1        1.46471E+03  9.78568E-01  8.93313E-01  6.11975E-01  8.95905E-01  4.25950E-01  0.00000E+00 -8.66295E-01  5.24860E-01  4.22153E-01  2.08698E-01
 THETA2        9.78568E-01  5.33907E+02  8.19945E-01  4.99914E-01  8.23887E-01  3.92857E-01  0.00000E+00 -7.99900E-01  5.49869E-01  4.29972E-01  2.24067E-01
 THETA3        8.93313E-01  8.19945E-01  4.84430E+02  8.92025E-01  9.99960E-01  5.04380E-01  0.00000E+00 -9.80945E-01  4.84129E-01  4.17906E-01  1.73194E-01
 THETA4        6.11975E-01  4.99914E-01  8.92025E-01  2.25553E-01  8.89861E-01  4.03727E-01  0.00000E+00 -8.53632E-01  3.08343E-01  3.16692E-01  7.55066E-02
 THETA5        8.95905E-01  8.23887E-01  9.99960E-01  8.89861E-01  2.40271E+00  5.04594E-01  0.00000E+00 -9.80994E-01  4.86785E-01  4.19406E-01  1.74691E-01
 SIGMA(1,1)    4.25950E-01  3.92857E-01  5.04380E-01  4.03727E-01  5.04594E-01  7.24857E-02  0.00000E+00 -5.46357E-01  3.05399E-01  2.56217E-01  4.55750E-02
 SIGMA(2,1)    0.00000E+00  0.00000E+00  0.00000E+00  0.00000E+00  0.00000E+00  0.00000E+00  0.00000E+00  0.00000E+00  0.00000E+00  0.00000E+00  0.00000E+00
 SIGMA(2,2)   -8.66295E-01 -7.99900E-01 -9.80945E-01 -8.53632E-01 -9.80994E-01 -5.46357E-01  0.00000E+00  3.65204E-02 -5.27251E-01 -4.23052E-01 -2.17467E-01
 OMEGA(1,1)    5.24860E-01  5.49869E-01  4.84129E-01  3.08343E-01  4.86785E-01  3.05399E-01  0.00000E+00 -5.27251E-01  2.13927E-02  8.31528E-01  5.79996E-01
 OMEGA(2,1)    4.22153E-01  4.29972E-01  4.17906E-01  3.16692E-01  4.19406E-01  2.56217E-01  0.00000E+00 -4.23052E-01  8.31528E-01  2.72756E-02  6.46544E-01
 OMEGA(2,2)    2.08698E-01  2.24067E-01  1.73194E-01  7.55066E-02  1.74691E-01  4.55750E-02  0.00000E+00 -2.17467E-01  5.79996E-01  6.46544E-01  3.37488E-02
