dmp.txt <- structure(
	.Data = list(
		"coefficients" = list(
			"fixed" = c("GAMMA" = 1.83033761377974, "CMultStdev" = 0.497354052116753, "tvVmax" = 3128.88647650178, "tvKm" = 700.64196699748, "tvV" = 43.7307208729372, "tvKa" = 1.33780924061069, "CEps" = 0.499636966853832)
			, "random" = list("Subject" = matrix(
				as.numeric(c(
					 0.0859381759818754,  0.14048997543301,  -0.0749212456395563
					,  -0.0556333889339154,  0.0239317256007632,  0.0604093316258808
					,  -0.008037826780119,  0.202994615470877,  0.0596624581529137
					,  0.27845789225669,  -0.0111064553670461,  0.180674255899698
					,  -0.11017487055304,  0.250979210109263,  -0.563929695418395
					,  0.209232306142765,  -0.703348183288663,  0.227565522496005
					,  -0.44942546158827,  0.290475445915418,  0.647398655910233
					,  0.226225084043733,  -0.0457487787332894,  0.145210630330893
					,  0.429332341041608,  0.0604799591984721,  0.180151088414474
					,  -0.370238294073363,  -0.485782924431505,  0.309979537000278
					,  -0.424495263033997,  0.328266570076206,  -0.637311005170596
					,  -0.0286497444201849,  0.066556311481482,  0.364610189261129
					,  -0.0541622801857274,  -0.827425577729384,  0.461467812709152
					,  0.698245830591306,  -0.304618340798701,  -0.620291503472447
					,  -0.25922854482764,  0.135903485502361,  0.533820845075911
					,  0.068032668253961,  -0.0251844122910789,  0.150872028496113
					,  0.453587645569601,  0.188539694324016,  -0.527513018729425
					,  0.0180696656782117,  -0.264626278337355,  -0.764834043457167
					,  -0.160703406216678,  0.346187722914895,  0.578353993456065
					,  -0.154798158184828,  -0.747945634593933,  0.361161357244886
					))
				, nrow = 60, ncol = 1
				, dimnames = list(
					as.character(c( "1", "2", "3", "4", "5", "6", "7", "8", "9", "10"
					  , "11", "12", "13", "14", "15", "16", "17", "18", "19", "20"
					  , "21", "22", "23", "24", "25", "26", "27", "28", "29", "30"
					  , "31", "32", "33", "34", "35", "36", "37", "38", "39", "40"
					  , "41", "42", "43", "44", "45", "46", "47", "48", "49", "50"
					  , "51", "52", "53", "54", "55", "56", "57", "58", "59", "60"))
					, as.character(c("nVmax"))
					)
				))
			)
		, "logLik" = c(-3432.97)
		, "nObs" = c(480)
		, "nSubj" = c(60)
		, "nParm" = c(8)
		, "returnCode" = c(1)
		, "omega" = matrix(
			as.numeric(c(0.155998659124872))
			, nrow = 1, ncol = 1
			, dimnames = list(
				as.character(c("nVmax"))
				, as.character(c("nVmax"))
				)
			)
		, "eta" = matrix(
			as.numeric(c(0.00138549492339737, 0.13522288966831, 0.367726650745238, 0.0689678598774512))
			, nrow = 1, ncol = 4
			, dimnames = list(
				as.character(c("nVmax"))
				, as.character(c("mean", "var", "sd", "shrinkage"))
				)
			)
		, "eta_shrinkage" = list("Subject" = matrix(
			as.numeric(c(
				 0.133098843335554,  0.125015172588659,  0.135416660804634
				,  0.132303156758409,  0.133336619352824,  0.140054794524439
				,  0.126076742443923,  0.134688456669406,  0.133699508411564
				,  0.128511347307254,  0.140946655999498,  0.126590423758787
				,  0.135640607549701,  0.133130896257185,  0.137984500714974
				,  0.12789959424649,  0.145178019761284,  0.131965086727379
				,  0.140681799377814,  0.124578437297451,  0.124223918582018
				,  0.135554440337528,  0.129715740166406,  0.134233372889691
				,  0.135087220926984,  0.121185345459064,  0.141698057445541
				,  0.14480142792774,  0.137412315978688,  0.124001025145776
				,  0.132583064936317,  0.127542091181681,  0.13542517004025
				,  0.132891368385047,  0.125501293520007,  0.135580448681363
				,  0.135019651000763,  0.152048340945147,  0.120981676411787
				,  0.119965358433645,  0.132374789347945,  0.142427025048408
				,  0.127370594704483,  0.122517837235317,  0.117905489077377
				,  0.128815344484915,  0.138390510903753,  0.136806119794043
				,  0.118847752429788,  0.123911793249534,  0.144064864087501
				,  0.134129100974845,  0.143177173080099,  0.161125719984854
				,  0.137914056782497,  0.12293945715947,  0.125681759337955
				,  0.133916668364196,  0.156789948898072,  0.127376408143914
				))
			, nrow = 60, ncol = 1
			, dimnames = list(
				as.character(c( "1", "2", "3", "4", "5", "6", "7", "8", "9", "10"
				  , "11", "12", "13", "14", "15", "16", "17", "18", "19", "20"
				  , "21", "22", "23", "24", "25", "26", "27", "28", "29", "30"
				  , "31", "32", "33", "34", "35", "36", "37", "38", "39", "40"
				  , "41", "42", "43", "44", "45", "46", "47", "48", "49", "50"
				  , "51", "52", "53", "54", "55", "56", "57", "58", "59", "60"))
				, as.character(c("nVmax_shrinkage"))
				)
			))
		, "sigma" = matrix(
			as.numeric(c(0.249637098646898))
			, nrow = 1, ncol = 1
			, dimnames = list(
				as.character(c("CEps"))
				, as.character(c("CEps"))
				)
			)
		, "method" = "FOCE-ELS"
		, "varFix" = matrix(
			as.numeric(c(0.017599348855509, 0.000945067865390831, -61.687562760201, -19.5237636933075, 0.110278929858016, 0.00554985706588006, 0.0232409136194183, 0.000945067865390831, 0.000481665396157072, -3.15026557589558, -0.839195189550824, -0.0108182222957064, -0.000719397675558032, 0.00206547505165261, -61.687562760201, -3.15026557589558, 288742.313164622, 82350.7540101547, -787.926603555207, -38.3660020716092, -77.1015063620551, -19.5237636933075, -0.839195189550824, 82350.7540101547, 25570.215060893, -250.834570804558, -12.3625346565781, -23.1889418126408, 0.110278929858016, -0.0108182222957064, -787.926603555207, -250.834570804558, 7.44119930667907, 0.410232173110017, 0.154451401253318, 0.00554985706588006, -0.000719397675558032, -38.3660020716092, -12.3625346565781, 0.410232173110017, 0.0349013165701951, 0.0101036923878662, 0.0232409136194183, 0.00206547505165261, -77.1015063620551, -23.1889418126408, 0.154451401253318, 0.0101036923878662, 0.0628768073599125))
			, nrow = 7, ncol = 7
			, dimnames = list(
				as.character(c("GAMMA", "CMultStdev", "tvVmax", "tvKm", "tvV", "tvKa", "CEps"))
				, as.character(c("GAMMA", "CMultStdev", "tvVmax", "tvKm", "tvV", "tvKa", "CEps"))
				)
			)
		, "omegaSE" = matrix(
			as.numeric(c(0.0263957520166199))
			, nrow = 1, ncol = 1, byrow = TRUE
			, dimnames = list(
				as.character(c("nVmax"))
				, as.character(c("nVmax"))
				)
			)
		, "Covariance" = matrix(
			as.numeric(c(0.017599349, 0.00094506787, -61.687563, -19.523764, 0.11027893, 0.0055498571, 0.023240914, 0.00015575308, 0.00094506787, 0.0004816654, -3.1502656, -0.83919519, -0.010818222, -0.00071939768, 0.0020654751, 7.7044692e-005, -61.687563, -3.1502656, 288742.31, 82350.754, -787.9266, -38.366002, -77.101506, -1.4019353, -19.523764, -0.83919519, 82350.754, 25570.215, -250.83457, -12.362535, -23.188942, 0.041443606, 0.11027893, -0.010818222, -787.9266, -250.83457, 7.4411993, 0.41023217, 0.1544514, -0.0085786359, 0.0055498571, -0.00071939768, -38.366002, -12.362535, 0.41023217, 0.034901317, 0.010103692, -0.00032496937, 0.023240914, 0.0020654751, -77.101506, -23.188942, 0.1544514, 0.010103692, 0.062876807, 0.00014873729, 0.00015575308, 7.7044692e-005, -1.4019353, 0.041443606, -0.0085786359, -0.00032496937, 0.00014873729, 0.00069673572))
			, nrow = 8, ncol = 8
			, dimnames = list(
				as.character(c("GAMMA", "CMultStdev", "tvVmax", "tvKm", "tvV", "tvKa", "stdev0", "nVmax-nVmax"))
				, as.character(c("GAMMA", "CMultStdev", "tvVmax", "tvKm", "tvV", "tvKa", "stdev0", "nVmax-nVmax"))
				)
			)
		, "Correlation" = matrix(
			as.numeric(c(0.13266254, 0.32459511, -0.86535458, -0.92033948, 0.30473531, 0.22393016, 0.69864999, 0.044478929, 0.32459511, 0.021946877, -0.26712789, -0.23912395, -0.18070148, -0.1754589, 0.37532024, 0.1329952, -0.86535458, -0.26712789, 537.34748, 0.9583964, -0.53753789, -0.38218217, -0.57221917, -0.098841361, -0.92033948, -0.23912395, 0.9583964, 159.90689, -0.5750409, -0.41382758, -0.57832038, 0.0098187523, 0.30473531, -0.18070148, -0.53753789, -0.5750409, 2.7278562, 0.80498418, 0.22580063, -0.11914141, 0.22393016, -0.1754589, -0.38218217, -0.41382758, 0.80498418, 0.18681894, 0.21568203, -0.065900313, 0.69864999, 0.37532024, -0.57221917, -0.57832038, 0.22580063, 0.21568203, 0.25075248, 0.02247194, 0.044478929, 0.1329952, -0.098841361, 0.0098187523, -0.11914141, -0.065900313, 0.02247194, 0.026395752))
			, nrow = 8, ncol = 8
			, dimnames = list(
				as.character(c("GAMMA", "CMultStdev", "tvVmax", "tvKm", "tvV", "tvKa", "stdev0", "nVmax-nVmax"))
				, as.character(c("GAMMA", "CMultStdev", "tvVmax", "tvKm", "tvV", "tvKa", "stdev0", "nVmax-nVmax"))
				)
			)
		, "Inverse" = matrix(
			as.numeric(c(1446.1938, 394.50824, -0.1269247, 1.6004904, 25.188977, -45.995018, -166.44253, -393.28818, 394.50824, 2971.0534, -0.0044524242, 0.45997628, 15.022584, 11.761449, -117.46874, -237.51829, -0.1269247, -0.0044524242, 6.148621e-005, -0.00029857592, -0.0019041196, 0.00085219247, 0.01654286, 0.14376663, 1.6004904, 0.45997628, -0.00029857592, 0.0023608368, 0.030470545, -0.054067483, -0.16649262, -0.76435965, 25.188977, 15.022584, -0.0019041196, 0.030470545, 0.9710842, -5.758002, -2.3540041, -3.1624635, -45.995018, 11.761449, 0.00085219247, -0.054067483, -5.758002, 86.079541, -1.9297444, -16.422848, -166.44253, -117.46874, 0.01654286, -0.16649262, -2.3540041, -1.9297444, 46.132959, 53.655079, -393.28818, -237.51829, 0.14376663, -0.76435965, -3.1624635, -16.422848, 53.655079,  1826.141))
			, nrow = 8, ncol = 8
			, dimnames = list(
				as.character(c("GAMMA", "CMultStdev", "tvVmax", "tvKm", "tvV", "tvKa", "stdev0", "nVmax-nVmax"))
				, as.character(c("GAMMA", "CMultStdev", "tvVmax", "tvKm", "tvV", "tvKa", "stdev0", "nVmax-nVmax"))
				)
			)
		, "LLTable" = data.frame(
			id = as.character(c( "1", "2", "3", "4", "5", "6", "7", "8", "9", "10", "11", "12", "13", "14", "15", "16", "17", "18", "19", "20", "21", "22", "23", "24", "25", "26", "27", "28", "29", "30", "31", "32", "33", "34", "35", "36", "37", "38", "39", "40", "41", "42", "43", "44", "45", "46", "47", "48", "49", "50", "51", "52", "53", "54", "55", "56", "57", "58", "59", "60"))
			, "LL" = c(-55.41077, -55.48067, -56.933382, -54.968811, -67.468551, -55.458143, -55.904941, -54.068803, -60.680667, -53.169107, -55.929042, -53.887666, -57.461676, -54.848651, -62.818132, -53.889849,   -66.163, -53.224508, -62.472124, -53.037521, -52.761212, -54.335778, -58.284881, -55.472585, -53.794055, -60.714076, -52.873484, -59.146919, -64.823074, -56.036268, -60.447407, -53.319251, -60.88375, -56.31282, -56.498196, -53.158684, -56.567245, -64.644621, -52.422462, -51.001943, -58.59526, -70.861399, -56.284092, -55.903652, -51.80425, -55.538237, -56.615257, -55.123713, -53.851136, -53.864274, -63.267823, -55.690756, -58.199213, -63.035574, -59.715413, -56.47473, -52.364233, -57.991461, -67.435259, -53.575128)
			) # end of LLTable
		, "residuals" = data.frame(
			  ID1 = as.character(c(  "",   "",   "",   "",   "",   "",   "",   "",   "",   "",   "",   "",   "",   "",   "",   "",   "",   "",   "",   "",   "",   "",   "",   "",   "",   "",   "",   "",   "",   "",   "",   "",   "",   "",   "",   "",   "",   "",   "",   "",   "",   "",   "",   "",   "",   "",   "",   "",   "",   "",   "",   "",   "",   "",   "",   "",   "",   "",   "",   "",   "",   "",   "",   "",   "",   "",   "",   "",   "",   "",   "",   "",   "",   "",   "",   "",   "",   "",   "",   "",   "",   "",   "",   "",   "",   "",   "",   "",   "",   "",   "",   "",   "",   "",   "",   "",   "",   "",   "",   "",   "",   "",   "",   "",   "",   "",   "",   "",   "",   "",   "",   "",   "",   "",   "",   "",   "",   "",   "",   "",   "",   "",   "",   "",   "",   "",   "",   "",   "",   "",   "",   "",   "",   "",   "",   "",   "",   "",   "",   "",   "",   "",   "",   "",   "",   "",   "",   "",   "",   "",   "",   "",   "",   "",   "",   "",   "",   "",   "",   "",   "",   "",   "",   "",   "",   "",   "",   "",   "",   "",   "",   "",   "",   "",   "",   "",   "",   "",   "",   "",   "",   "",   "",   "",   "",   "",   "",   "",   "",   "",   "",   "",   "",   "",   "",   "",   "",   "",   "",   "",   "",   "",   "",   "",   "",   "",   "",   "",   "",   "",   "",   "",   "",   "",   "",   "",   "",   "",   "",   "",   "",   "",   "",   "",   "",   "",   "",   "",   "",   "",   "",   "",   "",   "",   "",   "",   "",   "",   "",   "",   "",   "",   "",   "",   "",   "",   "",   "",   "",   "",   "",   "",   "",   "",   "",   "",   "",   "",   "",   "",   "",   "",   "",   "",   "",   "",   "",   "",   "",   "",   "",   "",   "",   "",   "",   "",   "",   "",   "",   "",   "",   "",   "",   "",   "",   "",   "",   "",   "",   "",   "",   "",   "",   "",   "",   "",   "",   "",   "",   "",   "",   "",   "",   "",   "",   "",   "",   "",   "",   "",   "",   "",   "",   "",   "",   "",   "",   "",   "",   "",   "",   "",   "",   "",   "",   "",   "",   "",   "",   "",   "",   "",   "",   "",   "",   "",   "",   "",   "",   "",   "",   "",   "",   "",   "",   "",   "",   "",   "",   "",   "",   "",   "",   "",   "",   "",   "",   "",   "",   "",   "",   "",   "",   "",   "",   "",   "",   "",   "",   "",   "",   "",   "",   "",   "",   "",   "",   "",   "",   "",   "",   "",   "",   "",   "",   "",   "",   "",   "",   "",   "",   "",   "",   "",   "",   "",   "",   "",   "",   "",   "",   "",   "",   "",   "",   "",   "",   "",   "",   "",   "",   "",   "",   "",   "",   "",   "",   "",   "",   "",   "",   "",   "",   "",   "",   "",   "",   "",   "",   "",   "",   "",   "",   "",   "",   "",   "",   "",   "",   "",   "",   "",   "",   "",   "",   "",   "",   "",   "",   "",   "",   "",   "",   "",   "",   "",   "",   "",   "",   "",   "",   "",   "",   "",   "",   "",   "",   "",   "",   "",   "",   "",   "",   "",   "",   "",   "",   "",   "",   ""))
			, ID2 = as.character(c(  "",   "",   "",   "",   "",   "",   "",   "",   "",   "",   "",   "",   "",   "",   "",   "",   "",   "",   "",   "",   "",   "",   "",   "",   "",   "",   "",   "",   "",   "",   "",   "",   "",   "",   "",   "",   "",   "",   "",   "",   "",   "",   "",   "",   "",   "",   "",   "",   "",   "",   "",   "",   "",   "",   "",   "",   "",   "",   "",   "",   "",   "",   "",   "",   "",   "",   "",   "",   "",   "",   "",   "",   "",   "",   "",   "",   "",   "",   "",   "",   "",   "",   "",   "",   "",   "",   "",   "",   "",   "",   "",   "",   "",   "",   "",   "",   "",   "",   "",   "",   "",   "",   "",   "",   "",   "",   "",   "",   "",   "",   "",   "",   "",   "",   "",   "",   "",   "",   "",   "",   "",   "",   "",   "",   "",   "",   "",   "",   "",   "",   "",   "",   "",   "",   "",   "",   "",   "",   "",   "",   "",   "",   "",   "",   "",   "",   "",   "",   "",   "",   "",   "",   "",   "",   "",   "",   "",   "",   "",   "",   "",   "",   "",   "",   "",   "",   "",   "",   "",   "",   "",   "",   "",   "",   "",   "",   "",   "",   "",   "",   "",   "",   "",   "",   "",   "",   "",   "",   "",   "",   "",   "",   "",   "",   "",   "",   "",   "",   "",   "",   "",   "",   "",   "",   "",   "",   "",   "",   "",   "",   "",   "",   "",   "",   "",   "",   "",   "",   "",   "",   "",   "",   "",   "",   "",   "",   "",   "",   "",   "",   "",   "",   "",   "",   "",   "",   "",   "",   "",   "",   "",   "",   "",   "",   "",   "",   "",   "",   "",   "",   "",   "",   "",   "",   "",   "",   "",   "",   "",   "",   "",   "",   "",   "",   "",   "",   "",   "",   "",   "",   "",   "",   "",   "",   "",   "",   "",   "",   "",   "",   "",   "",   "",   "",   "",   "",   "",   "",   "",   "",   "",   "",   "",   "",   "",   "",   "",   "",   "",   "",   "",   "",   "",   "",   "",   "",   "",   "",   "",   "",   "",   "",   "",   "",   "",   "",   "",   "",   "",   "",   "",   "",   "",   "",   "",   "",   "",   "",   "",   "",   "",   "",   "",   "",   "",   "",   "",   "",   "",   "",   "",   "",   "",   "",   "",   "",   "",   "",   "",   "",   "",   "",   "",   "",   "",   "",   "",   "",   "",   "",   "",   "",   "",   "",   "",   "",   "",   "",   "",   "",   "",   "",   "",   "",   "",   "",   "",   "",   "",   "",   "",   "",   "",   "",   "",   "",   "",   "",   "",   "",   "",   "",   "",   "",   "",   "",   "",   "",   "",   "",   "",   "",   "",   "",   "",   "",   "",   "",   "",   "",   "",   "",   "",   "",   "",   "",   "",   "",   "",   "",   "",   "",   "",   "",   "",   "",   "",   "",   "",   "",   "",   "",   "",   "",   "",   "",   "",   "",   "",   "",   "",   "",   "",   "",   "",   "",   "",   "",   "",   "",   "",   "",   "",   "",   "",   "",   "",   "",   "",   "",   "",   "",   "",   "",   "",   "",   "",   "",   "",   "",   "",   "",   "",   "",   "",   "",   "",   "",   "",   ""))
			, ID3 = as.character(c(  "",   "",   "",   "",   "",   "",   "",   "",   "",   "",   "",   "",   "",   "",   "",   "",   "",   "",   "",   "",   "",   "",   "",   "",   "",   "",   "",   "",   "",   "",   "",   "",   "",   "",   "",   "",   "",   "",   "",   "",   "",   "",   "",   "",   "",   "",   "",   "",   "",   "",   "",   "",   "",   "",   "",   "",   "",   "",   "",   "",   "",   "",   "",   "",   "",   "",   "",   "",   "",   "",   "",   "",   "",   "",   "",   "",   "",   "",   "",   "",   "",   "",   "",   "",   "",   "",   "",   "",   "",   "",   "",   "",   "",   "",   "",   "",   "",   "",   "",   "",   "",   "",   "",   "",   "",   "",   "",   "",   "",   "",   "",   "",   "",   "",   "",   "",   "",   "",   "",   "",   "",   "",   "",   "",   "",   "",   "",   "",   "",   "",   "",   "",   "",   "",   "",   "",   "",   "",   "",   "",   "",   "",   "",   "",   "",   "",   "",   "",   "",   "",   "",   "",   "",   "",   "",   "",   "",   "",   "",   "",   "",   "",   "",   "",   "",   "",   "",   "",   "",   "",   "",   "",   "",   "",   "",   "",   "",   "",   "",   "",   "",   "",   "",   "",   "",   "",   "",   "",   "",   "",   "",   "",   "",   "",   "",   "",   "",   "",   "",   "",   "",   "",   "",   "",   "",   "",   "",   "",   "",   "",   "",   "",   "",   "",   "",   "",   "",   "",   "",   "",   "",   "",   "",   "",   "",   "",   "",   "",   "",   "",   "",   "",   "",   "",   "",   "",   "",   "",   "",   "",   "",   "",   "",   "",   "",   "",   "",   "",   "",   "",   "",   "",   "",   "",   "",   "",   "",   "",   "",   "",   "",   "",   "",   "",   "",   "",   "",   "",   "",   "",   "",   "",   "",   "",   "",   "",   "",   "",   "",   "",   "",   "",   "",   "",   "",   "",   "",   "",   "",   "",   "",   "",   "",   "",   "",   "",   "",   "",   "",   "",   "",   "",   "",   "",   "",   "",   "",   "",   "",   "",   "",   "",   "",   "",   "",   "",   "",   "",   "",   "",   "",   "",   "",   "",   "",   "",   "",   "",   "",   "",   "",   "",   "",   "",   "",   "",   "",   "",   "",   "",   "",   "",   "",   "",   "",   "",   "",   "",   "",   "",   "",   "",   "",   "",   "",   "",   "",   "",   "",   "",   "",   "",   "",   "",   "",   "",   "",   "",   "",   "",   "",   "",   "",   "",   "",   "",   "",   "",   "",   "",   "",   "",   "",   "",   "",   "",   "",   "",   "",   "",   "",   "",   "",   "",   "",   "",   "",   "",   "",   "",   "",   "",   "",   "",   "",   "",   "",   "",   "",   "",   "",   "",   "",   "",   "",   "",   "",   "",   "",   "",   "",   "",   "",   "",   "",   "",   "",   "",   "",   "",   "",   "",   "",   "",   "",   "",   "",   "",   "",   "",   "",   "",   "",   "",   "",   "",   "",   "",   "",   "",   "",   "",   "",   "",   "",   "",   "",   "",   "",   "",   "",   "",   "",   "",   "",   "",   "",   "",   "",   "",   "",   "",   "",   "",   "",   "",   "",   "",   "",   ""))
			, ID4 = as.character(c(  "",   "",   "",   "",   "",   "",   "",   "",   "",   "",   "",   "",   "",   "",   "",   "",   "",   "",   "",   "",   "",   "",   "",   "",   "",   "",   "",   "",   "",   "",   "",   "",   "",   "",   "",   "",   "",   "",   "",   "",   "",   "",   "",   "",   "",   "",   "",   "",   "",   "",   "",   "",   "",   "",   "",   "",   "",   "",   "",   "",   "",   "",   "",   "",   "",   "",   "",   "",   "",   "",   "",   "",   "",   "",   "",   "",   "",   "",   "",   "",   "",   "",   "",   "",   "",   "",   "",   "",   "",   "",   "",   "",   "",   "",   "",   "",   "",   "",   "",   "",   "",   "",   "",   "",   "",   "",   "",   "",   "",   "",   "",   "",   "",   "",   "",   "",   "",   "",   "",   "",   "",   "",   "",   "",   "",   "",   "",   "",   "",   "",   "",   "",   "",   "",   "",   "",   "",   "",   "",   "",   "",   "",   "",   "",   "",   "",   "",   "",   "",   "",   "",   "",   "",   "",   "",   "",   "",   "",   "",   "",   "",   "",   "",   "",   "",   "",   "",   "",   "",   "",   "",   "",   "",   "",   "",   "",   "",   "",   "",   "",   "",   "",   "",   "",   "",   "",   "",   "",   "",   "",   "",   "",   "",   "",   "",   "",   "",   "",   "",   "",   "",   "",   "",   "",   "",   "",   "",   "",   "",   "",   "",   "",   "",   "",   "",   "",   "",   "",   "",   "",   "",   "",   "",   "",   "",   "",   "",   "",   "",   "",   "",   "",   "",   "",   "",   "",   "",   "",   "",   "",   "",   "",   "",   "",   "",   "",   "",   "",   "",   "",   "",   "",   "",   "",   "",   "",   "",   "",   "",   "",   "",   "",   "",   "",   "",   "",   "",   "",   "",   "",   "",   "",   "",   "",   "",   "",   "",   "",   "",   "",   "",   "",   "",   "",   "",   "",   "",   "",   "",   "",   "",   "",   "",   "",   "",   "",   "",   "",   "",   "",   "",   "",   "",   "",   "",   "",   "",   "",   "",   "",   "",   "",   "",   "",   "",   "",   "",   "",   "",   "",   "",   "",   "",   "",   "",   "",   "",   "",   "",   "",   "",   "",   "",   "",   "",   "",   "",   "",   "",   "",   "",   "",   "",   "",   "",   "",   "",   "",   "",   "",   "",   "",   "",   "",   "",   "",   "",   "",   "",   "",   "",   "",   "",   "",   "",   "",   "",   "",   "",   "",   "",   "",   "",   "",   "",   "",   "",   "",   "",   "",   "",   "",   "",   "",   "",   "",   "",   "",   "",   "",   "",   "",   "",   "",   "",   "",   "",   "",   "",   "",   "",   "",   "",   "",   "",   "",   "",   "",   "",   "",   "",   "",   "",   "",   "",   "",   "",   "",   "",   "",   "",   "",   "",   "",   "",   "",   "",   "",   "",   "",   "",   "",   "",   "",   "",   "",   "",   "",   "",   "",   "",   "",   "",   "",   "",   "",   "",   "",   "",   "",   "",   "",   "",   "",   "",   "",   "",   "",   "",   "",   "",   "",   "",   "",   "",   "",   "",   "",   "",   "",   "",   "",   "",   "",   "",   "",   "",   "",   "",   ""))
			, ID5 = as.character(c( "1",  "1",  "1",  "1",  "1",  "1",  "1",  "1",  "2",  "2",  "2",  "2",  "2",  "2",  "2",  "2",  "3",  "3",  "3",  "3",  "3",  "3",  "3",  "3",  "4",  "4",  "4",  "4",  "4",  "4",  "4",  "4",  "5",  "5",  "5",  "5",  "5",  "5",  "5",  "5",  "6",  "6",  "6",  "6",  "6",  "6",  "6",  "6",  "7",  "7",  "7",  "7",  "7",  "7",  "7",  "7",  "8",  "8",  "8",  "8",  "8",  "8",  "8",  "8",  "9",  "9",  "9",  "9",  "9",  "9",  "9",  "9", "10", "10", "10", "10", "10", "10", "10", "10", "11", "11", "11", "11", "11", "11", "11", "11", "12", "12", "12", "12", "12", "12", "12", "12", "13", "13", "13", "13", "13", "13", "13", "13", "14", "14", "14", "14", "14", "14", "14", "14", "15", "15", "15", "15", "15", "15", "15", "15", "16", "16", "16", "16", "16", "16", "16", "16", "17", "17", "17", "17", "17", "17", "17", "17", "18", "18", "18", "18", "18", "18", "18", "18", "19", "19", "19", "19", "19", "19", "19", "19", "20", "20", "20", "20", "20", "20", "20", "20", "21", "21", "21", "21", "21", "21", "21", "21", "22", "22", "22", "22", "22", "22", "22", "22", "23", "23", "23", "23", "23", "23", "23", "23", "24", "24", "24", "24", "24", "24", "24", "24", "25", "25", "25", "25", "25", "25", "25", "25", "26", "26", "26", "26", "26", "26", "26", "26", "27", "27", "27", "27", "27", "27", "27", "27", "28", "28", "28", "28", "28", "28", "28", "28", "29", "29", "29", "29", "29", "29", "29", "29", "30", "30", "30", "30", "30", "30", "30", "30", "31", "31", "31", "31", "31", "31", "31", "31", "32", "32", "32", "32", "32", "32", "32", "32", "33", "33", "33", "33", "33", "33", "33", "33", "34", "34", "34", "34", "34", "34", "34", "34", "35", "35", "35", "35", "35", "35", "35", "35", "36", "36", "36", "36", "36", "36", "36", "36", "37", "37", "37", "37", "37", "37", "37", "37", "38", "38", "38", "38", "38", "38", "38", "38", "39", "39", "39", "39", "39", "39", "39", "39", "40", "40", "40", "40", "40", "40", "40", "40", "41", "41", "41", "41", "41", "41", "41", "41", "42", "42", "42", "42", "42", "42", "42", "42", "43", "43", "43", "43", "43", "43", "43", "43", "44", "44", "44", "44", "44", "44", "44", "44", "45", "45", "45", "45", "45", "45", "45", "45", "46", "46", "46", "46", "46", "46", "46", "46", "47", "47", "47", "47", "47", "47", "47", "47", "48", "48", "48", "48", "48", "48", "48", "48", "49", "49", "49", "49", "49", "49", "49", "49", "50", "50", "50", "50", "50", "50", "50", "50", "51", "51", "51", "51", "51", "51", "51", "51", "52", "52", "52", "52", "52", "52", "52", "52", "53", "53", "53", "53", "53", "53", "53", "53", "54", "54", "54", "54", "54", "54", "54", "54", "55", "55", "55", "55", "55", "55", "55", "55", "56", "56", "56", "56", "56", "56", "56", "56", "57", "57", "57", "57", "57", "57", "57", "57", "58", "58", "58", "58", "58", "58", "58", "58", "59", "59", "59", "59", "59", "59", "59", "59", "60", "60", "60", "60", "60", "60", "60", "60"))
			, IVAR = c(0.64, 1.99, 6.43, 12.03, 22.28, 48.91, 80.15, 138.94, 0.51, 2.49, 6.29, 11.18, 25.51, 43.72, 84.69, 123.55, 0.48, 2, 6.04, 11.31, 22.67, 47.36, 103.04, 108, 0.53, 2.07, 6.67, 11.64, 24.9, 49.3, 90.93, 135.41, 0.56, 2.15, 7.03, 12.69, 21.12, 45.33, 84.94, 114.45, 0.47, 2.01, 5.48, 12.19, 22.48, 57.28, 103.13, 131.43, 0.52, 2.37, 5.63, 11.46, 27.7, 44.98, 94.03, 115.38, 0.48, 1.94, 6.3, 11.79, 22.82, 54.9, 93.96, 117.86, 0.5, 2.15, 5.96, 11.95, 22.42, 46.47, 96.58, 113.14, 0.53, 1.72, 6.19, 10.29, 23.29, 45.53, 89.94, 119.32, 0.41, 2.25, 5.08, 11.46, 21.47, 44.53, 118.28, 120.21, 0.44, 1.7, 6.28, 11.98, 23.25, 43.74, 82.73, 107.77, 0.55, 1.88, 5.22, 14.47, 25.04, 46.87, 106.72, 131.12, 0.47, 2.49, 5.85, 10.41, 23.66, 49.01, 120.92, 121.28, 0.52, 1.98, 5.8, 11.96, 25.97, 59.07, 106.39, 135.41, 0.44, 2.21, 6.13, 10.36, 25.28, 47.24, 111.14, 111.15, 0.48, 1.82, 5.89, 12.49, 22.31, 52.16, 85.08, 108.06, 0.58, 1.81, 6.25, 11.55, 25, 56.83, 112.51, 116.09, 0.4, 2.57, 6.41, 12.67, 23.97, 50.51, 94.43, 125.16, 0.48, 1.74, 6.62, 13.97, 23.27, 42.35, 102.37, 119.46, 0.42, 2, 5.63, 11.6, 21.38, 57.48, 92.87, 102.2, 0.51, 2.05, 5.44, 8.99, 22.51, 50.82, 95.43, 118.83, 0.53, 1.78, 6.7, 11.99, 25.76, 53.23, 98.17, 109.91, 0.56, 1.64, 5.68, 11.7, 23.6, 53.16, 97.32, 124.99, 0.5, 1.95, 6.43, 13.46, 18.87, 50.83, 99.67, 115, 0.55, 1.92, 5.83, 13.07, 28.5, 49.31, 92.03, 106.55, 0.48, 1.82, 5.85, 12.48, 22.04, 62.56, 97.51, 134.36, 0.4, 2.15, 5.26, 13.16, 24.97, 46.08, 109.59, 111.87, 0.47, 1.81, 5.61, 13.19, 25.06, 53.08, 92.33, 124.6, 0.51, 1.73, 7.17, 12.16, 25.91, 52.81, 95.52, 116.39, 0.55, 1.8, 7.31, 11.55, 28.32, 55.84, 96.8, 127, 0.45, 2.07, 6.66, 12.12, 22.93, 44.95, 95.66, 133.54, 0.48, 1.98, 5.27, 12.61, 27.35, 55.75, 99.54, 104.15, 0.52, 2.09, 5.79, 12.21, 22.01, 51.37, 92.91, 102.57, 0.48, 2.29, 5.8, 12.91, 26.38, 48.02, 92.68, 113.81, 0.54, 1.8, 6.15, 11.66, 19.14, 41.69, 105.21, 117.73, 0.54, 2.42, 6.95, 12.84, 24.93, 47.08, 112.41, 127.37, 0.44, 1.97, 4.95, 11.77, 18.52, 54.74, 90.09, 114.95, 0.49, 2.13, 6.42, 12.7, 22.66, 41.88, 92.34, 123.38, 0.46, 1.99, 5.34, 11.99, 24.31, 47.3, 94.44, 143.14, 0.54, 2.24, 5.47, 12.2, 26.94, 47.73, 77.59, 124.21, 0.41, 1.84, 6.85, 12.76, 26.77, 49.49, 94.95, 109.41, 0.59, 2.01, 5.59, 13.08, 26.72, 58.02, 90.38, 115.4, 0.48, 1.93, 5.78, 11.65, 27.72, 44.77, 92.34, 128.09, 0.56, 1.85, 5.7, 12.65, 26.57, 46.81, 83.21, 142.37, 0.58, 1.86, 5.96, 10.06, 25.41, 56.4, 81.5, 111, 0.47, 1.87, 4.9, 12.62, 20.59, 47.88, 101.86, 117.65, 0.55, 1.99, 5.62, 12.8, 22.98, 57.31, 95.82, 130.68, 0.51, 1.48, 5.23, 11.5, 24.58, 37.98, 105.69, 112.96, 0.46, 1.71, 5.19, 12.07, 25.25, 38.92, 86.83, 126.6, 0.48, 2.48, 6.8, 12.74, 24.01, 49.36, 89.46, 127.78, 0.58, 2.23, 5.53, 10.21, 23.74, 50.16, 105.18, 109.89, 0.52, 2.05, 6.76, 11.97, 23.16, 42.8, 91.16, 115.73, 0.63, 2.55, 5.9, 10.81, 19.7, 50.54, 86.08, 150.8, 0.46, 2.02, 8.78, 10.74, 24.75, 42.97, 99.4, 109.97, 0.5, 1.94, 5.33, 12.01, 26.5, 56.29, 83.69, 117.04, 0.56, 1.79, 4.66, 10.93, 21.79, 48.23, 92.2, 122.81, 0.48, 2.08, 5.78, 13.52, 22.29, 49.42, 87.87, 122.52, 0.5, 1.69, 5.91, 13.5, 25.69, 48.69, 85.21, 134.88, 0.5, 1.91, 7.07, 11.11, 24.74, 54.56, 101.96, 116.37)
			, TAD = c(0.64, 1.99, 6.43, 12.03, 22.28, 48.91, 80.15, 138.94, 0.51, 2.49, 6.29, 11.18, 25.51, 43.72, 84.69, 123.55, 0.48, 2, 6.04, 11.31, 22.67, 47.36, 103.04, 108, 0.53, 2.07, 6.67, 11.64, 24.9, 49.3, 90.93, 135.41, 0.56, 2.15, 7.03, 12.69, 21.12, 45.33, 84.94, 114.45, 0.47, 2.01, 5.48, 12.19, 22.48, 57.28, 103.13, 131.43, 0.52, 2.37, 5.63, 11.46, 27.7, 44.98, 94.03, 115.38, 0.48, 1.94, 6.3, 11.79, 22.82, 54.9, 93.96, 117.86, 0.5, 2.15, 5.96, 11.95, 22.42, 46.47, 96.58, 113.14, 0.53, 1.72, 6.19, 10.29, 23.29, 45.53, 89.94, 119.32, 0.41, 2.25, 5.08, 11.46, 21.47, 44.53, 118.28, 120.21, 0.44, 1.7, 6.28, 11.98, 23.25, 43.74, 82.73, 107.77, 0.55, 1.88, 5.22, 14.47, 25.04, 46.87, 106.72, 131.12, 0.47, 2.49, 5.85, 10.41, 23.66, 49.01, 120.92, 121.28, 0.52, 1.98, 5.8, 11.96, 25.97, 59.07, 106.39, 135.41, 0.44, 2.21, 6.13, 10.36, 25.28, 47.24, 111.14, 111.15, 0.48, 1.82, 5.89, 12.49, 22.31, 52.16, 85.08, 108.06, 0.58, 1.81, 6.25, 11.55, 25, 56.83, 112.51, 116.09, 0.4, 2.57, 6.41, 12.67, 23.97, 50.51, 94.43, 125.16, 0.48, 1.74, 6.62, 13.97, 23.27, 42.35, 102.37, 119.46, 0.42, 2, 5.63, 11.6, 21.38, 57.48, 92.87, 102.2, 0.51, 2.05, 5.44, 8.99, 22.51, 50.82, 95.43, 118.83, 0.53, 1.78, 6.7, 11.99, 25.76, 53.23, 98.17, 109.91, 0.56, 1.64, 5.68, 11.7, 23.6, 53.16, 97.32, 124.99, 0.5, 1.95, 6.43, 13.46, 18.87, 50.83, 99.67, 115, 0.55, 1.92, 5.83, 13.07, 28.5, 49.31, 92.03, 106.55, 0.48, 1.82, 5.85, 12.48, 22.04, 62.56, 97.51, 134.36, 0.4, 2.15, 5.26, 13.16, 24.97, 46.08, 109.59, 111.87, 0.47, 1.81, 5.61, 13.19, 25.06, 53.08, 92.33, 124.6, 0.51, 1.73, 7.17, 12.16, 25.91, 52.81, 95.52, 116.39, 0.55, 1.8, 7.31, 11.55, 28.32, 55.84, 96.8, 127, 0.45, 2.07, 6.66, 12.12, 22.93, 44.95, 95.66, 133.54, 0.48, 1.98, 5.27, 12.61, 27.35, 55.75, 99.54, 104.15, 0.52, 2.09, 5.79, 12.21, 22.01, 51.37, 92.91, 102.57, 0.48, 2.29, 5.8, 12.91, 26.38, 48.02, 92.68, 113.81, 0.54, 1.8, 6.15, 11.66, 19.14, 41.69, 105.21, 117.73, 0.54, 2.42, 6.95, 12.84, 24.93, 47.08, 112.41, 127.37, 0.44, 1.97, 4.95, 11.77, 18.52, 54.74, 90.09, 114.95, 0.49, 2.13, 6.42, 12.7, 22.66, 41.88, 92.34, 123.38, 0.46, 1.99, 5.34, 11.99, 24.31, 47.3, 94.44, 143.14, 0.54, 2.24, 5.47, 12.2, 26.94, 47.73, 77.59, 124.21, 0.41, 1.84, 6.85, 12.76, 26.77, 49.49, 94.95, 109.41, 0.59, 2.01, 5.59, 13.08, 26.72, 58.02, 90.38, 115.4, 0.48, 1.93, 5.78, 11.65, 27.72, 44.77, 92.34, 128.09, 0.56, 1.85, 5.7, 12.65, 26.57, 46.81, 83.21, 142.37, 0.58, 1.86, 5.96, 10.06, 25.41, 56.4, 81.5, 111, 0.47, 1.87, 4.9, 12.62, 20.59, 47.88, 101.86, 117.65, 0.55, 1.99, 5.62, 12.8, 22.98, 57.31, 95.82, 130.68, 0.51, 1.48, 5.23, 11.5, 24.58, 37.98, 105.69, 112.96, 0.46, 1.71, 5.19, 12.07, 25.25, 38.92, 86.83, 126.6, 0.48, 2.48, 6.8, 12.74, 24.01, 49.36, 89.46, 127.78, 0.58, 2.23, 5.53, 10.21, 23.74, 50.16, 105.18, 109.89, 0.52, 2.05, 6.76, 11.97, 23.16, 42.8, 91.16, 115.73, 0.63, 2.55, 5.9, 10.81, 19.7, 50.54, 86.08, 150.8, 0.46, 2.02, 8.78, 10.74, 24.75, 42.97, 99.4, 109.97, 0.5, 1.94, 5.33, 12.01, 26.5, 56.29, 83.69, 117.04, 0.56, 1.79, 4.66, 10.93, 21.79, 48.23, 92.2, 122.81, 0.48, 2.08, 5.78, 13.52, 22.29, 49.42, 87.87, 122.52, 0.5, 1.69, 5.91, 13.5, 25.69, 48.69, 85.21, 134.88, 0.5, 1.91, 7.07, 11.11, 24.74, 54.56, 101.96, 116.37)
			, PRED = c(  1293.44,   2023.88,    1905.5,   1569.56,   1021.35,   284.149,   112.649,    46.746,   1115.72,   2070.34,   1914.05,   1619.32,   874.877,    354.82,   102.477,   55.7984,   1069.88,   2025.38,    1929.3,   1611.68,   1002.87,   302.881,   74.1277,   68.7792,   1145.23,   2035.07,   1890.83,   1592.33,    901.36,   279.714,   90.9203,    48.576,   1187.96,   2044.61,   1868.82,   1531.28,   1077.51,   330.355,   101.964,   62.7912,   1054.16,   2026.84,   1963.23,   1560.25,   1011.84,   208.502,    74.024,   50.8014,   1130.58,   2063.65,   1954.18,   1602.87,   784.599,   335.462,   86.0113,   62.0051,   1069.88,   2015.97,   1913.44,   1583.56,   995.816,   226.379,   86.1168,   59.9936,   1100.65,   2044.61,   1934.17,   1574.22,   1014.69,   314.492,   82.3173,   63.9295,   1145.23,    1971.3,   1920.15,   1671.97,   973.926,   327.488,   92.5948,   58.8638,   955.074,   2054.47,   1987.05,   1602.87,   1060.38,   342.197,   59.6646,   58.1938,   1005.66,   1966.33,   1914.66,   1572.47,   975.777,     354.5,    106.66,   69.0117,   1173.91,   2005.46,   1978.77,   1429.76,   895.231,   309.192,   70.0914,   50.9825,   1054.16,   2070.34,   1940.86,   1664.84,   956.915,   283.002,   57.6692,   57.4064,   1130.58,   2022.36,   1943.89,   1573.64,   855.285,   196.537,   70.4371,    48.576,   1005.66,   2050.78,   1923.81,   1667.81,   884.795,   304.408,   65.7409,   65.7317,   1069.88,   1993.75,   1938.43,   1542.85,   1019.92,   250.246,   101.679,   68.7188,   1215.46,   1991.67,   1916.49,    1597.6,   896.979,   211.701,   64.4903,   61.4169,   937.733,    2073.6,   1906.72,   1532.44,   942.814,   266.617,   85.4123,   54.7066,   1069.88,    1976.1,   1893.88,   1458.02,   974.851,   377.719,   74.9079,   58.7575,   972.174,   2025.38,   1954.18,   1594.67,   1064.77,   207.106,   87.7914,   75.1082,   1115.72,   2032.44,   1965.63,   1749.78,   1010.42,   263.415,   83.9473,   59.2386,   1145.23,   1985.23,   1888.99,   1571.89,   864.188,   240.465,   80.1552,   66.9017,   1187.96,   1950.39,   1951.16,   1588.82,    959.66,   241.086,   81.2982,   54.8201,   1100.65,   2017.61,    1905.5,   1487.05,   1191.29,   263.312,   78.2072,   62.3241,   1173.91,   2012.59,   1942.07,   1509.39,    753.55,   279.602,   89.1222,   70.2691,   1069.88,   1993.75,   1940.86,   1543.42,   1032.82,    176.26,   81.0401,   49.1457,   937.733,   2044.61,   1976.39,   1504.23,   898.292,    319.79,   67.2098,   65.0691,   1054.16,   1991.67,   1955.39,   1502.51,   894.358,   241.799,   88.6428,    55.082,   1115.72,   1973.72,   1860.27,   1561.99,   857.822,    244.23,   83.8176,   61.1714,   1173.91,   1989.56,   1851.72,    1597.6,   760.444,   219.029,   82.0119,   53.5055,   1022.05,   2035.07,   1891.44,   1564.32,   990.665,   335.905,   83.6166,   49.5991,   1069.88,   2022.36,    1975.8,    1535.9,   798.512,   219.716,   78.3727,   72.8669,   1130.58,    2037.6,    1944.5,   1559.09,   1034.26,    257.88,   87.7289,   74.6735,   1069.88,   2057.83,   1943.89,    1518.6,   838.102,   294.682,   88.0893,   63.3427,   1159.67,   1989.56,   1922.59,   1591.16,   1177.32,   389.487,   71.6986,   60.0961,   1159.67,   2066.71,   1873.71,   1522.63,   900.044,   306.463,   64.5801,   53.2697,   1005.66,   2020.81,   1994.67,   1584.72,   1209.53,    227.67,   92.3375,   62.3663,   1085.37,   2042.37,   1906.11,    1530.7,   1003.34,   386.049,   88.6269,    55.916,   1038.22,   2023.88,   1971.62,   1571.89,   927.509,   303.643,   85.3974,    44.726,   1159.67,   2053.58,   1963.83,   1559.67,   815.062,   298.242,   119.205,   55.3461,   955.074,   1997.79,   1879.82,   1527.24,   822.003,   277.592,   84.6448,   67.3842,   1228.92,   2026.84,    1956.6,   1508.82,   824.054,   203.413,   91.8438,   61.9884,   1069.88,    2014.3,    1945.1,   1591.74,    783.81,   338.581,   88.6269,   52.8163,   1187.96,   1999.76,   1949.95,   1533.59,   830.229,   309.979,   105.608,   45.0843,   1215.46,   2001.69,   1934.17,   1685.66,   879.179,   214.834,   109.443,   65.8712,   1054.16,   2003.59,   1997.58,   1535.32,   1103.76,   296.393,   75.5117,   60.1593,   1173.91,   2023.88,   1954.79,   1524.93,   988.329,   208.292,    83.388,   51.2416,   1115.72,   1899.45,   1978.18,   1600.53,   915.478,   465.622,   71.1805,   64.0888,   1038.22,   1968.83,   1980.55,   1567.23,   886.095,   444.628,   98.2315,   53.7625,   1069.88,   2069.87,   1882.88,   1528.39,   941.004,   279.042,   93.4267,   53.0106,   1215.46,   2052.67,   1960.22,   1676.72,   953.262,   270.306,   71.7312,   66.9209,   1130.58,   2032.44,   1885.32,   1573.05,    979.95,   369.975,    90.539,   61.7139,    1280.9,   2072.87,   1937.82,   1641.14,   1148.61,   266.304,   99.6831,   41.4251,   1038.22,   2028.28,   1762.44,   1645.28,   907.958,   367.107,   78.5516,   66.8442,   1100.65,   2015.97,   1972.22,   1570.72,   833.123,   215.647,   104.574,   60.6454,   1187.96,   1987.41,   2011.33,   1634.06,   1044.85,   292.143,   88.8499,   56.3136,   1069.88,   2036.35,    1945.1,   1483.62,   1020.87,   278.371,   96.2799,   56.5178,   1100.65,   1963.78,   1937.21,   1484.76,   867.171,   286.698,   101.416,   48.8621,   1100.65,   2010.86,   1866.37,   1623.44,   908.399,   229.137,   75.3926,   61.1877)
