dmp.txt <- structure(
	.Data = list(
		"coefficients" = list(
			"fixed" = c("GAMMA" = 1.1446063336797, "CMultStdev" = 0.496711145485486, "tvVmax" = 5322.29363068096, "tvKm" = 2691.20585177341, "tvV" = 81.7503596639397, "tvKa" = 1.45164421459577, "K12" = 0.125499837544544, "K21" = 0.462235035346971, "K13" = 0.0337091742943753, "K31" = 0.0266071870744026, "CEps" = 0.499996861303923)
			, "random" = list("Subject" = matrix(
				as.numeric(c(
					 0.246304482545625,  0.578588515947302,  -0.68730276033327
					,  0.12460770913611,  -0.128746559863234,  0.164370634067446
					,  -0.290890351286731,  0.111498033327886,  0.588918508309414
					,  -0.589629863589831,  -0.107214064857682,  -0.53662034305844
					,  0.397224223490659,  0.0631250166282578,  0.361230416121249
					,  -0.0881446084649851,  0.190061807001478,  -0.70104388438456
					,  0.2422326192554,  0.402487396230496,  0.310992918488858
					,  0.235018306678401,  -0.197520283074045,  -0.813099537025512
					,  0.236232625705385,  -0.100305734029396,  0.312260700510771
					,  -0.851920588618912,  -0.530374643709666,  0.0982810529895696
					,  0.206011865195156,  -0.0711612341523757,  0.280149269265327
					,  0.10038860057325,  0.707062041112948,  -0.125226855422525
					,  -0.0592922630502161,  0.515468042171571,  0.248204520764095
					,  0.581906021476002,  -0.0450609273745384,  0.518582468045658
					,  0.678181530277152,  -0.0722074485991727,  0.340606223331249
					,  -0.161224504837093,  0.402031718883168,  0.492336426947311
					,  0.318012341336856,  0.79832895429417,  0.174301306318919
					,  -0.176097441040371,  0.181819071061534,  -0.126785924484143
					,  -0.091872372636887,  0.703415922502829,  0.0572835022936963
					,  -0.304244663981252,  0.129491368250615,  -0.0962006505698223
					,  -0.997068811812922,  -0.363117020883513,  0.557059093208207
					,  0.19594714317462,  0.450217242300912,  -0.0877658502338443
					,  0.66920831798804,  0.299369304664547,  -0.305713203420403
					,  0.0338035058033388,  0.0309375871316394,  0.0560520825316808
					,  0.0411432004435684,  -0.0901262695697192,  -0.161798688993321
					,  0.0367939559181942,  0.136803967119542,  0.227876071020386
					,  0.180777113894645,  -0.702278456255175,  0.323892879421781
					,  -0.416486285488137,  0.496911915990349,  0.258979452223449
					,  0.0620019673999109,  -0.0220905554797241,  -0.234227489337396
					,  -0.57945990089472,  0.050841658404053,  -0.386649875673881
					,  0.479656850030576,  -0.243669614320637,  -0.0199535525125498
					,  -0.262120832481305,  -0.14129416526959,  -0.210470112637383
					,  -0.742077022755998,  0.553425573963068,  -0.278411371184164
					,  -0.591035434866036,  -0.245388633520739,  -0.427437244167763
					,  0.384967512230452,  -0.499155682787943,  -0.0162283425821394
					,  0.299517021574861,  -0.276761256532932,  -0.126095574917905
					,  0.497604078322819,  0.0640323526065802,  -0.264636728276487
					,  -0.161556490308678,  0.140830344286322,  -0.428656883491506
					,  0.293395439156909,  -0.16015585752909,  0.61995865352087
					,  0.0443386987612571,  -0.531968905758701,  -0.612402436138038
					))
				, nrow = 60, ncol = 2
				, dimnames = list(
					as.character(c( "1", "2", "3", "4", "5", "6", "7", "8", "9", "10"
					  , "11", "12", "13", "14", "15", "16", "17", "18", "19", "20"
					  , "21", "22", "23", "24", "25", "26", "27", "28", "29", "30"
					  , "31", "32", "33", "34", "35", "36", "37", "38", "39", "40"
					  , "41", "42", "43", "44", "45", "46", "47", "48", "49", "50"
					  , "51", "52", "53", "54", "55", "56", "57", "58", "59", "60"))
					, as.character(c("nVmax", "nV"))
					)
				))
			)
		, "logLik" = c(-3336.57)
		, "nObs" = c(480)
		, "nSubj" = c(60)
		, "nParm" = c(13)
		, "returnCode" = c(3)
		, "omega" = matrix(
			as.numeric(c(0.302939875318455, 0, 0, 0.226114114711073))
			, nrow = 2, ncol = 2
			, dimnames = list(
				as.character(c("nVmax", "nV"))
				, as.character(c("nVmax", "nV"))
				)
			)
		, "eta" = matrix(
			as.numeric(c(0.0857471442015192, -0.0516652594498294, 0.145576770997579, 0.13618733108348, 0.38154524108889, 0.369035677250155, 0.306785210095363, 0.223923526944846))
			, nrow = 2, ncol = 4
			, dimnames = list(
				as.character(c("nVmax", "nV"))
				, as.character(c("mean", "var", "sd", "shrinkage"))
				)
			)
		, "eta_shrinkage" = list("Subject" = matrix(
			as.numeric(c(
				 0.088704687571784,  0.118743089155553,  0.881929587523709
				,  0.371196438716456,  0.670922696110674,  0.232612841584464
				,  0.810266378865594,  0.44534947847788,  0.124849535380664
				,  0.665044970722634,  0.390315722277991,  0.682013877327337
				,  0.209027281454784,  0.263557410951561,  0.161654291114023
				,  0.401258256974554,  0.356375083071164,  0.764933573651452
				,  0.323476788850481,  0.0998011382116756,  0.384382763670483
				,  0.153989442862353,  0.703701039061712,  0.820391008598719
				,  0.285731092439108,  0.405316771813825,  0.160955459956222
				,  0.474010336401664,  0.627263793246774,  0.183260011885695
				,  0.47303260725861,  0.268246200790168,  0.241434430718045
				,  0.23260452917529,  0.129729184358148,  0.313775797755576
				,  0.135100989480324,  0.394693121138054,  0.182173948303656
				,  0.095798878537537,  0.279061138551885,  0.115366104194393
				,  0.249986782645955,  0.19451399218616,  0.213794065889471
				,  0.605276750991715,  0.150890416754495,  0.154177587654786
				,  0.455377361946979,  0.151099096550155,  0.195358651250012
				,  0.354670381767396,  0.354622249660884,  0.215998243998903
				,  0.561296611120272,  0.127222202859317,  0.640716496150178
				,  0.525734400424561,  0.145589392047675,  0.170902505727491
				,  0.222479742692535,  0.235546410041673,  0.153316525825312
				,  0.213194538306476,  0.185859576599685,  0.219113302008985
				,  0.16668143357352,  0.209485958548465,  0.233449987138345
				,  0.180849900280719,  0.204167798477107,  0.182109953859007
				,  0.225639581143155,  0.214891985879303,  0.225807677006719
				,  0.20913280871313,  0.219487855158085,  0.170555027168295
				,  0.220728870646305,  0.232667118980692,  0.217010938054562
				,  0.219713509087846,  0.182860420940995,  0.161774100101244
				,  0.220197233012826,  0.216790778911885,  0.22351084529669
				,  0.195800379535368,  0.187653110893533,  0.228124856511191
				,  0.209955821503618,  0.214662259933906,  0.229906404447227
				,  0.224834487069332,  0.241123491572781,  0.20859722310401
				,  0.219453779930977,  0.21225678188994,  0.225116576509925
				,  0.229007761198871,  0.220607715368502,  0.240056805290661
				,  0.23389475061651,  0.219838090559095,  0.223914810584328
				,  0.193724545305202,  0.224045095866888,  0.228541482449705
				,  0.205381753310673,  0.232729797592068,  0.226630977239663
				,  0.210851787531929,  0.217376785804436,  0.208452906273228
				,  0.198976730716484,  0.238268456574468,  0.1856248578035
				,  0.198606527511348,  0.224869923650312,  0.221253922159047
				))
			, nrow = 60, ncol = 2
			, dimnames = list(
				as.character(c( "1", "2", "3", "4", "5", "6", "7", "8", "9", "10"
				  , "11", "12", "13", "14", "15", "16", "17", "18", "19", "20"
				  , "21", "22", "23", "24", "25", "26", "27", "28", "29", "30"
				  , "31", "32", "33", "34", "35", "36", "37", "38", "39", "40"
				  , "41", "42", "43", "44", "45", "46", "47", "48", "49", "50"
				  , "51", "52", "53", "54", "55", "56", "57", "58", "59", "60"))
				, as.character(c("nVmax_shrinkage", "nV_shrinkage"))
				)
			))
		, "sigma" = matrix(
			as.numeric(c(0.249996861313774))
			, nrow = 1, ncol = 1
			, dimnames = list(
				as.character(c("CEps"))
				, as.character(c("CEps"))
				)
			)
		, "method" = "FOCE-ELS"
		, "varFix" = matrix(
			as.numeric(c(0.00190473532891233, -7.14835734895493e-005, 1.1247846974716, -1.10867555061978, -0.071990195200063, -0.00167706422962373, 7.73568925182863e-005, -0.000383630769792068, 2.23639107818297e-005, 9.29929466361209e-006, -0.0282020186081176, -7.14835734895493e-005, 0.000332986064624184, -1.63353836895364, 1.05071113317477, -0.00434337374789204, -4.27393253886768e-005, 3.90802949637236e-006, -1.08372730741228e-005, -1.54387257970863e-005, 1.04346425356263e-006, 0.126493640468612, 1.1247846974716, -1.63353836895364, 132313.377350743, -83206.5533892119, 117.015443140476, -9.93922400815178, -0.788457163282475, 3.66315203511331, 0.560914520644262, -0.0314077042889107, 28767.0887756503, -1.10867555061978, 1.05071113317477, -83206.5533892119, 58362.4996407282, -160.912200962984, 6.47008642068157, 0.638693201713781, -1.8573410583598, -0.348856712398842, 0.016761201704168, -690.20901534736, -0.071990195200063, -0.00434337374789204, 117.015443140476, -160.912200962984, 22.9635705322162, 0.238809855304363, -0.0140286526950211, 0.0218017030174102, -0.00205086185063796, 0.000290862036367587, -372.212563913209, -0.00167706422962373, -4.27393253886768e-005, -9.93922400815178, 6.47008642068157, 0.238809855304363, 0.0203843439825532, -7.8552530195562e-005, 8.80398630217599e-005, -4.1393072878859e-005, -9.65294705497247e-006, -1.39068573261724, 7.73568925182863e-005, 3.90802949637236e-006, -0.788457163282475, 0.638693201713781, -0.0140286526950211, -7.8552530195562e-005, 2.35697216866784e-005, -5.2303708033659e-005, 2.94225686740708e-006, -1.43601002702272e-006, 0.439178151822689, -0.000383630769792068, -1.08372730741228e-005, 3.66315203511331, -1.8573410583598, 0.0218017030174102, 8.80398630217599e-005, -5.2303708033659e-005, 0.000455293580271355, -1.39795638839077e-005, -1.02584646326105e-005, 2.02507828574047, 2.23639107818297e-005, -1.54387257970863e-005, 0.560914520644262, -0.348856712398842, -0.00205086185063796, -4.1393072878859e-005, 2.94225686740708e-006, -1.39795638839077e-005, 7.80705042350647e-006, -8.28637548110121e-007, 0.20415972925542, 9.29929466361209e-006, 1.04346425356263e-006, -0.0314077042889107, 0.016761201704168, 0.000290862036367587, -9.65294705497247e-006, -1.43601002702272e-006, -1.02584646326105e-005, -8.28637548110121e-007, 2.08007543305762e-006, -0.0580711763146769, -0.0282020186081176, 0.126493640468612, 28767.0887756503, -690.20901534736, -372.212563913209, -1.39068573261724, 0.439178151822689, 2.02507828574047, 0.20415972925542, -0.0580711763146769, 73606.8458938533))
			, nrow = 11, ncol = 11
			, dimnames = list(
				as.character(c("GAMMA", "CMultStdev", "tvVmax", "tvKm", "tvV", "tvKa", "K12", "K21", "K13", "K31", "CEps"))
				, as.character(c("GAMMA", "CMultStdev", "tvVmax", "tvKm", "tvV", "tvKa", "K12", "K21", "K13", "K31", "CEps"))
				)
			)
		, "omegaSE" = matrix(
			as.numeric(c(0.0503713087338986, 0, 0, 0.032250008298938))
			, nrow = 2, ncol = 2, byrow = TRUE
			, dimnames = list(
				as.character(c("nVmax", "nV"))
				, as.character(c("nVmax", "nV"))
				)
			)
		, "Covariance" = matrix(
			as.numeric(c(0.0019047353, -7.1483573e-005, 1.1247847, -1.1086756, -0.071990195, -0.0016770642, 7.7356893e-005, -0.00038363077, 2.2363911e-005, 9.2992947e-006, -0.028202019, 0.00073948893,         0, -0.00018052336, -7.1483573e-005, 0.00033298606, -1.6335384, 1.0507111, -0.0043433737, -4.2739325e-005, 3.9080295e-006, -1.0837273e-005, -1.5438726e-005, 1.0434643e-006, 0.12649364, 7.926954e-005,         0, -3.7158849e-005, 1.1247847, -1.6335384, 132313.38, -83206.553, 117.01544, -9.939224, -0.78845716,  3.663152, 0.56091452, -0.031407704, 28767.089, -9.9537673,         0, 5.3627408, -1.1086756, 1.0507111, -83206.553,   58362.5, -160.9122, 6.4700864, 0.6386932, -1.8573411, -0.34885671, 0.016761202, -690.20902, 7.4213615,         0, -2.5972324, -0.071990195, -0.0043433737, 117.01544, -160.9122, 22.963571, 0.23880986, -0.014028653, 0.021801703, -0.0020508619, 0.00029086204, -372.21256, -0.016932239,         0, 0.014815459, -0.0016770642, -4.2739325e-005, -9.939224, 6.4700864, 0.23880986, 0.020384344, -7.855253e-005, 8.8039863e-005, -4.1393073e-005, -9.6529471e-006, -1.3906857, -0.00022132622,         0, -0.00032890402, 7.7356893e-005, 3.9080295e-006, -0.78845716, 0.6386932, -0.014028653, -7.855253e-005, 2.3569722e-005, -5.2303708e-005, 2.9422569e-006, -1.43601e-006, 0.43917815, 0.00011350159,         0, -3.9313314e-005, -0.00038363077, -1.0837273e-005,  3.663152, -1.8573411, 0.021801703, 8.8039863e-005, -5.2303708e-005, 0.00045529358, -1.3979564e-005, -1.0258465e-005, 2.0250783, -0.00039495151,         0, 0.00023417982, 2.2363911e-005, -1.5438726e-005, 0.56091452, -0.34885671, -0.0020508619, -4.1393073e-005, 2.9422569e-006, -1.3979564e-005, 7.8070504e-006, -8.2863755e-007, 0.20415973, -2.4729222e-005,         0, 2.0674398e-005, 9.2992947e-006, 1.0434643e-006, -0.031407704, 0.016761202, 0.00029086204, -9.6529471e-006, -1.43601e-006, -1.0258465e-005, -8.2863755e-007, 2.0800754e-006, -0.058071176, 5.441977e-006,         0, 3.6563645e-006, -0.028202019, 0.12649364, 28767.089, -690.20902, -372.21256, -1.3906857, 0.43917815, 2.0250783, 0.20415973, -0.058071176, 73606.846, 2.5635702,         0, 3.8665999, 0.00073948893, 7.926954e-005, -9.9537673, 7.4213615, -0.016932239, -0.00022132622, 0.00011350159, -0.00039495151, -2.4729222e-005, 5.441977e-006, 2.5635702, 0.0025372687,         0, -0.00032975433,         0,         0,         0,         0,         0,         0,         0,         0,         0,         0,         0,         0,         0,         0, -0.00018052336, -3.7158849e-005, 5.3627408, -2.5972324, 0.014815459, -0.00032890402, -3.9313314e-005, 0.00023417982, 2.0674398e-005, 3.6563645e-006, 3.8665999, -0.00032975433,         0, 0.001040063))
			, nrow = 14, ncol = 14
			, dimnames = list(
				as.character(c("GAMMA", "CMultStdev", "tvVmax", "tvKm", "tvV", "tvKa", "K12", "K21", "K13", "K31", "stdev0", "nVmax-nVmax", "nV-nVmax", "nV-nV"))
				, as.character(c("GAMMA", "CMultStdev", "tvVmax", "tvKm", "tvV", "tvKa", "K12", "K21", "K13", "K31", "stdev0", "nVmax-nVmax", "nV-nVmax", "nV-nV"))
				)
			)
		, "Correlation" = matrix(
			as.numeric(c(0.043643274, -0.089758566, 0.070851688, -0.10515265, -0.34422018, -0.26914357, 0.36509381, -0.41195554, 0.18339477, 0.14773832, -0.0023817917, 0.33638074,         0, -0.12825853, -0.089758566, 0.018247906, -0.2461016, 0.23834353, -0.049670035, -0.016404623, 0.0441131, -0.027833077, -0.30279935, 0.03964834, 0.025550333, 0.086240264,         0, -0.063142153, 0.070851688, -0.2461016, 363.74906, -0.94686642, 0.067130765, -0.1913825, -0.4464769, 0.47196229, 0.55188846, -0.059868003, 0.29149757, -0.5432533,         0, 0.45714618, -0.10515265, 0.23834353, -0.94686642, 241.58332, -0.13899601, 0.18758356, 0.54456299, -0.36031219, -0.51681683, 0.048105936, -0.010530636, 0.60986458,         0, -0.33336042, -0.34422018, -0.049670035, 0.067130765, -0.13899601,  4.792032, 0.34904721, -0.60300238, 0.21321853, -0.15316982, 0.042085044, -0.28629398, -0.07014738,         0, 0.095866215, -0.26914357, -0.016404623, -0.1913825, 0.18758356, 0.34904721, 0.14277375, -0.11332731, 0.02889916, -0.1037614, -0.046878317, -0.035902238, -0.030775227,         0, -0.071431699, 0.36509381, 0.0441131, -0.4464769, 0.54456299, -0.60300238, -0.11332731, 0.0048548658, -0.50490479, 0.21690016, -0.20508821, 0.33342979, 0.46413199,         0, -0.25109184, -0.41195554, -0.027833077, 0.47196229, -0.36031219, 0.21321853, 0.02889916, -0.50490479, 0.02133761, -0.23447922, -0.33334739, 0.34981381, -0.36746399,         0, 0.34030935, 0.18339477, -0.30279935, 0.55188846, -0.51681683, -0.15316982, -0.1037614, 0.21690016, -0.23447922, 0.00279411, -0.20562768, 0.2693193, -0.17570484,         0, 0.22943494, 0.14773832, 0.03964834, -0.059868003, 0.048105936, 0.042085044, -0.046878317, -0.20508821, -0.33334739, -0.20562768, 0.0014422467, -0.14840959, 0.074908987,         0, 0.07861042, -0.0023817917, 0.025550333, 0.29149757, -0.010530636, -0.28629398, -0.035902238, 0.33342979, 0.34981381, 0.2693193, -0.14840959, 271.30582, 0.18758706,         0, 0.44191658, 0.33638074, 0.086240264, -0.5432533, 0.60986458, -0.07014738, -0.030775227, 0.46413199, -0.36746399, -0.17570484, 0.074908987, 0.18758706, 0.050371309,         0, -0.20299131,         0,         0,         0,         0,         0,         0,         0,         0,         0,         0,         0,         0,         0,         0, -0.12825853, -0.063142153, 0.45714618, -0.33336042, 0.095866215, -0.071431699, -0.25109184, 0.34030935, 0.22943494, 0.07861042, 0.44191658, -0.20299131,         0, 0.032250008))
			, nrow = 14, ncol = 14
			, dimnames = list(
				as.character(c("GAMMA", "CMultStdev", "tvVmax", "tvKm", "tvV", "tvKa", "K12", "K21", "K13", "K31", "stdev0", "nVmax-nVmax", "nV-nVmax", "nV-nV"))
				, as.character(c("GAMMA", "CMultStdev", "tvVmax", "tvKm", "tvV", "tvKa", "K12", "K21", "K13", "K31", "stdev0", "nVmax-nVmax", "nV-nVmax", "nV-nV"))
				)
			)
		, "Inverse" = matrix(
			as.numeric(c(1894.1993, 278.19539, -0.13718431, 0.3448256, 1.3122297, -59.139009, -15151.991, 2178.9407, 26148.044, 1657.4915, 0.069029803, -941.03366,         0, -274.16273, 278.19539, 3859.5532, 0.14362645, 0.26570028, 0.12513926, 50.508514, 3005.2779,  2496.758, 19100.488, 12891.903, -0.19806485, 209.53296,         0, 52.506619, -0.13718431, 0.14362645, 0.00045566802, 0.00052834853, -0.000321227, 0.024788424, 0.32221892, -1.4375849, -8.6478246, -10.798848, -0.00012578557, 0.10691287,         0, 0.01087439, 0.3448256, 0.26570028, 0.00052834853, 0.00085547113, -0.0006762799, -0.011758444, -6.4501142, -0.78675732, 2.9334902, -11.097402, -0.00014644119, -0.19237413,         0, -0.11525851, 1.3122297, 0.12513926, -0.000321227, -0.0006762799, 0.098236418, -0.77768989, 70.706729, 0.12763461, -30.753779, 37.460891, 0.00045683845, -3.2000058,         0, -1.034956, -59.139009, 50.508514, 0.024788424, -0.011758444, -0.77768989, 72.737299,  1496.743,  36.36595, -1476.8505, 672.85466, -0.025197761,  106.0213,         0, 71.113161, -15151.991, 3005.2779, 0.32221892, -6.4501142, 70.706729,  1496.743, 455272.53, 24961.231, -238357.62,  334373.7, -3.1045323, 9838.6962,         0, 8987.1426, 2178.9407,  2496.758, -1.4375849, -0.78675732, 0.12763461,  36.36595, 24961.231, 26194.224,  138436.8, 157084.82, -0.59962091, 540.15305,         0, 66.827678, 26148.044, 19100.488, -8.6478246, 2.9334902, -30.753779, -1476.8505, -238357.62,  138436.8, 1279268.3, 737293.63, -1.4692386, -7516.1712,         0, -8015.1012, 1657.4915, 12891.903, -10.798848, -11.097402, 37.460891, 672.85466,  334373.7, 157084.82, 737293.63, 1600038.7, -2.8726386, 5378.6942,         0, -2230.3764, 0.069029803, -0.19806485, -0.00012578557, -0.00014644119, 0.00045683845, -0.025197761, -3.1045323, -0.59962091, -1.4692386, -2.8726386, 0.00011447641, -0.1761337,         0, -0.15115169, -941.03366, 209.53296, 0.10691287, -0.19237413, -3.2000058,  106.0213, 9838.6962, 540.15305, -7516.1712, 5378.6942, -0.1761337, 1417.9301,         0, 376.73996,         0,         0,         0,         0,         0,         0,         0,         0,         0,         0,         0,         0,         0,         0, -274.16273, 52.506619, 0.01087439, -0.11525851, -1.034956, 71.113161, 8987.1426, 66.827678, -8015.1012, -2230.3764, -0.15115169, 376.73996,         0, 1782.3086))
			, nrow = 14, ncol = 14
			, dimnames = list(
				as.character(c("GAMMA", "CMultStdev", "tvVmax", "tvKm", "tvV", "tvKa", "K12", "K21", "K13", "K31", "stdev0", "nVmax-nVmax", "nV-nVmax", "nV-nV"))
				, as.character(c("GAMMA", "CMultStdev", "tvVmax", "tvKm", "tvV", "tvKa", "K12", "K21", "K13", "K31", "stdev0", "nVmax-nVmax", "nV-nVmax", "nV-nV"))
				)
			)
		, "LLTable" = data.frame(
			id = as.character(c( "1", "2", "3", "4", "5", "6", "7", "8", "9", "10", "11", "12", "13", "14", "15", "16", "17", "18", "19", "20", "21", "22", "23", "24", "25", "26", "27", "28", "29", "30", "31", "32", "33", "34", "35", "36", "37", "38", "39", "40", "41", "42", "43", "44", "45", "46", "47", "48", "49", "50", "51", "52", "53", "54", "55", "56", "57", "58", "59", "60"))
			, "LL" = c(-61.011627, -53.792073, -56.203585, -52.786887, -53.499236, -56.410912, -51.804927, -52.076151, -56.884517, -56.919458, -55.349361, -57.605084, -55.711588, -55.831441, -53.079913, -55.864857, -53.429612, -56.385185, -51.873927, -58.022441, -53.002913, -58.182491, -51.578098, -55.858134, -55.998162, -55.913731, -55.734388, -63.776626, -58.049727, -57.459578, -50.90977, -56.699594, -54.037302, -54.766935, -52.508466, -56.717667, -62.795239, -50.398061, -55.683145, -59.62675, -56.299986, -56.550604, -50.72174, -62.056498, -53.251181, -54.205811, -57.701403, -53.154385, -51.749929, -51.796158, -57.718312, -57.050284, -55.917052, -61.327939, -54.317085, -54.415004, -51.62703, -55.536281, -58.275008, -58.656804)
			) # end of LLTable
		, "residuals" = data.frame(
			  ID1 = as.character(c(  "",   "",   "",   "",   "",   "",   "",   "",   "",   "",   "",   "",   "",   "",   "",   "",   "",   "",   "",   "",   "",   "",   "",   "",   "",   "",   "",   "",   "",   "",   "",   "",   "",   "",   "",   "",   "",   "",   "",   "",   "",   "",   "",   "",   "",   "",   "",   "",   "",   "",   "",   "",   "",   "",   "",   "",   "",   "",   "",   "",   "",   "",   "",   "",   "",   "",   "",   "",   "",   "",   "",   "",   "",   "",   "",   "",   "",   "",   "",   "",   "",   "",   "",   "",   "",   "",   "",   "",   "",   "",   "",   "",   "",   "",   "",   "",   "",   "",   "",   "",   "",   "",   "",   "",   "",   "",   "",   "",   "",   "",   "",   "",   "",   "",   "",   "",   "",   "",   "",   "",   "",   "",   "",   "",   "",   "",   "",   "",   "",   "",   "",   "",   "",   "",   "",   "",   "",   "",   "",   "",   "",   "",   "",   "",   "",   "",   "",   "",   "",   "",   "",   "",   "",   "",   "",   "",   "",   "",   "",   "",   "",   "",   "",   "",   "",   "",   "",   "",   "",   "",   "",   "",   "",   "",   "",   "",   "",   "",   "",   "",   "",   "",   "",   "",   "",   "",   "",   "",   "",   "",   "",   "",   "",   "",   "",   "",   "",   "",   "",   "",   "",   "",   "",   "",   "",   "",   "",   "",   "",   "",   "",   "",   "",   "",   "",   "",   "",   "",   "",   "",   "",   "",   "",   "",   "",   "",   "",   "",   "",   "",   "",   "",   "",   "",   "",   "",   "",   "",   "",   "",   "",   "",   "",   "",   "",   "",   "",   "",   "",   "",   "",   "",   "",   "",   "",   "",   "",   "",   "",   "",   "",   "",   "",   "",   "",   "",   "",   "",   "",   "",   "",   "",   "",   "",   "",   "",   "",   "",   "",   "",   "",   "",   "",   "",   "",   "",   "",   "",   "",   "",   "",   "",   "",   "",   "",   "",   "",   "",   "",   "",   "",   "",   "",   "",   "",   "",   "",   "",   "",   "",   "",   "",   "",   "",   "",   "",   "",   "",   "",   "",   "",   "",   "",   "",   "",   "",   "",   "",   "",   "",   "",   "",   "",   "",   "",   "",   "",   "",   "",   "",   "",   "",   "",   "",   "",   "",   "",   "",   "",   "",   "",   "",   "",   "",   "",   "",   "",   "",   "",   "",   "",   "",   "",   "",   "",   "",   "",   "",   "",   "",   "",   "",   "",   "",   "",   "",   "",   "",   "",   "",   "",   "",   "",   "",   "",   "",   "",   "",   "",   "",   "",   "",   "",   "",   "",   "",   "",   "",   "",   "",   "",   "",   "",   "",   "",   "",   "",   "",   "",   "",   "",   "",   "",   "",   "",   "",   "",   "",   "",   "",   "",   "",   "",   "",   "",   "",   "",   "",   "",   "",   "",   "",   "",   "",   "",   "",   "",   "",   "",   "",   "",   "",   "",   "",   "",   "",   "",   "",   "",   "",   "",   "",   "",   "",   "",   "",   "",   "",   "",   "",   "",   "",   "",   "",   "",   "",   "",   "",   "",   "",   "",   "",   "",   "",   "",   "",   "",   "",   "",   ""))
			, ID2 = as.character(c(  "",   "",   "",   "",   "",   "",   "",   "",   "",   "",   "",   "",   "",   "",   "",   "",   "",   "",   "",   "",   "",   "",   "",   "",   "",   "",   "",   "",   "",   "",   "",   "",   "",   "",   "",   "",   "",   "",   "",   "",   "",   "",   "",   "",   "",   "",   "",   "",   "",   "",   "",   "",   "",   "",   "",   "",   "",   "",   "",   "",   "",   "",   "",   "",   "",   "",   "",   "",   "",   "",   "",   "",   "",   "",   "",   "",   "",   "",   "",   "",   "",   "",   "",   "",   "",   "",   "",   "",   "",   "",   "",   "",   "",   "",   "",   "",   "",   "",   "",   "",   "",   "",   "",   "",   "",   "",   "",   "",   "",   "",   "",   "",   "",   "",   "",   "",   "",   "",   "",   "",   "",   "",   "",   "",   "",   "",   "",   "",   "",   "",   "",   "",   "",   "",   "",   "",   "",   "",   "",   "",   "",   "",   "",   "",   "",   "",   "",   "",   "",   "",   "",   "",   "",   "",   "",   "",   "",   "",   "",   "",   "",   "",   "",   "",   "",   "",   "",   "",   "",   "",   "",   "",   "",   "",   "",   "",   "",   "",   "",   "",   "",   "",   "",   "",   "",   "",   "",   "",   "",   "",   "",   "",   "",   "",   "",   "",   "",   "",   "",   "",   "",   "",   "",   "",   "",   "",   "",   "",   "",   "",   "",   "",   "",   "",   "",   "",   "",   "",   "",   "",   "",   "",   "",   "",   "",   "",   "",   "",   "",   "",   "",   "",   "",   "",   "",   "",   "",   "",   "",   "",   "",   "",   "",   "",   "",   "",   "",   "",   "",   "",   "",   "",   "",   "",   "",   "",   "",   "",   "",   "",   "",   "",   "",   "",   "",   "",   "",   "",   "",   "",   "",   "",   "",   "",   "",   "",   "",   "",   "",   "",   "",   "",   "",   "",   "",   "",   "",   "",   "",   "",   "",   "",   "",   "",   "",   "",   "",   "",   "",   "",   "",   "",   "",   "",   "",   "",   "",   "",   "",   "",   "",   "",   "",   "",   "",   "",   "",   "",   "",   "",   "",   "",   "",   "",   "",   "",   "",   "",   "",   "",   "",   "",   "",   "",   "",   "",   "",   "",   "",   "",   "",   "",   "",   "",   "",   "",   "",   "",   "",   "",   "",   "",   "",   "",   "",   "",   "",   "",   "",   "",   "",   "",   "",   "",   "",   "",   "",   "",   "",   "",   "",   "",   "",   "",   "",   "",   "",   "",   "",   "",   "",   "",   "",   "",   "",   "",   "",   "",   "",   "",   "",   "",   "",   "",   "",   "",   "",   "",   "",   "",   "",   "",   "",   "",   "",   "",   "",   "",   "",   "",   "",   "",   "",   "",   "",   "",   "",   "",   "",   "",   "",   "",   "",   "",   "",   "",   "",   "",   "",   "",   "",   "",   "",   "",   "",   "",   "",   "",   "",   "",   "",   "",   "",   "",   "",   "",   "",   "",   "",   "",   "",   "",   "",   "",   "",   "",   "",   "",   "",   "",   "",   "",   "",   "",   "",   "",   "",   "",   "",   "",   "",   "",   "",   "",   "",   "",   "",   "",   "",   ""))
			, ID3 = as.character(c(  "",   "",   "",   "",   "",   "",   "",   "",   "",   "",   "",   "",   "",   "",   "",   "",   "",   "",   "",   "",   "",   "",   "",   "",   "",   "",   "",   "",   "",   "",   "",   "",   "",   "",   "",   "",   "",   "",   "",   "",   "",   "",   "",   "",   "",   "",   "",   "",   "",   "",   "",   "",   "",   "",   "",   "",   "",   "",   "",   "",   "",   "",   "",   "",   "",   "",   "",   "",   "",   "",   "",   "",   "",   "",   "",   "",   "",   "",   "",   "",   "",   "",   "",   "",   "",   "",   "",   "",   "",   "",   "",   "",   "",   "",   "",   "",   "",   "",   "",   "",   "",   "",   "",   "",   "",   "",   "",   "",   "",   "",   "",   "",   "",   "",   "",   "",   "",   "",   "",   "",   "",   "",   "",   "",   "",   "",   "",   "",   "",   "",   "",   "",   "",   "",   "",   "",   "",   "",   "",   "",   "",   "",   "",   "",   "",   "",   "",   "",   "",   "",   "",   "",   "",   "",   "",   "",   "",   "",   "",   "",   "",   "",   "",   "",   "",   "",   "",   "",   "",   "",   "",   "",   "",   "",   "",   "",   "",   "",   "",   "",   "",   "",   "",   "",   "",   "",   "",   "",   "",   "",   "",   "",   "",   "",   "",   "",   "",   "",   "",   "",   "",   "",   "",   "",   "",   "",   "",   "",   "",   "",   "",   "",   "",   "",   "",   "",   "",   "",   "",   "",   "",   "",   "",   "",   "",   "",   "",   "",   "",   "",   "",   "",   "",   "",   "",   "",   "",   "",   "",   "",   "",   "",   "",   "",   "",   "",   "",   "",   "",   "",   "",   "",   "",   "",   "",   "",   "",   "",   "",   "",   "",   "",   "",   "",   "",   "",   "",   "",   "",   "",   "",   "",   "",   "",   "",   "",   "",   "",   "",   "",   "",   "",   "",   "",   "",   "",   "",   "",   "",   "",   "",   "",   "",   "",   "",   "",   "",   "",   "",   "",   "",   "",   "",   "",   "",   "",   "",   "",   "",   "",   "",   "",   "",   "",   "",   "",   "",   "",   "",   "",   "",   "",   "",   "",   "",   "",   "",   "",   "",   "",   "",   "",   "",   "",   "",   "",   "",   "",   "",   "",   "",   "",   "",   "",   "",   "",   "",   "",   "",   "",   "",   "",   "",   "",   "",   "",   "",   "",   "",   "",   "",   "",   "",   "",   "",   "",   "",   "",   "",   "",   "",   "",   "",   "",   "",   "",   "",   "",   "",   "",   "",   "",   "",   "",   "",   "",   "",   "",   "",   "",   "",   "",   "",   "",   "",   "",   "",   "",   "",   "",   "",   "",   "",   "",   "",   "",   "",   "",   "",   "",   "",   "",   "",   "",   "",   "",   "",   "",   "",   "",   "",   "",   "",   "",   "",   "",   "",   "",   "",   "",   "",   "",   "",   "",   "",   "",   "",   "",   "",   "",   "",   "",   "",   "",   "",   "",   "",   "",   "",   "",   "",   "",   "",   "",   "",   "",   "",   "",   "",   "",   "",   "",   "",   "",   "",   "",   "",   "",   "",   "",   "",   "",   "",   "",   "",   "",   "",   "",   "",   ""))
			, ID4 = as.character(c(  "",   "",   "",   "",   "",   "",   "",   "",   "",   "",   "",   "",   "",   "",   "",   "",   "",   "",   "",   "",   "",   "",   "",   "",   "",   "",   "",   "",   "",   "",   "",   "",   "",   "",   "",   "",   "",   "",   "",   "",   "",   "",   "",   "",   "",   "",   "",   "",   "",   "",   "",   "",   "",   "",   "",   "",   "",   "",   "",   "",   "",   "",   "",   "",   "",   "",   "",   "",   "",   "",   "",   "",   "",   "",   "",   "",   "",   "",   "",   "",   "",   "",   "",   "",   "",   "",   "",   "",   "",   "",   "",   "",   "",   "",   "",   "",   "",   "",   "",   "",   "",   "",   "",   "",   "",   "",   "",   "",   "",   "",   "",   "",   "",   "",   "",   "",   "",   "",   "",   "",   "",   "",   "",   "",   "",   "",   "",   "",   "",   "",   "",   "",   "",   "",   "",   "",   "",   "",   "",   "",   "",   "",   "",   "",   "",   "",   "",   "",   "",   "",   "",   "",   "",   "",   "",   "",   "",   "",   "",   "",   "",   "",   "",   "",   "",   "",   "",   "",   "",   "",   "",   "",   "",   "",   "",   "",   "",   "",   "",   "",   "",   "",   "",   "",   "",   "",   "",   "",   "",   "",   "",   "",   "",   "",   "",   "",   "",   "",   "",   "",   "",   "",   "",   "",   "",   "",   "",   "",   "",   "",   "",   "",   "",   "",   "",   "",   "",   "",   "",   "",   "",   "",   "",   "",   "",   "",   "",   "",   "",   "",   "",   "",   "",   "",   "",   "",   "",   "",   "",   "",   "",   "",   "",   "",   "",   "",   "",   "",   "",   "",   "",   "",   "",   "",   "",   "",   "",   "",   "",   "",   "",   "",   "",   "",   "",   "",   "",   "",   "",   "",   "",   "",   "",   "",   "",   "",   "",   "",   "",   "",   "",   "",   "",   "",   "",   "",   "",   "",   "",   "",   "",   "",   "",   "",   "",   "",   "",   "",   "",   "",   "",   "",   "",   "",   "",   "",   "",   "",   "",   "",   "",   "",   "",   "",   "",   "",   "",   "",   "",   "",   "",   "",   "",   "",   "",   "",   "",   "",   "",   "",   "",   "",   "",   "",   "",   "",   "",   "",   "",   "",   "",   "",   "",   "",   "",   "",   "",   "",   "",   "",   "",   "",   "",   "",   "",   "",   "",   "",   "",   "",   "",   "",   "",   "",   "",   "",   "",   "",   "",   "",   "",   "",   "",   "",   "",   "",   "",   "",   "",   "",   "",   "",   "",   "",   "",   "",   "",   "",   "",   "",   "",   "",   "",   "",   "",   "",   "",   "",   "",   "",   "",   "",   "",   "",   "",   "",   "",   "",   "",   "",   "",   "",   "",   "",   "",   "",   "",   "",   "",   "",   "",   "",   "",   "",   "",   "",   "",   "",   "",   "",   "",   "",   "",   "",   "",   "",   "",   "",   "",   "",   "",   "",   "",   "",   "",   "",   "",   "",   "",   "",   "",   "",   "",   "",   "",   "",   "",   "",   "",   "",   "",   "",   "",   "",   "",   "",   "",   "",   "",   "",   "",   "",   "",   "",   "",   "",   "",   "",   "",   ""))
			, ID5 = as.character(c( "1",  "1",  "1",  "1",  "1",  "1",  "1",  "1",  "2",  "2",  "2",  "2",  "2",  "2",  "2",  "2",  "3",  "3",  "3",  "3",  "3",  "3",  "3",  "3",  "4",  "4",  "4",  "4",  "4",  "4",  "4",  "4",  "5",  "5",  "5",  "5",  "5",  "5",  "5",  "5",  "6",  "6",  "6",  "6",  "6",  "6",  "6",  "6",  "7",  "7",  "7",  "7",  "7",  "7",  "7",  "7",  "8",  "8",  "8",  "8",  "8",  "8",  "8",  "8",  "9",  "9",  "9",  "9",  "9",  "9",  "9",  "9", "10", "10", "10", "10", "10", "10", "10", "10", "11", "11", "11", "11", "11", "11", "11", "11", "12", "12", "12", "12", "12", "12", "12", "12", "13", "13", "13", "13", "13", "13", "13", "13", "14", "14", "14", "14", "14", "14", "14", "14", "15", "15", "15", "15", "15", "15", "15", "15", "16", "16", "16", "16", "16", "16", "16", "16", "17", "17", "17", "17", "17", "17", "17", "17", "18", "18", "18", "18", "18", "18", "18", "18", "19", "19", "19", "19", "19", "19", "19", "19", "20", "20", "20", "20", "20", "20", "20", "20", "21", "21", "21", "21", "21", "21", "21", "21", "22", "22", "22", "22", "22", "22", "22", "22", "23", "23", "23", "23", "23", "23", "23", "23", "24", "24", "24", "24", "24", "24", "24", "24", "25", "25", "25", "25", "25", "25", "25", "25", "26", "26", "26", "26", "26", "26", "26", "26", "27", "27", "27", "27", "27", "27", "27", "27", "28", "28", "28", "28", "28", "28", "28", "28", "29", "29", "29", "29", "29", "29", "29", "29", "30", "30", "30", "30", "30", "30", "30", "30", "31", "31", "31", "31", "31", "31", "31", "31", "32", "32", "32", "32", "32", "32", "32", "32", "33", "33", "33", "33", "33", "33", "33", "33", "34", "34", "34", "34", "34", "34", "34", "34", "35", "35", "35", "35", "35", "35", "35", "35", "36", "36", "36", "36", "36", "36", "36", "36", "37", "37", "37", "37", "37", "37", "37", "37", "38", "38", "38", "38", "38", "38", "38", "38", "39", "39", "39", "39", "39", "39", "39", "39", "40", "40", "40", "40", "40", "40", "40", "40", "41", "41", "41", "41", "41", "41", "41", "41", "42", "42", "42", "42", "42", "42", "42", "42", "43", "43", "43", "43", "43", "43", "43", "43", "44", "44", "44", "44", "44", "44", "44", "44", "45", "45", "45", "45", "45", "45", "45", "45", "46", "46", "46", "46", "46", "46", "46", "46", "47", "47", "47", "47", "47", "47", "47", "47", "48", "48", "48", "48", "48", "48", "48", "48", "49", "49", "49", "49", "49", "49", "49", "49", "50", "50", "50", "50", "50", "50", "50", "50", "51", "51", "51", "51", "51", "51", "51", "51", "52", "52", "52", "52", "52", "52", "52", "52", "53", "53", "53", "53", "53", "53", "53", "53", "54", "54", "54", "54", "54", "54", "54", "54", "55", "55", "55", "55", "55", "55", "55", "55", "56", "56", "56", "56", "56", "56", "56", "56", "57", "57", "57", "57", "57", "57", "57", "57", "58", "58", "58", "58", "58", "58", "58", "58", "59", "59", "59", "59", "59", "59", "59", "59", "60", "60", "60", "60", "60", "60", "60", "60"))
			, IVAR = c(0.64, 1.99, 6.43, 12.03, 22.28, 48.91, 80.15, 138.94, 0.51, 2.49, 6.29, 11.18, 25.51, 43.72, 84.69, 123.55, 0.48, 2, 6.04, 11.31, 22.67, 47.36, 103.04, 108, 0.53, 2.07, 6.67, 11.64, 24.9, 49.3, 90.93, 135.41, 0.56, 2.15, 7.03, 12.69, 21.12, 45.33, 84.94, 114.45, 0.47, 2.01, 5.48, 12.19, 22.48, 57.28, 103.13, 131.43, 0.52, 2.37, 5.63, 11.46, 27.7, 44.98, 94.03, 115.38, 0.48, 1.94, 6.3, 11.79, 22.82, 54.9, 93.96, 117.86, 0.5, 2.15, 5.96, 11.95, 22.42, 46.47, 96.58, 113.14, 0.53, 1.72, 6.19, 10.29, 23.29, 45.53, 89.94, 119.32, 0.41, 2.25, 5.08, 11.46, 21.47, 44.53, 118.28, 120.21, 0.44, 1.7, 6.28, 11.98, 23.25, 43.74, 82.73, 107.77, 0.55, 1.88, 5.22, 14.47, 25.04, 46.87, 106.72, 131.12, 0.47, 2.49, 5.85, 10.41, 23.66, 49.01, 120.92, 121.28, 0.52, 1.98, 5.8, 11.96, 25.97, 59.07, 106.39, 135.41, 0.44, 2.21, 6.13, 10.36, 25.28, 47.24, 111.14, 111.15, 0.48, 1.82, 5.89, 12.49, 22.31, 52.16, 85.08, 108.06, 0.58, 1.81, 6.25, 11.55, 25, 56.83, 112.51, 116.09, 0.4, 2.57, 6.41, 12.67, 23.97, 50.51, 94.43, 125.16, 0.48, 1.74, 6.62, 13.97, 23.27, 42.35, 102.37, 119.46, 0.42, 2, 5.63, 11.6, 21.38, 57.48, 92.87, 102.2, 0.51, 2.05, 5.44, 8.99, 22.51, 50.82, 95.43, 118.83, 0.53, 1.78, 6.7, 11.99, 25.76, 53.23, 98.17, 109.91, 0.56, 1.64, 5.68, 11.7, 23.6, 53.16, 97.32, 124.99, 0.5, 1.95, 6.43, 13.46, 18.87, 50.83, 99.67, 115, 0.55, 1.92, 5.83, 13.07, 28.5, 49.31, 92.03, 106.55, 0.48, 1.82, 5.85, 12.48, 22.04, 62.56, 97.51, 134.36, 0.4, 2.15, 5.26, 13.16, 24.97, 46.08, 109.59, 111.87, 0.47, 1.81, 5.61, 13.19, 25.06, 53.08, 92.33, 124.6, 0.51, 1.73, 7.17, 12.16, 25.91, 52.81, 95.52, 116.39, 0.55, 1.8, 7.31, 11.55, 28.32, 55.84, 96.8, 127, 0.45, 2.07, 6.66, 12.12, 22.93, 44.95, 95.66, 133.54, 0.48, 1.98, 5.27, 12.61, 27.35, 55.75, 99.54, 104.15, 0.52, 2.09, 5.79, 12.21, 22.01, 51.37, 92.91, 102.57, 0.48, 2.29, 5.8, 12.91, 26.38, 48.02, 92.68, 113.81, 0.54, 1.8, 6.15, 11.66, 19.14, 41.69, 105.21, 117.73, 0.54, 2.42, 6.95, 12.84, 24.93, 47.08, 112.41, 127.37, 0.44, 1.97, 4.95, 11.77, 18.52, 54.74, 90.09, 114.95, 0.49, 2.13, 6.42, 12.7, 22.66, 41.88, 92.34, 123.38, 0.46, 1.99, 5.34, 11.99, 24.31, 47.3, 94.44, 143.14, 0.54, 2.24, 5.47, 12.2, 26.94, 47.73, 77.59, 124.21, 0.41, 1.84, 6.85, 12.76, 26.77, 49.49, 94.95, 109.41, 0.59, 2.01, 5.59, 13.08, 26.72, 58.02, 90.38, 115.4, 0.48, 1.93, 5.78, 11.65, 27.72, 44.77, 92.34, 128.09, 0.56, 1.85, 5.7, 12.65, 26.57, 46.81, 83.21, 142.37, 0.58, 1.86, 5.96, 10.06, 25.41, 56.4, 81.5, 111, 0.47, 1.87, 4.9, 12.62, 20.59, 47.88, 101.86, 117.65, 0.55, 1.99, 5.62, 12.8, 22.98, 57.31, 95.82, 130.68, 0.51, 1.48, 5.23, 11.5, 24.58, 37.98, 105.69, 112.96, 0.46, 1.71, 5.19, 12.07, 25.25, 38.92, 86.83, 126.6, 0.48, 2.48, 6.8, 12.74, 24.01, 49.36, 89.46, 127.78, 0.58, 2.23, 5.53, 10.21, 23.74, 50.16, 105.18, 109.89, 0.52, 2.05, 6.76, 11.97, 23.16, 42.8, 91.16, 115.73, 0.63, 2.55, 5.9, 10.81, 19.7, 50.54, 86.08, 150.8, 0.46, 2.02, 8.78, 10.74, 24.75, 42.97, 99.4, 109.97, 0.5, 1.94, 5.33, 12.01, 26.5, 56.29, 83.69, 117.04, 0.56, 1.79, 4.66, 10.93, 21.79, 48.23, 92.2, 122.81, 0.48, 2.08, 5.78, 13.52, 22.29, 49.42, 87.87, 122.52, 0.5, 1.69, 5.91, 13.5, 25.69, 48.69, 85.21, 134.88, 0.5, 1.91, 7.07, 11.11, 24.74, 54.56, 101.96, 116.37)
