dmp.txt <- structure(
	.Data = list(
		"coefficients" = list(
			"fixed" = c("GAMMA" = 1.06106772932273, "CMultStdev" = 0.528170141656444, "tvVmax" = 4719.46659938392, "tvKm" = 3151.40482086308, "tvV" = 71.3055839599764, "tvKa" = 1.46268146611239, "K12" = 0.398731490853261, "K21" = 2.27838764108582, "K13" = 0.0656304665886772, "K31" = 0.0426925452367893, "CEps" = 0.500020897710457)
			, "random" = list("Subject" = matrix(
				as.numeric(c(
					 0.632793262480188,  -0.451568473340158,  0.0372147070748879
					,  -0.132707037435732,  0.408238503334247,  -0.0773910086155586
					,  0.253926406028903,  -0.100330747797854,  0.129726954820602
					,  0.0276810557767348,  0.122141748858326,  0.00768501141070179
					,  -0.0373807678411256,  -0.40092989633407,  0.293990904103509
					,  -0.372617997293399,  -0.300422534490953,  0.0414027638977665
					,  0.110542179050085,  0.221777863826248,  -0.142382600637412
					,  0.551816246262264,  0.141527422479831,  -0.858970461743643
					,  -0.313463971674221,  0.322072723426099,  0.326967302275899
					,  -0.100732576835444,  0.0671002118034217,  0.119918925187555
					,  0.00702503278728495,  -0.332471778403898,  0.348954530899953
					,  -0.0912488131651876,  0.365361857112539,  0.381958779807994
					,  0.218043117068644,  -0.142986241592651,  0.286269590307985
					,  0.110252592628784,  0.202797607727884,  0.00206053635911175
					,  0.0403471591901576,  -0.0412779597795864,  -0.173830111775482
					,  0.36118018739274,  -0.0146027740652795,  -0.184905231736042
					,  0.042218446473932,  0.184877430532431,  0.111399652898977
					,  0.484988592253916,  0.156125835576,  0.228627818585778
					,  0.202334622502502,  0.297874864597124,  -0.366369567392568
					,  0.161550491656768,  -0.419858819827262,  -0.140699343629173
					,  0.184043292126604,  0.517279867538381,  -0.0276852695536156
					,  -0.349156872817287,  0.297084360803227,  -0.211535212666332
					,  -0.297102891165945,  -0.132451756163941,  0.53452605110593
					,  -0.771613293348111,  0.510101137345629,  -0.497015849082803
					,  -0.19276871888262,  0.578179617706261,  -0.103998998970589
					,  0.184878032803547,  0.325561897976372,  0.353802243285705
					,  0.350469676696495,  0.411964483308602,  0.739751413223533
					,  -0.422525816940725,  0.12025124408639,  -0.675461665351874
					,  -0.0978030920926662,  -0.0874486101274124,  -0.156757279148826
					,  -0.403625351800506,  -0.106437045229184,  0.0740467074569635
					,  0.104692904122824,  0.0922346044072598,  -0.852918142957462
					,  0.278034282272565,  -0.0313714984603902,  0.141300854007723
					,  0.363583603134757,  -1.03748834972191,  0.0323422233421369
					,  -0.406642644274866,  0.400837412802765,  -0.0909356155303868
					,  0.463764492870345,  0.39616249479996,  0.0988923417053039
					,  0.00199327851443634,  0.160438633354146,  0.46490164261088
					,  -0.476953134493853,  -0.143323597161001,  -1.0694934650553
					,  0.956884881465531,  -0.450691652974149,  -0.0655769239598557
					,  -0.228228973481539,  -0.536009846357305,  0.0753865921536805
					,  -0.540644003701842,  -0.349839459794514,  -0.0553496359587059
					,  -0.656587817194285,  0.473483218150683,  -0.014808130157641
					,  0.129122561551703,  -0.409611333933118,  0.0409823225506565
					,  -0.29461201884671,  0.0994209290184494,  -0.129784195132397
					,  0.023689359882716,  -0.12429836491357,  0.000156178913739954
					,  0.0668102699630446,  0.420235588711892,  -0.290856430118023
					,  0.383082053805007,  0.30867044773767,  -0.0407066550774482
					,  -0.0987960845607673,  -0.202991071214216,  0.148716856456815
					,  -0.494601460079252,  -0.111122084846507,  0.857765739756715
					,  0.320540152112734,  -0.274617349389035,  -0.286325492451559
					,  0.0470512090077374,  -0.0881210380681381,  -0.120157573098038
					,  0.00375035887659207,  0.331119743569252,  -0.221214446519026
					,  0.0895150566742814,  -0.292620782413202,  -0.329475264551236
					,  -0.205206211115949,  -0.280279334892676,  -0.297874697501246
					,  -0.112440376073778,  -0.197561856910369,  -0.0479463374844224
					,  -0.0425912399222706,  0.0356441483617733,  0.16684626200912
					,  -0.319960656266487,  0.00894732052634061,  0.191963245001723
					,  -0.179443877648314,  -0.225253195338749,  -0.500370086476782
					,  -0.481509152375815,  -0.183060087138893,  -0.176920572171943
					,  -0.160497403270961,  -0.335209005594721,  0.373143885810463
					,  -0.238337430031685,  0.391789445256089,  0.15041826644096
					))
				, nrow = 60, ncol = 3
				, dimnames = list(
					as.character(c( "1", "2", "3", "4", "5", "6", "7", "8", "9", "10"
					  , "11", "12", "13", "14", "15", "16", "17", "18", "19", "20"
					  , "21", "22", "23", "24", "25", "26", "27", "28", "29", "30"
					  , "31", "32", "33", "34", "35", "36", "37", "38", "39", "40"
					  , "41", "42", "43", "44", "45", "46", "47", "48", "49", "50"
					  , "51", "52", "53", "54", "55", "56", "57", "58", "59", "60"))
					, as.character(c("nVmax", "nKm", "nV"))
					)
				))
			)
		, "logLik" = c(-3366.2)
		, "nObs" = c(480)
		, "nSubj" = c(60)
		, "nParm" = c(14)
		, "returnCode" = c(3)
		, "omega" = matrix(
			as.numeric(c(0.319405559257955, 0, 0, 0, 0.299142022468926, 0, 0, 0, 0.328741868165065))
			, nrow = 3, ncol = 3
			, dimnames = list(
				as.character(c("nVmax", "nKm", "nV"))
				, as.character(c("nVmax", "nKm", "nV"))
				)
			)
		, "eta" = matrix(
			as.numeric(c(0.0468937370508513, -0.027591073336626, -0.0567150748772179, 0.0750084983257224, 0.177570844420622, 0.0762092821236528, 0.273876794062079, 0.421391557130209, 0.276060287117964, 0.515399341335923, 0.229545285163214, 0.518522024307352))
			, nrow = 3, ncol = 4
			, dimnames = list(
				as.character(c("nVmax", "nKm", "nV"))
				, as.character(c("mean", "var", "sd", "shrinkage"))
				)
			)
		, "eta_shrinkage" = list("Subject" = matrix(
			as.numeric(c(
				 0.503449404653117,  0.948164517817786,  0.622470829210842
				,  0.603764961586061,  0.557442282913955,  0.598100607193852
				,  0.506997501473557,  0.650918393747026,  0.713868179508072
				,  0.503419459644595,  0.687445571314192,  0.548013990417379
				,  0.600726849066189,  0.931543982663697,  0.520777858979624
				,  0.86746230286639,  0.884486678584234,  0.691750547235609
				,  0.667958761331859,  0.635060459407085,  0.899534799708885
				,  0.470616162662911,  0.612071499898842,  0.884930094780605
				,  0.776409773010328,  0.529625235757938,  0.515544073303736
				,  0.574832366914613,  0.578425883362679,  0.602037743600772
				,  0.650305659988597,  0.819371315486006,  0.456950877437801
				,  0.773529468136955,  0.530069202780335,  0.544699606217207
				,  0.612696904966628,  0.444713163821501,  0.543913789926008
				,  0.520603997511655,  0.646268913618889,  0.610392779742382
				,  0.73832038690283,  0.753458771212684,  0.734339855341101
				,  0.533336650399125,  0.678950734294816,  0.83860237459786
				,  0.513056917226109,  0.539978960551393,  0.405332473226019
				,  0.642651257860345,  0.509195550493444,  0.545815004791166
				,  0.536452308979295,  0.477247490917825,  0.843033941464406
				,  0.491151589827543,  0.745655124863707,  0.689614066291574
				,  0.197739495757654,  0.127426902767323,  0.187745776684757
				,  0.184736810696099,  0.200856161814117,  0.185357634496679
				,  0.197898288210328,  0.184393035626299,  0.177995408019416
				,  0.189112713496107,  0.175570875794991,  0.194894807565906
				,  0.186784276431685,  0.130858414158408,  0.193619610032631
				,  0.146625865720652,  0.145244379682735,  0.18042102040327
				,  0.184948966666146,  0.189179279759199,  0.141913928326197
				,  0.195250393632676,  0.194819087298459,  0.140524458851608
				,  0.16413236218942,  0.205451484498448,  0.193492722103742
				,  0.189503335520979,  0.19273420151878,  0.195069578594151
				,  0.187397990845974,  0.154764350727509,  0.202896945375426
				,  0.168955206347825,  0.202643029335478,  0.191182610976357
				,  0.19048987218465,  0.18215362251727,  0.194940059533881
				,  0.186024456556589,  0.188579313587532,  0.194529098885032
				,  0.177315057154777,  0.169126883294264,  0.168801372916569
				,  0.2007497086267,  0.178188297232757,  0.153305634816269
				,  0.187949936624016,  0.190514366258724,  0.193401449378672
				,  0.189392704589274,  0.195253591150122,  0.183577609039241
				,  0.198970704805707,  0.199537789108888,  0.149668324918335
				,  0.19439641458842,  0.166961150785312,  0.180095025843535
				,  0.551301690410371,  0.945350877575781,  0.64687983989792
				,  0.639611661045264,  0.58453877946476,  0.629899167361215
				,  0.576046322610723,  0.674574572717741,  0.714222677026364
				,  0.59226987652606,  0.686455593383186,  0.615232595227756
				,  0.62896277363839,  0.927543109204708,  0.56427460084558
				,  0.866137458245231,  0.88287687709221,  0.695091247141565
				,  0.673631386728044,  0.642214379592139,  0.895099368476186
				,  0.563759740233955,  0.633040317272119,  0.891197638034051
				,  0.784469212712864,  0.579194067369109,  0.563356423058113
				,  0.624903791333962,  0.613300971713744,  0.626318679521056
				,  0.663976254414506,  0.820088642972852,  0.576303457143153
				,  0.777118421930246,  0.573765600646718,  0.574003056728395
				,  0.620641061997397,  0.607334555678652,  0.581666249202172
				,  0.577784892250662,  0.654832137372117,  0.643226014017138
				,  0.739045231845582,  0.753259946034263,  0.739583740222253
				,  0.577824014624942,  0.689686794363881,  0.834511263156962
				,  0.590926649903573,  0.5878172171144,  0.59183730206852
				,  0.636430344038412,  0.584717644506857,  0.576437355949894
				,  0.587740066798873,  0.574719829596407,  0.843942369023836
				,  0.580280564726143,  0.761734483765242,  0.704755394535446
				))
			, nrow = 60, ncol = 3
			, dimnames = list(
				as.character(c( "1", "2", "3", "4", "5", "6", "7", "8", "9", "10"
				  , "11", "12", "13", "14", "15", "16", "17", "18", "19", "20"
				  , "21", "22", "23", "24", "25", "26", "27", "28", "29", "30"
				  , "31", "32", "33", "34", "35", "36", "37", "38", "39", "40"
				  , "41", "42", "43", "44", "45", "46", "47", "48", "49", "50"
				  , "51", "52", "53", "54", "55", "56", "57", "58", "59", "60"))
				, as.character(c("nVmax_shrinkage", "nKm_shrinkage", "nV_shrinkage"))
				)
			))
		, "sigma" = matrix(
			as.numeric(c(0.250020898147171))
			, nrow = 1, ncol = 1
			, dimnames = list(
				as.character(c("CEps"))
				, as.character(c("CEps"))
				)
			)
		, "method" = "FOCE-ELS"
		, "varFix" = matrix(
			as.numeric(c(0.00683827989122154, -0.00154479141235089, 721.270010311895, 116.139582137211, 0.794085409028139, 0.106142858761221, -0.00111861718744413, 0.0621590471289536, -0.00131708429224162, 0.000772000763793033, -53.6148901167606, -0.00154479141235089, 0.0010460470713846, -350.447425683293, -55.4142192802925, -0.424427602680377, -0.0521402920054075, 0.00076028168849495, -0.0301461226905132, 0.000634950040868671, -0.000381251168625915, 26.0165168303815, 721.270010311895, -350.447425683293, 179767199.408212, 28701134.2742018, 209313.482444544, 26916.6645427384, -393.99477174468, 15521.2236040531, -335.471239294192, 206.006095775748, -13376151.7940962, 116.139582137211, -55.4142192802925, 28701134.2742018, 4597285.60908954, 33404.3925087636, 4303.68237152758, -62.4064008528704, 2479.71587748637, -53.7381316865484, 33.0035240614477, -2137071.85121189, 0.794085409028139, -0.424427602680377, 209313.482444544, 33404.3925087636, 252.264950475034, 31.4121902511833, -0.469362771425007, 18.0560045155011, -0.390582888018424, 0.240771096587693, -15572.3473687005, 0.106142858761221, -0.0521402920054075, 26916.6645427384, 4303.68237152758, 31.4121902511833, 4.04062271114674, -0.0591179694415184, 2.32369573783888, -0.0503085702898784, 0.0309059158422942, -2003.50510211251, -0.00111861718744413, 0.00076028168849495, -393.99477174468, -62.4064008528704, -0.469362771425007, -0.0591179694415184, 0.00101879543762162, -0.0340055468183033, 0.000760317881461975, -0.000458233393187177, 29.2877264004013, 0.0621590471289536, -0.0301461226905132, 15521.2236040531, 2479.71587748637, 18.0560045155011, 2.32369573783888, -0.0340055468183033, 1.34069466757445, -0.0290161968987165, 0.0178141948768732, -1155.08931694879, -0.00131708429224162, 0.000634950040868671, -335.471239294192, -53.7381316865484, -0.390582888018424, -0.0503085702898784, 0.000760317881461975, -0.0290161968987165, 0.000640252107328661, -0.000389758564513786, 24.9825123865501, 0.000772000763793033, -0.000381251168625915, 206.006095775748, 33.0035240614477, 0.240771096587693, 0.0309059158422942, -0.000458233393187177, 0.0178141948768732, -0.000389758564513786, 0.000244081859821652, -15.3404391426439, -53.6148901167606, 26.0165168303815, -13376151.7940962, -2137071.85121189, -15572.3473687005, -2003.50510211251, 29.2877264004013, -1155.08931694879, 24.9825123865501, -15.3404391426439, 995461.395271682))
			, nrow = 11, ncol = 11
			, dimnames = list(
				as.character(c("GAMMA", "CMultStdev", "tvVmax", "tvKm", "tvV", "tvKa", "K12", "K21", "K13", "K31", "CEps"))
				, as.character(c("GAMMA", "CMultStdev", "tvVmax", "tvKm", "tvV", "tvKa", "K12", "K21", "K13", "K31", "CEps"))
				)
			)
		, "omegaSE" = matrix(
			as.numeric(c(0.516221618823315, 0, 0, 0, 1.75914126882401, 0, 0, 0, 0.0997697607875268))
			, nrow = 3, ncol = 3, byrow = TRUE
			, dimnames = list(
				as.character(c("nVmax", "nKm", "nV"))
				, as.character(c("nVmax", "nKm", "nV"))
				)
			)
		, "Covariance" = matrix(
			as.numeric(c(0.0068382799, -0.0015447914, 721.27001, 116.13958, 0.79408541, 0.10614286, -0.0011186172, 0.062159047, -0.0013170843, 0.00077200076, -53.61489, -0.026460132,         0, -0.095441196,         0,         0, -0.0048919179, -0.0015447914, 0.0010460471, -350.44743, -55.414219, -0.4244276, -0.052140292, 0.00076028169, -0.030146123, 0.00063495004, -0.00038125117, 26.016517, 0.013328805,         0, 0.045962738,         0,         0, 0.0024856214, 721.27001, -350.44743, 1.797672e+008,  28701134, 209313.48, 26916.665, -393.99477, 15521.224, -335.47124,  206.0061, -13376152, -6906.3757,         0, -23580.591,         0,         0, -1310.535, 116.13958, -55.414219,  28701134, 4597285.6, 33404.393, 4303.6824, -62.406401, 2479.7159, -53.738132, 33.003524, -2137071.9, -1103.1164,         0, -3767.6502,         0,         0, -209.07611, 0.79408541, -0.4244276, 209313.48, 33404.393, 252.26495,  31.41219, -0.46936277, 18.056005, -0.39058289, 0.2407711, -15572.347, -8.0353704,         0, -27.441681,         0,         0, -1.5202656, 0.10614286, -0.052140292, 26916.665, 4303.6824,  31.41219, 4.0406227, -0.059117969, 2.3236957, -0.05030857, 0.030905916, -2003.5051, -1.0351648,         0, -3.531585,         0,         0, -0.1964935, -0.0011186172, 0.00076028169, -393.99477, -62.406401, -0.46936277, -0.059117969, 0.0010187954, -0.034005547, 0.00076031788, -0.00045823339, 29.287726, 0.015250884,         0, 0.051475398,         0,         0, 0.0029099286, 0.062159047, -0.030146123, 15521.224, 2479.7159, 18.056005, 2.3236957, -0.034005547, 1.3406947, -0.029016197, 0.017814195, -1155.0893, -0.5965199,         0, -2.0361989,         0,         0, -0.11321521, -0.0013170843, 0.00063495004, -335.47124, -53.738132, -0.39058289, -0.05030857, 0.00076031788, -0.029016197, 0.00064025211, -0.00038975856, 24.982512, 0.012927783,         0, 0.044022869,         0,         0, 0.0024624235, 0.00077200076, -0.00038125117,  206.0061, 33.003524, 0.2407711, 0.030905916, -0.00045823339, 0.017814195, -0.00038975856, 0.00024408186, -15.340439, -0.0079592331,         0, -0.027033976,         0,         0, -0.0015243037, -53.61489, 26.016517, -13376152, -2137071.9, -15572.347, -2003.5051, 29.287726, -1155.0893, 24.982512, -15.340439,  995461.4, 514.00008,         0, 1754.8599,         0,         0, 97.515603, -0.026460132, 0.013328805, -6906.3757, -1103.1164, -8.0353704, -1.0351648, 0.015250884, -0.5965199, 0.012927783, -0.0079592331, 514.00008, 0.26648476,         0, 0.90590394,         0,         0, 0.050960453,         0,         0,         0,         0,         0,         0,         0,         0,         0,         0,         0,         0,         0,         0,         0,         0,         0, -0.095441196, 0.045962738, -23580.591, -3767.6502, -27.441681, -3.531585, 0.051475398, -2.0361989, 0.044022869, -0.027033976, 1754.8599, 0.90590394,         0,  3.094578,         0,         0, 0.17188799,         0,         0,         0,         0,         0,         0,         0,         0,         0,         0,         0,         0,         0,         0,         0,         0,         0,         0,         0,         0,         0,         0,         0,         0,         0,         0,         0,         0,         0,         0,         0,         0,         0,         0, -0.0048919179, 0.0024856214, -1310.535, -209.07611, -1.5202656, -0.1964935, 0.0029099286, -0.11321521, 0.0024624235, -0.0015243037, 97.515603, 0.050960453,         0, 0.17188799,         0,         0, 0.0099540052))
			, nrow = 17, ncol = 17
			, dimnames = list(
				as.character(c("GAMMA", "CMultStdev", "tvVmax", "tvKm", "tvV", "tvKa", "K12", "K21", "K13", "K31", "stdev0", "nVmax-nVmax", "nKm-nVmax", "nKm-nKm", "nV-nVmax", "nV-nKm", "nV-nV"))
				, as.character(c("GAMMA", "CMultStdev", "tvVmax", "tvKm", "tvV", "tvKa", "K12", "K21", "K13", "K31", "stdev0", "nVmax-nVmax", "nKm-nVmax", "nKm-nKm", "nV-nVmax", "nV-nKm", "nV-nV"))
				)
			)
		, "Correlation" = matrix(
			as.numeric(c(0.082693893, -0.5775915, 0.65053282, 0.65502229, 0.60459607, 0.63854748, -0.42380352, 0.64918125, -0.62945491, 0.59755315, -0.64983002, -0.61984397,         0, -0.65608743,         0,         0, -0.5929346, -0.5775915, 0.032342651, -0.80815011, -0.79908847, -0.82622732, -0.80199876, 0.73647061, -0.80499078, 0.77586906, -0.7545149, 0.8062344, 0.79832442,         0, 0.80784783,         0,         0, 0.77030095, 0.65053282, -0.80815011, 13407.729, 0.99837361, 0.98290947, 0.99871567, -0.92064402, 0.99978309, -0.98883666, 0.98346089, -0.99991654, -0.99783512,         0, -0.99976689,         0,         0, -0.97970303, 0.65502229, -0.79908847, 0.99837361, 2144.1282, 0.9808992, 0.99853966, -0.91187414, 0.99881772, -0.99050418, 0.98523951, -0.99897857, -0.99663109,         0, -0.99889332,         0,         0, -0.97736041, 0.60459607, -0.82622732, 0.98290947, 0.9808992, 15.882851, 0.98388788, -0.92584159, 0.98181182, -0.9718724, 0.97030472, -0.98268294, -0.98003426,         0, -0.9821584,         0,         0, -0.95938311, 0.63854748, -0.80199876, 0.99871567, 0.99853966, 0.98388788,   2.01013, -0.92140775, 0.99836689, -0.98910482, 0.98412376, -0.99897378, -0.99758332,         0, -0.99872241,         0,         0, -0.97977219, -0.42380352, 0.73647061, -0.92064402, -0.91187414, -0.92584159, -0.92140775, 0.031918575, -0.92011334, 0.94140435, -0.91891531, 0.91966562, 0.92558294,         0, 0.91675968,         0,         0, 0.91377633, 0.64918125, -0.80499078, 0.99978309, 0.99881772, 0.98181182, 0.99836689, -0.92011334, 1.1578837, -0.99037585, 0.98476704, -0.99985821, -0.99798452,         0, -0.99966512,         0,         0, -0.98003342, -0.62945491, 0.77586906, -0.98883666, -0.99050418, -0.9718724, -0.98910482, 0.94140435, -0.99037585, 0.025303203, -0.98594436, 0.98957426, 0.98972002,         0, 0.98901327,         0,         0, 0.97541248, 0.59755315, -0.7545149, 0.98346089, 0.98523951, 0.97030472, 0.98412376, -0.91891531, 0.98476704, -0.98594436, 0.015623119, -0.98414214, -0.98688668,         0, -0.98365195,         0,         0, -0.97792335, -0.64983002, 0.8062344, -0.99991654, -0.99897857, -0.98268294, -0.99897378, 0.91966562, -0.99985821, 0.98957426, -0.98414214, 997.72812, 0.99796379,         0, 0.99983775,         0,         0, 0.97963202, -0.61984397, 0.79832442, -0.99783512, -0.99663109, -0.98003426, -0.99758332, 0.92558294, -0.99798452, 0.98972002, -0.98688668, 0.99796379, 0.51622162,         0, 0.99757428,         0,         0, 0.98945982,         0,         0,         0,         0,         0,         0,         0,         0,         0,         0,         0,         0,         0,         0,         0,         0,         0, -0.65608743, 0.80784783, -0.99976689, -0.99889332, -0.9821584, -0.99872241, 0.91675968, -0.99966512, 0.98901327, -0.98365195, 0.99983775, 0.99757428,         0, 1.7591413,         0,         0, 0.97936795,         0,         0,         0,         0,         0,         0,         0,         0,         0,         0,         0,         0,         0,         0,         0,         0,         0,         0,         0,         0,         0,         0,         0,         0,         0,         0,         0,         0,         0,         0,         0,         0,         0,         0, -0.5929346, 0.77030095, -0.97970303, -0.97736041, -0.95938311, -0.97977219, 0.91377633, -0.98003342, 0.97541248, -0.97792335, 0.97963202, 0.98945982,         0, 0.97936795,         0,         0, 0.099769761))
			, nrow = 17, ncol = 17
			, dimnames = list(
				as.character(c("GAMMA", "CMultStdev", "tvVmax", "tvKm", "tvV", "tvKa", "K12", "K21", "K13", "K31", "stdev0", "nVmax-nVmax", "nKm-nVmax", "nKm-nKm", "nV-nVmax", "nV-nKm", "nV-nV"))
				, as.character(c("GAMMA", "CMultStdev", "tvVmax", "tvKm", "tvV", "tvKa", "K12", "K21", "K13", "K31", "stdev0", "nVmax-nVmax", "nKm-nVmax", "nKm-nKm", "nV-nVmax", "nV-nKm", "nV-nV"))
				)
			)
		, "Inverse" = matrix(
			as.numeric(c(3613.5168, 1218.7443, -0.33762904, -0.5418352, 10.671032, 364.75799, -6723.2177, 2436.1182,  23850.12, 9916.7191, 2.3646247, -10941.503,         0, -109.65969,         0,         0, 14505.282, 1218.7443, 4604.1122, -0.0295853, -0.22763482, 15.815465,  -93.0796, -550.8775, 328.18067,  3300.778, -7996.7186,  2.334552, -5517.0467,         0, -511.41472,         0,         0,  7409.001, -0.33762904, -0.0295853, 0.00031364885, 0.00048977111, -0.0014648419, -0.11865665, 0.85508614, -0.70915402, -4.5779514, -2.1390174, 0.0041018477, -0.053152024,         0, 0.081788997,         0,         0, 0.022095454, -0.5418352, -0.22763482, 0.00048977111, 0.0012393723, -0.0047181674, -0.26917832, -2.5136799, -0.79511141, 3.9315478, -3.9928175, 0.0069913415, 1.1624081,         0, 0.12487457,         0,         0, -2.2203919, 10.671032, 15.815465, -0.0014648419, -0.0047181674,  0.238938, -0.58054208, 22.329601, 4.7472753, -39.221179, -44.520296, 0.00048739898, -49.199003,         0, -1.8650619,         0,         0, 64.028859, 364.75799,  -93.0796, -0.11865665, -0.26917832, -0.58054208, 409.15188, -679.26982, 1489.7549, 4615.3853, 1913.1332, 0.49868051, -239.57584,         0, -61.519057,         0,         0, 611.93704, -6723.2177, -550.8775, 0.85508614, -2.5136799, 22.329601, -679.26982, 60726.838, -10280.653, -175302.04, -29930.609, -9.2834568,  3934.076,         0, 1320.7668,         0,         0, -1285.1438, 2436.1182, 328.18067, -0.70915402, -0.79511141, 4.7472753, 1489.7549, -10280.653, 10179.088, 46853.121, 6010.5005, 4.9627717, -2409.1928,         0, -616.16476,         0,         0, 3647.3947,  23850.12,  3300.778, -4.5779514, 3.9315478, -39.221179, 4615.3853, -175302.04, 46853.121, 650311.75, 145617.68, 15.896862, -18974.377,         0, -2983.8584,         0,         0, 14368.814, 9916.7191, -7996.7186, -2.1390174, -3.9928175, -44.520296, 1913.1332, -29930.609, 6010.5005, 145617.68,  279377.6, -21.358804, -14414.506,         0, 621.67398,         0,         0, 28526.455, 2.3646247,  2.334552, 0.0041018477, 0.0069913415, 0.00048739898, 0.49868051, -9.2834568, 4.9627717, 15.896862, -21.358804, 0.090126737, -24.287914,         0, -2.4082337,         0,         0, 32.339766, -10941.503, -5517.0467, -0.053152024, 1.1624081, -49.199003, -239.57584,  3934.076, -2409.1928, -18974.377, -14414.506, -24.287914, 51304.095,         0, 1179.3715,         0,         0, -69972.99,         0,         0,         0,         0,         0,         0,         0,         0,         0,         0,         0,         0,         0,         0,         0,         0,         0, -109.65969, -511.41472, 0.081788997, 0.12487457, -1.8650619, -61.519057, 1320.7668, -616.16476, -2983.8584, 621.67398, -2.4082337, 1179.3715,         0, 1436.3361,         0,         0, -1843.5194,         0,         0,         0,         0,         0,         0,         0,         0,         0,         0,         0,         0,         0,         0,         0,         0,         0,         0,         0,         0,         0,         0,         0,         0,         0,         0,         0,         0,         0,         0,         0,         0,         0,         0, 14505.282,  7409.001, 0.022095454, -2.2203919, 64.028859, 611.93704, -1285.1438, 3647.3947, 14368.814, 28526.455, 32.339766, -69972.99,         0, -1843.5194,         0,         0, 99430.791))
			, nrow = 17, ncol = 17
			, dimnames = list(
				as.character(c("GAMMA", "CMultStdev", "tvVmax", "tvKm", "tvV", "tvKa", "K12", "K21", "K13", "K31", "stdev0", "nVmax-nVmax", "nKm-nVmax", "nKm-nKm", "nV-nVmax", "nV-nKm", "nV-nV"))
				, as.character(c("GAMMA", "CMultStdev", "tvVmax", "tvKm", "tvV", "tvKa", "K12", "K21", "K13", "K31", "stdev0", "nVmax-nVmax", "nKm-nVmax", "nKm-nKm", "nV-nVmax", "nV-nKm", "nV-nV"))
				)
			)
		, "LLTable" = data.frame(
			id = as.character(c( "1", "2", "3", "4", "5", "6", "7", "8", "9", "10", "11", "12", "13", "14", "15", "16", "17", "18", "19", "20", "21", "22", "23", "24", "25", "26", "27", "28", "29", "30", "31", "32", "33", "34", "35", "36", "37", "38", "39", "40", "41", "42", "43", "44", "45", "46", "47", "48", "49", "50", "51", "52", "53", "54", "55", "56", "57", "58", "59", "60"))
			, "LL" = c(-51.290631, -54.312451, -54.864314, -59.090533, -52.82665,  -59.1101, -55.876719, -57.260878, -51.293623, -62.574428, -51.210505, -59.482711, -58.464868, -52.830925, -56.176995, -55.135227, -56.941834, -51.845307, -53.09089, -52.451776, -52.459945, -54.550382, -54.341822, -68.699399, -57.903061, -54.682985, -54.442417, -62.018655, -55.559083, -54.210577, -54.518238, -55.553512, -59.103777, -53.405651, -53.712878, -54.50487, -52.18029, -66.783717, -52.552182, -58.07178, -51.564299, -59.116291, -52.002348, -53.024758, -56.014365, -54.508793, -54.008643, -53.50961, -61.057209, -55.239391, -63.413916, -48.505202, -61.149469, -56.878686, -57.06602, -58.652301, -57.284482, -58.118377, -60.918831, -58.779137)
			) # end of LLTable
		, "residuals" = data.frame(
			  ID1 = as.character(c(  "",   "",   "",   "",   "",   "",   "",   "",   "",   "",   "",   "",   "",   "",   "",   "",   "",   "",   "",   "",   "",   "",   "",   "",   "",   "",   "",   "",   "",   "",   "",   "",   "",   "",   "",   "",   "",   "",   "",   "",   "",   "",   "",   "",   "",   "",   "",   "",   "",   "",   "",   "",   "",   "",   "",   "",   "",   "",   "",   "",   "",   "",   "",   "",   "",   "",   "",   "",   "",   "",   "",   "",   "",   "",   "",   "",   "",   "",   "",   "",   "",   "",   "",   "",   "",   "",   "",   "",   "",   "",   "",   "",   "",   "",   "",   "",   "",   "",   "",   "",   "",   "",   "",   "",   "",   "",   "",   "",   "",   "",   "",   "",   "",   "",   "",   "",   "",   "",   "",   "",   "",   "",   "",   "",   "",   "",   "",   "",   "",   "",   "",   "",   "",   "",   "",   "",   "",   "",   "",   "",   "",   "",   "",   "",   "",   "",   "",   "",   "",   "",   "",   "",   "",   "",   "",   "",   "",   "",   "",   "",   "",   "",   "",   "",   "",   "",   "",   "",   "",   "",   "",   "",   "",   "",   "",   "",   "",   "",   "",   "",   "",   "",   "",   "",   "",   "",   "",   "",   "",   "",   "",   "",   "",   "",   "",   "",   "",   "",   "",   "",   "",   "",   "",   "",   "",   "",   "",   "",   "",   "",   "",   "",   "",   "",   "",   "",   "",   "",   "",   "",   "",   "",   "",   "",   "",   "",   "",   "",   "",   "",   "",   "",   "",   "",   "",   "",   "",   "",   "",   "",   "",   "",   "",   "",   "",   "",   "",   "",   "",   "",   "",   "",   "",   "",   "",   "",   "",   "",   "",   "",   "",   "",   "",   "",   "",   "",   "",   "",   "",   "",   "",   "",   "",   "",   "",   "",   "",   "",   "",   "",   "",   "",   "",   "",   "",   "",   "",   "",   "",   "",   "",   "",   "",   "",   "",   "",   "",   "",   "",   "",   "",   "",   "",   "",   "",   "",   "",   "",   "",   "",   "",   "",   "",   "",   "",   "",   "",   "",   "",   "",   "",   "",   "",   "",   "",   "",   "",   "",   "",   "",   "",   "",   "",   "",   "",   "",   "",   "",   "",   "",   "",   "",   "",   "",   "",   "",   "",   "",   "",   "",   "",   "",   "",   "",   "",   "",   "",   "",   "",   "",   "",   "",   "",   "",   "",   "",   "",   "",   "",   "",   "",   "",   "",   "",   "",   "",   "",   "",   "",   "",   "",   "",   "",   "",   "",   "",   "",   "",   "",   "",   "",   "",   "",   "",   "",   "",   "",   "",   "",   "",   "",   "",   "",   "",   "",   "",   "",   "",   "",   "",   "",   "",   "",   "",   "",   "",   "",   "",   "",   "",   "",   "",   "",   "",   "",   "",   "",   "",   "",   "",   "",   "",   "",   "",   "",   "",   "",   "",   "",   "",   "",   "",   "",   "",   "",   "",   "",   "",   "",   "",   "",   "",   "",   "",   "",   "",   "",   "",   "",   "",   "",   "",   "",   "",   "",   "",   "",   "",   "",   "",   "",   "",   "",   "",   "",   "",   "",   "",   "",   ""))
			, ID2 = as.character(c(  "",   "",   "",   "",   "",   "",   "",   "",   "",   "",   "",   "",   "",   "",   "",   "",   "",   "",   "",   "",   "",   "",   "",   "",   "",   "",   "",   "",   "",   "",   "",   "",   "",   "",   "",   "",   "",   "",   "",   "",   "",   "",   "",   "",   "",   "",   "",   "",   "",   "",   "",   "",   "",   "",   "",   "",   "",   "",   "",   "",   "",   "",   "",   "",   "",   "",   "",   "",   "",   "",   "",   "",   "",   "",   "",   "",   "",   "",   "",   "",   "",   "",   "",   "",   "",   "",   "",   "",   "",   "",   "",   "",   "",   "",   "",   "",   "",   "",   "",   "",   "",   "",   "",   "",   "",   "",   "",   "",   "",   "",   "",   "",   "",   "",   "",   "",   "",   "",   "",   "",   "",   "",   "",   "",   "",   "",   "",   "",   "",   "",   "",   "",   "",   "",   "",   "",   "",   "",   "",   "",   "",   "",   "",   "",   "",   "",   "",   "",   "",   "",   "",   "",   "",   "",   "",   "",   "",   "",   "",   "",   "",   "",   "",   "",   "",   "",   "",   "",   "",   "",   "",   "",   "",   "",   "",   "",   "",   "",   "",   "",   "",   "",   "",   "",   "",   "",   "",   "",   "",   "",   "",   "",   "",   "",   "",   "",   "",   "",   "",   "",   "",   "",   "",   "",   "",   "",   "",   "",   "",   "",   "",   "",   "",   "",   "",   "",   "",   "",   "",   "",   "",   "",   "",   "",   "",   "",   "",   "",   "",   "",   "",   "",   "",   "",   "",   "",   "",   "",   "",   "",   "",   "",   "",   "",   "",   "",   "",   "",   "",   "",   "",   "",   "",   "",   "",   "",   "",   "",   "",   "",   "",   "",   "",   "",   "",   "",   "",   "",   "",   "",   "",   "",   "",   "",   "",   "",   "",   "",   "",   "",   "",   "",   "",   "",   "",   "",   "",   "",   "",   "",   "",   "",   "",   "",   "",   "",   "",   "",   "",   "",   "",   "",   "",   "",   "",   "",   "",   "",   "",   "",   "",   "",   "",   "",   "",   "",   "",   "",   "",   "",   "",   "",   "",   "",   "",   "",   "",   "",   "",   "",   "",   "",   "",   "",   "",   "",   "",   "",   "",   "",   "",   "",   "",   "",   "",   "",   "",   "",   "",   "",   "",   "",   "",   "",   "",   "",   "",   "",   "",   "",   "",   "",   "",   "",   "",   "",   "",   "",   "",   "",   "",   "",   "",   "",   "",   "",   "",   "",   "",   "",   "",   "",   "",   "",   "",   "",   "",   "",   "",   "",   "",   "",   "",   "",   "",   "",   "",   "",   "",   "",   "",   "",   "",   "",   "",   "",   "",   "",   "",   "",   "",   "",   "",   "",   "",   "",   "",   "",   "",   "",   "",   "",   "",   "",   "",   "",   "",   "",   "",   "",   "",   "",   "",   "",   "",   "",   "",   "",   "",   "",   "",   "",   "",   "",   "",   "",   "",   "",   "",   "",   "",   "",   "",   "",   "",   "",   "",   "",   "",   "",   "",   "",   "",   "",   "",   "",   "",   "",   "",   "",   "",   "",   "",   "",   "",   "",   "",   "",   "",   ""))
			, ID3 = as.character(c(  "",   "",   "",   "",   "",   "",   "",   "",   "",   "",   "",   "",   "",   "",   "",   "",   "",   "",   "",   "",   "",   "",   "",   "",   "",   "",   "",   "",   "",   "",   "",   "",   "",   "",   "",   "",   "",   "",   "",   "",   "",   "",   "",   "",   "",   "",   "",   "",   "",   "",   "",   "",   "",   "",   "",   "",   "",   "",   "",   "",   "",   "",   "",   "",   "",   "",   "",   "",   "",   "",   "",   "",   "",   "",   "",   "",   "",   "",   "",   "",   "",   "",   "",   "",   "",   "",   "",   "",   "",   "",   "",   "",   "",   "",   "",   "",   "",   "",   "",   "",   "",   "",   "",   "",   "",   "",   "",   "",   "",   "",   "",   "",   "",   "",   "",   "",   "",   "",   "",   "",   "",   "",   "",   "",   "",   "",   "",   "",   "",   "",   "",   "",   "",   "",   "",   "",   "",   "",   "",   "",   "",   "",   "",   "",   "",   "",   "",   "",   "",   "",   "",   "",   "",   "",   "",   "",   "",   "",   "",   "",   "",   "",   "",   "",   "",   "",   "",   "",   "",   "",   "",   "",   "",   "",   "",   "",   "",   "",   "",   "",   "",   "",   "",   "",   "",   "",   "",   "",   "",   "",   "",   "",   "",   "",   "",   "",   "",   "",   "",   "",   "",   "",   "",   "",   "",   "",   "",   "",   "",   "",   "",   "",   "",   "",   "",   "",   "",   "",   "",   "",   "",   "",   "",   "",   "",   "",   "",   "",   "",   "",   "",   "",   "",   "",   "",   "",   "",   "",   "",   "",   "",   "",   "",   "",   "",   "",   "",   "",   "",   "",   "",   "",   "",   "",   "",   "",   "",   "",   "",   "",   "",   "",   "",   "",   "",   "",   "",   "",   "",   "",   "",   "",   "",   "",   "",   "",   "",   "",   "",   "",   "",   "",   "",   "",   "",   "",   "",   "",   "",   "",   "",   "",   "",   "",   "",   "",   "",   "",   "",   "",   "",   "",   "",   "",   "",   "",   "",   "",   "",   "",   "",   "",   "",   "",   "",   "",   "",   "",   "",   "",   "",   "",   "",   "",   "",   "",   "",   "",   "",   "",   "",   "",   "",   "",   "",   "",   "",   "",   "",   "",   "",   "",   "",   "",   "",   "",   "",   "",   "",   "",   "",   "",   "",   "",   "",   "",   "",   "",   "",   "",   "",   "",   "",   "",   "",   "",   "",   "",   "",   "",   "",   "",   "",   "",   "",   "",   "",   "",   "",   "",   "",   "",   "",   "",   "",   "",   "",   "",   "",   "",   "",   "",   "",   "",   "",   "",   "",   "",   "",   "",   "",   "",   "",   "",   "",   "",   "",   "",   "",   "",   "",   "",   "",   "",   "",   "",   "",   "",   "",   "",   "",   "",   "",   "",   "",   "",   "",   "",   "",   "",   "",   "",   "",   "",   "",   "",   "",   "",   "",   "",   "",   "",   "",   "",   "",   "",   "",   "",   "",   "",   "",   "",   "",   "",   "",   "",   "",   "",   "",   "",   "",   "",   "",   "",   "",   "",   "",   "",   "",   "",   "",   "",   "",   "",   "",   "",   "",   "",   "",   ""))
			, ID4 = as.character(c(  "",   "",   "",   "",   "",   "",   "",   "",   "",   "",   "",   "",   "",   "",   "",   "",   "",   "",   "",   "",   "",   "",   "",   "",   "",   "",   "",   "",   "",   "",   "",   "",   "",   "",   "",   "",   "",   "",   "",   "",   "",   "",   "",   "",   "",   "",   "",   "",   "",   "",   "",   "",   "",   "",   "",   "",   "",   "",   "",   "",   "",   "",   "",   "",   "",   "",   "",   "",   "",   "",   "",   "",   "",   "",   "",   "",   "",   "",   "",   "",   "",   "",   "",   "",   "",   "",   "",   "",   "",   "",   "",   "",   "",   "",   "",   "",   "",   "",   "",   "",   "",   "",   "",   "",   "",   "",   "",   "",   "",   "",   "",   "",   "",   "",   "",   "",   "",   "",   "",   "",   "",   "",   "",   "",   "",   "",   "",   "",   "",   "",   "",   "",   "",   "",   "",   "",   "",   "",   "",   "",   "",   "",   "",   "",   "",   "",   "",   "",   "",   "",   "",   "",   "",   "",   "",   "",   "",   "",   "",   "",   "",   "",   "",   "",   "",   "",   "",   "",   "",   "",   "",   "",   "",   "",   "",   "",   "",   "",   "",   "",   "",   "",   "",   "",   "",   "",   "",   "",   "",   "",   "",   "",   "",   "",   "",   "",   "",   "",   "",   "",   "",   "",   "",   "",   "",   "",   "",   "",   "",   "",   "",   "",   "",   "",   "",   "",   "",   "",   "",   "",   "",   "",   "",   "",   "",   "",   "",   "",   "",   "",   "",   "",   "",   "",   "",   "",   "",   "",   "",   "",   "",   "",   "",   "",   "",   "",   "",   "",   "",   "",   "",   "",   "",   "",   "",   "",   "",   "",   "",   "",   "",   "",   "",   "",   "",   "",   "",   "",   "",   "",   "",   "",   "",   "",   "",   "",   "",   "",   "",   "",   "",   "",   "",   "",   "",   "",   "",   "",   "",   "",   "",   "",   "",   "",   "",   "",   "",   "",   "",   "",   "",   "",   "",   "",   "",   "",   "",   "",   "",   "",   "",   "",   "",   "",   "",   "",   "",   "",   "",   "",   "",   "",   "",   "",   "",   "",   "",   "",   "",   "",   "",   "",   "",   "",   "",   "",   "",   "",   "",   "",   "",   "",   "",   "",   "",   "",   "",   "",   "",   "",   "",   "",   "",   "",   "",   "",   "",   "",   "",   "",   "",   "",   "",   "",   "",   "",   "",   "",   "",   "",   "",   "",   "",   "",   "",   "",   "",   "",   "",   "",   "",   "",   "",   "",   "",   "",   "",   "",   "",   "",   "",   "",   "",   "",   "",   "",   "",   "",   "",   "",   "",   "",   "",   "",   "",   "",   "",   "",   "",   "",   "",   "",   "",   "",   "",   "",   "",   "",   "",   "",   "",   "",   "",   "",   "",   "",   "",   "",   "",   "",   "",   "",   "",   "",   "",   "",   "",   "",   "",   "",   "",   "",   "",   "",   "",   "",   "",   "",   "",   "",   "",   "",   "",   "",   "",   "",   "",   "",   "",   "",   "",   "",   "",   "",   "",   "",   "",   "",   "",   "",   "",   "",   "",   "",   "",   "",   "",   "",   "",   ""))
