dmp.txt <- structure(
	.Data = list(
		"coefficients" = list(
			"fixed" = c("CMultStdev" = 0.528910180278568, "tvVmax" = 5142.97106363516, "tvKm" = 1501.85936588145, "tvV" = 43.6037179272897, "tvKa" = 1.04860697602968, "dVdWT" = 0.782730205040073, "CEps" = 0.273232647808134)
			, "random" = list("Subject" = matrix(
				as.numeric(c(
					 -0.0426131983838327,  -1.12713186258553,  0.0682506876809569
					,  -0.285725527294394,  0.233122823985628,  -0.895296544180937
					,  -0.592182210546085,  -0.120222788885742,  0.0801756132363576
					,  0.233595410157243,  -0.399185354418956,  0.20070321693563
					,  0.448024216514401,  -0.0693540747577284,  0.175525005082037
					,  0.429286802119332,  -0.518895562022668,  0.134202092616136
					,  0.404089016367664,  0.286621137269257,  0.138781895696909
					,  0.225993217123361,  0.038600324333204,  0.59715471157404
					,  0.267947955066257,  0.30736722276163,  -0.0347937719994897
					,  -0.626752648843909,  0.123751423705791,  -0.368691865536371
					,  0.289187298726576,  -1.17723685103224,  0.498872935061726
					,  -0.0976314534428278,  0.445970044359138,  0.366822500710478
					,  0.305664294005554,  -0.579125997539944,  -0.25221073991946
					,  0.297986029398354,  0.286134249646785,  -0.655467461144605
					,  0.243940643796554,  -0.346993312778319,  -0.540838785875445
					,  0.330360598759293,  -0.25580866520154,  -0.269471015926743
					,  -0.562527261112638,  -0.355307402541618,  -0.454926866524979
					,  0.245870341040239,  0.236340284898821,  -0.324563845197029
					,  0.281588794546051,  0.10508569273122,  -0.560157153883857
					,  -0.252448792279326,  -0.204830376117987,  0.405475266521681
					,  -0.109256018383356,  0.195509492881009,  -0.223077787361313
					,  -0.0523515379472973,  0.510493542992416,  -0.26039787151067
					,  -0.307812773463181,  -0.263832013262554,  0.553355545979362
					,  -0.688812261913982,  0.327450338441151,  -0.234544058482109
					,  -0.432395562611326,  0.604232638138075,  0.0401133935386326
					,  0.0584864658204369,  0.397664840461613,  0.346368321564691
					,  0.307420189633796,  0.445773020643951,  0.690663975211513
					,  -0.226802099704321,  -0.0960362017828777,  -0.327321828757661
					,  0.268836754538736,  -0.259131972170124,  -0.336092830758664
					,  -0.0414721757131317,  0.134624191820951,  0.0274681665458595
					,  0.444889092638223,  -0.286006459556986,  -0.463390292046325
					,  0.334762564325245,  -0.0815623094390381,  0.287905064682794
					,  0.381296124087042,  -0.858862586845045,  -0.0927018550728867
					,  -0.0286258254355071,  0.554156746075601,  -0.4103937350719
					,  0.500169658972143,  0.310957882194321,  -0.162959814763103
					,  0.0957038890497483,  0.173410818643846,  0.528363344883706
					,  -0.375547588207897,  -0.0854166951511365,  -1.29904518118771
					,  0.666285295462793,  -0.111607490719385,  -0.0925164332629643
					,  0.0260813420548738,  -0.208856036431633,  -0.197143098443235
					,  -0.225094269498348,  -0.302178539541434,  -0.0482581360252679
					,  -0.964782676032411,  -1.12554562334131,  0.324655381117271
					,  -0.140571955755821,  -0.289190152959577,  -1.33005781616658
					,  -1.08819384185918,  -0.332089540465131,  -0.478876355529012
					,  0.653121855868678,  -1.03129329323385,  0.440302262491792
					,  0.766312976660718,  0.0932971974650232,  0.15220085275773
					,  1.36350099314207,  -0.85614698496059,  0.182771298868649
					,  0.597118888870624,  0.116345951149007,  -0.190716546732043
					,  -0.434747828086331,  -0.0235373929115477,  1.772241356629
					,  0.528089989326124,  0.614705341376369,  -0.119232626248347
					,  -0.491748201664125,  0.219587069655187,  -0.688459489866116
					,  0.326713657083977,  -1.50216023070019,  0.723321857889887
					,  -0.115590913509808,  0.49154787718099,  0.416636859250907
					,  0.0870981024473964,  -0.264519334966148,  -0.392943079467609
					,  0.499974797139098,  0.175350770329674,  -0.336382200057319
					,  0.587355299746154,  -0.877701053727832,  -0.591711193511314
					,  0.330001193016545,  -0.613200987577548,  -0.651315044528278
					,  -0.577251792533981,  -0.408219422230778,  -0.555062574200055
					,  -0.330159325370032,  0.242303150423114,  -0.761452312529369
					,  0.0966848439055358,  -0.0624460510109566,  0.0751659080101147
					,  -0.220038069451573,  0.674129221748036,  0.781479720390077
					))
				, nrow = 60, ncol = 3
				, dimnames = list(
					as.character(c( "1", "2", "3", "4", "5", "6", "7", "8", "9", "10"
					  , "11", "12", "13", "14", "15", "16", "17", "18", "19", "20"
					  , "21", "22", "23", "24", "25", "26", "27", "28", "29", "30"
					  , "31", "32", "33", "34", "35", "36", "37", "38", "39", "40"
					  , "41", "42", "43", "44", "45", "46", "47", "48", "49", "50"
					  , "51", "52", "53", "54", "55", "56", "57", "58", "59", "60"))
					, as.character(c("nVmax", "nKm", "nV"))
					)
				))
			)
		, "logLik" = c(-3186.31)
		, "nObs" = c(480)
		, "nSubj" = c(60)
		, "nParm" = c(13)
		, "returnCode" = c(1)
		, "omega" = matrix(
			as.numeric(c(0.346509994298513, 0.0120439612223281, 0.461167329863864, 0.0120439612223281, 0.196350482279214, -0.0780287137649514, 0.461167329863864, -0.0780287137649514, 0.801069310409852))
			, nrow = 3, ncol = 3
			, dimnames = list(
				as.character(c("nVmax", "nKm", "nV"))
				, as.character(c("nVmax", "nKm", "nV"))
				)
			)
		, "eta" = matrix(
			as.numeric(c(-0.0539649940590984, 0.000382322679335981, -0.0752221539540837, 0.169632940048379, 0.147810984202659, 0.40772689859789, 0.411865196451921, 0.384461941162788, 0.638534962705951, 0.300323621768966, 0.132364390109245, 0.286572846396031))
			, nrow = 3, ncol = 4
			, dimnames = list(
				as.character(c("nVmax", "nKm", "nV"))
				, as.character(c("mean", "var", "sd", "shrinkage"))
				)
			)
		, "eta_shrinkage" = list("Subject" = matrix(
			as.numeric(c(
				 0.311712097114921,  0.332166588425801,  0.549898378125622
				,  0.642620514235341,  0.677296948095675,  0.0793696986106584
				,  0.14539639111195,  0.38806705928949,  0.668287326404421
				,  0.505529059041144,  0.479856197097,  0.684766439668499
				,  0.603693985293375,  0.796800174055392,  0.694377969009322
				,  0.8913232707428,  0.469472060497845,  0.854546644940265
				,  0.859981814822805,  0.814448082397626,  0.88802729434063
				,  0.533517223375877,  0.503627840225431,  0.843822065458815
				,  0.880802975559485,  0.681679328763401,  0.508422583770997
				,  0.423117935039811,  0.669180476928499,  0.323018798645287
				,  0.868223849445061,  0.0958893315336733,  0.636823120877064
				,  0.796697740100276,  0.59546878132914,  0.800009144896461
				,  0.69191618694822,  0.160049677876968,  0.480821069030597
				,  0.737472746160512,  0.796299914058623,  0.35881091306235
				,  0.912045726637661,  0.419224226175884,  0.330502247763045
				,  0.677262030419087,  0.4376807395924,  0.616388751770453
				,  0.36386335361762,  0.459505010135491,  0.163355618832691
				,  0.652772231905843,  0.620388731527443,  0.201113047847745
				,  0.699981543807881,  0.571123643910094,  0.662772704557296
				,  0.340428023038733,  0.826346580285054,  0.805333321252906
				,  0.255238977816693,  0.199278699053037,  0.241607552236591
				,  0.225504969285385,  0.239507588522406,  0.217487576294685
				,  0.234311131018798,  0.243695789699701,  0.235526437021027
				,  0.251449678069831,  0.228845137585084,  0.237677731211658
				,  0.257772516188587,  0.223440884832432,  0.236393838107104
				,  0.228296704980029,  0.22466848037074,  0.22844635342307
				,  0.22731289882318,  0.227920880391377,  0.23112889997554
				,  0.258172234248875,  0.247855326653329,  0.227916516407084
				,  0.225881161432285,  0.245937402134342,  0.247677129131424
				,  0.22524360461695,  0.237324523066907,  0.238191147082047
				,  0.22997902067707,  0.191874166979443,  0.253890606485808
				,  0.22929140197414,  0.259198268925934,  0.225125973344108
				,  0.240246411051461,  0.221058264397873,  0.234777883640768
				,  0.228255998745282,  0.229164257822595,  0.224878019053442
				,  0.23475290862128,  0.237274752628519,  0.229801878545821
				,  0.242873818948074,  0.233559544972255,  0.228598314315424
				,  0.229355661143751,  0.228409857815702,  0.223436758991736
				,  0.239586281696884,  0.243666766624342,  0.230432990821954
				,  0.24056113775209,  0.245659694782391,  0.215766297073238
				,  0.239907198761903,  0.219964025307135,  0.233614664238352
				,  0.534725216985653,  0.621270245437754,  0.495325959589108
				,  0.578934273131095,  0.553413299308522,  0.246963526283748
				,  0.308851921454633,  0.44207310230034,  0.56021102791926
				,  0.479425679058979,  0.506239293823227,  0.561529540010233
				,  0.513350631150376,  0.619142187840851,  0.537391337568102
				,  0.558225662854024,  0.568221680119437,  0.610304795561278
				,  0.565058027054368,  0.581632935496884,  0.652298805311673
				,  0.62408433376469,  0.47747462173754,  0.535856365291905
				,  0.599249241532139,  0.543757963866683,  0.556058749884367
				,  0.542005907632749,  0.543014896264224,  0.404098885766154
				,  0.580961032855171,  0.348804947951358,  0.507071109986736
				,  0.678132101702878,  0.510234280149373,  0.564296666895034
				,  0.533886046923783,  0.287204844607849,  0.499865037154363
				,  0.536304011435302,  0.572945462869647,  0.50681996977101
				,  0.60600902164365,  0.495228602534524,  0.525708258487832
				,  0.538180311472119,  0.462457885073104,  0.564332009746648
				,  0.484424695407831,  0.491369028968572,  0.534437269098609
				,  0.52745883518629,  0.523433622677165,  0.347214817613158
				,  0.553221137228036,  0.514000551734054,  0.690278713910967
				,  0.431441530241474,  0.657302571192687,  0.563111822029279
				))
			, nrow = 60, ncol = 3
			, dimnames = list(
				as.character(c( "1", "2", "3", "4", "5", "6", "7", "8", "9", "10"
				  , "11", "12", "13", "14", "15", "16", "17", "18", "19", "20"
				  , "21", "22", "23", "24", "25", "26", "27", "28", "29", "30"
				  , "31", "32", "33", "34", "35", "36", "37", "38", "39", "40"
				  , "41", "42", "43", "44", "45", "46", "47", "48", "49", "50"
				  , "51", "52", "53", "54", "55", "56", "57", "58", "59", "60"))
				, as.character(c("nVmax_shrinkage", "nKm_shrinkage", "nV_shrinkage"))
				)
			))
		, "sigma" = matrix(
			as.numeric(c(0.0746560798282437))
			, nrow = 1, ncol = 1
			, dimnames = list(
				as.character(c("CEps"))
				, as.character(c("CEps"))
				)
			)
		, "method" = "FOCE-ELS"
		, "varFix" = matrix(
			as.numeric(c(0.00143642756578606, 2.35370017953174, -1.2624730412306, 0.0928204759592609, -0.00037311195312061, 0.000478145865639851, -8.74482960282634e-005, 2.35370017953174, 793019.959092183, 313947.446620192, -718.358694452359, -77.187723343949, 7.45757420576145, -8.37239458128016, -1.2624730412306, 313947.446620192, 138060.267058255, -615.998006326448, -32.1563463835436, 5.33736780009249, -2.95020811649602, 0.0928204759592609, -718.358694452359, -615.998006326448, 16.982787149437, 0.125503897841869, -0.0786778223158142, -0.00187354448235935, -0.00037311195312061, -77.187723343949, -32.1563463835436, 0.125503897841869, 0.0186407209637006, -0.00330931561818138, 0.000950734316599799, 0.000478145865639851, 7.45757420576145, 5.33736780009249, -0.0786778223158142, -0.00330931561818138, 0.122729629414361, -0.00200096963155107, -8.74482960282634e-005, -8.37239458128016, -2.95020811649602, -0.00187354448235935, 0.000950734316599799, -0.00200096963155107, 0.00243820408358577))
			, nrow = 7, ncol = 7
			, dimnames = list(
				as.character(c("CMultStdev", "tvVmax", "tvKm", "tvV", "tvKa", "dVdWT", "CEps"))
				, as.character(c("CMultStdev", "tvVmax", "tvKm", "tvV", "tvKa", "dVdWT", "CEps"))
				)
			)
		, "omegaSE" = matrix(
			as.numeric(c(0.170690078295662, 0.0798014097718255, 0.242088629765739, 0.0798014097718255, 0.0533518879002369, 0.124183926907035, 0.242088629765739, 0.124183926907035, 0.364648470799554))
			, nrow = 3, ncol = 3, byrow = TRUE
			, dimnames = list(
				as.character(c("nVmax", "nKm", "nV"))
				, as.character(c("nVmax", "nKm", "nV"))
				)
			)
		, "Covariance" = matrix(
			as.numeric(c(0.0014364276, 2.3537002, -1.262473, 0.092820476, -0.00037311195, 0.00047814587, -8.7448296e-005, 0.00093138248, -0.00057759263, -0.00035777285, 0.001684819, -0.0002566303, 0.0025738105, 2.3537002, 793019.96, 313947.45, -718.35869, -77.187723, 7.4575742, -8.3723946, 75.652806, 17.566788, -1.3941284, 91.667063, 26.173097,  103.5245, -1.262473, 313947.45, 138060.27, -615.99801, -32.156346, 5.3373678, -2.9502081, 25.848412, 8.0531365, -0.36826521, 30.151091, 11.645516,  31.18518, 0.092820476, -718.35869, -615.99801, 16.982787, 0.1255039, -0.078677822, -0.0018735445, 0.011773227, -0.050008523, 0.00099979939, 0.069335666, -0.042435046, 0.17091155, -0.00037311195, -77.187723, -32.156346, 0.1255039, 0.018640721, -0.0033093156, 0.00095073432, -0.0072653525, 5.0380895e-005, -0.00086212832, -0.010287386, 0.00011234342, -0.013230939, 0.00047814587, 7.4575742, 5.3373678, -0.078677822, -0.0033093156, 0.12272963, -0.0020009696, -0.0010983988, -0.0040720136, 0.0012986925, -0.00095974811, -0.0034876985, -0.0018117985, -8.7448296e-005, -8.3723946, -2.9502081, -0.0018735445, 0.00095073432, -0.0020009696, 0.0024382041, -8.6798281e-005, 0.00085686927, 0.00027008327, -0.0002435164, 0.0010710355, -0.00050151482, 0.00093138248, 75.652806, 25.848412, 0.011773227, -0.0072653525, -0.0010983988, -8.6798281e-005, 0.029135103, -0.00026336522, 0.0011936416, 0.039848571, -0.00084730014, 0.054100567, -0.00057759263, 17.566788, 8.0531365, -0.050008523, 5.0380895e-005, -0.0040720136, 0.00085686927, -0.00026336522, 0.006368265, -0.0013656185, -0.0039205825, 0.0091170331, -0.010347845, -0.00035777285, -1.3941284, -0.36826521, 0.00099979939, -0.00086212832, 0.0012986925, 0.00027008327, 0.0011936416, -0.0013656185, 0.0028464239, 0.0023528798, -0.0038551245, 0.005392266, 0.001684819, 91.667063, 30.151091, 0.069335666, -0.010287386, -0.00095974811, -0.0002435164, 0.039848571, -0.0039205825, 0.0023528798, 0.058606905, -0.0062744747, 0.085140142, -0.0002566303, 26.173097, 11.645516, -0.042435046, 0.00011234342, -0.0034876985, 0.0010710355, -0.00084730014, 0.0091170331, -0.0038551245, -0.0062744747, 0.015421648, -0.017567088, 0.0025738105,  103.5245,  31.18518, 0.17091155, -0.013230939, -0.0018117985, -0.00050151482, 0.054100567, -0.010347845, 0.005392266, 0.085140142, -0.017567088, 0.13296851))
			, nrow = 13, ncol = 13
			, dimnames = list(
				as.character(c("CMultStdev", "tvVmax", "tvKm", "tvV", "tvKa", "dVdWT", "stdev0", "nVmax-nVmax", "nKm-nVmax", "nKm-nKm", "nV-nVmax", "nV-nKm", "nV-nV"))
				, as.character(c("CMultStdev", "tvVmax", "tvKm", "tvV", "tvKa", "dVdWT", "stdev0", "nVmax-nVmax", "nKm-nVmax", "nKm-nKm", "nV-nVmax", "nV-nKm", "nV-nV"))
				)
			)
		, "Correlation" = matrix(
			as.numeric(c(0.037900232, 0.069737635, -0.089649092, 0.59428866, -0.072105093, 0.036011717, -0.046727706, 0.14397196, -0.19097179, -0.17693581, 0.1836272, -0.054525627, 0.18623457, 0.069737635, 890.51668, 0.94881281, -0.19574686, -0.6348554, 0.023904563, -0.19040248, 0.4977081, 0.24719503, -0.029343433, 0.42520353, 0.23667243, 0.31880616, -0.089649092, 0.94881281, 371.56462, -0.40229114, -0.63387116, 0.04100323, -0.16079897, 0.4075597, 0.27159398, -0.018577041, 0.3351925, 0.25238236, 0.23016512, 0.59428866, -0.19574686, -0.40229114, 4.1210177, 0.22305984, -0.054497068, -0.0092071347, 0.016737198, -0.1520649, 0.0045473522, 0.069498881, -0.082919143, 0.11373458, -0.072105093, -0.6348554, -0.63387116, 0.22305984, 0.13653103, -0.069188215, 0.14102392, -0.31175761, 0.0046240654, -0.11835613, -0.31124279, 0.0066259917, -0.26575713, 0.036011717, 0.023904563, 0.04100323, -0.054497068, -0.069188215, 0.35032789, -0.11567267, -0.018368642, -0.14565451, 0.069483522, -0.011316397, -0.08016759, -0.014182761, -0.046727706, -0.19040248, -0.16079897, -0.0092071347, 0.14102392, -0.11567267, 0.049378174, -0.010298354, 0.21745479, 0.10252101, -0.020371302, 0.17466402, -0.027853152, 0.14397196, 0.4977081, 0.4075597, 0.016737198, -0.31175761, -0.018368642, -0.010298354, 0.17069008, -0.019334795, 0.1310738, 0.96433977, -0.039972712, 0.86919885, -0.19097179, 0.24719503, 0.27159398, -0.1520649, 0.0046240654, -0.14565451, 0.21745479, -0.019334795, 0.07980141, -0.32075175, -0.20293906, 0.91997829, -0.35560263, -0.17693581, -0.029343433, -0.018577041, 0.0045473522, -0.11835613, 0.069483522, 0.10252101, 0.1310738, -0.32075175, 0.053351888, 0.18216945, -0.58186633, 0.27717057, 0.1836272, 0.42520353, 0.3351925, 0.069498881, -0.31124279, -0.011316397, -0.020371302, 0.96433977, -0.20293906, 0.18216945, 0.24208863, -0.20870728, 0.96446302, -0.054525627, 0.23667243, 0.25238236, -0.082919143, 0.0066259917, -0.08016759, 0.17466402, -0.039972712, 0.91997829, -0.58186633, -0.20870728, 0.12418393, -0.38793591, 0.18623457, 0.31880616, 0.23016512, 0.11373458, -0.26575713, -0.014182761, -0.027853152, 0.86919885, -0.35560263, 0.27717057, 0.96446302, -0.38793591, 0.36464847))
			, nrow = 13, ncol = 13
			, dimnames = list(
				as.character(c("CMultStdev", "tvVmax", "tvKm", "tvV", "tvKa", "dVdWT", "stdev0", "nVmax-nVmax", "nKm-nVmax", "nKm-nKm", "nV-nVmax", "nV-nKm", "nV-nV"))
				, as.character(c("CMultStdev", "tvVmax", "tvKm", "tvV", "tvKa", "dVdWT", "stdev0", "nVmax-nVmax", "nKm-nVmax", "nKm-nKm", "nV-nVmax", "nV-nKm", "nV-nV"))
				)
			)
		, "Inverse" = matrix(
			as.numeric(c(1386.1929, -0.021834811, 0.037439603, -7.1610409, 63.816136, -6.5231365, -103.98949, -145.7797, 278.86787, 241.37973, 152.35153, -79.027587, -40.304976, -0.021834811, 2.7941366e-005, -6.3815484e-005, -0.0011192687, 0.01074529, 0.00023000722, 0.0091202748, -0.096390229, 0.0013354969, 0.024403436, 0.10432016, 0.002765942, -0.031918167, 0.037439603, -6.3815484e-005, 0.00016486315, 0.0031184897, -0.0015727856, -0.0004143169, 0.0038788116, 0.20502036, 5.3686034e-005, -0.073408788, -0.23014203, -0.029267133, 0.06919744, -7.1610409, -0.0011192687, 0.0031184897, 0.17931604, -0.76084485, 0.14979006, 1.3043051, 1.2999847,  5.068518, -5.4323232, 0.70459735, -5.3774146, -1.096352, 63.816136, 0.01074529, -0.0015727856, -0.76084485,  110.1788, 0.66126525, -12.082261, -218.92086, 65.708344, 48.777683, 284.02131, -47.201562, -93.216112, -6.5231365, 0.00023000722, -0.0004143169, 0.14979006, 0.66126525, 9.4870453, 8.2879632, -37.895953, 69.384515, -31.366774, 53.728639, -48.530612, -18.645789, -103.98949, 0.0091202748, 0.0038788116, 1.3043051, -12.082261, 8.2879632, 536.59891, 104.00256, 42.200389, -244.37974, -86.958534, -170.66556, -2.7279013, -145.7797, -0.096390229, 0.20502036, 1.2999847, -218.92086, -37.895953, 104.00256, 6236.6291, -4176.7381, 593.44904, -8445.3418, 2823.5723, 2900.2299, 278.86787, 0.0013354969, 5.3686034e-005,  5.068518, 65.708344, 69.384515, 42.200389, -4176.7381, 5402.8005, -1707.8199, 6050.9956, -3867.9933, -2201.7201, 241.37973, 0.024403436, -0.073408788, -5.4323232, 48.777683, -31.366774, -244.37974, 593.44904, -1707.8199, 1410.3764, -1040.8982, 1478.6576, 434.31859, 152.35153, 0.10432016, -0.23014203, 0.70459735, 284.02131, 53.728639, -86.958534, -8445.3418, 6050.9956, -1040.8982, 12009.677, -4310.2676,  -4312.47, -79.027587, 0.002765942, -0.029267133, -5.3774146, -47.201562, -48.530612, -170.66556, 2823.5723, -3867.9933, 1478.6576, -4310.2676, 3010.3134, 1654.9366, -40.304976, -0.031918167, 0.06919744, -1.096352, -93.216112, -18.645789, -2.7279013, 2900.2299, -2201.7201, 434.31859,  -4312.47, 1654.9366, 1619.7567))
			, nrow = 13, ncol = 13
			, dimnames = list(
				as.character(c("CMultStdev", "tvVmax", "tvKm", "tvV", "tvKa", "dVdWT", "stdev0", "nVmax-nVmax", "nKm-nVmax", "nKm-nKm", "nV-nVmax", "nV-nKm", "nV-nV"))
				, as.character(c("CMultStdev", "tvVmax", "tvKm", "tvV", "tvKa", "dVdWT", "stdev0", "nVmax-nVmax", "nKm-nVmax", "nKm-nKm", "nV-nVmax", "nV-nKm", "nV-nV"))
				)
			)
		, "LLTable" = data.frame(
			id = as.character(c( "1", "2", "3", "4", "5", "6", "7", "8", "9", "10", "11", "12", "13", "14", "15", "16", "17", "18", "19", "20", "21", "22", "23", "24", "25", "26", "27", "28", "29", "30", "31", "32", "33", "34", "35", "36", "37", "38", "39", "40", "41", "42", "43", "44", "45", "46", "47", "48", "49", "50", "51", "52", "53", "54", "55", "56", "57", "58", "59", "60"))
			, "LL" = c(-47.458027, -60.497152, -52.151443, -55.186497, -48.671042, -51.513046, -50.137345, -49.103267, -48.747942, -53.80656, -47.064048, -55.131386, -52.748959, -53.276981, -50.977754, -61.69382, -55.543338, -51.433414, -54.124792, -51.113485, -51.992189, -45.25529, -50.600981, -65.636155, -55.301281, -53.091165, -46.831615, -57.848285, -51.594888, -49.709348, -52.688024, -57.68301, -50.936662, -53.54754, -47.724675, -53.47548, -48.332733, -60.713086, -50.739367, -52.505643, -51.680815, -62.621352, -56.231036, -48.032217, -55.163228, -50.886157, -48.503989, -49.487533, -55.571454, -52.790806, -60.347118, -45.537124, -53.747844, -50.721044, -50.492734, -51.503419, -63.605536, -51.716316, -64.53765, -56.540833)
			) # end of LLTable
		, "residuals" = data.frame(
			  ID1 = as.character(c(  "",   "",   "",   "",   "",   "",   "",   "",   "",   "",   "",   "",   "",   "",   "",   "",   "",   "",   "",   "",   "",   "",   "",   "",   "",   "",   "",   "",   "",   "",   "",   "",   "",   "",   "",   "",   "",   "",   "",   "",   "",   "",   "",   "",   "",   "",   "",   "",   "",   "",   "",   "",   "",   "",   "",   "",   "",   "",   "",   "",   "",   "",   "",   "",   "",   "",   "",   "",   "",   "",   "",   "",   "",   "",   "",   "",   "",   "",   "",   "",   "",   "",   "",   "",   "",   "",   "",   "",   "",   "",   "",   "",   "",   "",   "",   "",   "",   "",   "",   "",   "",   "",   "",   "",   "",   "",   "",   "",   "",   "",   "",   "",   "",   "",   "",   "",   "",   "",   "",   "",   "",   "",   "",   "",   "",   "",   "",   "",   "",   "",   "",   "",   "",   "",   "",   "",   "",   "",   "",   "",   "",   "",   "",   "",   "",   "",   "",   "",   "",   "",   "",   "",   "",   "",   "",   "",   "",   "",   "",   "",   "",   "",   "",   "",   "",   "",   "",   "",   "",   "",   "",   "",   "",   "",   "",   "",   "",   "",   "",   "",   "",   "",   "",   "",   "",   "",   "",   "",   "",   "",   "",   "",   "",   "",   "",   "",   "",   "",   "",   "",   "",   "",   "",   "",   "",   "",   "",   "",   "",   "",   "",   "",   "",   "",   "",   "",   "",   "",   "",   "",   "",   "",   "",   "",   "",   "",   "",   "",   "",   "",   "",   "",   "",   "",   "",   "",   "",   "",   "",   "",   "",   "",   "",   "",   "",   "",   "",   "",   "",   "",   "",   "",   "",   "",   "",   "",   "",   "",   "",   "",   "",   "",   "",   "",   "",   "",   "",   "",   "",   "",   "",   "",   "",   "",   "",   "",   "",   "",   "",   "",   "",   "",   "",   "",   "",   "",   "",   "",   "",   "",   "",   "",   "",   "",   "",   "",   "",   "",   "",   "",   "",   "",   "",   "",   "",   "",   "",   "",   "",   "",   "",   "",   "",   "",   "",   "",   "",   "",   "",   "",   "",   "",   "",   "",   "",   "",   "",   "",   "",   "",   "",   "",   "",   "",   "",   "",   "",   "",   "",   "",   "",   "",   "",   "",   "",   "",   "",   "",   "",   "",   "",   "",   "",   "",   "",   "",   "",   "",   "",   "",   "",   "",   "",   "",   "",   "",   "",   "",   "",   "",   "",   "",   "",   "",   "",   "",   "",   "",   "",   "",   "",   "",   "",   "",   "",   "",   "",   "",   "",   "",   "",   "",   "",   "",   "",   "",   "",   "",   "",   "",   "",   "",   "",   "",   "",   "",   "",   "",   "",   "",   "",   "",   "",   "",   "",   "",   "",   "",   "",   "",   "",   "",   "",   "",   "",   "",   "",   "",   "",   "",   "",   "",   "",   "",   "",   "",   "",   "",   "",   "",   "",   "",   "",   "",   "",   "",   "",   "",   "",   "",   "",   "",   "",   "",   "",   "",   "",   "",   "",   "",   "",   "",   "",   "",   "",   "",   "",   "",   "",   "",   "",   "",   "",   "",   "",   "",   "",   "",   "",   ""))
			, ID2 = as.character(c(  "",   "",   "",   "",   "",   "",   "",   "",   "",   "",   "",   "",   "",   "",   "",   "",   "",   "",   "",   "",   "",   "",   "",   "",   "",   "",   "",   "",   "",   "",   "",   "",   "",   "",   "",   "",   "",   "",   "",   "",   "",   "",   "",   "",   "",   "",   "",   "",   "",   "",   "",   "",   "",   "",   "",   "",   "",   "",   "",   "",   "",   "",   "",   "",   "",   "",   "",   "",   "",   "",   "",   "",   "",   "",   "",   "",   "",   "",   "",   "",   "",   "",   "",   "",   "",   "",   "",   "",   "",   "",   "",   "",   "",   "",   "",   "",   "",   "",   "",   "",   "",   "",   "",   "",   "",   "",   "",   "",   "",   "",   "",   "",   "",   "",   "",   "",   "",   "",   "",   "",   "",   "",   "",   "",   "",   "",   "",   "",   "",   "",   "",   "",   "",   "",   "",   "",   "",   "",   "",   "",   "",   "",   "",   "",   "",   "",   "",   "",   "",   "",   "",   "",   "",   "",   "",   "",   "",   "",   "",   "",   "",   "",   "",   "",   "",   "",   "",   "",   "",   "",   "",   "",   "",   "",   "",   "",   "",   "",   "",   "",   "",   "",   "",   "",   "",   "",   "",   "",   "",   "",   "",   "",   "",   "",   "",   "",   "",   "",   "",   "",   "",   "",   "",   "",   "",   "",   "",   "",   "",   "",   "",   "",   "",   "",   "",   "",   "",   "",   "",   "",   "",   "",   "",   "",   "",   "",   "",   "",   "",   "",   "",   "",   "",   "",   "",   "",   "",   "",   "",   "",   "",   "",   "",   "",   "",   "",   "",   "",   "",   "",   "",   "",   "",   "",   "",   "",   "",   "",   "",   "",   "",   "",   "",   "",   "",   "",   "",   "",   "",   "",   "",   "",   "",   "",   "",   "",   "",   "",   "",   "",   "",   "",   "",   "",   "",   "",   "",   "",   "",   "",   "",   "",   "",   "",   "",   "",   "",   "",   "",   "",   "",   "",   "",   "",   "",   "",   "",   "",   "",   "",   "",   "",   "",   "",   "",   "",   "",   "",   "",   "",   "",   "",   "",   "",   "",   "",   "",   "",   "",   "",   "",   "",   "",   "",   "",   "",   "",   "",   "",   "",   "",   "",   "",   "",   "",   "",   "",   "",   "",   "",   "",   "",   "",   "",   "",   "",   "",   "",   "",   "",   "",   "",   "",   "",   "",   "",   "",   "",   "",   "",   "",   "",   "",   "",   "",   "",   "",   "",   "",   "",   "",   "",   "",   "",   "",   "",   "",   "",   "",   "",   "",   "",   "",   "",   "",   "",   "",   "",   "",   "",   "",   "",   "",   "",   "",   "",   "",   "",   "",   "",   "",   "",   "",   "",   "",   "",   "",   "",   "",   "",   "",   "",   "",   "",   "",   "",   "",   "",   "",   "",   "",   "",   "",   "",   "",   "",   "",   "",   "",   "",   "",   "",   "",   "",   "",   "",   "",   "",   "",   "",   "",   "",   "",   "",   "",   "",   "",   "",   "",   "",   "",   "",   "",   "",   "",   "",   "",   "",   "",   "",   "",   "",   "",   "",   "",   "",   "",   "",   "",   ""))
			, ID3 = as.character(c(  "",   "",   "",   "",   "",   "",   "",   "",   "",   "",   "",   "",   "",   "",   "",   "",   "",   "",   "",   "",   "",   "",   "",   "",   "",   "",   "",   "",   "",   "",   "",   "",   "",   "",   "",   "",   "",   "",   "",   "",   "",   "",   "",   "",   "",   "",   "",   "",   "",   "",   "",   "",   "",   "",   "",   "",   "",   "",   "",   "",   "",   "",   "",   "",   "",   "",   "",   "",   "",   "",   "",   "",   "",   "",   "",   "",   "",   "",   "",   "",   "",   "",   "",   "",   "",   "",   "",   "",   "",   "",   "",   "",   "",   "",   "",   "",   "",   "",   "",   "",   "",   "",   "",   "",   "",   "",   "",   "",   "",   "",   "",   "",   "",   "",   "",   "",   "",   "",   "",   "",   "",   "",   "",   "",   "",   "",   "",   "",   "",   "",   "",   "",   "",   "",   "",   "",   "",   "",   "",   "",   "",   "",   "",   "",   "",   "",   "",   "",   "",   "",   "",   "",   "",   "",   "",   "",   "",   "",   "",   "",   "",   "",   "",   "",   "",   "",   "",   "",   "",   "",   "",   "",   "",   "",   "",   "",   "",   "",   "",   "",   "",   "",   "",   "",   "",   "",   "",   "",   "",   "",   "",   "",   "",   "",   "",   "",   "",   "",   "",   "",   "",   "",   "",   "",   "",   "",   "",   "",   "",   "",   "",   "",   "",   "",   "",   "",   "",   "",   "",   "",   "",   "",   "",   "",   "",   "",   "",   "",   "",   "",   "",   "",   "",   "",   "",   "",   "",   "",   "",   "",   "",   "",   "",   "",   "",   "",   "",   "",   "",   "",   "",   "",   "",   "",   "",   "",   "",   "",   "",   "",   "",   "",   "",   "",   "",   "",   "",   "",   "",   "",   "",   "",   "",   "",   "",   "",   "",   "",   "",   "",   "",   "",   "",   "",   "",   "",   "",   "",   "",   "",   "",   "",   "",   "",   "",   "",   "",   "",   "",   "",   "",   "",   "",   "",   "",   "",   "",   "",   "",   "",   "",   "",   "",   "",   "",   "",   "",   "",   "",   "",   "",   "",   "",   "",   "",   "",   "",   "",   "",   "",   "",   "",   "",   "",   "",   "",   "",   "",   "",   "",   "",   "",   "",   "",   "",   "",   "",   "",   "",   "",   "",   "",   "",   "",   "",   "",   "",   "",   "",   "",   "",   "",   "",   "",   "",   "",   "",   "",   "",   "",   "",   "",   "",   "",   "",   "",   "",   "",   "",   "",   "",   "",   "",   "",   "",   "",   "",   "",   "",   "",   "",   "",   "",   "",   "",   "",   "",   "",   "",   "",   "",   "",   "",   "",   "",   "",   "",   "",   "",   "",   "",   "",   "",   "",   "",   "",   "",   "",   "",   "",   "",   "",   "",   "",   "",   "",   "",   "",   "",   "",   "",   "",   "",   "",   "",   "",   "",   "",   "",   "",   "",   "",   "",   "",   "",   "",   "",   "",   "",   "",   "",   "",   "",   "",   "",   "",   "",   "",   "",   "",   "",   "",   "",   "",   "",   "",   "",   "",   "",   "",   "",   "",   "",   "",   "",   "",   "",   "",   "",   ""))
			, ID4 = as.character(c(  "",   "",   "",   "",   "",   "",   "",   "",   "",   "",   "",   "",   "",   "",   "",   "",   "",   "",   "",   "",   "",   "",   "",   "",   "",   "",   "",   "",   "",   "",   "",   "",   "",   "",   "",   "",   "",   "",   "",   "",   "",   "",   "",   "",   "",   "",   "",   "",   "",   "",   "",   "",   "",   "",   "",   "",   "",   "",   "",   "",   "",   "",   "",   "",   "",   "",   "",   "",   "",   "",   "",   "",   "",   "",   "",   "",   "",   "",   "",   "",   "",   "",   "",   "",   "",   "",   "",   "",   "",   "",   "",   "",   "",   "",   "",   "",   "",   "",   "",   "",   "",   "",   "",   "",   "",   "",   "",   "",   "",   "",   "",   "",   "",   "",   "",   "",   "",   "",   "",   "",   "",   "",   "",   "",   "",   "",   "",   "",   "",   "",   "",   "",   "",   "",   "",   "",   "",   "",   "",   "",   "",   "",   "",   "",   "",   "",   "",   "",   "",   "",   "",   "",   "",   "",   "",   "",   "",   "",   "",   "",   "",   "",   "",   "",   "",   "",   "",   "",   "",   "",   "",   "",   "",   "",   "",   "",   "",   "",   "",   "",   "",   "",   "",   "",   "",   "",   "",   "",   "",   "",   "",   "",   "",   "",   "",   "",   "",   "",   "",   "",   "",   "",   "",   "",   "",   "",   "",   "",   "",   "",   "",   "",   "",   "",   "",   "",   "",   "",   "",   "",   "",   "",   "",   "",   "",   "",   "",   "",   "",   "",   "",   "",   "",   "",   "",   "",   "",   "",   "",   "",   "",   "",   "",   "",   "",   "",   "",   "",   "",   "",   "",   "",   "",   "",   "",   "",   "",   "",   "",   "",   "",   "",   "",   "",   "",   "",   "",   "",   "",   "",   "",   "",   "",   "",   "",   "",   "",   "",   "",   "",   "",   "",   "",   "",   "",   "",   "",   "",   "",   "",   "",   "",   "",   "",   "",   "",   "",   "",   "",   "",   "",   "",   "",   "",   "",   "",   "",   "",   "",   "",   "",   "",   "",   "",   "",   "",   "",   "",   "",   "",   "",   "",   "",   "",   "",   "",   "",   "",   "",   "",   "",   "",   "",   "",   "",   "",   "",   "",   "",   "",   "",   "",   "",   "",   "",   "",   "",   "",   "",   "",   "",   "",   "",   "",   "",   "",   "",   "",   "",   "",   "",   "",   "",   "",   "",   "",   "",   "",   "",   "",   "",   "",   "",   "",   "",   "",   "",   "",   "",   "",   "",   "",   "",   "",   "",   "",   "",   "",   "",   "",   "",   "",   "",   "",   "",   "",   "",   "",   "",   "",   "",   "",   "",   "",   "",   "",   "",   "",   "",   "",   "",   "",   "",   "",   "",   "",   "",   "",   "",   "",   "",   "",   "",   "",   "",   "",   "",   "",   "",   "",   "",   "",   "",   "",   "",   "",   "",   "",   "",   "",   "",   "",   "",   "",   "",   "",   "",   "",   "",   "",   "",   "",   "",   "",   "",   "",   "",   "",   "",   "",   "",   "",   "",   "",   "",   "",   "",   "",   "",   "",   "",   "",   "",   "",   "",   "",   "",   "",   "",   ""))
			, ID5 = as.character(c( "1",  "1",  "1",  "1",  "1",  "1",  "1",  "1",  "2",  "2",  "2",  "2",  "2",  "2",  "2",  "2",  "3",  "3",  "3",  "3",  "3",  "3",  "3",  "3",  "4",  "4",  "4",  "4",  "4",  "4",  "4",  "4",  "5",  "5",  "5",  "5",  "5",  "5",  "5",  "5",  "6",  "6",  "6",  "6",  "6",  "6",  "6",  "6",  "7",  "7",  "7",  "7",  "7",  "7",  "7",  "7",  "8",  "8",  "8",  "8",  "8",  "8",  "8",  "8",  "9",  "9",  "9",  "9",  "9",  "9",  "9",  "9", "10", "10", "10", "10", "10", "10", "10", "10", "11", "11", "11", "11", "11", "11", "11", "11", "12", "12", "12", "12", "12", "12", "12", "12", "13", "13", "13", "13", "13", "13", "13", "13", "14", "14", "14", "14", "14", "14", "14", "14", "15", "15", "15", "15", "15", "15", "15", "15", "16", "16", "16", "16", "16", "16", "16", "16", "17", "17", "17", "17", "17", "17", "17", "17", "18", "18", "18", "18", "18", "18", "18", "18", "19", "19", "19", "19", "19", "19", "19", "19", "20", "20", "20", "20", "20", "20", "20", "20", "21", "21", "21", "21", "21", "21", "21", "21", "22", "22", "22", "22", "22", "22", "22", "22", "23", "23", "23", "23", "23", "23", "23", "23", "24", "24", "24", "24", "24", "24", "24", "24", "25", "25", "25", "25", "25", "25", "25", "25", "26", "26", "26", "26", "26", "26", "26", "26", "27", "27", "27", "27", "27", "27", "27", "27", "28", "28", "28", "28", "28", "28", "28", "28", "29", "29", "29", "29", "29", "29", "29", "29", "30", "30", "30", "30", "30", "30", "30", "30", "31", "31", "31", "31", "31", "31", "31", "31", "32", "32", "32", "32", "32", "32", "32", "32", "33", "33", "33", "33", "33", "33", "33", "33", "34", "34", "34", "34", "34", "34", "34", "34", "35", "35", "35", "35", "35", "35", "35", "35", "36", "36", "36", "36", "36", "36", "36", "36", "37", "37", "37", "37", "37", "37", "37", "37", "38", "38", "38", "38", "38", "38", "38", "38", "39", "39", "39", "39", "39", "39", "39", "39", "40", "40", "40", "40", "40", "40", "40", "40", "41", "41", "41", "41", "41", "41", "41", "41", "42", "42", "42", "42", "42", "42", "42", "42", "43", "43", "43", "43", "43", "43", "43", "43", "44", "44", "44", "44", "44", "44", "44", "44", "45", "45", "45", "45", "45", "45", "45", "45", "46", "46", "46", "46", "46", "46", "46", "46", "47", "47", "47", "47", "47", "47", "47", "47", "48", "48", "48", "48", "48", "48", "48", "48", "49", "49", "49", "49", "49", "49", "49", "49", "50", "50", "50", "50", "50", "50", "50", "50", "51", "51", "51", "51", "51", "51", "51", "51", "52", "52", "52", "52", "52", "52", "52", "52", "53", "53", "53", "53", "53", "53", "53", "53", "54", "54", "54", "54", "54", "54", "54", "54", "55", "55", "55", "55", "55", "55", "55", "55", "56", "56", "56", "56", "56", "56", "56", "56", "57", "57", "57", "57", "57", "57", "57", "57", "58", "58", "58", "58", "58", "58", "58", "58", "59", "59", "59", "59", "59", "59", "59", "59", "60", "60", "60", "60", "60", "60", "60", "60"))
			, IVAR = c(0.64, 1.99, 6.43, 12.03, 22.28, 48.91, 80.15, 138.94, 0.51, 2.49, 6.29, 11.18, 25.51, 43.72, 84.69, 123.55, 0.48, 2, 6.04, 11.31, 22.67, 47.36, 103.04, 108, 0.53, 2.07, 6.67, 11.64, 24.9, 49.3, 90.93, 135.41, 0.56, 2.15, 7.03, 12.69, 21.12, 45.33, 84.94, 114.45, 0.47, 2.01, 5.48, 12.19, 22.48, 57.28, 103.13, 131.43, 0.52, 2.37, 5.63, 11.46, 27.7, 44.98, 94.03, 115.38, 0.48, 1.94, 6.3, 11.79, 22.82, 54.9, 93.96, 117.86, 0.5, 2.15, 5.96, 11.95, 22.42, 46.47, 96.58, 113.14, 0.53, 1.72, 6.19, 10.29, 23.29, 45.53, 89.94, 119.32, 0.41, 2.25, 5.08, 11.46, 21.47, 44.53, 118.28, 120.21, 0.44, 1.7, 6.28, 11.98, 23.25, 43.74, 82.73, 107.77, 0.55, 1.88, 5.22, 14.47, 25.04, 46.87, 106.72, 131.12, 0.47, 2.49, 5.85, 10.41, 23.66, 49.01, 120.92, 121.28, 0.52, 1.98, 5.8, 11.96, 25.97, 59.07, 106.39, 135.41, 0.44, 2.21, 6.13, 10.36, 25.28, 47.24, 111.14, 111.15, 0.48, 1.82, 5.89, 12.49, 22.31, 52.16, 85.08, 108.06, 0.58, 1.81, 6.25, 11.55, 25, 56.83, 112.51, 116.09, 0.4, 2.57, 6.41, 12.67, 23.97, 50.51, 94.43, 125.16, 0.48, 1.74, 6.62, 13.97, 23.27, 42.35, 102.37, 119.46, 0.42, 2, 5.63, 11.6, 21.38, 57.48, 92.87, 102.2, 0.51, 2.05, 5.44, 8.99, 22.51, 50.82, 95.43, 118.83, 0.53, 1.78, 6.7, 11.99, 25.76, 53.23, 98.17, 109.91, 0.56, 1.64, 5.68, 11.7, 23.6, 53.16, 97.32, 124.99, 0.5, 1.95, 6.43, 13.46, 18.87, 50.83, 99.67, 115, 0.55, 1.92, 5.83, 13.07, 28.5, 49.31, 92.03, 106.55, 0.48, 1.82, 5.85, 12.48, 22.04, 62.56, 97.51, 134.36, 0.4, 2.15, 5.26, 13.16, 24.97, 46.08, 109.59, 111.87, 0.47, 1.81, 5.61, 13.19, 25.06, 53.08, 92.33, 124.6, 0.51, 1.73, 7.17, 12.16, 25.91, 52.81, 95.52, 116.39, 0.55, 1.8, 7.31, 11.55, 28.32, 55.84, 96.8, 127, 0.45, 2.07, 6.66, 12.12, 22.93, 44.95, 95.66, 133.54, 0.48, 1.98, 5.27, 12.61, 27.35, 55.75, 99.54, 104.15, 0.52, 2.09, 5.79, 12.21, 22.01, 51.37, 92.91, 102.57, 0.48, 2.29, 5.8, 12.91, 26.38, 48.02, 92.68, 113.81, 0.54, 1.8, 6.15, 11.66, 19.14, 41.69, 105.21, 117.73, 0.54, 2.42, 6.95, 12.84, 24.93, 47.08, 112.41, 127.37, 0.44, 1.97, 4.95, 11.77, 18.52, 54.74, 90.09, 114.95, 0.49, 2.13, 6.42, 12.7, 22.66, 41.88, 92.34, 123.38, 0.46, 1.99, 5.34, 11.99, 24.31, 47.3, 94.44, 143.14, 0.54, 2.24, 5.47, 12.2, 26.94, 47.73, 77.59, 124.21, 0.41, 1.84, 6.85, 12.76, 26.77, 49.49, 94.95, 109.41, 0.59, 2.01, 5.59, 13.08, 26.72, 58.02, 90.38, 115.4, 0.48, 1.93, 5.78, 11.65, 27.72, 44.77, 92.34, 128.09, 0.56, 1.85, 5.7, 12.65, 26.57, 46.81, 83.21, 142.37, 0.58, 1.86, 5.96, 10.06, 25.41, 56.4, 81.5, 111, 0.47, 1.87, 4.9, 12.62, 20.59, 47.88, 101.86, 117.65, 0.55, 1.99, 5.62, 12.8, 22.98, 57.31, 95.82, 130.68, 0.51, 1.48, 5.23, 11.5, 24.58, 37.98, 105.69, 112.96, 0.46, 1.71, 5.19, 12.07, 25.25, 38.92, 86.83, 126.6, 0.48, 2.48, 6.8, 12.74, 24.01, 49.36, 89.46, 127.78, 0.58, 2.23, 5.53, 10.21, 23.74, 50.16, 105.18, 109.89, 0.52, 2.05, 6.76, 11.97, 23.16, 42.8, 91.16, 115.73, 0.63, 2.55, 5.9, 10.81, 19.7, 50.54, 86.08, 150.8, 0.46, 2.02, 8.78, 10.74, 24.75, 42.97, 99.4, 109.97, 0.5, 1.94, 5.33, 12.01, 26.5, 56.29, 83.69, 117.04, 0.56, 1.79, 4.66, 10.93, 21.79, 48.23, 92.2, 122.81, 0.48, 2.08, 5.78, 13.52, 22.29, 49.42, 87.87, 122.52, 0.5, 1.69, 5.91, 13.5, 25.69, 48.69, 85.21, 134.88, 0.5, 1.91, 7.07, 11.11, 24.74, 54.56, 101.96, 116.37)
