TABLE NO.     1: First Order Conditional Estimation with Interaction: Problem=1 Subproblem=0 Superproblem1=0 Iteration1=0 Superproblem2=0 Iteration2=0
 NAME         THETA1       THETA2       THETA3       THETA4       THETA5       THETA6       THETA7       THETA8       THETA9       SIGMA(1,1)   SIGMA(2,1)   SIGMA(2,2)   OMEGA(1,1)   OMEGA(2,1)   OMEGA(2,2)   OMEGA(3,1)   OMEGA(3,2)   OMEGA(3,3)   OMEGA(4,1)   OMEGA(4,2)   OMEGA(4,3)   OMEGA(4,4)
 THETA1        7.30409E+03  9.98877E-01  4.10180E-01  8.81835E-01  9.55551E-02 -6.97191E-01  8.65548E-01 -9.47348E-01 -2.98492E-01  3.60434E-01  0.00000E+00 -2.63602E-01 -5.17239E-01  0.00000E+00  1.32262E-01  0.00000E+00  0.00000E+00  8.82025E-01  0.00000E+00  0.00000E+00  0.00000E+00  2.37779E-01
 THETA2        9.98877E-01  2.67553E+03  4.31658E-01  8.84093E-01  1.16851E-01 -7.11487E-01  8.65882E-01 -9.49338E-01 -3.24796E-01  3.78615E-01  0.00000E+00 -2.81453E-01 -5.33260E-01  0.00000E+00  1.52248E-01  0.00000E+00  0.00000E+00  8.81675E-01  0.00000E+00  0.00000E+00  0.00000E+00  2.55509E-01
 THETA3        4.10180E-01  4.31658E-01  3.64228E+01  3.07358E-01  9.33808E-01 -7.00048E-01  2.73897E-01 -3.08749E-01 -7.74303E-01  9.37848E-01  0.00000E+00 -9.48201E-01 -9.11932E-01  0.00000E+00  8.77541E-01  0.00000E+00  0.00000E+00  5.58076E-01  0.00000E+00  0.00000E+00  0.00000E+00  8.81098E-01
 THETA4        8.81835E-01  8.84093E-01  3.07358E-01  1.80926E-01 -5.05232E-02 -5.89958E-01  9.88796E-01 -9.55636E-01 -1.08797E-01  1.45957E-01  0.00000E+00 -9.56607E-02 -2.90287E-01  0.00000E+00 -6.66363E-02  0.00000E+00  0.00000E+00  7.39559E-01  0.00000E+00  0.00000E+00  0.00000E+00  5.70386E-02
 THETA5        9.55551E-02  1.16851E-01  9.33808E-01 -5.05232E-02  8.78485E-01 -4.90316E-01 -7.87716E-02  4.16110E-02 -7.61635E-01  9.23739E-01  0.00000E+00 -9.58144E-01 -8.42305E-01  0.00000E+00  9.42270E-01  0.00000E+00  0.00000E+00  3.06466E-01  0.00000E+00  0.00000E+00  0.00000E+00  8.94215E-01
 THETA6       -6.97191E-01 -7.11487E-01 -7.00048E-01 -5.89958E-01 -4.90316E-01  4.21107E-01 -5.20046E-01  6.76493E-01  5.74480E-01 -6.62468E-01  0.00000E+00  5.75870E-01  7.21035E-01  0.00000E+00 -5.11409E-01  0.00000E+00  0.00000E+00 -6.75970E-01  0.00000E+00  0.00000E+00  0.00000E+00 -5.90493E-01
 THETA7        8.65548E-01  8.65882E-01  2.73897E-01  9.88796E-01 -7.87716E-02 -5.20046E-01  1.32437E-01 -9.30807E-01 -4.09827E-02  9.64570E-02  0.00000E+00 -6.36911E-02 -2.37392E-01  0.00000E+00 -1.19363E-01  0.00000E+00  0.00000E+00  7.27255E-01  0.00000E+00  0.00000E+00  0.00000E+00  2.67473E-02
 THETA8       -9.47348E-01 -9.49338E-01 -3.08749E-01 -9.55636E-01  4.16110E-02  6.76493E-01 -9.30807E-01  2.94430E-01  2.40143E-01 -2.22608E-01  0.00000E+00  1.40416E-01  3.77194E-01  0.00000E+00  6.99403E-03  0.00000E+00  0.00000E+00 -7.96294E-01  0.00000E+00  0.00000E+00  0.00000E+00 -1.40956E-01
 THETA9       -2.98492E-01 -3.24796E-01 -7.74303E-01 -1.08797E-01 -7.61635E-01  5.74480E-01 -4.09827E-02  2.40143E-01  9.67315E-03 -8.46940E-01  0.00000E+00  7.84003E-01  8.27420E-01  0.00000E+00 -8.18943E-01  0.00000E+00  0.00000E+00 -4.07917E-01  0.00000E+00  0.00000E+00  0.00000E+00 -8.06771E-01
 SIGMA(1,1)    3.60434E-01  3.78615E-01  9.37848E-01  1.45957E-01  9.23739E-01 -6.62468E-01  9.64570E-02 -2.22608E-01 -8.46940E-01  7.79223E-06  0.00000E+00 -9.43049E-01 -9.79555E-01  0.00000E+00  9.64513E-01  0.00000E+00  0.00000E+00  5.02379E-01  0.00000E+00  0.00000E+00  0.00000E+00  9.19306E-01
 SIGMA(2,1)    0.00000E+00  0.00000E+00  0.00000E+00  0.00000E+00  0.00000E+00  0.00000E+00  0.00000E+00  0.00000E+00  0.00000E+00  0.00000E+00  0.00000E+00  0.00000E+00  0.00000E+00  0.00000E+00  0.00000E+00  0.00000E+00  0.00000E+00  0.00000E+00  0.00000E+00  0.00000E+00  0.00000E+00  0.00000E+00
 SIGMA(2,2)   -2.63602E-01 -2.81453E-01 -9.48201E-01 -9.56607E-02 -9.58144E-01  5.75870E-01 -6.36911E-02  1.40416E-01  7.84003E-01 -9.43049E-01  0.00000E+00  5.92257E-02  8.87279E-01  0.00000E+00 -9.08300E-01  0.00000E+00  0.00000E+00 -4.54229E-01  0.00000E+00  0.00000E+00  0.00000E+00 -9.30756E-01
 OMEGA(1,1)   -5.17239E-01 -5.33260E-01 -9.11932E-01 -2.90287E-01 -8.42305E-01  7.21035E-01 -2.37392E-01  3.77194E-01  8.27420E-01 -9.79555E-01  0.00000E+00  8.87279E-01  5.61813E-01  0.00000E+00 -9.12129E-01  0.00000E+00  0.00000E+00 -6.04617E-01  0.00000E+00  0.00000E+00  0.00000E+00 -8.51952E-01
 OMEGA(2,1)    0.00000E+00  0.00000E+00  0.00000E+00  0.00000E+00  0.00000E+00  0.00000E+00  0.00000E+00  0.00000E+00  0.00000E+00  0.00000E+00  0.00000E+00  0.00000E+00  0.00000E+00  0.00000E+00  0.00000E+00  0.00000E+00  0.00000E+00  0.00000E+00  0.00000E+00  0.00000E+00  0.00000E+00  0.00000E+00
 OMEGA(2,2)    1.32262E-01  1.52248E-01  8.77541E-01 -6.66363E-02  9.42270E-01 -5.11409E-01 -1.19363E-01  6.99403E-03 -8.18943E-01  9.64513E-01  0.00000E+00 -9.08300E-01 -9.12129E-01  0.00000E+00  9.74957E-01  0.00000E+00  0.00000E+00  2.88872E-01  0.00000E+00  0.00000E+00  0.00000E+00  8.70195E-01
 OMEGA(3,1)    0.00000E+00  0.00000E+00  0.00000E+00  0.00000E+00  0.00000E+00  0.00000E+00  0.00000E+00  0.00000E+00  0.00000E+00  0.00000E+00  0.00000E+00  0.00000E+00  0.00000E+00  0.00000E+00  0.00000E+00  0.00000E+00  0.00000E+00  0.00000E+00  0.00000E+00  0.00000E+00  0.00000E+00  0.00000E+00
 OMEGA(3,2)    0.00000E+00  0.00000E+00  0.00000E+00  0.00000E+00  0.00000E+00  0.00000E+00  0.00000E+00  0.00000E+00  0.00000E+00  0.00000E+00  0.00000E+00  0.00000E+00  0.00000E+00  0.00000E+00  0.00000E+00  0.00000E+00  0.00000E+00  0.00000E+00  0.00000E+00  0.00000E+00  0.00000E+00  0.00000E+00
 OMEGA(3,3)    8.82025E-01  8.81675E-01  5.58076E-01  7.39559E-01  3.06466E-01 -6.75970E-01  7.27255E-01 -7.96294E-01 -4.07917E-01  5.02379E-01  0.00000E+00 -4.54229E-01 -6.04617E-01  0.00000E+00  2.88872E-01  0.00000E+00  0.00000E+00  9.58384E-02  0.00000E+00  0.00000E+00  0.00000E+00  4.56342E-01
 OMEGA(4,1)    0.00000E+00  0.00000E+00  0.00000E+00  0.00000E+00  0.00000E+00  0.00000E+00  0.00000E+00  0.00000E+00  0.00000E+00  0.00000E+00  0.00000E+00  0.00000E+00  0.00000E+00  0.00000E+00  0.00000E+00  0.00000E+00  0.00000E+00  0.00000E+00  0.00000E+00  0.00000E+00  0.00000E+00  0.00000E+00
 OMEGA(4,2)    0.00000E+00  0.00000E+00  0.00000E+00  0.00000E+00  0.00000E+00  0.00000E+00  0.00000E+00  0.00000E+00  0.00000E+00  0.00000E+00  0.00000E+00  0.00000E+00  0.00000E+00  0.00000E+00  0.00000E+00  0.00000E+00  0.00000E+00  0.00000E+00  0.00000E+00  0.00000E+00  0.00000E+00  0.00000E+00
 OMEGA(4,3)    0.00000E+00  0.00000E+00  0.00000E+00  0.00000E+00  0.00000E+00  0.00000E+00  0.00000E+00  0.00000E+00  0.00000E+00  0.00000E+00  0.00000E+00  0.00000E+00  0.00000E+00  0.00000E+00  0.00000E+00  0.00000E+00  0.00000E+00  0.00000E+00  0.00000E+00  0.00000E+00  0.00000E+00  0.00000E+00
 OMEGA(4,4)    2.37779E-01  2.55509E-01  8.81098E-01  5.70386E-02  8.94215E-01 -5.90493E-01  2.67473E-02 -1.40956E-01 -8.06771E-01  9.19306E-01  0.00000E+00 -9.30756E-01 -8.51952E-01  0.00000E+00  8.70195E-01  0.00000E+00  0.00000E+00  4.56342E-01  0.00000E+00  0.00000E+00  0.00000E+00  2.07627E-01
