TABLE NO.     1: First Order Conditional Estimation with Interaction: Problem=1 Subproblem=0 Superproblem1=0 Iteration1=0 Superproblem2=0 Iteration2=0
 NAME         THETA1       THETA2       THETA3       THETA4       THETA5       THETA6       THETA7       THETA8       THETA9       SIGMA(1,1)   SIGMA(2,1)   SIGMA(2,2)   OMEGA(1,1)   OMEGA(2,1)   OMEGA(2,2)   OMEGA(3,1)   OMEGA(3,2)   OMEGA(3,3)   OMEGA(4,1)   OMEGA(4,2)   OMEGA(4,3)   OMEGA(4,4)
 THETA1        2.99128E+02  8.80789E-01  4.65333E-01  5.68945E-01 -5.08664E-01  1.87229E-01  5.23985E-01 -5.26501E-01  6.13479E-01  4.49898E-01  0.00000E+00 -2.44218E-01  3.46206E-01  0.00000E+00 -7.67650E-01  0.00000E+00  0.00000E+00  4.46919E-01  0.00000E+00  0.00000E+00  0.00000E+00  4.08195E-03
 THETA2        8.80789E-01  8.13970E+01  5.01631E-01  5.80944E-01 -5.75898E-01  1.86894E-01  5.12129E-01 -6.29099E-01  3.18975E-01  2.93901E-01  0.00000E+00 -1.98377E-01  3.15294E-01  0.00000E+00 -6.51653E-01  0.00000E+00  0.00000E+00  3.80977E-01  0.00000E+00  0.00000E+00  0.00000E+00  4.03634E-02
 THETA3        4.65333E-01  5.01631E-01  2.48392E+00  9.00486E-01 -7.68987E-01 -1.50104E-01  8.14901E-01 -8.16167E-01  3.56939E-01  2.02336E-01  0.00000E+00 -3.03695E-01  1.05150E-01  0.00000E+00 -3.89304E-01  0.00000E+00  0.00000E+00  3.72427E-01  0.00000E+00  0.00000E+00  0.00000E+00  4.19992E-01
 THETA4        5.68945E-01  5.80944E-01  9.00486E-01  4.57148E-02 -9.21522E-01  2.58968E-01  9.32994E-01 -8.01790E-01  4.10883E-01  2.32059E-01  0.00000E+00 -3.29979E-01  1.58032E-01  0.00000E+00 -4.63075E-01  0.00000E+00  0.00000E+00  4.75705E-01  0.00000E+00  0.00000E+00  0.00000E+00  3.38362E-01
 THETA5       -5.08664E-01 -5.75898E-01 -7.68987E-01 -9.21522E-01  4.88868E-02 -4.19718E-01 -8.26237E-01  8.66737E-01 -2.30908E-01 -1.79890E-01  0.00000E+00  1.71729E-01 -2.29650E-01  0.00000E+00  5.19383E-01  0.00000E+00  0.00000E+00 -4.33449E-01  0.00000E+00  0.00000E+00  0.00000E+00 -3.33438E-01
 THETA6        1.87229E-01  1.86894E-01 -1.50104E-01  2.58968E-01 -4.19718E-01  2.02631E-01  3.28076E-01 -4.80620E-02  7.15364E-02 -7.11645E-02  0.00000E+00 -1.83764E-01  1.51204E-01  0.00000E+00 -1.56610E-01  0.00000E+00  0.00000E+00  2.68355E-01  0.00000E+00  0.00000E+00  0.00000E+00 -9.20380E-02
 THETA7        5.23985E-01  5.12129E-01  8.14901E-01  9.32994E-01 -8.26237E-01  3.28076E-01  4.36151E-02 -6.15788E-01  4.94718E-01  2.42750E-01  0.00000E+00 -3.36893E-01  8.27997E-02  0.00000E+00 -3.81669E-01  0.00000E+00  0.00000E+00  4.54627E-01  0.00000E+00  0.00000E+00  0.00000E+00  3.58350E-01
 THETA8       -5.26501E-01 -6.29099E-01 -8.16167E-01 -8.01790E-01  8.66737E-01 -4.80620E-02 -6.15788E-01  2.35171E-01 -6.22951E-02 -1.27854E-01  0.00000E+00  2.16163E-01 -3.12334E-01  0.00000E+00  5.80033E-01  0.00000E+00  0.00000E+00 -3.06581E-01  0.00000E+00  0.00000E+00  0.00000E+00 -3.91022E-01
 THETA9        6.13479E-01  3.18975E-01  3.56939E-01  4.10883E-01 -2.30908E-01  7.15364E-02  4.94718E-01 -6.22951E-02  5.20804E-03  5.07965E-01  0.00000E+00 -1.18958E-01  6.89981E-02  0.00000E+00 -4.33618E-01  0.00000E+00  0.00000E+00  3.10385E-01  0.00000E+00  0.00000E+00  0.00000E+00 -1.09353E-01
 SIGMA(1,1)    4.49898E-01  2.93901E-01  2.02336E-01  2.32059E-01 -1.79890E-01 -7.11645E-02  2.42750E-01 -1.27854E-01  5.07965E-01  6.79456E-01  0.00000E+00 -2.31306E-01 -2.26044E-01  0.00000E+00 -4.12913E-01  0.00000E+00  0.00000E+00  3.21441E-01  0.00000E+00  0.00000E+00  0.00000E+00  1.11500E-01
 SIGMA(2,1)    0.00000E+00  0.00000E+00  0.00000E+00  0.00000E+00  0.00000E+00  0.00000E+00  0.00000E+00  0.00000E+00  0.00000E+00  0.00000E+00  0.00000E+00  0.00000E+00  0.00000E+00  0.00000E+00  0.00000E+00  0.00000E+00  0.00000E+00  0.00000E+00  0.00000E+00  0.00000E+00  0.00000E+00  0.00000E+00
 SIGMA(2,2)   -2.44218E-01 -1.98377E-01 -3.03695E-01 -3.29979E-01  1.71729E-01 -1.83764E-01 -3.36893E-01  2.16163E-01 -1.18958E-01 -2.31306E-01  0.00000E+00  1.44181E-02  6.63925E-02  0.00000E+00  1.30159E-01  0.00000E+00  0.00000E+00 -3.23434E-01  0.00000E+00  0.00000E+00  0.00000E+00 -2.64286E-01
 OMEGA(1,1)    3.46206E-01  3.15294E-01  1.05150E-01  1.58032E-01 -2.29650E-01  1.51204E-01  8.27997E-02 -3.12334E-01  6.89981E-02 -2.26044E-01  0.00000E+00  6.63925E-02  7.56067E-02  0.00000E+00 -5.46417E-01  0.00000E+00  0.00000E+00  7.54350E-02  0.00000E+00  0.00000E+00  0.00000E+00  3.36982E-02
 OMEGA(2,1)    0.00000E+00  0.00000E+00  0.00000E+00  0.00000E+00  0.00000E+00  0.00000E+00  0.00000E+00  0.00000E+00  0.00000E+00  0.00000E+00  0.00000E+00  0.00000E+00  0.00000E+00  0.00000E+00  0.00000E+00  0.00000E+00  0.00000E+00  0.00000E+00  0.00000E+00  0.00000E+00  0.00000E+00  0.00000E+00
 OMEGA(2,2)   -7.67650E-01 -6.51653E-01 -3.89304E-01 -4.63075E-01  5.19383E-01 -1.56610E-01 -3.81669E-01  5.80033E-01 -4.33618E-01 -4.12913E-01  0.00000E+00  1.30159E-01 -5.46417E-01  0.00000E+00  5.23440E-01  0.00000E+00  0.00000E+00 -3.86495E-01  0.00000E+00  0.00000E+00  0.00000E+00 -1.82940E-01
 OMEGA(3,1)    0.00000E+00  0.00000E+00  0.00000E+00  0.00000E+00  0.00000E+00  0.00000E+00  0.00000E+00  0.00000E+00  0.00000E+00  0.00000E+00  0.00000E+00  0.00000E+00  0.00000E+00  0.00000E+00  0.00000E+00  0.00000E+00  0.00000E+00  0.00000E+00  0.00000E+00  0.00000E+00  0.00000E+00  0.00000E+00
 OMEGA(3,2)    0.00000E+00  0.00000E+00  0.00000E+00  0.00000E+00  0.00000E+00  0.00000E+00  0.00000E+00  0.00000E+00  0.00000E+00  0.00000E+00  0.00000E+00  0.00000E+00  0.00000E+00  0.00000E+00  0.00000E+00  0.00000E+00  0.00000E+00  0.00000E+00  0.00000E+00  0.00000E+00  0.00000E+00  0.00000E+00
 OMEGA(3,3)    4.46919E-01  3.80977E-01  3.72427E-01  4.75705E-01 -4.33449E-01  2.68355E-01  4.54627E-01 -3.06581E-01  3.10385E-01  3.21441E-01  0.00000E+00 -3.23434E-01  7.54350E-02  0.00000E+00 -3.86495E-01  0.00000E+00  0.00000E+00  3.84430E-02  0.00000E+00  0.00000E+00  0.00000E+00  3.53346E-01
 OMEGA(4,1)    0.00000E+00  0.00000E+00  0.00000E+00  0.00000E+00  0.00000E+00  0.00000E+00  0.00000E+00  0.00000E+00  0.00000E+00  0.00000E+00  0.00000E+00  0.00000E+00  0.00000E+00  0.00000E+00  0.00000E+00  0.00000E+00  0.00000E+00  0.00000E+00  0.00000E+00  0.00000E+00  0.00000E+00  0.00000E+00
 OMEGA(4,2)    0.00000E+00  0.00000E+00  0.00000E+00  0.00000E+00  0.00000E+00  0.00000E+00  0.00000E+00  0.00000E+00  0.00000E+00  0.00000E+00  0.00000E+00  0.00000E+00  0.00000E+00  0.00000E+00  0.00000E+00  0.00000E+00  0.00000E+00  0.00000E+00  0.00000E+00  0.00000E+00  0.00000E+00  0.00000E+00
 OMEGA(4,3)    0.00000E+00  0.00000E+00  0.00000E+00  0.00000E+00  0.00000E+00  0.00000E+00  0.00000E+00  0.00000E+00  0.00000E+00  0.00000E+00  0.00000E+00  0.00000E+00  0.00000E+00  0.00000E+00  0.00000E+00  0.00000E+00  0.00000E+00  0.00000E+00  0.00000E+00  0.00000E+00  0.00000E+00  0.00000E+00
 OMEGA(4,4)    4.08195E-03  4.03634E-02  4.19992E-01  3.38362E-01 -3.33438E-01 -9.20380E-02  3.58350E-01 -3.91022E-01 -1.09353E-01  1.11500E-01  0.00000E+00 -2.64286E-01  3.36982E-02  0.00000E+00 -1.82940E-01  0.00000E+00  0.00000E+00  3.53346E-01  0.00000E+00  0.00000E+00  0.00000E+00  5.16595E-02
