TABLE NO.     1: First Order Conditional Estimation with Interaction: Problem=1 Subproblem=0 Superproblem1=0 Iteration1=0 Superproblem2=0 Iteration2=0
 NAME         THETA1       THETA2       THETA3       THETA4       THETA5       THETA6       THETA7       THETA8       THETA9       SIGMA(1,1)   SIGMA(2,1)   SIGMA(2,2)   OMEGA(1,1)   OMEGA(2,1)   OMEGA(2,2)   OMEGA(3,1)   OMEGA(3,2)   OMEGA(3,3)   OMEGA(4,1)   OMEGA(4,2)   OMEGA(4,3)   OMEGA(4,4)
 THETA1        8.94776E+04  2.14456E+04  3.45748E+02  7.78008E+00 -7.43841E+00  1.13484E+01  6.83618E+00 -3.70374E+01  9.55722E-01  9.14392E+01  0.00000E+00 -1.05328E+00  7.82983E+00  0.00000E+00 -1.20195E+02  0.00000E+00  0.00000E+00  5.13930E+00  0.00000E+00  0.00000E+00  0.00000E+00  6.30775E-02
 THETA2        2.14456E+04  6.62547E+03  1.01422E+02  2.16172E+00 -2.29164E+00  3.08255E+00  1.81813E+00 -1.20424E+01  1.35220E-01  1.62544E+01  0.00000E+00 -2.32813E-01  1.94037E+00  0.00000E+00 -2.77646E+01  0.00000E+00  0.00000E+00  1.19213E+00  0.00000E+00  0.00000E+00  0.00000E+00  1.69725E-01
 THETA3        3.45748E+02  1.01422E+02  6.16988E+00  1.02252E-01 -9.33789E-02 -7.55507E-02  8.82837E-02 -4.76762E-01  4.61750E-03  3.41486E-01  0.00000E+00 -1.08763E-02  1.97474E-02  0.00000E+00 -5.06168E-01  0.00000E+00  0.00000E+00  3.55629E-02  0.00000E+00  0.00000E+00  0.00000E+00  5.38927E-02
 THETA4        7.78008E+00  2.16172E+00  1.02252E-01  2.08984E-03 -2.05946E-03  2.39889E-03  1.86026E-03 -8.61989E-03  9.78250E-05  7.20804E-03  0.00000E+00 -2.17496E-04  5.46215E-04  0.00000E+00 -1.10809E-02  0.00000E+00  0.00000E+00  8.36012E-04  0.00000E+00  0.00000E+00  0.00000E+00  7.99077E-04
 THETA5       -7.43841E+00 -2.29164E+00 -9.33789E-02 -2.05946E-03  2.38992E-03 -4.15773E-03 -1.76171E-03  9.96467E-03 -5.87903E-05 -5.97531E-03  0.00000E+00  1.21043E-04 -8.48824E-04  0.00000E+00  1.32907E-02  0.00000E+00  0.00000E+00 -8.14605E-04  0.00000E+00  0.00000E+00  0.00000E+00 -8.42086E-04
 THETA6        1.13484E+01  3.08255E+00 -7.55507E-02  2.39889E-03 -4.15773E-03  4.10595E-02  2.89947E-03 -2.29030E-03  7.54933E-05 -9.79787E-03  0.00000E+00 -5.36876E-04  2.31649E-03  0.00000E+00 -1.66109E-02  0.00000E+00  0.00000E+00  2.09043E-03  0.00000E+00  0.00000E+00  0.00000E+00 -9.63438E-04
 THETA7        6.83618E+00  1.81813E+00  8.82837E-02  1.86026E-03 -1.76171E-03  2.89947E-03  1.90228E-03 -6.31615E-03  1.12375E-04  7.19380E-03  0.00000E+00 -2.11854E-04  2.73040E-04  0.00000E+00 -8.71348E-03  0.00000E+00  0.00000E+00  7.62272E-04  0.00000E+00  0.00000E+00  0.00000E+00  8.07411E-04
 THETA8       -3.70374E+01 -1.20424E+01 -4.76762E-01 -8.61989E-03  9.96467E-03 -2.29030E-03 -6.31615E-03  5.53055E-02 -7.62979E-05 -2.04296E-02  0.00000E+00  7.32945E-04 -5.55345E-03  0.00000E+00  7.14009E-02  0.00000E+00  0.00000E+00 -2.77171E-03  0.00000E+00  0.00000E+00  0.00000E+00 -4.75046E-03
 THETA9        9.55722E-01  1.35220E-01  4.61750E-03  9.78250E-05 -5.87903E-05  7.54933E-05  1.12375E-04 -7.62979E-05  2.71237E-05  1.79751E-03  0.00000E+00 -8.93252E-06  2.71689E-05  0.00000E+00 -1.18209E-03  0.00000E+00  0.00000E+00  6.21431E-05  0.00000E+00  0.00000E+00  0.00000E+00 -2.94208E-05
 SIGMA(1,1)    9.14392E+01  1.62544E+01  3.41486E-01  7.20804E-03 -5.97531E-03 -9.79787E-03  7.19380E-03 -2.04296E-02  1.79751E-03  4.61660E-01  0.00000E+00 -2.26598E-03 -1.16122E-02  0.00000E+00 -1.46855E-01  0.00000E+00  0.00000E+00  8.39615E-03  0.00000E+00  0.00000E+00  0.00000E+00  3.91368E-03
 SIGMA(2,1)    0.00000E+00  0.00000E+00  0.00000E+00  0.00000E+00  0.00000E+00  0.00000E+00  0.00000E+00  0.00000E+00  0.00000E+00  0.00000E+00  0.00000E+00  0.00000E+00  0.00000E+00  0.00000E+00  0.00000E+00  0.00000E+00  0.00000E+00  0.00000E+00  0.00000E+00  0.00000E+00  0.00000E+00  0.00000E+00
 SIGMA(2,2)   -1.05328E+00 -2.32813E-01 -1.08763E-02 -2.17496E-04  1.21043E-04 -5.36876E-04 -2.11854E-04  7.32945E-04 -8.93252E-06 -2.26598E-03  0.00000E+00  2.07881E-04  7.23747E-05  0.00000E+00  9.82310E-04  0.00000E+00  0.00000E+00 -1.79271E-04  0.00000E+00  0.00000E+00  0.00000E+00 -1.96848E-04
 OMEGA(1,1)    7.82983E+00  1.94037E+00  1.97474E-02  5.46215E-04 -8.48824E-04  2.31649E-03  2.73040E-04 -5.55345E-03  2.71689E-05 -1.16122E-02  0.00000E+00  7.23747E-05  5.71637E-03  0.00000E+00 -2.16248E-02  0.00000E+00  0.00000E+00  2.19256E-04  0.00000E+00  0.00000E+00  0.00000E+00  1.31618E-04
 OMEGA(2,1)    0.00000E+00  0.00000E+00  0.00000E+00  0.00000E+00  0.00000E+00  0.00000E+00  0.00000E+00  0.00000E+00  0.00000E+00  0.00000E+00  0.00000E+00  0.00000E+00  0.00000E+00  0.00000E+00  0.00000E+00  0.00000E+00  0.00000E+00  0.00000E+00  0.00000E+00  0.00000E+00  0.00000E+00  0.00000E+00
 OMEGA(2,2)   -1.20195E+02 -2.77646E+01 -5.06168E-01 -1.10809E-02  1.32907E-02 -1.66109E-02 -8.71348E-03  7.14009E-02 -1.18209E-03 -1.46855E-01  0.00000E+00  9.82310E-04 -2.16248E-02  0.00000E+00  2.73990E-01  0.00000E+00  0.00000E+00 -7.77730E-03  0.00000E+00  0.00000E+00  0.00000E+00 -4.94681E-03
 OMEGA(3,1)    0.00000E+00  0.00000E+00  0.00000E+00  0.00000E+00  0.00000E+00  0.00000E+00  0.00000E+00  0.00000E+00  0.00000E+00  0.00000E+00  0.00000E+00  0.00000E+00  0.00000E+00  0.00000E+00  0.00000E+00  0.00000E+00  0.00000E+00  0.00000E+00  0.00000E+00  0.00000E+00  0.00000E+00  0.00000E+00
 OMEGA(3,2)    0.00000E+00  0.00000E+00  0.00000E+00  0.00000E+00  0.00000E+00  0.00000E+00  0.00000E+00  0.00000E+00  0.00000E+00  0.00000E+00  0.00000E+00  0.00000E+00  0.00000E+00  0.00000E+00  0.00000E+00  0.00000E+00  0.00000E+00  0.00000E+00  0.00000E+00  0.00000E+00  0.00000E+00  0.00000E+00
 OMEGA(3,3)    5.13930E+00  1.19213E+00  3.55629E-02  8.36012E-04 -8.14605E-04  2.09043E-03  7.62272E-04 -2.77171E-03  6.21431E-05  8.39615E-03  0.00000E+00 -1.79271E-04  2.19256E-04  0.00000E+00 -7.77730E-03  0.00000E+00  0.00000E+00  1.47787E-03  0.00000E+00  0.00000E+00  0.00000E+00  7.01726E-04
 OMEGA(4,1)    0.00000E+00  0.00000E+00  0.00000E+00  0.00000E+00  0.00000E+00  0.00000E+00  0.00000E+00  0.00000E+00  0.00000E+00  0.00000E+00  0.00000E+00  0.00000E+00  0.00000E+00  0.00000E+00  0.00000E+00  0.00000E+00  0.00000E+00  0.00000E+00  0.00000E+00  0.00000E+00  0.00000E+00  0.00000E+00
 OMEGA(4,2)    0.00000E+00  0.00000E+00  0.00000E+00  0.00000E+00  0.00000E+00  0.00000E+00  0.00000E+00  0.00000E+00  0.00000E+00  0.00000E+00  0.00000E+00  0.00000E+00  0.00000E+00  0.00000E+00  0.00000E+00  0.00000E+00  0.00000E+00  0.00000E+00  0.00000E+00  0.00000E+00  0.00000E+00  0.00000E+00
 OMEGA(4,3)    0.00000E+00  0.00000E+00  0.00000E+00  0.00000E+00  0.00000E+00  0.00000E+00  0.00000E+00  0.00000E+00  0.00000E+00  0.00000E+00  0.00000E+00  0.00000E+00  0.00000E+00  0.00000E+00  0.00000E+00  0.00000E+00  0.00000E+00  0.00000E+00  0.00000E+00  0.00000E+00  0.00000E+00  0.00000E+00
 OMEGA(4,4)    6.30775E-02  1.69725E-01  5.38927E-02  7.99077E-04 -8.42086E-04 -9.63438E-04  8.07411E-04 -4.75046E-03 -2.94208E-05  3.91368E-03  0.00000E+00 -1.96848E-04  1.31618E-04  0.00000E+00 -4.94681E-03  0.00000E+00  0.00000E+00  7.01726E-04  0.00000E+00  0.00000E+00  0.00000E+00  2.66870E-03
