TABLE NO.     1: First Order Conditional Estimation with Interaction: Problem=1 Subproblem=0 Superproblem1=0 Iteration1=0 Superproblem2=0 Iteration2=0
 NAME         THETA1       THETA2       THETA3       THETA4       THETA5       THETA6       THETA7       THETA8       THETA9       SIGMA(1,1)   SIGMA(2,1)   SIGMA(2,2)   OMEGA(1,1)   OMEGA(2,1)   OMEGA(2,2)   OMEGA(3,1)   OMEGA(3,2)   OMEGA(3,3)   OMEGA(4,1)   OMEGA(4,2)   OMEGA(4,3)   OMEGA(4,4)
 THETA1        7.53221E-01 -2.17207E+00  3.95193E+02 -9.13102E+03 -1.83229E+04 -6.11411E+03  2.83823E+04  4.16813E+04 -2.41914E+05 -7.18116E+09  0.00000E+00 -9.19023E+04 -6.33782E+04  0.00000E+00  9.22339E+03  0.00000E+00  0.00000E+00  5.38178E+03  0.00000E+00  0.00000E+00  0.00000E+00  3.94125E+04
 THETA2       -2.17207E+00  7.64422E+00 -7.06596E+02  1.85809E+04  2.49554E+04  1.64578E+04 -5.73131E+04 -7.94829E+04  4.68779E+05  2.34680E+10  0.00000E+00  2.06361E+05  2.04877E+05  0.00000E+00 -2.98065E+04  0.00000E+00  0.00000E+00 -1.75474E+04  0.00000E+00  0.00000E+00  0.00000E+00 -1.27811E+05
 THETA3        3.95193E+02 -7.06596E+02  3.43168E+05 -7.22180E+06 -1.83590E+07 -3.57603E+06  2.25864E+07  3.46392E+07 -1.98699E+08 -2.90229E+12  0.00000E+00 -6.66176E+07 -2.63182E+07  0.00000E+00  3.83288E+06  0.00000E+00  0.00000E+00  2.18772E+06  0.00000E+00  0.00000E+00  0.00000E+00  1.62389E+07
 THETA4       -9.13102E+03  1.85809E+04 -7.22180E+06  1.54211E+08  3.78652E+08  8.07079E+07 -4.81799E+08 -7.33849E+08  4.21725E+09  7.15644E+13  0.00000E+00  1.44341E+09  6.44195E+08  0.00000E+00 -9.37999E+07  0.00000E+00  0.00000E+00 -5.38597E+07  0.00000E+00  0.00000E+00  0.00000E+00 -3.98320E+08
 THETA5       -1.83229E+04  2.49554E+04 -1.83590E+07  3.78652E+08  1.00884E+09  1.72436E+08 -1.18591E+09 -1.83621E+09  1.05063E+10  1.18961E+14  0.00000E+00  3.42033E+09  1.09522E+09  0.00000E+00 -1.59568E+08  0.00000E+00  0.00000E+00 -8.99678E+07  0.00000E+00  0.00000E+00  0.00000E+00 -6.72873E+08
 THETA6       -6.11411E+03  1.64578E+04 -3.57603E+06  8.07079E+07  1.72436E+08  5.06295E+07 -2.51250E+08 -3.72957E+08  2.15825E+09  5.59479E+13  0.00000E+00  7.95884E+08  4.95682E+08  0.00000E+00 -7.21439E+07  0.00000E+00  0.00000E+00 -4.19637E+07  0.00000E+00  0.00000E+00  0.00000E+00 -3.07901E+08
 THETA7        2.83823E+04 -5.73131E+04  2.25864E+07 -4.81799E+08 -1.18591E+09 -2.51250E+08  1.50548E+09  2.29413E+09 -1.31821E+10 -2.21566E+14  0.00000E+00 -4.50546E+09 -1.99532E+09  0.00000E+00  2.90538E+08  0.00000E+00  0.00000E+00  1.66767E+08  0.00000E+00  0.00000E+00  0.00000E+00  1.23360E+09
 THETA8        4.16813E+04 -7.94829E+04  3.46392E+07 -7.33849E+08 -1.83621E+09 -3.72957E+08  2.29413E+09  3.50725E+09 -2.01354E+10 -3.16018E+14  0.00000E+00 -6.81562E+09 -2.85522E+09  0.00000E+00  4.15783E+08  0.00000E+00  0.00000E+00  2.38025E+08  0.00000E+00  0.00000E+00  0.00000E+00  1.76358E+09
 THETA9       -2.41914E+05  4.68779E+05 -1.98699E+08  4.21725E+09  1.05063E+10  2.15825E+09 -1.31821E+10 -2.01354E+10  1.15625E+11  1.84906E+15  0.00000E+00  3.92397E+10  1.66910E+10  0.00000E+00 -2.43051E+09  0.00000E+00  0.00000E+00 -1.39244E+09  0.00000E+00  0.00000E+00  0.00000E+00 -1.03122E+10
 SIGMA(1,1)   -7.18116E+09  2.34680E+10 -2.90229E+12  7.15644E+13  1.18961E+14  5.59479E+13 -2.21566E+14 -3.16018E+14  1.84906E+15  7.39829E+19  0.00000E+00  7.58970E+14  6.48461E+14  0.00000E+00 -9.43521E+13  0.00000E+00  0.00000E+00 -5.53649E+13  0.00000E+00  0.00000E+00  0.00000E+00 -4.04065E+14
 SIGMA(2,1)    0.00000E+00  0.00000E+00  0.00000E+00  0.00000E+00  0.00000E+00  0.00000E+00  0.00000E+00  0.00000E+00  0.00000E+00  0.00000E+00  0.00000E+00  0.00000E+00  0.00000E+00  0.00000E+00  0.00000E+00  0.00000E+00  0.00000E+00  0.00000E+00  0.00000E+00  0.00000E+00  0.00000E+00  0.00000E+00
 SIGMA(2,2)   -9.19023E+04  2.06361E+05 -6.66176E+07  1.44341E+09  3.42033E+09  7.95884E+08 -4.50546E+09 -6.81562E+09  3.92397E+10  7.58970E+14  0.00000E+00  1.37058E+10  6.79371E+09  0.00000E+00 -9.89065E+08  0.00000E+00  0.00000E+00 -5.70513E+08  0.00000E+00  0.00000E+00  0.00000E+00 -4.20750E+09
 OMEGA(1,1)   -6.33782E+04  2.04877E+05 -2.63182E+07  6.44195E+08  1.09522E+09  4.95682E+08 -1.99532E+09 -2.85522E+09  1.66910E+10  6.48461E+14  0.00000E+00  6.79371E+09  5.68715E+09  0.00000E+00 -8.27502E+08  0.00000E+00  0.00000E+00 -4.85335E+08  0.00000E+00  0.00000E+00  0.00000E+00 -3.54312E+09
 OMEGA(2,1)    0.00000E+00  0.00000E+00  0.00000E+00  0.00000E+00  0.00000E+00  0.00000E+00  0.00000E+00  0.00000E+00  0.00000E+00  0.00000E+00  0.00000E+00  0.00000E+00  0.00000E+00  0.00000E+00  0.00000E+00  0.00000E+00  0.00000E+00  0.00000E+00  0.00000E+00  0.00000E+00  0.00000E+00  0.00000E+00
 OMEGA(2,2)    9.22339E+03 -2.98065E+04  3.83288E+06 -9.37999E+07 -1.59568E+08 -7.21439E+07  2.90538E+08  4.15783E+08 -2.43051E+09 -9.43521E+13  0.00000E+00 -9.89065E+08 -8.27502E+08  0.00000E+00  1.20405E+08  0.00000E+00  0.00000E+00  7.06172E+07  0.00000E+00  0.00000E+00  0.00000E+00  5.15535E+08
 OMEGA(3,1)    0.00000E+00  0.00000E+00  0.00000E+00  0.00000E+00  0.00000E+00  0.00000E+00  0.00000E+00  0.00000E+00  0.00000E+00  0.00000E+00  0.00000E+00  0.00000E+00  0.00000E+00  0.00000E+00  0.00000E+00  0.00000E+00  0.00000E+00  0.00000E+00  0.00000E+00  0.00000E+00  0.00000E+00  0.00000E+00
 OMEGA(3,2)    0.00000E+00  0.00000E+00  0.00000E+00  0.00000E+00  0.00000E+00  0.00000E+00  0.00000E+00  0.00000E+00  0.00000E+00  0.00000E+00  0.00000E+00  0.00000E+00  0.00000E+00  0.00000E+00  0.00000E+00  0.00000E+00  0.00000E+00  0.00000E+00  0.00000E+00  0.00000E+00  0.00000E+00  0.00000E+00
 OMEGA(3,3)    5.38178E+03 -1.75474E+04  2.18772E+06 -5.38597E+07 -8.99678E+07 -4.19637E+07  1.66767E+08  2.38025E+08 -1.39244E+09 -5.53649E+13  0.00000E+00 -5.70513E+08 -4.85335E+08  0.00000E+00  7.06172E+07  0.00000E+00  0.00000E+00  4.14343E+07  0.00000E+00  0.00000E+00  0.00000E+00  3.02407E+08
 OMEGA(4,1)    0.00000E+00  0.00000E+00  0.00000E+00  0.00000E+00  0.00000E+00  0.00000E+00  0.00000E+00  0.00000E+00  0.00000E+00  0.00000E+00  0.00000E+00  0.00000E+00  0.00000E+00  0.00000E+00  0.00000E+00  0.00000E+00  0.00000E+00  0.00000E+00  0.00000E+00  0.00000E+00  0.00000E+00  0.00000E+00
 OMEGA(4,2)    0.00000E+00  0.00000E+00  0.00000E+00  0.00000E+00  0.00000E+00  0.00000E+00  0.00000E+00  0.00000E+00  0.00000E+00  0.00000E+00  0.00000E+00  0.00000E+00  0.00000E+00  0.00000E+00  0.00000E+00  0.00000E+00  0.00000E+00  0.00000E+00  0.00000E+00  0.00000E+00  0.00000E+00  0.00000E+00
 OMEGA(4,3)    0.00000E+00  0.00000E+00  0.00000E+00  0.00000E+00  0.00000E+00  0.00000E+00  0.00000E+00  0.00000E+00  0.00000E+00  0.00000E+00  0.00000E+00  0.00000E+00  0.00000E+00  0.00000E+00  0.00000E+00  0.00000E+00  0.00000E+00  0.00000E+00  0.00000E+00  0.00000E+00  0.00000E+00  0.00000E+00
 OMEGA(4,4)    3.94125E+04 -1.27811E+05  1.62389E+07 -3.98320E+08 -6.72873E+08 -3.07901E+08  1.23360E+09  1.76358E+09 -1.03122E+10 -4.04065E+14  0.00000E+00 -4.20750E+09 -3.54312E+09  0.00000E+00  5.15535E+08  0.00000E+00  0.00000E+00  3.02407E+08  0.00000E+00  0.00000E+00  0.00000E+00  2.20750E+09
