TABLE NO.     1: First Order Conditional Estimation with Interaction: Problem=1 Subproblem=0 Superproblem1=0 Iteration1=0 Superproblem2=0 Iteration2=0
 NAME         THETA1       THETA2       THETA3       THETA4       THETA5       THETA6       THETA7       THETA8       THETA9       SIGMA(1,1)   SIGMA(2,1)   SIGMA(2,2)   OMEGA(1,1)   OMEGA(2,1)   OMEGA(2,2)   OMEGA(3,1)   OMEGA(3,2)   OMEGA(3,3)   OMEGA(4,1)   OMEGA(4,2)   OMEGA(4,3)   OMEGA(4,4)
 THETA1        1.62967E-02  1.97236E-01 -6.08193E+01 -2.95708E+02 -5.17110E+03 -6.95324E+02  1.63767E+02  4.37584E+02  3.83407E+03 -5.90994E+01  0.00000E+00 -3.83074E+03 -6.74807E+00  0.00000E+00  7.12143E-01  0.00000E+00  0.00000E+00 -2.72467E-01  0.00000E+00  0.00000E+00  0.00000E+00 -1.42023E+00
 THETA2        1.97236E-01  2.44044E+00 -7.50502E+02 -3.63113E+03 -6.37596E+04 -8.57613E+03  2.02574E+03  5.39311E+03  4.73794E+04 -7.28882E+02  0.00000E+00 -4.72451E+04 -8.32261E+01  0.00000E+00  8.61805E+00  0.00000E+00  0.00000E+00 -5.89843E-01  0.00000E+00  0.00000E+00  0.00000E+00 -1.78522E+01
 THETA3       -6.08193E+01 -7.50502E+02  2.30928E+05  1.11756E+06  1.96190E+07  2.63889E+06 -6.23543E+05 -1.65947E+06 -1.45758E+07  2.24278E+05  0.00000E+00  1.45373E+07  2.56136E+04  0.00000E+00 -2.65695E+03  0.00000E+00  0.00000E+00  1.76630E+02  0.00000E+00  0.00000E+00  0.00000E+00  5.55731E+03
 THETA4       -2.95708E+02 -3.63113E+03  1.11756E+06  5.44146E+06  9.49954E+07  1.27746E+07 -3.02054E+06 -8.03579E+06 -7.05351E+07  1.08574E+06  0.00000E+00  7.03817E+07  1.23629E+05  0.00000E+00 -1.29578E+04  0.00000E+00  0.00000E+00  1.35116E+03  0.00000E+00  0.00000E+00  0.00000E+00  2.78456E+04
 THETA5       -5.17110E+03 -6.37596E+04  1.96190E+07  9.49954E+07  1.66693E+09  2.24205E+08 -5.29538E+07 -1.41003E+08 -1.23828E+09  1.90551E+07  0.00000E+00  1.23513E+09  2.17564E+06  0.00000E+00 -2.25626E+05  0.00000E+00  0.00000E+00  2.12438E+04  0.00000E+00  0.00000E+00  0.00000E+00  4.71214E+05
 THETA6       -6.95324E+02 -8.57613E+03  2.63889E+06  1.27746E+07  2.24205E+08  3.01564E+07 -7.12397E+06 -1.89648E+07 -1.66558E+08  2.56298E+06  0.00000E+00  1.66129E+08  2.92658E+05  0.00000E+00 -3.03464E+04  0.00000E+00  0.00000E+00  2.46042E+03  0.00000E+00  0.00000E+00  0.00000E+00  6.34960E+04
 THETA7        1.63767E+02  2.02574E+03 -6.23543E+05 -3.02054E+06 -5.29538E+07 -7.12397E+06  1.69608E+06  4.47749E+06  3.93546E+07 -6.05405E+05  0.00000E+00 -3.92412E+07 -6.90328E+04  0.00000E+00  7.21243E+03  0.00000E+00  0.00000E+00  1.47959E+03  0.00000E+00  0.00000E+00  0.00000E+00 -1.65826E+04
 THETA8        4.37584E+02  5.39311E+03 -1.65947E+06 -8.03579E+06 -1.41003E+08 -1.89648E+07  4.47749E+06  1.19277E+07  1.04734E+08 -1.61182E+06  0.00000E+00 -1.04477E+08 -1.84027E+05  0.00000E+00  1.90511E+04  0.00000E+00  0.00000E+00 -2.24287E+03  0.00000E+00  0.00000E+00  0.00000E+00 -3.96991E+04
 THETA9        3.83407E+03  4.73794E+04 -1.45758E+07 -7.05351E+07 -1.23828E+09 -1.66558E+08  3.93546E+07  1.04734E+08  9.20226E+08 -1.41559E+07  0.00000E+00 -9.17551E+08 -1.61683E+06  0.00000E+00  1.68127E+05  0.00000E+00  0.00000E+00 -8.48526E+03  0.00000E+00  0.00000E+00  0.00000E+00 -3.47841E+05
 SIGMA(1,1)   -5.90994E+01 -7.28882E+02  2.24278E+05  1.08574E+06  1.90551E+07  2.56298E+06 -6.05405E+05 -1.61182E+06 -1.41559E+07  2.17832E+05  0.00000E+00  1.41193E+07  2.48971E+04  0.00000E+00 -2.57577E+03  0.00000E+00  0.00000E+00  2.16109E+02  0.00000E+00  0.00000E+00  0.00000E+00  5.38301E+03
 SIGMA(2,1)    0.00000E+00  0.00000E+00  0.00000E+00  0.00000E+00  0.00000E+00  0.00000E+00  0.00000E+00  0.00000E+00  0.00000E+00  0.00000E+00  0.00000E+00  0.00000E+00  0.00000E+00  0.00000E+00  0.00000E+00  0.00000E+00  0.00000E+00  0.00000E+00  0.00000E+00  0.00000E+00  0.00000E+00  0.00000E+00
 SIGMA(2,2)   -3.83074E+03 -4.72451E+04  1.45373E+07  7.03817E+07  1.23513E+09  1.66129E+08 -3.92412E+07 -1.04477E+08 -9.17551E+08  1.41193E+07  0.00000E+00  9.15199E+08  1.61212E+06  0.00000E+00 -1.67159E+05  0.00000E+00  0.00000E+00  1.48140E+04  0.00000E+00  0.00000E+00  0.00000E+00  3.49682E+05
 OMEGA(1,1)   -6.74807E+00 -8.32261E+01  2.56136E+04  1.23629E+05  2.17564E+06  2.92658E+05 -6.90328E+04 -1.84027E+05 -1.61683E+06  2.48971E+04  0.00000E+00  1.61212E+06  3.23968E+03  0.00000E+00 -2.49895E+02  0.00000E+00  0.00000E+00  5.47446E+01  0.00000E+00  0.00000E+00  0.00000E+00  5.86614E+02
 OMEGA(2,1)    0.00000E+00  0.00000E+00  0.00000E+00  0.00000E+00  0.00000E+00  0.00000E+00  0.00000E+00  0.00000E+00  0.00000E+00  0.00000E+00  0.00000E+00  0.00000E+00  0.00000E+00  0.00000E+00  0.00000E+00  0.00000E+00  0.00000E+00  0.00000E+00  0.00000E+00  0.00000E+00  0.00000E+00  0.00000E+00
 OMEGA(2,2)    7.12143E-01  8.61805E+00 -2.65695E+03 -1.29578E+04 -2.25626E+05 -3.03464E+04  7.21243E+03  1.90511E+04  1.68127E+05 -2.57577E+03  0.00000E+00 -1.67159E+05 -2.49895E+02  0.00000E+00  5.04710E+01  0.00000E+00  0.00000E+00  1.87528E+01  0.00000E+00  0.00000E+00  0.00000E+00 -4.75196E+01
 OMEGA(3,1)    0.00000E+00  0.00000E+00  0.00000E+00  0.00000E+00  0.00000E+00  0.00000E+00  0.00000E+00  0.00000E+00  0.00000E+00  0.00000E+00  0.00000E+00  0.00000E+00  0.00000E+00  0.00000E+00  0.00000E+00  0.00000E+00  0.00000E+00  0.00000E+00  0.00000E+00  0.00000E+00  0.00000E+00  0.00000E+00
 OMEGA(3,2)    0.00000E+00  0.00000E+00  0.00000E+00  0.00000E+00  0.00000E+00  0.00000E+00  0.00000E+00  0.00000E+00  0.00000E+00  0.00000E+00  0.00000E+00  0.00000E+00  0.00000E+00  0.00000E+00  0.00000E+00  0.00000E+00  0.00000E+00  0.00000E+00  0.00000E+00  0.00000E+00  0.00000E+00  0.00000E+00
 OMEGA(3,3)   -2.72467E-01 -5.89843E-01  1.76630E+02  1.35116E+03  2.12438E+04  2.46042E+03  1.47959E+03 -2.24287E+03 -8.48526E+03  2.16109E+02  0.00000E+00  1.48140E+04  5.47446E+01  0.00000E+00  1.87528E+01  0.00000E+00  0.00000E+00  1.58943E+03  0.00000E+00  0.00000E+00  0.00000E+00 -4.79736E+02
 OMEGA(4,1)    0.00000E+00  0.00000E+00  0.00000E+00  0.00000E+00  0.00000E+00  0.00000E+00  0.00000E+00  0.00000E+00  0.00000E+00  0.00000E+00  0.00000E+00  0.00000E+00  0.00000E+00  0.00000E+00  0.00000E+00  0.00000E+00  0.00000E+00  0.00000E+00  0.00000E+00  0.00000E+00  0.00000E+00  0.00000E+00
 OMEGA(4,2)    0.00000E+00  0.00000E+00  0.00000E+00  0.00000E+00  0.00000E+00  0.00000E+00  0.00000E+00  0.00000E+00  0.00000E+00  0.00000E+00  0.00000E+00  0.00000E+00  0.00000E+00  0.00000E+00  0.00000E+00  0.00000E+00  0.00000E+00  0.00000E+00  0.00000E+00  0.00000E+00  0.00000E+00  0.00000E+00
 OMEGA(4,3)    0.00000E+00  0.00000E+00  0.00000E+00  0.00000E+00  0.00000E+00  0.00000E+00  0.00000E+00  0.00000E+00  0.00000E+00  0.00000E+00  0.00000E+00  0.00000E+00  0.00000E+00  0.00000E+00  0.00000E+00  0.00000E+00  0.00000E+00  0.00000E+00  0.00000E+00  0.00000E+00  0.00000E+00  0.00000E+00
 OMEGA(4,4)   -1.42023E+00 -1.78522E+01  5.55731E+03  2.78456E+04  4.71214E+05  6.34960E+04 -1.65826E+04 -3.96991E+04 -3.47841E+05  5.38301E+03  0.00000E+00  3.49682E+05  5.86614E+02  0.00000E+00 -4.75196E+01  0.00000E+00  0.00000E+00 -4.79736E+02  0.00000E+00  0.00000E+00  0.00000E+00  1.01361E+03
