dmp.txt <- structure(
	.Data = list(
		"coefficients" = list(
			"fixed" = c("CMultStdev" = 0.519526310979601, "tvVmax" = 5628.27533035482, "tvKm" = 1562.48606822875, "tvV" = 57.4213926209275, "tvKa" = 1.32610377859168, "K12" = 2.65429986826214, "K21" = 9.69352986215108, "CEps" = 0.0449854382170741)
			, "random" = list("Subject" = matrix(
				as.numeric(c(
					 -0.1706826998665,  0.872339356551315,  0.193230181966988
					,  -1.17416893437601,  -0.172311085797391,  -1.09595587459667
					,  -0.85593317103849,  -0.0467636937141719,  -0.174691381889835
					,  0.416283670174372,  -0.525301612893736,  0.255107682448937
					,  0.398891839582679,  0.763552679143454,  0.100089922537498
					,  1.10139117698465,  -0.257774134129748,  0.237441942330579
					,  0.473322055072695,  0.164253038110336,  0.070298710229804
					,  0.141614044548135,  0.103013497059668,  1.48001451402781
					,  0.545618545156342,  0.322616335866029,  -0.0366911073107991
					,  -1.33244638269931,  0.122586024570772,  -0.391873220406155
					,  0.352072086482532,  -1.45297896799311,  0.385153038499892
					,  0.147627005878264,  0.318227787773019,  0.243815621331912
					,  0.074618341348112,  -0.616193159696175,  -0.416212073043349
					,  -0.00829004562457053,  0.206144914954458,  -0.907594286170872
					,  0.532267197621989,  -1.05875574654253,  -0.308244694005226
					,  -0.220250130862342,  -0.406780879301153,  -0.309727372631996
					,  -0.786466861218031,  -0.630762941495636,  -0.521844289419188
					,  0.0120385582706096,  -0.523287550971138,  0.0918851214867408
					,  0.145446185514193,  -0.0925042161516164,  0.925522872671814
					,  -0.0895768297015417,  0.930930527094782,  0.555568128334516
					,  -0.112871967742656,  0.145525594825263,  -0.162106184813699
					,  -0.0801648198727207,  0.458140991790708,  -0.265164356785892
					,  -0.346848456784036,  -0.286994385912291,  0.543146558775903
					,  -0.648003795977269,  0.263327802712584,  -0.259734450751846
					,  -0.352364522893919,  0.743631362866397,  -0.00893841849772287
					,  0.0719957582125656,  0.360229452523485,  0.293355488583855
					,  0.260443116901383,  0.433477387577051,  0.648258644038076
					,  -0.23092403184928,  -0.0740369558205529,  -0.178122988856519
					,  0.240456734371369,  -0.238116887861168,  -0.311628644393251
					,  -0.0235287234486528,  0.148578230853973,  -0.00870734084901713
					,  0.366178970724888,  -0.255051401428563,  -0.476408579037609
					,  0.322929482330973,  0.0451683702080293,  0.301281013004819
					,  0.389672221503575,  -0.869465361036534,  -0.142545815326039
					,  -0.0863849746643964,  0.570266537441744,  -0.336533617184967
					,  0.454873069563369,  0.321130823573182,  -0.120923556604263
					,  0.107129242860854,  0.166132848729539,  0.497038577890759
					,  -0.406141146712171,  -0.113489319697998,  -1.30872025069984
					,  0.744522827566446,  -0.182819326101029,  0.00181314820637637
					,  -0.0695152006301397,  -0.330889142155859,  -0.181686434557909
					,  -0.205202256697242,  -0.371871254070974,  -0.0392656472629353
					,  -1.04923044523049,  1.6250533882062,  0.390720975028396
					,  -1.55518728037277,  -0.732836228747732,  -1.57910156174293
					,  -1.56316811285072,  -0.136915180050644,  -0.726021111600729
					,  0.831233671345427,  -1.10385742496896,  0.550509513823956
					,  0.576460384092735,  1.1491803247926,  0.0745484894023924
					,  2.03631632288131,  -0.284063417909447,  0.334756228269327
					,  0.68312689331567,  -0.00238794906046005,  -0.178743497242543
					,  -0.383379765125337,  0.0253483710738666,  2.80936392550286
					,  0.931242542857167,  0.557746649929771,  -0.0745703423083008
					,  -1.81847819168164,  0.229058543842956,  -0.648997958386713
					,  0.449404772612297,  -2.01117240343804,  0.564567926460511
					,  0.239361447533226,  0.302519884673199,  0.223781130620228
					,  -0.207606537363986,  -0.284085041392568,  -0.631903319133562
					,  0.112628202770188,  0.0768792864608313,  -0.807561799526321
					,  0.854843899233267,  -2.0217620895455,  -0.163124758878056
					,  -0.448249768931155,  -0.68743487504061,  -0.588765088996899
					,  -0.961752161284432,  -0.799430670388044,  -0.610703234283858
					,  -0.604760764928353,  -0.866155442718209,  -0.0437589317492912
					,  -0.0218286120468899,  -0.265214462636586,  1.85088136324662
					,  0.0575406322857548,  1.99127775441424,  0.993101918233599
					))
				, nrow = 60, ncol = 3
				, dimnames = list(
					as.character(c( "1", "2", "3", "4", "5", "6", "7", "8", "9", "10"
					  , "11", "12", "13", "14", "15", "16", "17", "18", "19", "20"
					  , "21", "22", "23", "24", "25", "26", "27", "28", "29", "30"
					  , "31", "32", "33", "34", "35", "36", "37", "38", "39", "40"
					  , "41", "42", "43", "44", "45", "46", "47", "48", "49", "50"
					  , "51", "52", "53", "54", "55", "56", "57", "58", "59", "60"))
					, as.character(c("nVmax", "nKm", "nV"))
					)
				))
			)
		, "logLik" = c(-3223.47)
		, "nObs" = c(480)
		, "nSubj" = c(60)
		, "nParm" = c(14)
		, "returnCode" = c(3)
		, "omega" = matrix(
			as.numeric(c(0.624761246727879, 0.00563330266997809, 0.902387475966487, 0.00563330266997809, 0.195811940000755, -0.0670024513210031, 0.902387475966487, -0.0670024513210031, 1.43953052307246))
			, nrow = 3, ncol = 3
			, dimnames = list(
				as.character(c("nVmax", "nKm", "nV"))
				, as.character(c("nVmax", "nKm", "nV"))
				)
			)
		, "eta" = matrix(
			as.numeric(c(-0.0316846789987064, -0.00310776598903, -0.055679233110886, 0.350154173416781, 0.145255633556811, 0.953164812757127, 0.591738264283104, 0.381124170785337, 0.976301599280226, 0.251360716754942, 0.138714953000587, 0.186282676762632))
			, nrow = 3, ncol = 4
			, dimnames = list(
				as.character(c("nVmax", "nKm", "nV"))
				, as.character(c("mean", "var", "sd", "shrinkage"))
				)
			)
		, "eta_shrinkage" = list("Subject" = matrix(
			as.numeric(c(
				 0.218659174169724,  0.60448239867865,  0.662584427347355
				,  0.121960862764827,  0.627696306996078,  0.0865551261284172
				,  0.102656576187831,  0.47102658248927,  0.689163659722026
				,  0.574042689991432,  0.492506640452785,  0.666105391892821
				,  0.565470354230616,  0.61379365329251,  0.5925298295539
				,  0.589635713881651,  0.82326857390542,  0.666107556272513
				,  0.629303129386742,  0.677633320648362,  0.748059657668306
				,  0.349395058791124,  0.617223871954611,  0.582618941517948
				,  0.629288922489726,  0.646714445837776,  0.447288177788111
				,  0.140276576400616,  0.674563682101653,  0.473724204135486
				,  0.644634996493196,  0.044341231283153,  0.579419451464776
				,  0.725717403206757,  0.63968567889824,  0.665363370089492
				,  0.650730976130402,  0.23283213025968,  0.414506167138769
				,  0.592461538089771,  0.676818765322854,  0.407653459876324
				,  0.641074325910129,  0.107156011726316,  0.545576927611234
				,  0.605715658859955,  0.619082378921168,  0.708206921027386
				,  0.39649231091139,  0.378802334247977,  0.0512146878013796
				,  0.700819274649679,  0.312082484184311,  0.512381003339353
				,  0.589412867101285,  0.359181044115644,  0.586744068960061
				,  0.612521901088591,  0.577373230662205,  0.621503514533537
				,  0.244328863118669,  0.227028223842826,  0.229108888780376
				,  0.192951693245363,  0.232705186027774,  0.195276522123609
				,  0.207353795719356,  0.244946442526916,  0.228574621913012
				,  0.237445523814875,  0.228044040309248,  0.230326954129432
				,  0.239256274523947,  0.225328617832772,  0.23512176223443
				,  0.230368921162207,  0.225078894437853,  0.226917110415556
				,  0.225638817809249,  0.223224676067494,  0.229523834288256
				,  0.253715535098532,  0.240931819398189,  0.231049032974056
				,  0.226569093749789,  0.237980315823699,  0.243408160450486
				,  0.18778020464622,  0.226932232400171,  0.237236219587212
				,  0.228501882671411,  0.175433208686305,  0.248086379838958
				,  0.228704062294694,  0.233941726580536,  0.21871507465528
				,  0.228537703468796,  0.217895606508721,  0.234196910489155
				,  0.227915215418355,  0.223408298300816,  0.209857978543257
				,  0.235133097485459,  0.194112729192764,  0.22962600609751
				,  0.234309262525444,  0.225921130869988,  0.224183619351745
				,  0.213537864477862,  0.220109417296657,  0.216886648866786
				,  0.226395194216351,  0.230281055759656,  0.232165863139718
				,  0.243848326593537,  0.248997447891625,  0.224987986782447
				,  0.233182146218759,  0.224828632604207,  0.229135014537622
				,  0.272571642424435,  0.372804303121567,  0.472000170411367
				,  0.224927100355586,  0.529431532854481,  0.168633506398487
				,  0.192390820340531,  0.405675858772043,  0.560406135535791
				,  0.410537600924207,  0.485948614794772,  0.474108940755711
				,  0.400476283962927,  0.385305174658083,  0.435606593975326
				,  0.358791561051575,  0.663880943225659,  0.442115156243212
				,  0.39839435945061,  0.466788380766632,  0.531716582806612
				,  0.322847097087436,  0.473919022009316,  0.356656758707317
				,  0.393632069825594,  0.454815254598185,  0.376035985071681
				,  0.360130308473848,  0.47232542254396,  0.462165346609308
				,  0.416703352939653,  0.143713850480972,  0.424760813050064
				,  0.504897905897931,  0.445533228427377,  0.446294036865282
				,  0.467427458641306,  0.288817306596234,  0.414488846568169
				,  0.443716362417602,  0.45838235678439,  0.572976974715963
				,  0.406475966096205,  0.195423912826144,  0.461804186918161
				,  0.529481218362638,  0.563259998970268,  0.57053781603123
				,  0.505971926455129,  0.415501611745593,  0.120857580863909
				,  0.516003107972981,  0.356864028113532,  0.389598576026438
				,  0.45747869940479,  0.338760525088724,  0.351203706360002
				,  0.490791509393188,  0.34220013770256,  0.389702497766854
				))
			, nrow = 60, ncol = 3
			, dimnames = list(
				as.character(c( "1", "2", "3", "4", "5", "6", "7", "8", "9", "10"
				  , "11", "12", "13", "14", "15", "16", "17", "18", "19", "20"
				  , "21", "22", "23", "24", "25", "26", "27", "28", "29", "30"
				  , "31", "32", "33", "34", "35", "36", "37", "38", "39", "40"
				  , "41", "42", "43", "44", "45", "46", "47", "48", "49", "50"
				  , "51", "52", "53", "54", "55", "56", "57", "58", "59", "60"))
				, as.character(c("nVmax_shrinkage", "nKm_shrinkage", "nV_shrinkage"))
				)
			))
		, "sigma" = matrix(
			as.numeric(c(0.00202368965158219))
			, nrow = 1, ncol = 1
			, dimnames = list(
				as.character(c("CEps"))
				, as.character(c("CEps"))
				)
			)
		, "method" = "FOCE-ELS"
		, "varFix" = matrix(
			as.numeric(c(0.00149500826093268, 20.2984140887716, 4.06861116476056, -1.03707691325933, -0.00780631008647331, 0.143772497607986, -0.378044783382015, -0.000300053012975768, 20.2984140887716, 2334908.76105905, 798631.398341339, -3663.41749270735, -167.115883627958, -1301.66383368597, -7697.86313517859, 5.63895023167004, 4.06861116476056, 798631.398341339, 290815.008193873, 1812.99211062735, -35.8494569687641, -877.369655772684, -1481.93833124111, 1.53997470771474, -1.03707691325933, -3663.41749270735, 1812.99211062735, 7157.63201027209, 41.2453081277263, -995.61665370624, 2021.6244382419, 0.767330072451347, -0.00780631008647331, -167.115883627958, -35.8494569687641, 41.2453081277263, 0.269551221165706, -5.48478862879897, 12.6202452858048, -0.00121663868828358, 0.143772497607986, -1301.66383368597, -877.369655772684, -995.61665370624, -5.48478862879897, 146.737943404921, -254.180748548329, -0.318657579187149, -0.378044783382015, -7697.86313517859, -1481.93833124111, 2021.6244382419, 12.6202452858048, -254.180748548329, 673.724567516952, -0.512724860029816, -0.000300053012975768, 5.63895023167004, 1.53997470771474, 0.767330072451347, -0.00121663868828358, -0.318657579187149, -0.512724860029816, 0.00707789240206387))
			, nrow = 8, ncol = 8
			, dimnames = list(
				as.character(c("CMultStdev", "tvVmax", "tvKm", "tvV", "tvKa", "K12", "K21", "CEps"))
				, as.character(c("CMultStdev", "tvVmax", "tvKm", "tvV", "tvKa", "K12", "K21", "CEps"))
				)
			)
		, "omegaSE" = matrix(
			as.numeric(c(0.414415185945852, 0.123021233713243, 0.557591400152593, 0.123021233713243, 0.0500837030266956, 0.177672289782239, 0.557591400152593, 0.177672289782239, 0.751854203247868))
			, nrow = 3, ncol = 3, byrow = TRUE
			, dimnames = list(
				as.character(c("nVmax", "nKm", "nV"))
				, as.character(c("nVmax", "nKm", "nV"))
				)
			)
		, "Covariance" = matrix(
			as.numeric(c(0.0014950083, 20.298414, 4.0686112, -1.0370769, -0.0078063101, 0.1437725, -0.37804478, -0.00030005301, 0.0054642635, 0.0012294097, -0.00065975418, 0.0073029854, 0.0021802677, 0.0091366749, 20.298414, 2334908.8,  798631.4, -3663.4175, -167.11588, -1301.6638, -7697.8631, 5.6389502, 305.72297, 95.419957, -5.9833629, 360.18035, 129.29146, 382.43018, 4.0686112,  798631.4, 290815.01, 1812.9921, -35.849457, -877.36966, -1481.9383, 1.5399747, 84.306857, 30.359424, -0.91672456, 93.485569, 40.566942, 88.292916, -1.0370769, -3663.4175, 1812.9921,  7157.632, 41.245308, -995.61665, 2021.6244, 0.76733007, -6.4097396, 1.2866576, 0.70254144, -10.215243, 1.3563397, -15.88501, -0.0078063101, -167.11588, -35.849457, 41.245308, 0.26955122, -5.4847886, 12.620245, -0.0012166387, -0.065043899, 0.0035325837, 0.0030790168, -0.095124528, 0.0023295765, -0.13479898, 0.1437725, -1301.6638, -877.36966, -995.61665, -5.4847886, 146.73794, -254.18075, -0.31865758, 0.46821069, -0.23703743, -0.10503059, 0.87204428, -0.27439271, 1.5366627, -0.37804478, -7697.8631, -1481.9383, 2021.6244, 12.620245, -254.18075, 673.72457, -0.51272486, -3.5014882, 0.079643453, 0.19007084, -5.092393, -0.056684956, -7.2128242, -0.00030005301, 5.6389502, 1.5399747, 0.76733007, -0.0012166387, -0.31865758, -0.51272486, 0.0070778924, 6.805922e-005, -0.00014691759, 0.00028889952, 0.00070953797, -1.0844512e-005, 0.0014207697, 0.0054642635, 305.72297, 84.306857, -6.4097396, -0.065043899, 0.46821069, -3.5014882, 6.805922e-005, 0.17173995, 0.0085486411, 0.0018540955, 0.22860638, 0.010752925, 0.29687284, 0.0012294097, 95.419957, 30.359424, 1.2866576, 0.0035325837, -0.23703743, 0.079643453, -0.00014691759, 0.0085486411, 0.015134224, -0.0023157606, 0.0054185765, 0.021341448, -0.0025704181, -0.00065975418, -5.9833629, -0.91672456, 0.70254144, 0.0030790168, -0.10503059, 0.19007084, 0.00028889952, 0.0018540955, -0.0023157606, 0.0025083773, 0.0030502311, -0.0045348823, 0.0055198565, 0.0073029854, 360.18035, 93.485569, -10.215243, -0.095124528, 0.87204428, -5.092393, 0.00070953797, 0.22860638, 0.0054185765, 0.0030502311, 0.31090817, 0.0060129542, 0.41346721, 0.0021802677, 129.29146, 40.566942, 1.3563397, 0.0023295765, -0.27439271, -0.056684956, -1.0844512e-005, 0.010752925, 0.021341448, -0.0045348823, 0.0060129542, 0.031567443, -0.0065048296, 0.0091366749, 382.43018, 88.292916, -15.88501, -0.13479898, 1.5366627, -7.2128242, 0.0014207697, 0.29687284, -0.0025704181, 0.0055198565, 0.41346721, -0.0065048296, 0.56528474))
			, nrow = 14, ncol = 14
			, dimnames = list(
				as.character(c("CMultStdev", "tvVmax", "tvKm", "tvV", "tvKa", "K12", "K21", "stdev0", "nVmax-nVmax", "nKm-nVmax", "nKm-nKm", "nV-nVmax", "nV-nKm", "nV-nV"))
				, as.character(c("CMultStdev", "tvVmax", "tvKm", "tvV", "tvKa", "K12", "K21", "stdev0", "nVmax-nVmax", "nKm-nVmax", "nKm-nKm", "nV-nVmax", "nV-nKm", "nV-nV"))
				)
			)
		, "Correlation" = matrix(
			as.numeric(c(0.038665337, 0.34356218, 0.19512638, -0.31703301, -0.38886902, 0.30696072, -0.37668668, -0.092241046, 0.34101554, 0.25846084, -0.34069356, 0.33873695, 0.31737179, 0.31429158, 0.34356218, 1528.0408, 0.96917681, -0.028337842, -0.21065032, -0.070322235, -0.19408592, 0.043864312, 0.4827891,  0.507603, -0.078183292, 0.42273576, 0.47622828, 0.33287683, 0.19512638, 0.96917681, 539.27267, 0.039737709, -0.12804232, -0.13430834, -0.10587186, 0.033943233, 0.37724095, 0.45762005, -0.033941734, 0.31089956, 0.42339348, 0.21776287, -0.31703301, -0.028337842, 0.039737709,  84.60279, 0.93900784, -0.97148535, 0.9206077, 0.10780665, -0.18281846, 0.1236227, 0.16580241, -0.21654489, 0.090232726, -0.24972911, -0.38886902, -0.21065032, -0.12804232, 0.93900784, 0.51918323, -0.8721035, 0.93649605, -0.027854091, -0.30230843, 0.055308481, 0.1184118, -0.3285911, 0.025254375, -0.34532842, 0.30696072, -0.070322235, -0.13430834, -0.97148535, -0.8721035, 12.113544, -0.80840734, -0.31268069, 0.093268383, -0.15906171, -0.17312036, 0.12910744, -0.12749162, 0.16872278, -0.37668668, -0.19408592, -0.10587186, 0.9206077, 0.93649605, -0.80840734, 25.956205, -0.23479628, -0.3255186, 0.024941858, 0.14621027, -0.35185575, -0.012291558, -0.36959878, -0.092241046, 0.043864312, 0.033943233, 0.10780665, -0.027854091, -0.31268069, -0.23479628, 0.084130211, 0.0019520877, -0.014195208, 0.068564357, 0.015125425, -0.00072550153, 0.022461464, 0.34101554, 0.4827891, 0.37724095, -0.18281846, -0.30230843, 0.093268383, -0.3255186, 0.0019520877, 0.41441519, 0.16768003, 0.089330552, 0.98931961, 0.14603981, 0.95279874, 0.25846084,  0.507603, 0.45762005, 0.1236227, 0.055308481, -0.15906171, 0.024941858, -0.014195208, 0.16768003, 0.12302123, -0.37585224, 0.078993083, 0.97639177, -0.027790097, -0.34069356, -0.078183292, -0.033941734, 0.16580241, 0.1184118, -0.17312036, 0.14621027, 0.068564357, 0.089330552, -0.37585224, 0.050083703, 0.10922454, -0.50962401, 0.14658776, 0.33873695, 0.42273576, 0.31089956, -0.21654489, -0.3285911, 0.12910744, -0.35185575, 0.015125425, 0.98931961, 0.078993083, 0.10922454, 0.5575914, 0.06069489, 0.98625989, 0.31737179, 0.47622828, 0.42339348, 0.090232726, 0.025254375, -0.12749162, -0.012291558, -0.00072550153, 0.14603981, 0.97639177, -0.50962401, 0.06069489, 0.17767229, -0.048694801, 0.31429158, 0.33287683, 0.21776287, -0.24972911, -0.34532842, 0.16872278, -0.36959878, 0.022461464, 0.95279874, -0.027790097, 0.14658776, 0.98625989, -0.048694801, 0.7518542))
			, nrow = 14, ncol = 14
			, dimnames = list(
				as.character(c("CMultStdev", "tvVmax", "tvKm", "tvV", "tvKa", "K12", "K21", "stdev0", "nVmax-nVmax", "nKm-nVmax", "nKm-nKm", "nV-nVmax", "nV-nKm", "nV-nV"))
				, as.character(c("CMultStdev", "tvVmax", "tvKm", "tvV", "tvKa", "K12", "K21", "stdev0", "nVmax-nVmax", "nKm-nVmax", "nKm-nKm", "nV-nVmax", "nV-nKm", "nV-nV"))
				)
			)
		, "Inverse" = matrix(
			as.numeric(c(1848.5198, -0.029733727, 0.2392739, -2.166083,  155.1349, 37.302258, 22.689521, 3609.0146, 1812.5549, -1708.8971, 940.13194, -2274.6323, 1409.4823, 819.12756, -0.029733727, 2.8751322e-005, -3.8330412e-005, -0.00019968762, 0.030909102, 0.0083105397, 0.0040873909, 0.67496008, 0.40176795, -0.51383879, 0.18746789, -0.51066689, 0.39138198, 0.17949814, 0.2392739, -3.8330412e-005, 0.00029091057, 0.0048104415, 0.12397187, 0.071108551, 0.014602986, 3.7100711, 1.5698262, -1.7550881, 0.65119811, -1.9408778, 1.4603541, 0.72272288, -2.166083, -0.00019968762, 0.0048104415, 0.15877066, 2.6266464, 1.8211937, 0.26102091, 82.672786, 34.199039, -38.676175, 13.071522, -41.370333, 31.451855, 15.036286,  155.1349, 0.030909102, 0.12397187, 2.6266464, 204.05796, 65.543586, 18.051954, 3928.3629, 1694.8082, -2150.5656, 851.56878, -2066.9451, 1725.2101, 745.49768, 37.302258, 0.0083105397, 0.071108551, 1.8211937, 65.543586,   32.5278, 7.8562857, 1813.3548, 822.54305, -969.3648, 357.56621, -1013.4016, 781.59275, 367.08799, 22.689521, 0.0040873909, 0.014602986, 0.26102091, 18.051954, 7.8562857, 2.4842257, 498.95276,  240.3632, -285.62226,  108.0678, -299.4877,  229.4343, 108.42257, 3609.0146, 0.67496008, 3.7100711, 82.672786, 3928.3629, 1813.3548, 498.95276, 107615.64, 50147.858, -59260.479, 22162.219, -62087.815, 47693.861, 22471.673, 1812.5549, 0.40176795, 1.5698262, 34.199039, 1694.8082, 822.54305,  240.3632, 50147.858, 30153.475, -31739.765, 11030.206, -38648.443, 25232.846, 13994.994, -1708.8971, -0.51383879, -1.7550881, -38.676175, -2150.5656, -969.3648, -285.62226, -59260.479, -31739.765, 38452.596, -13988.609, 40305.071, -30553.516, -14662.319, 940.13194, 0.18746789, 0.65119811, 13.071522, 851.56878, 357.56621,  108.0678, 22162.219, 11030.206, -13988.609, 5901.1648, -13902.704, 11254.577, 5062.2333, -2274.6323, -0.51066689, -1.9408778, -41.370333, -2066.9451, -1013.4016, -299.4877, -62087.815, -38648.443, 40305.071, -13902.704, 50022.186, -32058.684, -18221.057, 1409.4823, 0.39138198, 1.4603541, 31.451855, 1725.2101, 781.59275,  229.4343, 47693.861, 25232.846, -30553.516, 11254.577, -32058.684, 24391.464, 11691.472, 819.12756, 0.17949814, 0.72272288, 15.036286, 745.49768, 367.08799, 108.42257, 22471.673, 13994.994, -14662.319, 5062.2333, -18221.057, 11691.472,  6679.668))
			, nrow = 14, ncol = 14
			, dimnames = list(
				as.character(c("CMultStdev", "tvVmax", "tvKm", "tvV", "tvKa", "K12", "K21", "stdev0", "nVmax-nVmax", "nKm-nVmax", "nKm-nKm", "nV-nVmax", "nV-nKm", "nV-nV"))
				, as.character(c("CMultStdev", "tvVmax", "tvKm", "tvV", "tvKa", "K12", "K21", "stdev0", "nVmax-nVmax", "nKm-nVmax", "nKm-nKm", "nV-nVmax", "nV-nKm", "nV-nV"))
				)
			)
		, "LLTable" = data.frame(
			id = as.character(c( "1", "2", "3", "4", "5", "6", "7", "8", "9", "10", "11", "12", "13", "14", "15", "16", "17", "18", "19", "20", "21", "22", "23", "24", "25", "26", "27", "28", "29", "30", "31", "32", "33", "34", "35", "36", "37", "38", "39", "40", "41", "42", "43", "44", "45", "46", "47", "48", "49", "50", "51", "52", "53", "54", "55", "56", "57", "58", "59", "60"))
			, "LL" = c(-45.220726, -57.33921, -53.344314, -56.257996, -50.338084, -53.132477, -49.191591, -50.743571, -49.277534, -56.536416, -47.840243, -56.285482, -52.587919, -53.076721, -52.000909, -59.227244, -56.284102, -51.465339, -53.871655, -51.447184, -52.128113, -44.12362, -51.162528, -65.967168, -55.404396, -54.560446, -50.660367, -59.25655, -53.005889, -50.997374, -52.598204, -58.378714, -52.696193, -53.322618, -51.647497, -53.939947, -49.478453, -63.601414, -50.654002, -53.175233, -51.21403, -62.553256, -54.339105, -50.503201, -55.788277, -52.294222, -51.192594, -51.020031, -56.583612, -53.465734, -57.120632, -48.111103, -54.506914, -51.635286, -51.388695, -52.071958, -61.371074, -54.271982, -63.728369, -58.086457)
			) # end of LLTable
		, "residuals" = data.frame(
			  ID1 = as.character(c(  "",   "",   "",   "",   "",   "",   "",   "",   "",   "",   "",   "",   "",   "",   "",   "",   "",   "",   "",   "",   "",   "",   "",   "",   "",   "",   "",   "",   "",   "",   "",   "",   "",   "",   "",   "",   "",   "",   "",   "",   "",   "",   "",   "",   "",   "",   "",   "",   "",   "",   "",   "",   "",   "",   "",   "",   "",   "",   "",   "",   "",   "",   "",   "",   "",   "",   "",   "",   "",   "",   "",   "",   "",   "",   "",   "",   "",   "",   "",   "",   "",   "",   "",   "",   "",   "",   "",   "",   "",   "",   "",   "",   "",   "",   "",   "",   "",   "",   "",   "",   "",   "",   "",   "",   "",   "",   "",   "",   "",   "",   "",   "",   "",   "",   "",   "",   "",   "",   "",   "",   "",   "",   "",   "",   "",   "",   "",   "",   "",   "",   "",   "",   "",   "",   "",   "",   "",   "",   "",   "",   "",   "",   "",   "",   "",   "",   "",   "",   "",   "",   "",   "",   "",   "",   "",   "",   "",   "",   "",   "",   "",   "",   "",   "",   "",   "",   "",   "",   "",   "",   "",   "",   "",   "",   "",   "",   "",   "",   "",   "",   "",   "",   "",   "",   "",   "",   "",   "",   "",   "",   "",   "",   "",   "",   "",   "",   "",   "",   "",   "",   "",   "",   "",   "",   "",   "",   "",   "",   "",   "",   "",   "",   "",   "",   "",   "",   "",   "",   "",   "",   "",   "",   "",   "",   "",   "",   "",   "",   "",   "",   "",   "",   "",   "",   "",   "",   "",   "",   "",   "",   "",   "",   "",   "",   "",   "",   "",   "",   "",   "",   "",   "",   "",   "",   "",   "",   "",   "",   "",   "",   "",   "",   "",   "",   "",   "",   "",   "",   "",   "",   "",   "",   "",   "",   "",   "",   "",   "",   "",   "",   "",   "",   "",   "",   "",   "",   "",   "",   "",   "",   "",   "",   "",   "",   "",   "",   "",   "",   "",   "",   "",   "",   "",   "",   "",   "",   "",   "",   "",   "",   "",   "",   "",   "",   "",   "",   "",   "",   "",   "",   "",   "",   "",   "",   "",   "",   "",   "",   "",   "",   "",   "",   "",   "",   "",   "",   "",   "",   "",   "",   "",   "",   "",   "",   "",   "",   "",   "",   "",   "",   "",   "",   "",   "",   "",   "",   "",   "",   "",   "",   "",   "",   "",   "",   "",   "",   "",   "",   "",   "",   "",   "",   "",   "",   "",   "",   "",   "",   "",   "",   "",   "",   "",   "",   "",   "",   "",   "",   "",   "",   "",   "",   "",   "",   "",   "",   "",   "",   "",   "",   "",   "",   "",   "",   "",   "",   "",   "",   "",   "",   "",   "",   "",   "",   "",   "",   "",   "",   "",   "",   "",   "",   "",   "",   "",   "",   "",   "",   "",   "",   "",   "",   "",   "",   "",   "",   "",   "",   "",   "",   "",   "",   "",   "",   "",   "",   "",   "",   "",   "",   "",   "",   "",   "",   "",   "",   "",   "",   "",   "",   "",   "",   "",   "",   "",   "",   "",   "",   "",   "",   "",   "",   "",   "",   "",   "",   "",   "",   "",   ""))
			, ID2 = as.character(c(  "",   "",   "",   "",   "",   "",   "",   "",   "",   "",   "",   "",   "",   "",   "",   "",   "",   "",   "",   "",   "",   "",   "",   "",   "",   "",   "",   "",   "",   "",   "",   "",   "",   "",   "",   "",   "",   "",   "",   "",   "",   "",   "",   "",   "",   "",   "",   "",   "",   "",   "",   "",   "",   "",   "",   "",   "",   "",   "",   "",   "",   "",   "",   "",   "",   "",   "",   "",   "",   "",   "",   "",   "",   "",   "",   "",   "",   "",   "",   "",   "",   "",   "",   "",   "",   "",   "",   "",   "",   "",   "",   "",   "",   "",   "",   "",   "",   "",   "",   "",   "",   "",   "",   "",   "",   "",   "",   "",   "",   "",   "",   "",   "",   "",   "",   "",   "",   "",   "",   "",   "",   "",   "",   "",   "",   "",   "",   "",   "",   "",   "",   "",   "",   "",   "",   "",   "",   "",   "",   "",   "",   "",   "",   "",   "",   "",   "",   "",   "",   "",   "",   "",   "",   "",   "",   "",   "",   "",   "",   "",   "",   "",   "",   "",   "",   "",   "",   "",   "",   "",   "",   "",   "",   "",   "",   "",   "",   "",   "",   "",   "",   "",   "",   "",   "",   "",   "",   "",   "",   "",   "",   "",   "",   "",   "",   "",   "",   "",   "",   "",   "",   "",   "",   "",   "",   "",   "",   "",   "",   "",   "",   "",   "",   "",   "",   "",   "",   "",   "",   "",   "",   "",   "",   "",   "",   "",   "",   "",   "",   "",   "",   "",   "",   "",   "",   "",   "",   "",   "",   "",   "",   "",   "",   "",   "",   "",   "",   "",   "",   "",   "",   "",   "",   "",   "",   "",   "",   "",   "",   "",   "",   "",   "",   "",   "",   "",   "",   "",   "",   "",   "",   "",   "",   "",   "",   "",   "",   "",   "",   "",   "",   "",   "",   "",   "",   "",   "",   "",   "",   "",   "",   "",   "",   "",   "",   "",   "",   "",   "",   "",   "",   "",   "",   "",   "",   "",   "",   "",   "",   "",   "",   "",   "",   "",   "",   "",   "",   "",   "",   "",   "",   "",   "",   "",   "",   "",   "",   "",   "",   "",   "",   "",   "",   "",   "",   "",   "",   "",   "",   "",   "",   "",   "",   "",   "",   "",   "",   "",   "",   "",   "",   "",   "",   "",   "",   "",   "",   "",   "",   "",   "",   "",   "",   "",   "",   "",   "",   "",   "",   "",   "",   "",   "",   "",   "",   "",   "",   "",   "",   "",   "",   "",   "",   "",   "",   "",   "",   "",   "",   "",   "",   "",   "",   "",   "",   "",   "",   "",   "",   "",   "",   "",   "",   "",   "",   "",   "",   "",   "",   "",   "",   "",   "",   "",   "",   "",   "",   "",   "",   "",   "",   "",   "",   "",   "",   "",   "",   "",   "",   "",   "",   "",   "",   "",   "",   "",   "",   "",   "",   "",   "",   "",   "",   "",   "",   "",   "",   "",   "",   "",   "",   "",   "",   "",   "",   "",   "",   "",   "",   "",   "",   "",   "",   "",   "",   "",   "",   "",   "",   "",   "",   "",   "",   "",   "",   "",   "",   "",   "",   ""))
			, ID3 = as.character(c(  "",   "",   "",   "",   "",   "",   "",   "",   "",   "",   "",   "",   "",   "",   "",   "",   "",   "",   "",   "",   "",   "",   "",   "",   "",   "",   "",   "",   "",   "",   "",   "",   "",   "",   "",   "",   "",   "",   "",   "",   "",   "",   "",   "",   "",   "",   "",   "",   "",   "",   "",   "",   "",   "",   "",   "",   "",   "",   "",   "",   "",   "",   "",   "",   "",   "",   "",   "",   "",   "",   "",   "",   "",   "",   "",   "",   "",   "",   "",   "",   "",   "",   "",   "",   "",   "",   "",   "",   "",   "",   "",   "",   "",   "",   "",   "",   "",   "",   "",   "",   "",   "",   "",   "",   "",   "",   "",   "",   "",   "",   "",   "",   "",   "",   "",   "",   "",   "",   "",   "",   "",   "",   "",   "",   "",   "",   "",   "",   "",   "",   "",   "",   "",   "",   "",   "",   "",   "",   "",   "",   "",   "",   "",   "",   "",   "",   "",   "",   "",   "",   "",   "",   "",   "",   "",   "",   "",   "",   "",   "",   "",   "",   "",   "",   "",   "",   "",   "",   "",   "",   "",   "",   "",   "",   "",   "",   "",   "",   "",   "",   "",   "",   "",   "",   "",   "",   "",   "",   "",   "",   "",   "",   "",   "",   "",   "",   "",   "",   "",   "",   "",   "",   "",   "",   "",   "",   "",   "",   "",   "",   "",   "",   "",   "",   "",   "",   "",   "",   "",   "",   "",   "",   "",   "",   "",   "",   "",   "",   "",   "",   "",   "",   "",   "",   "",   "",   "",   "",   "",   "",   "",   "",   "",   "",   "",   "",   "",   "",   "",   "",   "",   "",   "",   "",   "",   "",   "",   "",   "",   "",   "",   "",   "",   "",   "",   "",   "",   "",   "",   "",   "",   "",   "",   "",   "",   "",   "",   "",   "",   "",   "",   "",   "",   "",   "",   "",   "",   "",   "",   "",   "",   "",   "",   "",   "",   "",   "",   "",   "",   "",   "",   "",   "",   "",   "",   "",   "",   "",   "",   "",   "",   "",   "",   "",   "",   "",   "",   "",   "",   "",   "",   "",   "",   "",   "",   "",   "",   "",   "",   "",   "",   "",   "",   "",   "",   "",   "",   "",   "",   "",   "",   "",   "",   "",   "",   "",   "",   "",   "",   "",   "",   "",   "",   "",   "",   "",   "",   "",   "",   "",   "",   "",   "",   "",   "",   "",   "",   "",   "",   "",   "",   "",   "",   "",   "",   "",   "",   "",   "",   "",   "",   "",   "",   "",   "",   "",   "",   "",   "",   "",   "",   "",   "",   "",   "",   "",   "",   "",   "",   "",   "",   "",   "",   "",   "",   "",   "",   "",   "",   "",   "",   "",   "",   "",   "",   "",   "",   "",   "",   "",   "",   "",   "",   "",   "",   "",   "",   "",   "",   "",   "",   "",   "",   "",   "",   "",   "",   "",   "",   "",   "",   "",   "",   "",   "",   "",   "",   "",   "",   "",   "",   "",   "",   "",   "",   "",   "",   "",   "",   "",   "",   "",   "",   "",   "",   "",   "",   "",   "",   "",   "",   "",   "",   "",   "",   "",   "",   "",   "",   ""))
			, ID4 = as.character(c(  "",   "",   "",   "",   "",   "",   "",   "",   "",   "",   "",   "",   "",   "",   "",   "",   "",   "",   "",   "",   "",   "",   "",   "",   "",   "",   "",   "",   "",   "",   "",   "",   "",   "",   "",   "",   "",   "",   "",   "",   "",   "",   "",   "",   "",   "",   "",   "",   "",   "",   "",   "",   "",   "",   "",   "",   "",   "",   "",   "",   "",   "",   "",   "",   "",   "",   "",   "",   "",   "",   "",   "",   "",   "",   "",   "",   "",   "",   "",   "",   "",   "",   "",   "",   "",   "",   "",   "",   "",   "",   "",   "",   "",   "",   "",   "",   "",   "",   "",   "",   "",   "",   "",   "",   "",   "",   "",   "",   "",   "",   "",   "",   "",   "",   "",   "",   "",   "",   "",   "",   "",   "",   "",   "",   "",   "",   "",   "",   "",   "",   "",   "",   "",   "",   "",   "",   "",   "",   "",   "",   "",   "",   "",   "",   "",   "",   "",   "",   "",   "",   "",   "",   "",   "",   "",   "",   "",   "",   "",   "",   "",   "",   "",   "",   "",   "",   "",   "",   "",   "",   "",   "",   "",   "",   "",   "",   "",   "",   "",   "",   "",   "",   "",   "",   "",   "",   "",   "",   "",   "",   "",   "",   "",   "",   "",   "",   "",   "",   "",   "",   "",   "",   "",   "",   "",   "",   "",   "",   "",   "",   "",   "",   "",   "",   "",   "",   "",   "",   "",   "",   "",   "",   "",   "",   "",   "",   "",   "",   "",   "",   "",   "",   "",   "",   "",   "",   "",   "",   "",   "",   "",   "",   "",   "",   "",   "",   "",   "",   "",   "",   "",   "",   "",   "",   "",   "",   "",   "",   "",   "",   "",   "",   "",   "",   "",   "",   "",   "",   "",   "",   "",   "",   "",   "",   "",   "",   "",   "",   "",   "",   "",   "",   "",   "",   "",   "",   "",   "",   "",   "",   "",   "",   "",   "",   "",   "",   "",   "",   "",   "",   "",   "",   "",   "",   "",   "",   "",   "",   "",   "",   "",   "",   "",   "",   "",   "",   "",   "",   "",   "",   "",   "",   "",   "",   "",   "",   "",   "",   "",   "",   "",   "",   "",   "",   "",   "",   "",   "",   "",   "",   "",   "",   "",   "",   "",   "",   "",   "",   "",   "",   "",   "",   "",   "",   "",   "",   "",   "",   "",   "",   "",   "",   "",   "",   "",   "",   "",   "",   "",   "",   "",   "",   "",   "",   "",   "",   "",   "",   "",   "",   "",   "",   "",   "",   "",   "",   "",   "",   "",   "",   "",   "",   "",   "",   "",   "",   "",   "",   "",   "",   "",   "",   "",   "",   "",   "",   "",   "",   "",   "",   "",   "",   "",   "",   "",   "",   "",   "",   "",   "",   "",   "",   "",   "",   "",   "",   "",   "",   "",   "",   "",   "",   "",   "",   "",   "",   "",   "",   "",   "",   "",   "",   "",   "",   "",   "",   "",   "",   "",   "",   "",   "",   "",   "",   "",   "",   "",   "",   "",   "",   "",   "",   "",   "",   "",   "",   "",   "",   "",   "",   "",   "",   "",   "",   "",   "",   "",   "",   "",   ""))
			, ID5 = as.character(c( "1",  "1",  "1",  "1",  "1",  "1",  "1",  "1",  "2",  "2",  "2",  "2",  "2",  "2",  "2",  "2",  "3",  "3",  "3",  "3",  "3",  "3",  "3",  "3",  "4",  "4",  "4",  "4",  "4",  "4",  "4",  "4",  "5",  "5",  "5",  "5",  "5",  "5",  "5",  "5",  "6",  "6",  "6",  "6",  "6",  "6",  "6",  "6",  "7",  "7",  "7",  "7",  "7",  "7",  "7",  "7",  "8",  "8",  "8",  "8",  "8",  "8",  "8",  "8",  "9",  "9",  "9",  "9",  "9",  "9",  "9",  "9", "10", "10", "10", "10", "10", "10", "10", "10", "11", "11", "11", "11", "11", "11", "11", "11", "12", "12", "12", "12", "12", "12", "12", "12", "13", "13", "13", "13", "13", "13", "13", "13", "14", "14", "14", "14", "14", "14", "14", "14", "15", "15", "15", "15", "15", "15", "15", "15", "16", "16", "16", "16", "16", "16", "16", "16", "17", "17", "17", "17", "17", "17", "17", "17", "18", "18", "18", "18", "18", "18", "18", "18", "19", "19", "19", "19", "19", "19", "19", "19", "20", "20", "20", "20", "20", "20", "20", "20", "21", "21", "21", "21", "21", "21", "21", "21", "22", "22", "22", "22", "22", "22", "22", "22", "23", "23", "23", "23", "23", "23", "23", "23", "24", "24", "24", "24", "24", "24", "24", "24", "25", "25", "25", "25", "25", "25", "25", "25", "26", "26", "26", "26", "26", "26", "26", "26", "27", "27", "27", "27", "27", "27", "27", "27", "28", "28", "28", "28", "28", "28", "28", "28", "29", "29", "29", "29", "29", "29", "29", "29", "30", "30", "30", "30", "30", "30", "30", "30", "31", "31", "31", "31", "31", "31", "31", "31", "32", "32", "32", "32", "32", "32", "32", "32", "33", "33", "33", "33", "33", "33", "33", "33", "34", "34", "34", "34", "34", "34", "34", "34", "35", "35", "35", "35", "35", "35", "35", "35", "36", "36", "36", "36", "36", "36", "36", "36", "37", "37", "37", "37", "37", "37", "37", "37", "38", "38", "38", "38", "38", "38", "38", "38", "39", "39", "39", "39", "39", "39", "39", "39", "40", "40", "40", "40", "40", "40", "40", "40", "41", "41", "41", "41", "41", "41", "41", "41", "42", "42", "42", "42", "42", "42", "42", "42", "43", "43", "43", "43", "43", "43", "43", "43", "44", "44", "44", "44", "44", "44", "44", "44", "45", "45", "45", "45", "45", "45", "45", "45", "46", "46", "46", "46", "46", "46", "46", "46", "47", "47", "47", "47", "47", "47", "47", "47", "48", "48", "48", "48", "48", "48", "48", "48", "49", "49", "49", "49", "49", "49", "49", "49", "50", "50", "50", "50", "50", "50", "50", "50", "51", "51", "51", "51", "51", "51", "51", "51", "52", "52", "52", "52", "52", "52", "52", "52", "53", "53", "53", "53", "53", "53", "53", "53", "54", "54", "54", "54", "54", "54", "54", "54", "55", "55", "55", "55", "55", "55", "55", "55", "56", "56", "56", "56", "56", "56", "56", "56", "57", "57", "57", "57", "57", "57", "57", "57", "58", "58", "58", "58", "58", "58", "58", "58", "59", "59", "59", "59", "59", "59", "59", "59", "60", "60", "60", "60", "60", "60", "60", "60"))
			, IVAR = c(0.64, 1.99, 6.43, 12.03, 22.28, 48.91, 80.15, 138.94, 0.51, 2.49, 6.29, 11.18, 25.51, 43.72, 84.69, 123.55, 0.48, 2, 6.04, 11.31, 22.67, 47.36, 103.04, 108, 0.53, 2.07, 6.67, 11.64, 24.9, 49.3, 90.93, 135.41, 0.56, 2.15, 7.03, 12.69, 21.12, 45.33, 84.94, 114.45, 0.47, 2.01, 5.48, 12.19, 22.48, 57.28, 103.13, 131.43, 0.52, 2.37, 5.63, 11.46, 27.7, 44.98, 94.03, 115.38, 0.48, 1.94, 6.3, 11.79, 22.82, 54.9, 93.96, 117.86, 0.5, 2.15, 5.96, 11.95, 22.42, 46.47, 96.58, 113.14, 0.53, 1.72, 6.19, 10.29, 23.29, 45.53, 89.94, 119.32, 0.41, 2.25, 5.08, 11.46, 21.47, 44.53, 118.28, 120.21, 0.44, 1.7, 6.28, 11.98, 23.25, 43.74, 82.73, 107.77, 0.55, 1.88, 5.22, 14.47, 25.04, 46.87, 106.72, 131.12, 0.47, 2.49, 5.85, 10.41, 23.66, 49.01, 120.92, 121.28, 0.52, 1.98, 5.8, 11.96, 25.97, 59.07, 106.39, 135.41, 0.44, 2.21, 6.13, 10.36, 25.28, 47.24, 111.14, 111.15, 0.48, 1.82, 5.89, 12.49, 22.31, 52.16, 85.08, 108.06, 0.58, 1.81, 6.25, 11.55, 25, 56.83, 112.51, 116.09, 0.4, 2.57, 6.41, 12.67, 23.97, 50.51, 94.43, 125.16, 0.48, 1.74, 6.62, 13.97, 23.27, 42.35, 102.37, 119.46, 0.42, 2, 5.63, 11.6, 21.38, 57.48, 92.87, 102.2, 0.51, 2.05, 5.44, 8.99, 22.51, 50.82, 95.43, 118.83, 0.53, 1.78, 6.7, 11.99, 25.76, 53.23, 98.17, 109.91, 0.56, 1.64, 5.68, 11.7, 23.6, 53.16, 97.32, 124.99, 0.5, 1.95, 6.43, 13.46, 18.87, 50.83, 99.67, 115, 0.55, 1.92, 5.83, 13.07, 28.5, 49.31, 92.03, 106.55, 0.48, 1.82, 5.85, 12.48, 22.04, 62.56, 97.51, 134.36, 0.4, 2.15, 5.26, 13.16, 24.97, 46.08, 109.59, 111.87, 0.47, 1.81, 5.61, 13.19, 25.06, 53.08, 92.33, 124.6, 0.51, 1.73, 7.17, 12.16, 25.91, 52.81, 95.52, 116.39, 0.55, 1.8, 7.31, 11.55, 28.32, 55.84, 96.8, 127, 0.45, 2.07, 6.66, 12.12, 22.93, 44.95, 95.66, 133.54, 0.48, 1.98, 5.27, 12.61, 27.35, 55.75, 99.54, 104.15, 0.52, 2.09, 5.79, 12.21, 22.01, 51.37, 92.91, 102.57, 0.48, 2.29, 5.8, 12.91, 26.38, 48.02, 92.68, 113.81, 0.54, 1.8, 6.15, 11.66, 19.14, 41.69, 105.21, 117.73, 0.54, 2.42, 6.95, 12.84, 24.93, 47.08, 112.41, 127.37, 0.44, 1.97, 4.95, 11.77, 18.52, 54.74, 90.09, 114.95, 0.49, 2.13, 6.42, 12.7, 22.66, 41.88, 92.34, 123.38, 0.46, 1.99, 5.34, 11.99, 24.31, 47.3, 94.44, 143.14, 0.54, 2.24, 5.47, 12.2, 26.94, 47.73, 77.59, 124.21, 0.41, 1.84, 6.85, 12.76, 26.77, 49.49, 94.95, 109.41, 0.59, 2.01, 5.59, 13.08, 26.72, 58.02, 90.38, 115.4, 0.48, 1.93, 5.78, 11.65, 27.72, 44.77, 92.34, 128.09, 0.56, 1.85, 5.7, 12.65, 26.57, 46.81, 83.21, 142.37, 0.58, 1.86, 5.96, 10.06, 25.41, 56.4, 81.5, 111, 0.47, 1.87, 4.9, 12.62, 20.59, 47.88, 101.86, 117.65, 0.55, 1.99, 5.62, 12.8, 22.98, 57.31, 95.82, 130.68, 0.51, 1.48, 5.23, 11.5, 24.58, 37.98, 105.69, 112.96, 0.46, 1.71, 5.19, 12.07, 25.25, 38.92, 86.83, 126.6, 0.48, 2.48, 6.8, 12.74, 24.01, 49.36, 89.46, 127.78, 0.58, 2.23, 5.53, 10.21, 23.74, 50.16, 105.18, 109.89, 0.52, 2.05, 6.76, 11.97, 23.16, 42.8, 91.16, 115.73, 0.63, 2.55, 5.9, 10.81, 19.7, 50.54, 86.08, 150.8, 0.46, 2.02, 8.78, 10.74, 24.75, 42.97, 99.4, 109.97, 0.5, 1.94, 5.33, 12.01, 26.5, 56.29, 83.69, 117.04, 0.56, 1.79, 4.66, 10.93, 21.79, 48.23, 92.2, 122.81, 0.48, 2.08, 5.78, 13.52, 22.29, 49.42, 87.87, 122.52, 0.5, 1.69, 5.91, 13.5, 25.69, 48.69, 85.21, 134.88, 0.5, 1.91, 7.07, 11.11, 24.74, 54.56, 101.96, 116.37)
