TABLE NO.     1: First Order Conditional Estimation with Interaction: Problem=1 Subproblem=0 Superproblem1=0 Iteration1=0 Superproblem2=0 Iteration2=0
 NAME         THETA1       THETA2       THETA3       THETA4       THETA5       THETA6       THETA7       THETA8       THETA9       THETA10      SIGMA(1,1)   SIGMA(2,1)   SIGMA(2,2)   OMEGA(1,1)   OMEGA(2,1)   OMEGA(2,2)   OMEGA(3,1)   OMEGA(3,2)   OMEGA(3,3)
 THETA1        4.21175E+04  8.98804E+03 -1.58699E+04  3.42589E+02 -3.03601E+02 -1.11078E+01  5.49617E+02 -3.04158E+03  6.14063E+01  1.91458E+01  3.48353E+03  0.00000E+00  2.68099E-05  7.98055E+01  2.78848E+02  3.69130E+02 -1.04969E+02 -2.28365E+02  6.36388E+01
 THETA2        8.98804E+03  1.91809E+03 -3.38671E+03  7.31100E+01 -6.47896E+01 -2.37046E+00  1.17291E+02 -6.49085E+02  1.31044E+01  4.08578E+00  7.43401E+02  0.00000E+00  5.72139E-06  1.70312E+01  5.95085E+01  7.87752E+01 -2.24016E+01 -4.87351E+01  1.35807E+01
 THETA3       -1.58699E+04 -3.38671E+03  5.97983E+03 -1.29089E+02  1.14397E+02  4.18546E+00 -2.07097E+02  1.14607E+03 -2.31380E+01 -7.21416E+00 -1.31259E+03  0.00000E+00 -1.01019E-05 -3.00700E+01 -1.05068E+02 -1.39085E+02  3.95504E+01  8.60458E+01 -2.39793E+01
 THETA4        3.42589E+02  7.31100E+01 -1.29089E+02  2.78670E+00 -2.46953E+00 -9.03529E-02  4.47067E+00 -2.47408E+01  4.99488E-01  1.55735E-01  2.83348E+01  0.00000E+00  2.18062E-07  6.49028E-01  2.26784E+00  3.00209E+00 -8.53514E-01 -1.85717E+00  5.17619E-01
 THETA5       -3.03601E+02 -6.47896E+01  1.14397E+02 -2.46953E+00  2.18848E+00  8.00701E-02 -3.96187E+00  2.19250E+01 -4.42643E-01 -1.38011E-01 -2.51106E+01  0.00000E+00 -1.93256E-07 -5.75260E-01 -2.01002E+00 -2.66080E+00  7.56636E-01  1.64612E+00 -4.58737E-01
 THETA6       -1.11078E+01 -2.37046E+00  4.18546E+00 -9.03529E-02  8.00701E-02  2.92953E-03 -1.44953E-01  8.02171E-01 -1.61950E-02 -5.04941E-03 -9.18725E-01  0.00000E+00 -7.07072E-09 -2.10474E-02 -7.35419E-02 -9.73521E-02  2.76838E-02  6.02276E-02 -1.67836E-02
 THETA7        5.49617E+02  1.17291E+02 -2.07097E+02  4.47067E+00 -3.96187E+00 -1.44953E-01  7.17230E+00 -3.96915E+01  8.01329E-01  2.49845E-01  4.54586E+01  0.00000E+00  3.49858E-07  1.04142E+00  3.63882E+00  4.81695E+00 -1.36977E+00 -2.98004E+00  8.30463E-01
 THETA8       -3.04158E+03 -6.49085E+02  1.14607E+03 -2.47408E+01  2.19250E+01  8.02171E-01 -3.96915E+01  2.19654E+02 -4.43455E+00 -1.38264E+00 -2.51562E+02  0.00000E+00 -1.93600E-06 -5.76220E+00 -2.01343E+01 -2.66531E+01  7.57766E+00  1.64883E+01 -4.59553E+00
 THETA9        6.14063E+01  1.31044E+01 -2.31380E+01  4.99488E-01 -4.42643E-01 -1.61950E-02  8.01329E-01 -4.43455E+00  8.95289E-02  2.79141E-02  5.07888E+00  0.00000E+00  3.90880E-08  1.16352E-01  4.06548E-01  5.38174E-01 -1.53037E-01 -3.32945E-01  9.27839E-02
 THETA10       1.91458E+01  4.08578E+00 -7.21416E+00  1.55735E-01 -1.38011E-01 -5.04941E-03  2.49845E-01 -1.38264E+00  2.79141E-02  8.70328E-03  1.58354E+00  0.00000E+00  1.21872E-08  3.62774E-02  1.26757E-01  1.67797E-01 -4.77155E-02 -1.03809E-01  2.89290E-02
 SIGMA(1,1)    3.48353E+03  7.43401E+02 -1.31259E+03  2.83348E+01 -2.51106E+01 -9.18725E-01  4.54586E+01 -2.51562E+02  5.07888E+00  1.58354E+00  2.88144E+02  0.00000E+00  2.21769E-06  6.60327E+00  2.30714E+01  3.05410E+01 -8.68804E+00 -1.88960E+01  5.26456E+00
 SIGMA(2,1)    0.00000E+00  0.00000E+00  0.00000E+00  0.00000E+00  0.00000E+00  0.00000E+00  0.00000E+00  0.00000E+00  0.00000E+00  0.00000E+00  0.00000E+00  0.00000E+00  0.00000E+00  0.00000E+00  0.00000E+00  0.00000E+00  0.00000E+00  0.00000E+00  0.00000E+00
 SIGMA(2,2)    2.68099E-05  5.72139E-06 -1.01019E-05  2.18062E-07 -1.93256E-07 -7.07072E-09  3.49858E-07 -1.93600E-06  3.90880E-08  1.21872E-08  2.21769E-06  0.00000E+00  1.70891E-14  5.09715E-08  1.77977E-07  2.35580E-07 -6.73012E-08 -1.45903E-07  4.04990E-08
 OMEGA(1,1)    7.98055E+01  1.70312E+01 -3.00700E+01  6.49028E-01 -5.75260E-01 -2.10474E-02  1.04142E+00 -5.76220E+00  1.16352E-01  3.62774E-02  6.60327E+00  0.00000E+00  5.09715E-08  1.52512E-01  5.31997E-01  7.04092E-01 -2.02508E-01 -4.36770E-01  1.20557E-01
 OMEGA(2,1)    2.78848E+02  5.95085E+01 -1.05068E+02  2.26784E+00 -2.01002E+00 -7.35419E-02  3.63882E+00 -2.01343E+01  4.06548E-01  1.26757E-01  2.30714E+01  0.00000E+00  1.77977E-07  5.31997E-01  1.85638E+00  2.45701E+00 -7.05138E-01 -1.52338E+00  4.21424E-01
 OMEGA(2,2)    3.69130E+02  7.87752E+01 -1.39085E+02  3.00209E+00 -2.66080E+00 -9.73521E-02  4.81695E+00 -2.66531E+01  5.38174E-01  1.67797E-01  3.05410E+01  0.00000E+00  2.35580E-07  7.04092E-01  2.45701E+00  3.25199E+00 -9.33031E-01 -2.01614E+00  5.57888E-01
 OMEGA(3,1)   -1.04969E+02 -2.24016E+01  3.95504E+01 -8.53514E-01  7.56636E-01  2.76838E-02 -1.36977E+00  7.57766E+00 -1.53037E-01 -4.77155E-02 -8.68804E+00  0.00000E+00 -6.73012E-08 -2.02508E-01 -7.05138E-01 -9.33031E-01  2.72728E-01  5.81185E-01 -1.59701E-01
 OMEGA(3,2)   -2.28365E+02 -4.87351E+01  8.60458E+01 -1.85717E+00  1.64612E+00  6.02276E-02 -2.98004E+00  1.64883E+01 -3.32945E-01 -1.03809E-01 -1.88960E+01  0.00000E+00 -1.45903E-07 -4.36770E-01 -1.52338E+00 -2.01614E+00  5.81185E-01  1.25145E+00 -3.45860E-01
 OMEGA(3,3)    6.36388E+01  1.35807E+01 -2.39793E+01  5.17619E-01 -4.58737E-01 -1.67836E-02  8.30463E-01 -4.59553E+00  9.27839E-02  2.89290E-02  5.26456E+00  0.00000E+00  4.04990E-08  1.20557E-01  4.21424E-01  5.57888E-01 -1.59701E-01 -3.45860E-01  9.77999E-02
