TABLE NO.     1: First Order Conditional Estimation with Interaction: Problem=1 Subproblem=0 Superproblem1=0 Iteration1=0 Superproblem2=0 Iteration2=0
 NAME         THETA1       THETA2       THETA3       THETA4       THETA5       THETA6       THETA7       THETA8       THETA9       THETA10      SIGMA(1,1)   SIGMA(2,1)   SIGMA(2,2)   OMEGA(1,1)   OMEGA(2,1)   OMEGA(2,2)   OMEGA(3,1)   OMEGA(3,2)   OMEGA(3,3)
 THETA1        2.05225E+02  1.00000E+00 -1.00000E+00  9.99996E-01 -1.00000E+00 -1.00000E+00  1.00000E+00 -9.99996E-01  1.00000E+00  1.00000E+00  9.99961E-01  0.00000E+00  9.99321E-01  9.95750E-01  9.97248E-01  9.97410E-01 -9.79408E-01 -9.94698E-01  9.91566E-01
 THETA2        1.00000E+00  4.37960E+01 -1.00000E+00  9.99995E-01 -1.00000E+00 -1.00000E+00  1.00000E+00 -9.99995E-01  1.00000E+00  1.00000E+00  9.99964E-01  0.00000E+00  9.99328E-01  9.95771E-01  9.97266E-01  9.97427E-01 -9.79447E-01 -9.94720E-01  9.91563E-01
 THETA3       -1.00000E+00 -1.00000E+00  7.73293E+01 -9.99997E-01  1.00000E+00  1.00000E+00 -1.00000E+00  9.99997E-01 -1.00000E+00 -1.00000E+00 -9.99957E-01  0.00000E+00 -9.99311E-01 -9.95720E-01 -9.97223E-01 -9.97385E-01  9.79360E-01  9.94669E-01 -9.91570E-01
 THETA4        9.99996E-01  9.99995E-01 -9.99997E-01  1.66934E+00 -9.99997E-01 -9.99996E-01  9.99997E-01 -1.00000E+00  9.99997E-01  9.99997E-01  9.99934E-01  0.00000E+00  9.99254E-01  9.95559E-01  9.97086E-01  9.97252E-01 -9.79043E-01 -9.94491E-01  9.91509E-01
 THETA5       -1.00000E+00 -1.00000E+00  1.00000E+00 -9.99997E-01  1.47935E+00  1.00000E+00 -1.00000E+00  9.99997E-01 -1.00000E+00 -1.00000E+00 -9.99957E-01  0.00000E+00 -9.99315E-01 -9.95729E-01 -9.97230E-01 -9.97392E-01  9.79379E-01  9.94678E-01 -9.91569E-01
 THETA6       -1.00000E+00 -1.00000E+00  1.00000E+00 -9.99996E-01  1.00000E+00  5.41251E-02 -1.00000E+00  9.99996E-01 -1.00000E+00 -1.00000E+00 -9.99959E-01  0.00000E+00 -9.99321E-01 -9.95747E-01 -9.97245E-01 -9.97407E-01  9.79405E-01  9.94695E-01 -9.91555E-01
 THETA7        1.00000E+00  1.00000E+00 -1.00000E+00  9.99997E-01 -1.00000E+00 -1.00000E+00  2.67811E+00 -9.99997E-01  1.00000E+00  1.00000E+00  9.99958E-01  0.00000E+00  9.99317E-01  9.95736E-01  9.97236E-01  9.97398E-01 -9.79389E-01 -9.94685E-01  9.91567E-01
 THETA8       -9.99996E-01 -9.99995E-01  9.99997E-01 -1.00000E+00  9.99997E-01  9.99996E-01 -9.99997E-01  1.48207E+01 -9.99997E-01 -9.99997E-01 -9.99934E-01  0.00000E+00 -9.99254E-01 -9.95559E-01 -9.97086E-01 -9.97251E-01  9.79041E-01  9.94490E-01 -9.91509E-01
 THETA9        1.00000E+00  1.00000E+00 -1.00000E+00  9.99997E-01 -1.00000E+00 -1.00000E+00  1.00000E+00 -9.99997E-01  2.99214E-01  1.00000E+00  9.99958E-01  0.00000E+00  9.99315E-01  9.95731E-01  9.97232E-01  9.97394E-01 -9.79381E-01 -9.94680E-01  9.91567E-01
 THETA10       1.00000E+00  1.00000E+00 -1.00000E+00  9.99997E-01 -1.00000E+00 -1.00000E+00  1.00000E+00 -9.99997E-01  1.00000E+00  9.32914E-02  9.99958E-01  0.00000E+00  9.99316E-01  9.95734E-01  9.97234E-01  9.97396E-01 -9.79385E-01 -9.94683E-01  9.91567E-01
 SIGMA(1,1)    9.99961E-01  9.99964E-01 -9.99957E-01  9.99934E-01 -9.99957E-01 -9.99959E-01  9.99958E-01 -9.99934E-01  9.99958E-01  9.99958E-01  1.69748E+01  0.00000E+00  9.99393E-01  9.96099E-01  9.97553E-01  9.97709E-01 -9.80060E-01 -9.95079E-01  9.91718E-01
 SIGMA(2,1)    0.00000E+00  0.00000E+00  0.00000E+00  0.00000E+00  0.00000E+00  0.00000E+00  0.00000E+00  0.00000E+00  0.00000E+00  0.00000E+00  0.00000E+00  0.00000E+00  0.00000E+00  0.00000E+00  0.00000E+00  0.00000E+00  0.00000E+00  0.00000E+00  0.00000E+00
 SIGMA(2,2)    9.99321E-01  9.99328E-01 -9.99311E-01  9.99254E-01 -9.99315E-01 -9.99321E-01  9.99317E-01 -9.99254E-01  9.99315E-01  9.99316E-01  9.99393E-01  0.00000E+00  1.30725E-07  9.98427E-01  9.99242E-01  9.99319E-01 -9.85822E-01 -9.97696E-01  9.90638E-01
 OMEGA(1,1)    9.95750E-01  9.95771E-01 -9.95720E-01  9.95559E-01 -9.95729E-01 -9.95747E-01  9.95736E-01 -9.95559E-01  9.95731E-01  9.95734E-01  9.96099E-01  0.00000E+00  9.98427E-01  3.90527E-01  9.99824E-01  9.99778E-01 -9.92947E-01 -9.99756E-01  9.87125E-01
 OMEGA(2,1)    9.97248E-01  9.97266E-01 -9.97223E-01  9.97086E-01 -9.97230E-01 -9.97245E-01  9.97236E-01 -9.97086E-01  9.97232E-01  9.97234E-01  9.97553E-01  0.00000E+00  9.99242E-01  9.99824E-01  1.36249E+00  9.99997E-01 -9.91005E-01 -9.99463E-01  9.89046E-01
 OMEGA(2,2)    9.97410E-01  9.97427E-01 -9.97385E-01  9.97252E-01 -9.97392E-01 -9.97407E-01  9.97398E-01 -9.97251E-01  9.97394E-01  9.97396E-01  9.97709E-01  0.00000E+00  9.99319E-01  9.99778E-01  9.99997E-01  1.80333E+00 -9.90734E-01 -9.99400E-01  9.89245E-01
 OMEGA(3,1)   -9.79408E-01 -9.79447E-01  9.79360E-01 -9.79043E-01  9.79379E-01  9.79405E-01 -9.79389E-01  9.79041E-01 -9.79381E-01 -9.79385E-01 -9.80060E-01  0.00000E+00 -9.85822E-01 -9.92947E-01 -9.91005E-01 -9.90734E-01  5.22233E-01  9.94817E-01 -9.77854E-01
 OMEGA(3,2)   -9.94698E-01 -9.94720E-01  9.94669E-01 -9.94491E-01  9.94678E-01  9.94695E-01 -9.94685E-01  9.94490E-01 -9.94680E-01 -9.94683E-01 -9.95079E-01  0.00000E+00 -9.97696E-01 -9.99756E-01 -9.99463E-01 -9.99400E-01  9.94817E-01  1.11868E+00 -9.88609E-01
 OMEGA(3,3)    9.91566E-01  9.91563E-01 -9.91570E-01  9.91509E-01 -9.91569E-01 -9.91555E-01  9.91567E-01 -9.91509E-01  9.91567E-01  9.91567E-01  9.91718E-01  0.00000E+00  9.90638E-01  9.87125E-01  9.89046E-01  9.89245E-01 -9.77854E-01 -9.88609E-01  3.12730E-01
