TABLE NO.     1: First Order Conditional Estimation with Interaction: Problem=1 Subproblem=0 Superproblem1=0 Iteration1=0 Superproblem2=0 Iteration2=0
 NAME         THETA1       THETA2       THETA3       THETA4       THETA5       THETA6       THETA7       THETA8       THETA9       THETA10      SIGMA(1,1)   SIGMA(2,1)   SIGMA(2,2)   OMEGA(1,1)   OMEGA(2,1)   OMEGA(2,2)   OMEGA(3,1)   OMEGA(3,2)   OMEGA(3,3)
 THETA1        3.77749E+07  6.64194E+07  1.31209E+10 -9.03342E+06 -1.86852E+09  3.92982E+12  2.05594E+11  3.71033E+11  1.13700E+11  1.08752E+11  2.90843E+12  0.00000E+00 -2.06889E+17 -5.90300E+11  1.01616E+12 -3.79623E+11 -7.14842E+11  8.37746E+11 -2.39566E+11
 THETA2        6.64194E+07  2.28237E+08  4.28450E+10 -3.67322E+07  1.74728E+09  1.29349E+13  5.51143E+11  1.19128E+12  2.59999E+12  5.77587E+11 -5.58571E+11  0.00000E+00  3.97336E+16  1.41060E+11 -2.22174E+11  7.92942E+10  1.81898E+11 -1.81239E+11  6.48459E+10
 THETA3        1.31209E+10  4.28450E+10  1.10889E+13 -1.02033E+10  5.71369E+11  3.35518E+15  1.39351E+14  3.00235E+14  9.55048E+14  3.40657E+14  2.87891E+15  0.00000E+00 -2.04790E+20 -5.88598E+14  1.00992E+15 -3.76697E+14 -7.14579E+14  8.32294E+14 -2.40105E+14
 THETA4       -9.03342E+06 -3.67322E+07 -1.02033E+10  1.17528E+07 -8.95877E+08 -3.09698E+12 -1.22517E+11 -2.79076E+11 -9.47847E+11 -3.82819E+11 -3.14880E+12  0.00000E+00  2.23988E+17  6.44593E+11 -1.10537E+12  4.12188E+11  7.82899E+11 -9.10900E+11  2.63179E+11
 THETA5       -1.86852E+09  1.74728E+09  5.71369E+11 -8.95877E+08  4.72145E+11  1.77789E+14  1.96900E+12  1.45683E+13  1.50864E+14  4.16862E+13 -6.89273E+14  0.00000E+00  4.90310E+19  1.42456E+14 -2.43319E+14  9.05583E+13  1.73534E+14 -2.00419E+14  5.85155E+13
 THETA6        3.92982E+12  1.29349E+13  3.35518E+15 -3.09698E+12  1.77789E+14  1.01527E+18  4.20914E+16  9.08255E+16  2.90631E+17  1.03653E+17  8.71341E+17  0.00000E+00 -6.19822E+22 -1.78151E+17  3.05670E+17 -1.14013E+17 -2.16284E+17  2.51908E+17 -7.26739E+16
 THETA7        2.05594E+11  5.51143E+11  1.39351E+14 -1.22517E+11  1.96900E+12  4.20914E+16  1.83188E+15  3.79439E+15  1.02717E+16  3.89486E+15  3.94707E+16  0.00000E+00 -2.80772E+21 -8.07104E+15  1.38477E+16 -5.16504E+15 -9.79883E+15  1.14121E+16 -3.29261E+15
 THETA8        3.71033E+11  1.19128E+12  3.00235E+14 -2.79076E+11  1.45683E+13  9.08255E+16  3.79439E+15  8.16255E+15  2.47859E+16  8.88143E+15  7.23177E+16  0.00000E+00 -5.14427E+21 -1.47695E+16  2.53534E+16 -9.45886E+15 -1.79243E+16  2.08953E+16 -6.02051E+15
 THETA9        1.13700E+11  2.59999E+12  9.55048E+14 -9.47847E+11  1.50864E+14  2.90631E+17  1.02717E+16  2.47859E+16  1.34289E+17  4.55937E+16  3.62811E+17  0.00000E+00 -2.58083E+22 -7.45932E+16  1.27676E+17 -4.75666E+16 -9.07265E+16  1.05191E+17 -3.05435E+16
 THETA10       1.08752E+11  5.77587E+11  3.40657E+14 -3.82819E+11  4.16862E+13  1.03653E+17  3.89486E+15  8.88143E+15  4.55937E+16  2.03171E+16  1.93521E+17  0.00000E+00 -1.37660E+22 -3.98302E+16  6.81443E+16 -2.53822E+16 -4.84611E+16  5.61406E+16 -1.63203E+16
 SIGMA(1,1)    2.90843E+12 -5.58571E+11  2.87891E+15 -3.14880E+12 -6.89273E+14  8.71341E+17  3.94707E+16  7.23177E+16  3.62811E+17  1.93521E+17  7.18197E+18  0.00000E+00 -5.10885E+23 -1.48176E+18  2.53259E+18 -9.42880E+17 -1.80416E+18  2.08623E+18 -6.08054E+17
 SIGMA(2,1)    0.00000E+00  0.00000E+00  0.00000E+00  0.00000E+00  0.00000E+00  0.00000E+00  0.00000E+00  0.00000E+00  0.00000E+00  0.00000E+00  0.00000E+00  0.00000E+00  0.00000E+00  0.00000E+00  0.00000E+00  0.00000E+00  0.00000E+00  0.00000E+00  0.00000E+00
 SIGMA(2,2)   -2.06889E+17  3.97336E+16 -2.04790E+20  2.23988E+17  4.90310E+19 -6.19822E+22 -2.80772E+21 -5.14427E+21 -2.58083E+22 -1.37660E+22 -5.10885E+23  0.00000E+00  3.63414E+28  1.05404E+23 -1.80154E+23  6.70711E+22  1.28338E+23 -1.48402E+23  4.32535E+22
 OMEGA(1,1)   -5.90300E+11  1.41060E+11 -5.88598E+14  6.44593E+11  1.42456E+14 -1.78151E+17 -8.07104E+15 -1.47695E+16 -7.45932E+16 -3.98302E+16 -1.48176E+18  0.00000E+00  1.05404E+23  3.05726E+17 -5.22530E+17  1.94535E+17  3.72250E+17 -4.30434E+17  1.25461E+17
 OMEGA(2,1)    1.01616E+12 -2.22174E+11  1.00992E+15 -1.10537E+12 -2.43319E+14  3.05670E+17  1.38477E+16  2.53534E+16  1.27676E+17  6.81443E+16  2.53259E+18  0.00000E+00 -1.80154E+23 -5.22530E+17  8.93087E+17 -3.32493E+17 -6.36225E+17  7.35680E+17 -2.14428E+17
 OMEGA(2,2)   -3.79623E+11  7.92942E+10 -3.76697E+14  4.12188E+11  9.05583E+13 -1.14013E+17 -5.16504E+15 -9.45886E+15 -4.75666E+16 -2.53822E+16 -9.42880E+17  0.00000E+00  6.70711E+22  1.94535E+17 -3.32493E+17  1.23786E+17  2.36862E+17 -2.73891E+17  7.98300E+16
 OMEGA(3,1)   -7.14842E+11  1.81898E+11 -7.14579E+14  7.82899E+11  1.73534E+14 -2.16284E+17 -9.79883E+15 -1.79243E+16 -9.07265E+16 -4.84611E+16 -1.80416E+18  0.00000E+00  1.28338E+23  3.72250E+17 -6.36225E+17  2.36862E+17  4.53251E+17 -5.24089E+17  1.52762E+17
 OMEGA(3,2)    8.37746E+11 -1.81239E+11  8.32294E+14 -9.10900E+11 -2.00419E+14  2.51908E+17  1.14121E+16  2.08953E+16  1.05191E+17  5.61406E+16  2.08623E+18  0.00000E+00 -1.48402E+23 -4.30434E+17  7.35680E+17 -2.73891E+17 -5.24089E+17  6.06016E+17 -1.76635E+17
 OMEGA(3,3)   -2.39566E+11  6.48459E+10 -2.40105E+14  2.63179E+11  5.85155E+13 -7.26739E+16 -3.29261E+15 -6.02051E+15 -3.05435E+16 -1.63203E+16 -6.08054E+17  0.00000E+00  4.32535E+22  1.25461E+17 -2.14428E+17  7.98300E+16  1.52762E+17 -1.76635E+17  5.14863E+16
