TABLE NO.     1: First Order Conditional Estimation with Interaction: Problem=1 Subproblem=0 Superproblem1=0 Iteration1=0 Superproblem2=0 Iteration2=0
 NAME         THETA1       THETA2       THETA3       THETA4       THETA5       THETA6       THETA7       THETA8       THETA9       THETA10      SIGMA(1,1)   SIGMA(2,1)   SIGMA(2,2)   OMEGA(1,1)   OMEGA(2,1)   OMEGA(2,2)   OMEGA(3,1)   OMEGA(3,2)   OMEGA(3,3)
 THETA1        4.29302E+09  1.91111E+10 -8.52384E+10 -3.71453E+13 -6.11756E+12 -6.75774E+13 -6.91513E+12 -4.16345E+12 -1.47492E+14  4.50890E+14 -1.18662E+10  0.00000E+00 -2.85189E+17  4.13993E+11 -7.09221E+11  2.49669E+11  4.23395E+11 -6.08174E+11  1.48009E+10
 THETA2        1.91111E+10  8.50891E+10 -3.79464E+11 -1.65377E+14 -2.72355E+13 -3.00856E+14 -3.07932E+13 -1.85364E+13 -6.56670E+14  2.00722E+15 -4.83324E+10  0.00000E+00 -1.16175E+18  2.69789E+12 -5.61080E+12  2.84597E+12  1.72200E+12 -2.48570E+12  6.37399E+10
 THETA3       -8.52384E+10 -3.79464E+11  1.69335E+12  7.37462E+14  1.21465E+14  1.34170E+15  1.36934E+14  8.26588E+13  2.92654E+15 -8.95888E+15  4.58807E+11  0.00000E+00  1.10106E+19  8.06065E+13 -2.32830E+14  1.66813E+14 -1.83631E+13  2.59800E+13  4.80061E+10
 THETA4       -3.71453E+13 -1.65377E+14  7.37462E+14  3.21501E+17  5.29351E+16  5.84760E+17  5.98889E+16  3.60356E+16  1.27653E+18 -3.90043E+18  6.85863E+13  0.00000E+00  1.65113E+21 -1.52734E+16  3.87899E+16 -2.49319E+16 -2.21839E+15  3.25569E+15 -1.62102E+14
 THETA5       -6.11756E+12 -2.72355E+13  1.21465E+14  5.29351E+16  8.71788E+15  9.63019E+16  9.85632E+15  5.93326E+15  2.10194E+17 -6.42508E+17  1.57442E+13  0.00000E+00  3.78444E+20 -9.07362E+14  1.90507E+15 -9.82344E+14 -5.57255E+14  8.03184E+14 -2.14603E+13
 THETA6       -6.75774E+13 -3.00856E+14  1.34170E+15  5.84760E+17  9.63019E+16  1.06380E+18  1.08905E+17  6.55432E+16  2.32205E+18 -7.09693E+18  1.56857E+14  0.00000E+00  3.77170E+21 -1.62574E+16  3.84197E+16 -2.29556E+16 -5.41698E+15  7.84409E+15 -2.57813E+14
 THETA7       -6.91513E+12 -3.07932E+13  1.36934E+14  5.98889E+16  9.85632E+15  1.08905E+17  1.13019E+16  6.71267E+15  2.38478E+17 -7.23552E+17 -7.97192E+13  0.00000E+00 -1.90894E+21 -3.84154E+16  1.06203E+17 -7.35376E+16  3.66301E+15 -5.07861E+15 -1.59894E+14
 THETA8       -4.16345E+12 -1.85364E+13  8.26588E+13  3.60356E+16  5.93326E+15  6.55432E+16  6.71267E+15  4.03907E+15  1.43081E+17 -4.37182E+17  7.69312E+12  0.00000E+00  1.85202E+20 -1.70997E+15  4.34233E+15 -2.79070E+15 -2.48888E+14  3.65247E+14 -1.81634E+13
 THETA9       -1.47492E+14 -6.56670E+14  2.92654E+15  1.27653E+18  2.10194E+17  2.32205E+18  2.38478E+17  1.43081E+17  5.07233E+18 -1.54761E+19 -1.35910E+14  0.00000E+00 -3.22826E+21 -2.18752E+17  5.93871E+17 -4.05119E+17  9.22708E+15 -1.22335E+16 -1.22687E+15
 THETA10       4.50890E+14  2.00722E+15 -8.95888E+15 -3.90043E+18 -6.42508E+17 -7.09693E+18 -7.23552E+17 -4.37182E+17 -1.54761E+19  4.74052E+19 -2.92797E+15  0.00000E+00 -7.02472E+22 -6.03739E+17  1.72642E+18 -1.22728E+18  1.18599E+17 -1.67265E+17 -8.07985E+14
 SIGMA(1,1)   -1.18662E+10 -4.83324E+10  4.58807E+11  6.85863E+13  1.57442E+13  1.56857E+14 -7.97192E+13  7.69312E+12 -1.35910E+14 -2.92797E+15  6.01293E+13  0.00000E+00  1.44084E+21  2.29641E+16 -6.39134E+16  4.44919E+16 -2.64367E+15  3.68620E+15  8.28012E+13
 SIGMA(2,1)    0.00000E+00  0.00000E+00  0.00000E+00  0.00000E+00  0.00000E+00  0.00000E+00  0.00000E+00  0.00000E+00  0.00000E+00  0.00000E+00  0.00000E+00  0.00000E+00  0.00000E+00  0.00000E+00  0.00000E+00  0.00000E+00  0.00000E+00  0.00000E+00  0.00000E+00
 SIGMA(2,2)   -2.85189E+17 -1.16175E+18  1.10106E+19  1.65113E+21  3.78444E+20  3.77170E+21 -1.90894E+21  1.85202E+20 -3.22826E+21 -7.02472E+22  1.44084E+21  0.00000E+00  3.45259E+28  5.50292E+23 -1.53157E+24  1.06616E+24 -6.33493E+22  8.83312E+22  1.98430E+21
 OMEGA(1,1)    4.13993E+11  2.69789E+12  8.06065E+13 -1.52734E+16 -9.07362E+14 -1.62574E+16 -3.84154E+16 -1.70997E+15 -2.18752E+17 -6.03739E+17  2.29641E+16  0.00000E+00  5.50292E+23  9.30807E+18 -2.58597E+19  1.79850E+19 -1.03117E+18  1.44109E+18  3.68103E+16
 OMEGA(2,1)   -7.09221E+11 -5.61080E+12 -2.32830E+14  3.87899E+16  1.90507E+15  3.84197E+16  1.06203E+17  4.34233E+15  5.93871E+17  1.72642E+18 -6.39134E+16  0.00000E+00 -1.53157E+24 -2.58597E+19  7.18474E+19 -4.99699E+19  2.86810E+18 -4.00794E+18 -1.02003E+17
 OMEGA(2,2)    2.49669E+11  2.84597E+12  1.66813E+14 -2.49319E+16 -9.82344E+14 -2.29556E+16 -7.35376E+16 -2.79070E+15 -4.05119E+17 -1.22728E+18  4.44919E+16  0.00000E+00  1.06616E+24  1.79850E+19 -4.99699E+19  3.47546E+19 -1.99590E+18  2.78901E+18  7.08462E+16
 OMEGA(3,1)    4.23395E+11  1.72200E+12 -1.83631E+13 -2.21839E+15 -5.57255E+14 -5.41698E+15  3.66301E+15 -2.48888E+14  9.22708E+15  1.18599E+17 -2.64367E+15  0.00000E+00 -6.33493E+22 -1.03117E+18  2.86810E+18 -1.99590E+18  1.17097E+17 -1.63406E+17 -3.84847E+15
 OMEGA(3,2)   -6.08174E+11 -2.48570E+12  2.59800E+13  3.25569E+15  8.03184E+14  7.84409E+15 -5.07861E+15  3.65247E+14 -1.22335E+16 -1.67265E+17  3.68620E+15  0.00000E+00  8.83312E+22  1.44109E+18 -4.00794E+18  2.78901E+18 -1.63406E+17  2.28049E+17  5.39783E+15
 OMEGA(3,3)    1.48009E+10  6.37399E+10  4.80061E+10 -1.62102E+14 -2.14603E+13 -2.57813E+14 -1.59894E+14 -1.81634E+13 -1.22687E+15 -8.07985E+14  8.28012E+13  0.00000E+00  1.98430E+21  3.68103E+16 -1.02003E+17  7.08462E+16 -3.84847E+15  5.39783E+15  1.64126E+14
