TABLE NO.     1: First Order Conditional Estimation with Interaction: Problem=1 Subproblem=0 Superproblem1=0 Iteration1=0 Superproblem2=0 Iteration2=0
 NAME         THETA1       THETA2       THETA3       THETA4       THETA5       THETA6       THETA7       THETA8       THETA9       THETA10      SIGMA(1,1)   SIGMA(2,1)   SIGMA(2,2)   OMEGA(1,1)   OMEGA(2,1)   OMEGA(2,2)   OMEGA(3,1)   OMEGA(3,2)   OMEGA(3,3)
 THETA1        1.54038E+00  9.98781E-01 -9.98819E-01  6.77328E-01 -9.98206E-01  9.98986E-01 -9.98687E-01 -9.23250E-01  9.95453E-01  9.99267E-01  9.73377E-01  0.00000E+00  9.73376E-01  9.29941E-01  9.16031E-01  8.98248E-01 -8.55388E-01  9.03409E-01 -6.74589E-01
 THETA2        9.98781E-01  2.15889E-01 -9.95529E-01  6.43587E-01 -9.94544E-01  9.96143E-01 -9.95876E-01 -9.39607E-01  9.93592E-01  9.97541E-01  9.65024E-01  0.00000E+00  9.65022E-01  9.18204E-01  9.04330E-01  8.85834E-01 -8.49062E-01  8.90506E-01 -6.63268E-01
 THETA3       -9.98819E-01 -9.95529E-01  6.63330E-02 -7.11252E-01  9.99916E-01 -9.99928E-01  9.99771E-01  9.09320E-01 -9.92932E-01 -9.99320E-01 -9.79755E-01  0.00000E+00 -9.79753E-01 -9.39827E-01 -9.26202E-01 -9.08954E-01  8.57892E-01 -9.14385E-01  6.86741E-01
 THETA4        6.77328E-01  6.43587E-01 -7.11252E-01  1.38183E-01 -7.17783E-01  7.06797E-01 -7.08815E-01 -4.07652E-01  6.58759E-01  6.94715E-01  7.57546E-01  0.00000E+00  7.57547E-01  7.70055E-01  7.72228E-01  7.68751E-01 -6.34005E-01  7.70470E-01 -5.87401E-01
 THETA5       -9.98206E-01 -9.94544E-01  9.99916E-01 -7.17783E-01  2.78727E-03 -9.99834E-01  9.99727E-01  9.07003E-01 -9.91769E-01 -9.99040E-01 -9.80933E-01  0.00000E+00 -9.80932E-01 -9.41857E-01 -9.28063E-01 -9.10868E-01  8.58082E-01 -9.16501E-01  6.90273E-01
 THETA6        9.98986E-01  9.96143E-01 -9.99928E-01  7.06797E-01 -9.99834E-01  2.30649E-04 -9.99927E-01 -9.13817E-01  9.92286E-01  9.99620E-01  9.78685E-01  0.00000E+00  9.78684E-01  9.38117E-01  9.24350E-01  9.06799E-01 -8.57272E-01  9.12166E-01 -6.85541E-01
 THETA7       -9.98687E-01 -9.95876E-01  9.99771E-01 -7.08815E-01  9.99727E-01 -9.99927E-01  4.07651E-04  9.15169E-01 -9.90931E-01 -9.99691E-01 -9.77503E-01  0.00000E+00 -9.77502E-01 -9.36266E-01 -9.22594E-01 -9.04779E-01  8.57141E-01 -9.09906E-01  6.82913E-01
 THETA8       -9.23250E-01 -9.39607E-01  9.09320E-01 -4.07652E-01  9.07003E-01 -9.13817E-01  9.15169E-01  8.49187E-05 -9.02602E-01 -9.22348E-01 -8.45963E-01  0.00000E+00 -8.45960E-01 -7.79747E-01 -7.62164E-01 -7.36896E-01  7.59194E-01 -7.39703E-01  5.54086E-01
 THETA9        9.95453E-01  9.93592E-01 -9.92932E-01  6.58759E-01 -9.91769E-01  9.92286E-01 -9.90931E-01 -9.02602E-01  1.12638E-05  9.91570E-01  9.72281E-01  0.00000E+00  9.72280E-01  9.32087E-01  9.17789E-01  9.01970E-01 -8.53015E-01  9.08383E-01 -6.77507E-01
 THETA10       9.99267E-01  9.97541E-01 -9.99320E-01  6.94715E-01 -9.99040E-01  9.99620E-01 -9.99691E-01 -9.22348E-01  9.91570E-01  2.38897E-05  9.73812E-01  0.00000E+00  9.73811E-01  9.30287E-01  9.17253E-01  8.99226E-01 -8.54767E-01  9.03705E-01 -6.74363E-01
 SIGMA(1,1)    9.73377E-01  9.65024E-01 -9.79755E-01  7.57546E-01 -9.80933E-01  9.78685E-01 -9.77503E-01 -8.45963E-01  9.72281E-01  9.73812E-01  1.16817E+02  0.00000E+00  1.00000E+00  9.88821E-01  9.78966E-01  9.67021E-01 -8.38477E-01  9.74392E-01 -7.71860E-01
 SIGMA(2,1)    0.00000E+00  0.00000E+00  0.00000E+00  0.00000E+00  0.00000E+00  0.00000E+00  0.00000E+00  0.00000E+00  0.00000E+00  0.00000E+00  0.00000E+00  0.00000E+00  0.00000E+00  0.00000E+00  0.00000E+00  0.00000E+00  0.00000E+00  0.00000E+00  0.00000E+00
 SIGMA(2,2)    9.73376E-01  9.65022E-01 -9.79753E-01  7.57547E-01 -9.80932E-01  9.78684E-01 -9.77502E-01 -8.45960E-01  9.72280E-01  9.73811E-01  1.00000E+00  0.00000E+00  1.64228E-03  9.88822E-01  9.78967E-01  9.67022E-01 -8.38476E-01  9.74393E-01 -7.71863E-01
 OMEGA(1,1)    9.29941E-01  9.18204E-01 -9.39827E-01  7.70055E-01 -9.41857E-01  9.38117E-01 -9.36266E-01 -7.79747E-01  9.32087E-01  9.30287E-01  9.88821E-01  0.00000E+00  9.88822E-01  2.64751E-01  9.89444E-01  9.79670E-01 -8.14511E-01  9.89552E-01 -8.15657E-01
 OMEGA(2,1)    9.16031E-01  9.04330E-01 -9.26202E-01  7.72228E-01 -9.28063E-01  9.24350E-01 -9.22594E-01 -7.62164E-01  9.17789E-01  9.17253E-01  9.78966E-01  0.00000E+00  9.78967E-01  9.89444E-01  1.73052E-01  9.97849E-01 -7.69272E-01  9.97545E-01 -7.81893E-01
 OMEGA(2,2)    8.98248E-01  8.85834E-01 -9.08954E-01  7.68751E-01 -9.10868E-01  9.06799E-01 -9.04779E-01 -7.36896E-01  9.01970E-01  8.99226E-01  9.67021E-01  0.00000E+00  9.67022E-01  9.79670E-01  9.97849E-01  5.25052E-01 -7.38249E-01  9.97014E-01 -7.72787E-01
 OMEGA(3,1)   -8.55388E-01 -8.49062E-01  8.57892E-01 -6.34005E-01  8.58082E-01 -8.57272E-01  8.57141E-01  7.59194E-01 -8.53015E-01 -8.54767E-01 -8.38477E-01  0.00000E+00 -8.38476E-01 -8.14511E-01 -7.69272E-01 -7.38249E-01  3.07458E-02 -7.48803E-01  4.22772E-01
 OMEGA(3,2)    9.03409E-01  8.90506E-01 -9.14385E-01  7.70470E-01 -9.16501E-01  9.12166E-01 -9.09906E-01 -7.39703E-01  9.08383E-01  9.03705E-01  9.74392E-01  0.00000E+00  9.74393E-01  9.89552E-01  9.97545E-01  9.97014E-01 -7.48803E-01  1.98908E-01 -8.07656E-01
 OMEGA(3,3)   -6.74589E-01 -6.63268E-01  6.86741E-01 -5.87401E-01  6.90273E-01 -6.85541E-01  6.82913E-01  5.54086E-01 -6.77507E-01 -6.74363E-01 -7.71860E-01  0.00000E+00 -7.71863E-01 -8.15657E-01 -7.81893E-01 -7.72787E-01  4.22772E-01 -8.07656E-01  5.69067E-02
