TABLE NO.     1: First Order Conditional Estimation with Interaction: Problem=1 Subproblem=0 Superproblem1=0 Iteration1=0 Superproblem2=0 Iteration2=0
 NAME         THETA1       THETA2       THETA3       THETA4       THETA5       THETA6       SIGMA(1,1)   SIGMA(2,1)   SIGMA(2,2)   OMEGA(1,1)   OMEGA(2,1)   OMEGA(2,2)
 THETA1        9.91364E+02  9.84087E-01 -1.18418E-01 -5.52456E-02  2.52238E-01  2.25094E-01  1.23583E-01  0.00000E+00 -1.21344E-01 -2.93851E-02  0.00000E+00  2.44913E-01
 THETA2        9.84087E-01  4.13405E+02 -1.43665E-01 -7.55734E-02  2.94498E-01  2.30306E-01  1.14327E-01  0.00000E+00 -1.35876E-01  2.19298E-04  0.00000E+00  2.40776E-01
 THETA3       -1.18418E-01 -1.43665E-01  4.90282E+00  9.57141E-01 -5.88573E-01  7.77565E-01  2.35559E-02  0.00000E+00 -1.85096E-01 -2.87143E-01  0.00000E+00 -3.91755E-01
 THETA4       -5.52456E-02 -7.55734E-02  9.57141E-01  8.07998E-02 -3.61914E-01  8.95116E-01  3.21842E-02  0.00000E+00 -2.01733E-01 -3.66606E-01  0.00000E+00 -4.18166E-01
 THETA5        2.52238E-01  2.94498E-01 -5.88573E-01 -3.61914E-01  3.79802E-01  8.25462E-03 -6.05730E-02  0.00000E+00 -2.13835E-02 -1.36302E-01  0.00000E+00  1.43867E-01
 THETA6        2.25094E-01  2.30306E-01  7.77565E-01  8.95116E-01  8.25462E-03  8.62595E-02  2.15729E-03  0.00000E+00 -2.06004E-01 -4.20732E-01  0.00000E+00 -3.45834E-01
 SIGMA(1,1)    1.23583E-01  1.14327E-01  2.35559E-02  3.21842E-02 -6.05730E-02  2.15729E-03  1.06863E-03  0.00000E+00 -1.69957E-01  5.68334E-02  0.00000E+00  2.28015E-01
 SIGMA(2,1)    0.00000E+00  0.00000E+00  0.00000E+00  0.00000E+00  0.00000E+00  0.00000E+00  0.00000E+00  0.00000E+00  0.00000E+00  0.00000E+00  0.00000E+00  0.00000E+00
 SIGMA(2,2)   -1.21344E-01 -1.35876E-01 -1.85096E-01 -2.01733E-01 -2.13835E-02 -2.06004E-01 -1.69957E-01  0.00000E+00  1.74746E-02  4.00037E-03  0.00000E+00 -1.48525E-02
 OMEGA(1,1)   -2.93851E-02  2.19298E-04 -2.87143E-01 -3.66606E-01 -1.36302E-01 -4.20732E-01  5.68334E-02  0.00000E+00  4.00037E-03  1.87021E-02  0.00000E+00  1.63312E-01
 OMEGA(2,1)    0.00000E+00  0.00000E+00  0.00000E+00  0.00000E+00  0.00000E+00  0.00000E+00  0.00000E+00  0.00000E+00  0.00000E+00  0.00000E+00  0.00000E+00  0.00000E+00
 OMEGA(2,2)    2.44913E-01  2.40776E-01 -3.91755E-01 -4.18166E-01  1.43867E-01 -3.45834E-01  2.28015E-01  0.00000E+00 -1.48525E-02  1.63312E-01  0.00000E+00  4.90046E-02
