TABLE NO.     1: First Order Conditional Estimation with Interaction: Problem=1 Subproblem=0 Superproblem1=0 Iteration1=0 Superproblem2=0 Iteration2=0
 NAME         THETA1       THETA2       THETA3       THETA4       THETA5       THETA6       SIGMA(1,1)   SIGMA(2,1)   SIGMA(2,2)   OMEGA(1,1)   OMEGA(2,1)   OMEGA(2,2)
 THETA1        9.94782E+05  4.02258E+05 -1.18163E+03 -7.27514E+00  1.92141E+02  4.37623E+01  1.14950E+00  0.00000E+00  1.37907E+00 -8.39114E-01  0.00000E+00  7.71537E+00
 THETA2        4.02258E+05  1.68161E+05 -5.84488E+02 -4.32302E+00  8.76637E+01  1.81559E+01  4.91140E-01  0.00000E+00  4.62623E-01 -6.69293E-02  0.00000E+00  3.15462E+00
 THETA3       -1.18163E+03 -5.84488E+02  1.22798E+02  2.09965E+00 -3.43411E+00  2.22292E+00  3.09994E-02  0.00000E+00 -3.72509E-02 -6.79293E-02  0.00000E+00 -1.93023E-01
 THETA4       -7.27514E+00 -4.32302E+00  2.09965E+00  3.75852E-02 -4.39692E-02  4.21810E-02  5.28963E-04  0.00000E+00 -6.86456E-04 -1.35564E-03  0.00000E+00 -3.44843E-03
 THETA5        1.92141E+02  8.76637E+01 -3.43411E+00 -4.39692E-02  2.61183E-01 -1.66344E-02 -9.94434E-04  0.00000E+00  4.47194E-04 -3.22246E-04  0.00000E+00  4.65078E-03
 THETA6        4.37623E+01  1.81559E+01  2.22292E+00  4.21810E-02 -1.66344E-02  5.38951E-02  5.78831E-04  0.00000E+00 -6.92155E-04 -1.76178E-03  0.00000E+00 -3.63609E-03
 SIGMA(1,1)    1.14950E+00  4.91140E-01  3.09994E-02  5.28963E-04 -9.94434E-04  5.78831E-04  5.34620E-04  0.00000E+00 -3.05395E-05 -3.66046E-05  0.00000E+00  1.13262E-05
 SIGMA(2,1)    0.00000E+00  0.00000E+00  0.00000E+00  0.00000E+00  0.00000E+00  0.00000E+00  0.00000E+00  0.00000E+00  0.00000E+00  0.00000E+00  0.00000E+00  0.00000E+00
 SIGMA(2,2)    1.37907E+00  4.62623E-01 -3.72509E-02 -6.86456E-04  4.47194E-04 -6.92155E-04 -3.05395E-05  0.00000E+00  2.84601E-04 -1.79282E-05  0.00000E+00 -1.35276E-05
 OMEGA(1,1)   -8.39114E-01 -6.69293E-02 -6.79293E-02 -1.35564E-03 -3.22246E-04 -1.76178E-03 -3.66046E-05  0.00000E+00 -1.79282E-05  3.43041E-04  0.00000E+00  1.47221E-04
 OMEGA(2,1)    0.00000E+00  0.00000E+00  0.00000E+00  0.00000E+00  0.00000E+00  0.00000E+00  0.00000E+00  0.00000E+00  0.00000E+00  0.00000E+00  0.00000E+00  0.00000E+00
 OMEGA(2,2)    7.71537E+00  3.15462E+00 -1.93023E-01 -3.44843E-03  4.65078E-03 -3.63609E-03  1.13262E-05  0.00000E+00 -1.35276E-05  1.47221E-04  0.00000E+00  2.04741E-03
