TABLE NO.     1: First Order Conditional Estimation with Interaction: Problem=1 Subproblem=0 Superproblem1=0 Iteration1=0 Superproblem2=0 Iteration2=0
 NAME         THETA1       THETA2       THETA3       THETA4       THETA5       THETA6       SIGMA(1,1)   SIGMA(2,1)   SIGMA(2,2)   OMEGA(1,1)   OMEGA(2,1)   OMEGA(2,2)
 THETA1        4.07300E-05 -1.05118E-04 -2.86303E-04 -1.68843E-01 -7.89711E-03  1.68095E-01  7.68460E-02  0.00000E+00 -6.26185E-02  8.38864E-02  0.00000E+00 -1.07303E-02
 THETA2       -1.05118E-04  2.95919E-04  6.30978E-03  5.62944E-01  6.59698E-02 -8.13517E-01 -5.89162E-01  0.00000E+00  2.78612E-01 -1.95020E-01  0.00000E+00  2.96927E-03
 THETA3       -2.86303E-04  6.30978E-03  4.55624E+00 -9.95806E+01  2.57108E+01 -1.22385E+02  2.76176E+02  0.00000E+00  5.20281E+01  2.03597E+01  0.00000E+00 -7.01400E+00
 THETA4       -1.68843E-01  5.62944E-01 -9.95806E+01  9.20465E+03 -1.21352E+02 -3.45141E+03 -2.11964E+04  0.00000E+00  2.88780E+02 -2.74636E+02  0.00000E+00  2.94843E+02
 THETA5       -7.89711E-03  6.59698E-02  2.57108E+01 -1.21352E+02  1.81336E+02 -1.06939E+03  8.77397E+02  0.00000E+00  3.83403E+02  1.68815E+02  0.00000E+00 -3.68562E+01
 THETA6        1.68095E-01 -8.13517E-01 -1.22385E+02 -3.45141E+03 -1.06939E+03  8.84852E+03  5.09027E+03  0.00000E+00 -2.46941E+03 -2.96402E+02  0.00000E+00  2.02070E+02
 SIGMA(1,1)    7.68460E-02 -5.89162E-01  2.76176E+02 -2.11964E+04  8.77397E+02  5.09027E+03  1.01997E+06  0.00000E+00  9.15459E+03 -1.21823E+03  0.00000E+00 -5.80075E+03
 SIGMA(2,1)    0.00000E+00  0.00000E+00  0.00000E+00  0.00000E+00  0.00000E+00  0.00000E+00  0.00000E+00  0.00000E+00  0.00000E+00  0.00000E+00  0.00000E+00  0.00000E+00
 SIGMA(2,2)   -6.26185E-02  2.78612E-01  5.20281E+01  2.88780E+02  3.83403E+02 -2.46941E+03  9.15459E+03  0.00000E+00  4.47067E+03  4.98221E+02  0.00000E+00 -9.91477E-01
 OMEGA(1,1)    8.38864E-02 -1.95020E-01  2.03597E+01 -2.74636E+02  1.68815E+02 -2.96402E+02 -1.21823E+03  0.00000E+00  4.98221E+02  3.99083E+03  0.00000E+00 -1.95713E+01
 OMEGA(2,1)    0.00000E+00  0.00000E+00  0.00000E+00  0.00000E+00  0.00000E+00  0.00000E+00  0.00000E+00  0.00000E+00  0.00000E+00  0.00000E+00  0.00000E+00  0.00000E+00
 OMEGA(2,2)   -1.07303E-02  2.96927E-03 -7.01400E+00  2.94843E+02 -3.68562E+01  2.02070E+02 -5.80075E+03  0.00000E+00 -9.91477E-01 -1.95713E+01  0.00000E+00  5.86090E+02
