TABLE NO.     1: First Order Conditional Estimation with Interaction: Problem=1 Subproblem=0 Superproblem1=0 Iteration1=0 Superproblem2=0 Iteration2=0
 NAME         THETA1       THETA2       THETA3       THETA4       THETA5       THETA6       SIGMA(1,1)   SIGMA(2,1)   SIGMA(2,2)   OMEGA(1,1)   OMEGA(2,1)   OMEGA(2,2)
 THETA1        9.97387E+02  9.83509E-01 -1.06911E-01 -3.76243E-02  3.76950E-01  1.89000E-01  4.98451E-02  0.00000E+00  8.19604E-02 -4.54238E-02  0.00000E+00  1.70958E-01
 THETA2        9.83509E-01  4.10075E+02 -1.28623E-01 -5.43771E-02  4.18297E-01  1.90713E-01  5.17987E-02  0.00000E+00  6.68723E-02 -8.81212E-03  0.00000E+00  1.70013E-01
 THETA3       -1.06911E-01 -1.28623E-01  1.10814E+01  9.77334E-01 -6.06382E-01  8.64080E-01  1.20986E-01  0.00000E+00 -1.99261E-01 -3.30970E-01  0.00000E+00 -3.84957E-01
 THETA4       -3.76243E-02 -5.43771E-02  9.77334E-01  1.93869E-01 -4.43779E-01  9.37203E-01  1.18003E-01  0.00000E+00 -2.09887E-01 -3.77538E-01  0.00000E+00 -3.93107E-01
 THETA5        3.76950E-01  4.18297E-01 -6.06382E-01 -4.43779E-01  5.11061E-01 -1.40204E-01 -8.41552E-02  0.00000E+00  5.18687E-02 -3.40441E-02  0.00000E+00  2.01118E-01
 THETA6        1.89000E-01  1.90713E-01  8.64080E-01  9.37203E-01 -1.40204E-01  2.32153E-01  1.07834E-01  0.00000E+00 -1.76730E-01 -4.09735E-01  0.00000E+00 -3.46145E-01
 SIGMA(1,1)    4.98451E-02  5.17987E-02  1.20986E-01  1.18003E-01 -8.41552E-02  1.07834E-01  2.31219E-02  0.00000E+00 -7.82926E-02 -8.54752E-02  0.00000E+00  1.08257E-02
 SIGMA(2,1)    0.00000E+00  0.00000E+00  0.00000E+00  0.00000E+00  0.00000E+00  0.00000E+00  0.00000E+00  0.00000E+00  0.00000E+00  0.00000E+00  0.00000E+00  0.00000E+00
 SIGMA(2,2)    8.19604E-02  6.68723E-02 -1.99261E-01 -2.09887E-01  5.18687E-02 -1.76730E-01 -7.82926E-02  0.00000E+00  1.68701E-02 -5.73779E-02  0.00000E+00 -1.77215E-02
 OMEGA(1,1)   -4.54238E-02 -8.81212E-03 -3.30970E-01 -3.77538E-01 -3.40441E-02 -4.09735E-01 -8.54752E-02  0.00000E+00 -5.73779E-02  1.85214E-02  0.00000E+00  1.75668E-01
 OMEGA(2,1)    0.00000E+00  0.00000E+00  0.00000E+00  0.00000E+00  0.00000E+00  0.00000E+00  0.00000E+00  0.00000E+00  0.00000E+00  0.00000E+00  0.00000E+00  0.00000E+00
 OMEGA(2,2)    1.70958E-01  1.70013E-01 -3.84957E-01 -3.93107E-01  2.01118E-01 -3.46145E-01  1.08257E-02  0.00000E+00 -1.77215E-02  1.75668E-01  0.00000E+00  4.52483E-02
