TABLE NO.     1: First Order Conditional Estimation with Interaction: Problem=1 Subproblem=0 Superproblem1=0 Iteration1=0 Superproblem2=0 Iteration2=0
 NAME         THETA1       THETA2       THETA3       THETA4       THETA5       THETA6       SIGMA(1,1)   SIGMA(2,1)   SIGMA(2,2)   OMEGA(1,1)   OMEGA(2,1)   OMEGA(2,2)
 THETA1        3.85971E-05 -1.01027E-04 -6.69726E-04 -8.85652E-02 -1.15868E-02  9.71486E-02  1.17461E-02  0.00000E+00 -6.36300E-02  8.22013E-02  0.00000E+00 -9.64165E-03
 THETA2       -1.01027E-04  2.84649E-04  4.62575E-03  3.18703E-01  6.45344E-02 -4.36706E-01 -3.57718E-02  0.00000E+00  2.21853E-01 -1.94189E-01  0.00000E+00  8.47928E-03
 THETA3       -6.69726E-04  4.62575E-03  1.95379E+00 -3.34672E+01  1.58459E+01 -4.98713E+01  3.05166E+00  0.00000E+00  2.57270E+01  1.53079E+01  0.00000E+00 -2.28640E+00
 THETA4       -8.85652E-02  3.18703E-01 -3.34672E+01  3.42062E+03  7.01338E+00 -1.31645E+03 -8.07542E+01  0.00000E+00  5.62078E+02 -4.14307E+01  0.00000E+00  1.02092E+02
 THETA5       -1.15868E-02  6.45344E-02  1.58459E+01  7.01338E+00  1.61273E+02 -6.13247E+02  3.42077E+01  0.00000E+00  3.11510E+02  1.78790E+02  0.00000E+00 -1.64785E+01
 THETA6        9.71486E-02 -4.36706E-01 -4.98713E+01 -1.31645E+03 -6.13247E+02  2.95885E+03 -6.28619E+01  0.00000E+00 -1.33377E+03 -4.06181E+02  0.00000E+00  5.63180E+01
 SIGMA(1,1)    1.17461E-02 -3.57718E-02  3.05166E+00 -8.07542E+01  3.42077E+01 -6.28619E+01  1.94427E+03  0.00000E+00  2.21576E+02  2.58730E+02  0.00000E+00 -5.46993E+01
 SIGMA(2,1)    0.00000E+00  0.00000E+00  0.00000E+00  0.00000E+00  0.00000E+00  0.00000E+00  0.00000E+00  0.00000E+00  0.00000E+00  0.00000E+00  0.00000E+00  0.00000E+00
 SIGMA(2,2)   -6.36300E-02  2.21853E-01  2.57270E+01  5.62078E+02  3.11510E+02 -1.33377E+03  2.21576E+02  0.00000E+00  4.53548E+03  8.37068E+02  0.00000E+00  1.62356E+02
 OMEGA(1,1)    8.22013E-02 -1.94189E-01  1.53079E+01 -4.14307E+01  1.78790E+02 -4.06181E+02  2.58730E+02  0.00000E+00  8.37068E+02  4.12358E+03  0.00000E+00 -5.70591E+01
 OMEGA(2,1)    0.00000E+00  0.00000E+00  0.00000E+00  0.00000E+00  0.00000E+00  0.00000E+00  0.00000E+00  0.00000E+00  0.00000E+00  0.00000E+00  0.00000E+00  0.00000E+00
 OMEGA(2,2)   -9.64165E-03  8.47928E-03 -2.28640E+00  1.02092E+02 -1.64785E+01  5.63180E+01 -5.46993E+01  0.00000E+00  1.62356E+02 -5.70591E+01  0.00000E+00  6.11016E+02
