TABLE NO.     1: First Order Conditional Estimation with Interaction: Problem=1 Subproblem=0 Superproblem1=0 Iteration1=0 Superproblem2=0 Iteration2=0
 NAME         THETA1       THETA2       THETA3       THETA4       THETA5       THETA6       SIGMA(1,1)   SIGMA(2,1)   SIGMA(2,2)   OMEGA(1,1)   OMEGA(2,1)   OMEGA(2,2)
 THETA1        9.82803E+05  4.03314E+05 -5.75568E+02 -4.42529E+00  9.49732E+01  1.92488E+01  1.30924E-01  0.00000E+00 -2.10212E+00 -5.44816E-01  0.00000E+00  1.18982E+01
 THETA2        4.03314E+05  1.70904E+05 -2.91188E+02 -2.52438E+00  4.62398E+01  8.21273E+00  5.05074E-02  0.00000E+00 -9.81582E-01  1.69551E-03  0.00000E+00  4.87783E+00
 THETA3       -5.75568E+02 -2.91188E+02  2.40376E+01  3.79169E-01 -1.09598E+00  3.28843E-01  1.23417E-04  0.00000E+00 -1.58581E-02 -2.63290E-02  0.00000E+00 -9.41234E-02
 THETA4       -4.42529E+00 -2.52438E+00  3.79169E-01  6.52861E-03 -1.11064E-02  6.23873E-03  2.77896E-06  0.00000E+00 -2.84835E-04 -5.53987E-04  0.00000E+00 -1.65575E-03
 THETA5        9.49732E+01  4.62398E+01 -1.09598E+00 -1.11064E-02  1.44249E-01  2.70434E-04 -2.45847E-05  0.00000E+00 -1.41920E-04 -9.68163E-04  0.00000E+00  2.67766E-03
 THETA6        1.92488E+01  8.21273E+00  3.28843E-01  6.23873E-03  2.70434E-04  7.44069E-03  1.98858E-07  0.00000E+00 -3.10520E-04 -6.78737E-04  0.00000E+00 -1.46188E-03
 SIGMA(1,1)    1.30924E-01  5.05074E-02  1.23417E-04  2.77896E-06 -2.45847E-05  1.98858E-07  1.14198E-06  0.00000E+00 -3.17376E-06  1.13585E-06  0.00000E+00  1.19407E-05
 SIGMA(2,1)    0.00000E+00  0.00000E+00  0.00000E+00  0.00000E+00  0.00000E+00  0.00000E+00  0.00000E+00  0.00000E+00  0.00000E+00  0.00000E+00  0.00000E+00  0.00000E+00
 SIGMA(2,2)   -2.10212E+00 -9.81582E-01 -1.58581E-02 -2.84835E-04 -1.41920E-04 -3.10520E-04 -3.17376E-06  0.00000E+00  3.05362E-04  1.30737E-06  0.00000E+00 -1.27187E-05
 OMEGA(1,1)   -5.44816E-01  1.69551E-03 -2.63290E-02 -5.53987E-04 -9.68163E-04 -6.78737E-04  1.13585E-06  0.00000E+00  1.30737E-06  3.49767E-04  0.00000E+00  1.49673E-04
 OMEGA(2,1)    0.00000E+00  0.00000E+00  0.00000E+00  0.00000E+00  0.00000E+00  0.00000E+00  0.00000E+00  0.00000E+00  0.00000E+00  0.00000E+00  0.00000E+00  0.00000E+00
 OMEGA(2,2)    1.18982E+01  4.87783E+00 -9.41234E-02 -1.65575E-03  2.67766E-03 -1.46188E-03  1.19407E-05  0.00000E+00 -1.27187E-05  1.49673E-04  0.00000E+00  2.40145E-03
