TABLE NO.     1: First Order Conditional Estimation with Interaction: Problem=1 Subproblem=0 Superproblem1=0 Iteration1=0 Superproblem2=0 Iteration2=0
 NAME         THETA1       THETA2       THETA3       THETA4       THETA5       THETA6       SIGMA(1,1)   SIGMA(2,1)   SIGMA(2,2)   OMEGA(1,1)   OMEGA(2,1)   OMEGA(2,2)
 THETA1        1.79608E+11  6.90801E+10 -9.19324E+09 -1.74314E+07  8.11452E+09  1.20496E+08  2.47289E+05  0.00000E+00  5.56173E+04  9.54592E+05  0.00000E+00  4.75134E+05
 THETA2        6.90801E+10  2.65693E+10 -3.53586E+09 -6.70440E+06  3.12097E+09  4.63448E+07  9.51113E+04  0.00000E+00  2.13913E+04  3.67151E+05  0.00000E+00  1.82744E+05
 THETA3       -9.19324E+09 -3.53586E+09  4.70555E+08  8.92226E+05 -4.15341E+08 -6.16761E+06 -1.26575E+04  0.00000E+00 -2.84677E+03 -4.88608E+04  0.00000E+00 -2.43197E+04
 THETA4       -1.74314E+07 -6.70440E+06  8.92226E+05  1.69180E+03 -7.87533E+05 -1.16944E+04 -2.40000E+01  0.00000E+00 -5.39780E+00 -9.26466E+01  0.00000E+00 -4.61125E+01
 THETA5        8.11452E+09  3.12097E+09 -4.15341E+08 -7.87533E+05  3.66606E+08  5.44391E+06  1.11723E+04  0.00000E+00  2.51273E+03  4.31275E+04  0.00000E+00  2.14661E+04
 THETA6        1.20496E+08  4.63448E+07 -6.16761E+06 -1.16944E+04  5.44391E+06  8.08397E+04  1.65903E+02  0.00000E+00  3.73128E+01  6.40418E+02  0.00000E+00  3.18762E+02
 SIGMA(1,1)    2.47289E+05  9.51113E+04 -1.26575E+04 -2.40000E+01  1.11723E+04  1.65903E+02  3.40475E-01  0.00000E+00  7.65754E-02  1.31430E+00  0.00000E+00  6.54178E-01
 SIGMA(2,1)    0.00000E+00  0.00000E+00  0.00000E+00  0.00000E+00  0.00000E+00  0.00000E+00  0.00000E+00  0.00000E+00  0.00000E+00  0.00000E+00  0.00000E+00  0.00000E+00
 SIGMA(2,2)    5.56173E+04  2.13913E+04 -2.84677E+03 -5.39780E+00  2.51273E+03  3.73128E+01  7.65754E-02  0.00000E+00  1.72225E-02  2.95598E-01  0.00000E+00  1.47130E-01
 OMEGA(1,1)    9.54592E+05  3.67151E+05 -4.88608E+04 -9.26466E+01  4.31275E+04  6.40418E+02  1.31430E+00  0.00000E+00  2.95598E-01  5.07427E+00  0.00000E+00  2.52516E+00
 OMEGA(2,1)    0.00000E+00  0.00000E+00  0.00000E+00  0.00000E+00  0.00000E+00  0.00000E+00  0.00000E+00  0.00000E+00  0.00000E+00  0.00000E+00  0.00000E+00  0.00000E+00
 OMEGA(2,2)    4.75134E+05  1.82744E+05 -2.43197E+04 -4.61125E+01  2.14661E+04  3.18762E+02  6.54178E-01  0.00000E+00  1.47130E-01  2.52516E+00  0.00000E+00  1.25704E+00
