TABLE NO.     1: First Order Conditional Estimation with Interaction: Problem=1 Subproblem=0 Superproblem1=0 Iteration1=0 Superproblem2=0 Iteration2=0
 NAME         THETA1       THETA2       THETA3       THETA4       THETA5       THETA6       SIGMA(1,1)   SIGMA(2,1)   SIGMA(2,2)   OMEGA(1,1)   OMEGA(2,1)   OMEGA(2,2)
 THETA1        2.73708E-04  5.55493E-04  8.14185E-02  3.72983E-01  9.33748E-02 -4.95655E-01 -1.55309E+02  0.00000E+00  1.49947E+02 -7.01282E-01  0.00000E+00  4.98237E-01
 THETA2        5.55493E-04  3.24487E-03  4.32574E-02  1.61926E+00  1.72691E-02 -1.83848E-01 -6.05265E+01  0.00000E+00 -1.76650E+01 -4.26315E-01  0.00000E+00  7.46183E-01
 THETA3        8.14185E-02  4.32574E-02  6.14023E+01 -9.40064E-01  7.55807E+01 -3.72401E+02 -1.09620E+05  0.00000E+00  1.07268E+05 -5.97995E+02  0.00000E+00  2.98541E+02
 THETA4        3.72983E-01  1.61926E+00 -9.40064E-01  1.28097E+03 -1.79525E+01 -7.10225E+01 -5.06835E+04  0.00000E+00  3.08100E+04 -1.61285E+02  0.00000E+00  9.62051E+01
 THETA5        9.33748E-02  1.72691E-02  7.55807E+01 -1.79525E+01  9.35072E+01 -4.60183E+02 -1.36102E+05  0.00000E+00  1.33749E+05 -7.45999E+02  0.00000E+00  3.56112E+02
 THETA6       -4.95655E-01 -1.83848E-01 -3.72401E+02 -7.10225E+01 -4.60183E+02  2.29842E+03  6.82401E+05  0.00000E+00 -6.71403E+05  3.73071E+03  0.00000E+00 -1.76376E+03
 SIGMA(1,1)   -1.55309E+02 -6.05265E+01 -1.09620E+05 -5.06835E+04 -1.36102E+05  6.82401E+05  2.30433E+08  0.00000E+00 -2.23436E+08  1.28678E+06  0.00000E+00 -3.84945E+05
 SIGMA(2,1)    0.00000E+00  0.00000E+00  0.00000E+00  0.00000E+00  0.00000E+00  0.00000E+00  0.00000E+00  0.00000E+00  0.00000E+00  0.00000E+00  0.00000E+00  0.00000E+00
 SIGMA(2,2)    1.49947E+02 -1.76650E+01  1.07268E+05  3.08100E+04  1.33749E+05 -6.71403E+05 -2.23436E+08  0.00000E+00  2.30586E+08 -1.21743E+06  0.00000E+00  3.22948E+05
 OMEGA(1,1)   -7.01282E-01 -4.26315E-01 -5.97995E+02 -1.61285E+02 -7.45999E+02  3.73071E+03  1.28678E+06  0.00000E+00 -1.21743E+06  9.15802E+03  0.00000E+00 -5.57317E+02
 OMEGA(2,1)    0.00000E+00  0.00000E+00  0.00000E+00  0.00000E+00  0.00000E+00  0.00000E+00  0.00000E+00  0.00000E+00  0.00000E+00  0.00000E+00  0.00000E+00  0.00000E+00
 OMEGA(2,2)    4.98237E-01  7.46183E-01  2.98541E+02  9.62051E+01  3.56112E+02 -1.76376E+03 -3.84945E+05  0.00000E+00  3.22948E+05 -5.57317E+02  0.00000E+00  1.22194E+04
