dmp.txt <- structure(
	.Data = list(
		"coefficients" = list(
			"fixed" = c("GAMMA" = 1.11934501857256, "CMultStdev" = 0.520168561367343, "tvVmax" = 4754.51820024395, "tvKm" = 3011.8051052905, "tvV" = 64.6925813041498, "tvKa" = 1.2131308921526, "K12" = 0.162623422601757, "K21" = 0.432092191579556, "K13" = 0.0553840082259083, "K31" = 0.0390452771498417, "dVdWT" = 1.13055272878173, "CEps" = 0.500002096750293)
			, "random" = list("Subject" = matrix(
				as.numeric(c(
					 0.552027185018462,  -0.0905645620157893,  0.0969952569760705
					,  -0.303542312513579,  0.191130794692378,  -0.0673797983460588
					,  0.144753594150434,  -0.15861678404082,  0.190949703098068
					,  -0.144127778258566,  0.163372289657124,  -0.198738307509116
					,  -0.0176929516805881,  -0.00613646479889739,  0.218662078514451
					,  -0.192771722134071,  -0.124910824037013,  0.111829853870024
					,  0.20636299941515,  0.28232058205466,  0.0595264499132882
					,  0.316941884774685,  0.237075827341357,  -0.719014748769845
					,  -0.331208176360285,  0.29360577045451,  0.210546013186919
					,  -0.167948640983807,  0.0853999323633831,  0.13002079864402
					,  -0.0361530224736641,  -0.169619098176479,  0.0855471520479507
					,  0.0612248475115654,  0.341148230502888,  0.376038668543644
					,  0.240120856262539,  -0.475919103933694,  0.283561546538367
					,  -0.0166904908636372,  0.313111521884382,  -0.105753435477203
					,  0.234463707527559,  0.0278984882238465,  0.0050324936103183
					,  0.363372776811629,  -0.0195493555536848,  -0.051094265451671
					,  -0.148089266399063,  0.128684872996714,  -0.304558000669687
					,  0.72348661053171,  -0.116438229267179,  0.235269014922621
					,  -0.100759545413044,  -0.00800034126481057,  -0.212629765754363
					,  0.0151797286035059,  -0.427261269936307,  -0.188898109902752
					,  0.135077201313707,  0.250768759930708,  -0.124165521320525
					,  -0.233387144683171,  0.507368020592306,  -0.236740299994703
					,  -0.344876399812246,  -0.116975865731832,  0.65451892445979
					,  -0.61462794072428,  0.375715906192909,  -0.257158834238738
					,  -0.280300949730754,  0.745987499126806,  -0.00675739619899925
					,  0.0488768268468489,  0.327417171373005,  0.303480402072332
					,  0.238194030736451,  0.468039995926632,  0.597306634730348
					,  -0.116920569511437,  -0.00295445424446802,  -0.270253710623637
					,  0.0527543722535391,  -0.291805070653971,  -0.327653307029766
					,  -0.173414965466389,  0.173773587764821,  0.0524958731692867
					,  0.299588823475023,  -0.212269816048033,  -0.499758262376282
					,  0.373515886103058,  0.0341176916881789,  0.27307615771727
					,  0.459646138798755,  -1.01241834072248,  -0.116332074764311
					,  -0.0999964526178209,  0.600825310528226,  -0.378053104273579
					,  0.478604433402671,  0.348887692671222,  0.0582775318788496
					,  0.109137738362058,  0.218127071877647,  0.416628713021698
					,  -0.468252420405805,  -0.165607642702947,  -1.27321283364148
					,  0.810692783690769,  -0.245388205805019,  0.0602768009749482
					,  -0.0296580653237326,  -0.366555784252439,  -0.15106459704916
					,  -0.263234930754019,  -0.337654640181117,  -0.0814386973942807
					,  -0.524434123016119,  0.294765012525419,  -0.120124455872676
					,  0.168756442154028,  0.154089206553029,  -0.175782738264894
					,  -0.446290717816879,  0.0914502970435198,  0.268120200279046
					,  -0.193690989304616,  0.0887520108776713,  0.0344557410252751
					,  -0.0935775854519855,  0.572095768085447,  -0.247675517919156
					,  0.258321908356129,  0.391565067772835,  0.0972675226559406
					,  -0.0466608495441825,  0.0327783457090172,  0.383329085785202
					,  -0.408916107377342,  -0.191490833523932,  0.584225124934575
					,  0.426749142639966,  -0.410795237669142,  -0.378886721280066
					,  -0.0334274539524884,  0.02095984767767,  -0.105443026897337
					,  0.272428112646965,  -0.0276294677347108,  -0.352041183008301
					,  0.205795493995088,  -0.214581413686171,  -0.168638816834844
					,  0.0780742610170337,  -0.800777681323554,  -0.399899463557428
					,  -0.0562282594727121,  0.0891391598113956,  -0.324596313958061
					,  0.0818928218697275,  0.222463481795569,  0.0106909369502644
					,  -0.257773215932824,  0.180198402659382,  0.376968791742075
					,  -0.371631742893159,  -0.299124664436267,  -1.10072879456269
					,  -0.209612432641218,  -0.0820790293709238,  -0.134582938452277
					,  0.100744879684677,  -0.27891207597946,  0.115983280673971
					,  -0.276375304236994,  0.181898924845877,  0.163266434936312
					))
				, nrow = 60, ncol = 3
				, dimnames = list(
					as.character(c( "1", "2", "3", "4", "5", "6", "7", "8", "9", "10"
					  , "11", "12", "13", "14", "15", "16", "17", "18", "19", "20"
					  , "21", "22", "23", "24", "25", "26", "27", "28", "29", "30"
					  , "31", "32", "33", "34", "35", "36", "37", "38", "39", "40"
					  , "41", "42", "43", "44", "45", "46", "47", "48", "49", "50"
					  , "51", "52", "53", "54", "55", "56", "57", "58", "59", "60"))
					, as.character(c("nVmax", "nKm", "nV"))
					)
				))
			)
		, "logLik" = c(-3356.64)
		, "nObs" = c(480)
		, "nSubj" = c(60)
		, "nParm" = c(18)
		, "returnCode" = c(3)
		, "omega" = matrix(
			as.numeric(c(0.305128107527879, 0.090740510588603, 0.101246539250067, 0.090740510588603, 0.278875148354963, 0.102396440254852, 0.101246539250067, 0.102396440254852, 0.327306397242721))
			, nrow = 3, ncol = 3
			, dimnames = list(
				as.character(c("nVmax", "nKm", "nV"))
				, as.character(c("nVmax", "nKm", "nV"))
				)
			)
		, "eta" = matrix(
			as.numeric(c(0.0336932526443091, 0.006238161373374, -0.0464197241544885, 0.0620634358510601, 0.155170800957973, 0.0961316427951975, 0.249125341647654, 0.393917251409446, 0.310051032565927, 0.548999732394906, 0.254066531012836, 0.458054099873421))
			, nrow = 3, ncol = 4
			, dimnames = list(
				as.character(c("nVmax", "nKm", "nV"))
				, as.character(c("mean", "var", "sd", "shrinkage"))
				)
			)
		, "eta_shrinkage" = list("Subject" = matrix(
			as.numeric(c(
				 0.600419185151188,  0.78775588871113,  0.618976962223357
				,  0.763168151376011,  0.776812196770102,  0.606563702414431
				,  0.590279654834065,  0.721835625055785,  0.817055894038299
				,  0.575255996691075,  0.777074164474537,  0.69150795525556
				,  0.613083603902347,  0.798178148470918,  0.655750217780724
				,  0.750860946345065,  0.814584402162953,  0.754231066269781
				,  0.709691048865897,  0.740438235137825,  0.847163180841737
				,  0.622191113642399,  0.639141307067689,  0.753647501848991
				,  0.819707197672843,  0.583958590657371,  0.586466777105085
				,  0.618277933001521,  0.681200809103134,  0.671682466779571
				,  0.813204048380901,  0.656081937775579,  0.582582689842565
				,  0.76882170336155,  0.605634682443231,  0.652995915957763
				,  0.710765967940285,  0.448610154724539,  0.628749551650013
				,  0.678389672763997,  0.743622163987357,  0.586041688185835
				,  0.761008594326651,  0.783106343834127,  0.664102446960766
				,  0.623355172172639,  0.757852313628455,  0.825217717518281
				,  0.576806500535143,  0.636741086271496,  0.34259090936066
				,  0.676027258279681,  0.657828672182137,  0.625660108279527
				,  0.759770902789692,  0.653451372024107,  0.687156626792109
				,  0.582042534481681,  0.728194168856887,  0.708264518760244
				,  0.203127906737268,  0.163243641380074,  0.199665827688871
				,  0.167915734393321,  0.170666411117588,  0.193117510286524
				,  0.201898034353084,  0.18241417406777,  0.1543506836598
				,  0.190776662397194,  0.165867268324718,  0.188229418164386
				,  0.195970860207485,  0.158654887416249,  0.199677513406551
				,  0.173041885182426,  0.154474961641619,  0.176900809593903
				,  0.191839405933096,  0.182909685739637,  0.141856196437012
				,  0.198475641105794,  0.207585826416652,  0.164370008610957
				,  0.150218706320319,  0.210362638407538,  0.195705978101585
				,  0.195336030500802,  0.195930268947968,  0.201314666014978
				,  0.155786476055747,  0.189808409720847,  0.204130721588202
				,  0.172649947544534,  0.209098027927712,  0.197977821018125
				,  0.190996404886892,  0.17193411064852,  0.20252850995048
				,  0.188118907615153,  0.182942344550338,  0.201869898619056
				,  0.178535408735216,  0.16544551819175,  0.192580219257958
				,  0.208140152153064,  0.1716677171727,  0.149665858398096
				,  0.189040148743722,  0.196612573239447,  0.177699567620396
				,  0.205240603318675,  0.194155300889479,  0.191151801053036
				,  0.173887744633904,  0.199913432404802,  0.183597097998077
				,  0.197137149607049,  0.175108230353275,  0.185877404469035
				,  0.571726452834545,  0.835284788439782,  0.634325217863276
				,  0.811058725526395,  0.820557870483134,  0.626982782681975
				,  0.612163606215437,  0.766409535864936,  0.861075129836967
				,  0.636372796026139,  0.8097652663203,  0.747870965507841
				,  0.627413638487947,  0.838183919117156,  0.640206284452181
				,  0.796616947751158,  0.865043365863298,  0.789072662758912
				,  0.728653179339951,  0.767304549819973,  0.889385929646477
				,  0.607149182166265,  0.639612972105091,  0.820813230504144
				,  0.868102614737142,  0.600371659652096,  0.588030666964366
				,  0.660165114188574,  0.699183258976625,  0.688116828662097
				,  0.859914011441292,  0.686081364379864,  0.617071530924048
				,  0.815959680513022,  0.601103558726724,  0.631896340216665
				,  0.722297462142123,  0.644458476004498,  0.619658690599748
				,  0.690297160769063,  0.773839829305833,  0.642990862565865
				,  0.800945967561776,  0.82550716017425,  0.676732304581198
				,  0.6146613112654,  0.796748708006814,  0.868570792769845
				,  0.634235343427087,  0.643845193066004,  0.571913009092956
				,  0.640504977220752,  0.697891820887735,  0.602936939452845
				,  0.809097310880224,  0.683085530876814,  0.727686006427181
				,  0.619852279651676,  0.783424626595696,  0.752301599215594
				))
			, nrow = 60, ncol = 3
			, dimnames = list(
				as.character(c( "1", "2", "3", "4", "5", "6", "7", "8", "9", "10"
				  , "11", "12", "13", "14", "15", "16", "17", "18", "19", "20"
				  , "21", "22", "23", "24", "25", "26", "27", "28", "29", "30"
				  , "31", "32", "33", "34", "35", "36", "37", "38", "39", "40"
				  , "41", "42", "43", "44", "45", "46", "47", "48", "49", "50"
				  , "51", "52", "53", "54", "55", "56", "57", "58", "59", "60"))
				, as.character(c("nVmax_shrinkage", "nKm_shrinkage", "nV_shrinkage"))
				)
			))
		, "sigma" = matrix(
			as.numeric(c(0.250002096754689))
			, nrow = 1, ncol = 1
			, dimnames = list(
				as.character(c("CEps"))
				, as.character(c("CEps"))
				)
			)
		, "method" = "FOCE-ELS"
		, "varFix" = matrix(
			as.numeric(c(0.0149499262849207, -0.000932519328193762, -12.1395514185083, -13.1967917419547, -0.136685739896172, -0.0107599486300921, 0.000454108809234405, -0.00143316971579245, 0.000185876980502984, -9.44860358348824e-005, 0.172042809195833, -29.4110881466679, -0.000932519328193762, 0.0004274710837705, -0.422973124860117, 0.80294734760711, -0.00541304390867133, 0.000565572252156807, -3.12890222685479e-005, 4.86081092485953e-005, -1.84350609569973e-005, 1.81566807850794e-005, -0.00725408751953745, 1.2609736844434, -12.1395514185083, -0.422973124860117, 94748.2179769012, 19208.8062453644, 271.590386715489, 15.4406761463597, -0.141412917173386, 2.08151373038292, 0.199374424341934, -0.0915721536112481, -476.399783987033, 81906.1970151091, -13.1967917419547, 0.80294734760711, 19208.8062453644, 35145.4206617499, 187.266134032299, 10.34393812827, -0.195933603541127, 2.0354434011988, -0.143453711884668, -0.00914162936983434, -310.766850757749, 53714.1905310716, -0.136685739896172, -0.00541304390867133, 271.590386715489, 187.266134032299, 9.83005853180381, 0.201869493685032, -0.00596515413264825, 0.020468754081188, -0.00209281934166473, 0.00137580561345869, -2.459226721378, 419.978272970142, -0.0107599486300921, 0.000565572252156807, 15.4406761463597, 10.34393812827, 0.201869493685032, 0.0146521965508095, -0.000331831663780707, 0.00124293687845868, -0.000118261112907207, 2.68309457618044e-005, -0.158983224249847, 27.1262856574011, 0.000454108809234405, -3.12890222685479e-005, -0.141412917173386, -0.195933603541127, -0.00596515413264825, -0.000331831663780707, 2.56479893836798e-005, -3.93291855722672e-005, 1.2110605981741e-005, -5.35453393952846e-006, 0.00326356264152845, -0.551720138629706, -0.00143316971579245, 4.86081092485953e-005, 2.08151373038292, 2.0354434011988, 0.020468754081188, 0.00124293687845868, -3.93291855722672e-005, 0.000337712907057065, -4.38769093995879e-005, 5.06767871012442e-006, -0.0237684117208237, 4.08442145888205, 0.000185876980502984, -1.84350609569973e-005, 0.199374424341934, -0.143453711884668, -0.00209281934166473, -0.000118261112907207, 1.2110605981741e-005, -4.38769093995879e-005, 1.34176769791522e-005, -4.7400093860368e-006, 0.000661303550138783, -0.109950033727743, -9.44860358348824e-005, 1.81566807850794e-005, -0.0915721536112481, -0.00914162936983434, 0.00137580561345869, 2.68309457618044e-005, -5.35453393952846e-006, 5.06767871012442e-006, -4.7400093860368e-006, 8.44265384658361e-006, 0.000366022912971101, -0.0678333509098356, 0.172042809195833, -0.00725408751953745, -476.399783987033, -310.766850757749, -2.459226721378, -0.158983224249847, 0.00326356264152845, -0.0237684117208237, 0.000661303550138783, 0.000366022912971101, 4.16209294785836, -716.071429860689, -29.4110881466679, 1.2609736844434, 81906.1970151091, 53714.1905310716, 419.978272970142, 27.1262856574011, -0.551720138629706, 4.08442145888205, -0.109950033727743, -0.0678333509098356, -716.071429860689, 123296.91935215))
			, nrow = 12, ncol = 12
			, dimnames = list(
				as.character(c("GAMMA", "CMultStdev", "tvVmax", "tvKm", "tvV", "tvKa", "K12", "K21", "K13", "K31", "dVdWT", "CEps"))
				, as.character(c("GAMMA", "CMultStdev", "tvVmax", "tvKm", "tvV", "tvKa", "K12", "K21", "K13", "K31", "dVdWT", "CEps"))
				)
			)
		, "omegaSE" = matrix(
			as.numeric(c(0.132442509793043, 0.0457262556315271, 0.0646648712172604, 0.0457262556315271, 0.203234113817596, 0.017772337917437, 0.0646648712172604, 0.017772337917437, 0.0947527192784593))
			, nrow = 3, ncol = 3, byrow = TRUE
			, dimnames = list(
				as.character(c("nVmax", "nKm", "nV"))
				, as.character(c("nVmax", "nKm", "nV"))
				)
			)
		, "Covariance" = matrix(
			as.numeric(c(0.014949926, -0.00093251933, -12.139551, -13.196792, -0.13668574, -0.010759949, 0.00045410881, -0.0014331697, 0.00018587698, -9.4486036e-005, 0.17204281, -29.411088, 0.014199751, 0.0040775021, -0.019172067, 0.005622664, -0.00072836576, 0.0085955385, -0.00093251933, 0.00042747108, -0.42297312, 0.80294735, -0.0054130439, 0.00056557225, -3.1289022e-005, 4.8608109e-005, -1.8435061e-005, 1.8156681e-005, -0.0072540875, 1.2609737, -0.00073455764, -0.00018171823, 0.00089462252, -0.0002783822, 2.2385458e-006, -0.00050753532, -12.139551, -0.42297312, 94748.218, 19208.806, 271.59039, 15.440676, -0.14141292, 2.0815137, 0.19937442, -0.091572154, -476.39978, 81906.197, -26.317992, -10.505777, 44.113876, -13.995039, -0.32768492, -21.065526, -13.196792, 0.80294735, 19208.806, 35145.421, 187.26613, 10.343938, -0.1959336, 2.0354434, -0.14345371, -0.0091416294, -310.76685, 53714.191, -16.026268, -6.3770242, 30.522171, -10.435705, -0.91411797, -12.466245, -0.13668574, -0.0054130439, 271.59039, 187.26613, 9.8300585, 0.20186949, -0.0059651541, 0.020468754, -0.0020928193, 0.0013758056, -2.4592267, 419.97827, -0.146646, -0.053650655, 0.25226016, -0.077800975, -0.0012332211, -0.11245798, -0.010759949, 0.00056557225, 15.440676, 10.343938, 0.20186949, 0.014652197, -0.00033183166, 0.0012429369, -0.00011826111, 2.6830946e-005, -0.15898322, 27.126286, -0.011598603, -0.0036128614, 0.016901282, -0.0049389492, 0.00055690757, -0.0071528681, 0.00045410881, -3.1289022e-005, -0.14141292, -0.1959336, -0.0059651541, -0.00033183166, 2.5647989e-005, -3.9329186e-005, 1.2110606e-005, -5.3545339e-006, 0.0032635626, -0.55172014, 0.00037590951, 9.3188053e-005, -0.00041861935, 0.0001064276, -3.8963482e-005, 0.00019571082, -0.0014331697, 4.8608109e-005, 2.0815137, 2.0354434, 0.020468754, 0.0012429369, -3.9329186e-005, 0.00033771291, -4.3876909e-005, 5.0676787e-006, -0.023768412, 4.0844215, -0.0016417072, -0.0005506192, 0.0024855317, -0.00075210753, 1.8837579e-005, -0.0012189106, 0.00018587698, -1.8435061e-005, 0.19937442, -0.14345371, -0.0020928193, -0.00011826111, 1.2110606e-005, -4.3876909e-005, 1.3417677e-005, -4.7400094e-006, 0.00066130355, -0.10995003, 0.00013385607, 2.9022072e-005, -0.00011468959, 2.5802649e-005, -9.0508444e-006, 9.3531587e-005, -9.4486036e-005, 1.8156681e-005, -0.091572154, -0.0091416294, 0.0013758056, 2.6830946e-005, -5.3545339e-006, 5.0676787e-006, -4.7400094e-006, 8.4426538e-006, 0.00036602291, -0.067833351, -6.4559599e-005, -9.4057775e-006, -9.5578429e-006, 7.8007761e-006, 4.4990094e-006, -5.3333852e-005, 0.17204281, -0.0072540875, -476.39978, -310.76685, -2.4592267, -0.15898322, 0.0032635626, -0.023768412, 0.00066130355, 0.00036602291, 4.1620929, -716.07143, 0.24123928, 0.089481873, -0.40747079, 0.13059947, 0.0019215166, 0.17867254, -29.411088, 1.2609737, 81906.197, 53714.191, 419.97827, 27.126286, -0.55172014, 4.0844215, -0.10995003, -0.067833351, -716.07143, 123296.92, -41.350294,   -15.399, 70.011606, -22.487519, -0.3868239, -30.706413, 0.014199751, -0.00073455764, -26.317992, -16.026268, -0.146646, -0.011598603, 0.00037590951, -0.0016417072, 0.00013385607, -6.4559599e-005, 0.24123928, -41.350294, 0.017541018, 0.0057026239, -0.024934438, 0.0074671341, -0.00065404813, 0.011787554, 0.0040775021, -0.00018171823, -10.505777, -6.3770242, -0.053650655, -0.0036128614, 9.3188053e-005, -0.0005506192, 2.9022072e-005, -9.4057775e-006, 0.089481873,   -15.399, 0.0057026239, 0.0020908905, -0.0087244479, 0.002779513, -4.24732e-005, 0.0041294215, -0.019172067, 0.00089462252, 44.113876, 30.522171, 0.25226016, 0.016901282, -0.00041861935, 0.0024855317, -0.00011468959, -9.5578429e-006, -0.40747079, 70.011606, -0.024934438, -0.0087244479, 0.041304105, -0.012820455, 0.00026140677, -0.017644716, 0.005622664, -0.0002783822, -13.995039, -10.435705, -0.077800975, -0.0049389492, 0.0001064276, -0.00075210753, 2.5802649e-005, 7.8007761e-006, 0.13059947, -22.487519, 0.0074671341, 0.002779513, -0.012820455, 0.0041815456, 0.0001394924, 0.0055445274, -0.00072836576, 2.2385458e-006, -0.32768492, -0.91411797, -0.0012332211, 0.00055690757, -3.8963482e-005, 1.8837579e-005, -9.0508444e-006, 4.4990094e-006, 0.0019215166, -0.3868239, -0.00065404813, -4.24732e-005, 0.00026140677, 0.0001394924, 0.000315856, 8.8786919e-006, 0.0085955385, -0.00050753532, -21.065526, -12.466245, -0.11245798, -0.0071528681, 0.00019571082, -0.0012189106, 9.3531587e-005, -5.3333852e-005, 0.17867254, -30.706413, 0.011787554, 0.0041294215, -0.017644716, 0.0055445274, 8.8786919e-006, 0.0089780778))
			, nrow = 18, ncol = 18
			, dimnames = list(
				as.character(c("GAMMA", "CMultStdev", "tvVmax", "tvKm", "tvV", "tvKa", "K12", "K21", "K13", "K31", "dVdWT", "stdev0", "nVmax-nVmax", "nKm-nVmax", "nKm-nKm", "nV-nVmax", "nV-nKm", "nV-nV"))
				, as.character(c("GAMMA", "CMultStdev", "tvVmax", "tvKm", "tvV", "tvKa", "K12", "K21", "K13", "K31", "dVdWT", "stdev0", "nVmax-nVmax", "nKm-nVmax", "nKm-nKm", "nV-nVmax", "nV-nKm", "nV-nV"))
				)
			)
		, "Correlation" = matrix(
			as.numeric(c(0.12226989, -0.36887986, -0.3225504, -0.57572417, -0.35655426, -0.72700819, 0.73335412, -0.63782901, 0.41501846, -0.26595528, 0.68970141, -0.68503925, 0.87686714, 0.72930473, -0.77152998, 0.71113849, -0.33518566, 0.74192821, -0.36887986, 0.020675374, -0.066462072, 0.20715686, -0.083504547, 0.22598695, -0.29882158, 0.12793269, -0.24341792, 0.30223419, -0.17197825, 0.17369069, -0.26825332, -0.19221155, 0.21290695, -0.20821868, 0.0060921144, -0.25907244, -0.3225504, -0.066462072, 307.81198, 0.33287446, 0.28141732, 0.41440923, -0.090714538, 0.36797637, 0.17682565, -0.10238549, -0.75863023, 0.75780091, -0.64556477, -0.74640926, 0.70516879, -0.70310498, -0.059899937, -0.72226257, -0.57572417, 0.20715686, 0.33287446, 187.47112, 0.31860077, 0.45582713, -0.20637063, 0.59081407, -0.20890015, -0.016782233, -0.8125394, 0.81597819, -0.64546192, -0.74390599, 0.80109578, -0.86083318, -0.27436159, -0.70179392, -0.35655426, -0.083504547, 0.28141732, 0.31860077, 3.1352924, 0.53191382, -0.37567903, 0.35525445, -0.18222796, 0.15102176, -0.38447192, 0.38148078, -0.35315451, -0.37422374, 0.39588953, -0.38374132, -0.022131882, -0.37854766, -0.72700819, 0.22598695, 0.41440923, 0.45582713, 0.53191382, 0.12104626, -0.5413022, 0.55875816, -0.26671776, 0.076286049, -0.64378973, 0.63820889, -0.72348062, -0.65273109, 0.68702362, -0.6309788, 0.25887326, -0.6236446, 0.73335412, -0.29882158, -0.090714538, -0.20637063, -0.37567903, -0.5413022, 0.0050643844, -0.42258537, 0.65283066, -0.36387777, 0.31587074, -0.31025305, 0.56044015, 0.40240923, -0.40672047, 0.32498191, -0.43289896, 0.40784628, -0.63782901, 0.12793269, 0.36797637, 0.59081407, 0.35525445, 0.55875816, -0.42258537, 0.018376967, -0.65181377, 0.094906455, -0.63397254, 0.63296633, -0.67451945, -0.65525733, 0.66550124, -0.63290378, 0.057677537, -0.70001337, 0.41501846, -0.24341792, 0.17682565, -0.20890015, -0.18222796, -0.26671776, 0.65283066, -0.65181377, 0.0036630147, -0.44534958, 0.088492467, -0.085483164, 0.27591289, 0.17327029, -0.15405959, 0.10893244, -0.13902915, 0.26948088, -0.26595528, 0.30223419, -0.10238549, -0.016782233, 0.15102176, 0.076286049, -0.36387777, 0.094906455, -0.44534958, 0.0029056245, 0.061746578, -0.066485611, -0.16776213, -0.070792878, -0.016185413, 0.041517377, 0.087123004, -0.1937188, 0.68970141, -0.17197825, -0.75863023, -0.8125394, -0.38447192, -0.64378973, 0.31587074, -0.63397254, 0.088492467, 0.061746578, 2.0401208, -0.99959562, 0.89282168, 0.95920965, -0.9827521, 0.98995879, 0.052996073, 0.92429424, -0.68503925, 0.17369069, 0.75780091, 0.81597819, 0.38148078, 0.63820889, -0.31025305, 0.63296633, -0.085483164, -0.066485611, -0.99959562, 351.13661, -0.88915011, -0.959071, 0.98106396, -0.99036896, -0.06198586, -0.92291411, 0.87686714, -0.26825332, -0.64556477, -0.64546192, -0.35315451, -0.72348062, 0.56044015, -0.67451945, 0.27591289, -0.16776213, 0.89282168, -0.88915011, 0.13244251, 0.94163304, -0.92635101, 0.87188284, -0.27786749, 0.93930062, 0.72930473, -0.19221155, -0.74640926, -0.74390599, -0.37422374, -0.65273109, 0.40240923, -0.65525733, 0.17327029, -0.070792878, 0.95920965, -0.959071, 0.94163304, 0.045726256, -0.93880567, 0.94001473, -0.052264257, 0.95308556, -0.77152998, 0.21290695, 0.70516879, 0.80109578, 0.39588953, 0.68702362, -0.40672047, 0.66550124, -0.15405959, -0.016185413, -0.9827521, 0.98106396, -0.92635101, -0.93880567, 0.20323411, -0.97552499, 0.072372847, -0.91627614, 0.71113849, -0.20821868, -0.70310498, -0.86083318, -0.38374132, -0.6309788, 0.32498191, -0.63290378, 0.10893244, 0.041517377, 0.98995879, -0.99036896, 0.87188284, 0.94001473, -0.97552499, 0.064664871, 0.12137732, 0.90490802, -0.33518566, 0.0060921144, -0.059899937, -0.27436159, -0.022131882, 0.25887326, -0.43289896, 0.057677537, -0.13902915, 0.087123004, 0.052996073, -0.06198586, -0.27786749, -0.052264257, 0.072372847, 0.12137732, 0.017772338, 0.0052724533, 0.74192821, -0.25907244, -0.72226257, -0.70179392, -0.37854766, -0.6236446, 0.40784628, -0.70001337, 0.26948088, -0.1937188, 0.92429424, -0.92291411, 0.93930062, 0.95308556, -0.91627614, 0.90490802, 0.0052724533, 0.094752719))
			, nrow = 18, ncol = 18
			, dimnames = list(
				as.character(c("GAMMA", "CMultStdev", "tvVmax", "tvKm", "tvV", "tvKa", "K12", "K21", "K13", "K31", "dVdWT", "stdev0", "nVmax-nVmax", "nKm-nVmax", "nKm-nKm", "nV-nVmax", "nV-nKm", "nV-nV"))
				, as.character(c("GAMMA", "CMultStdev", "tvVmax", "tvKm", "tvV", "tvKa", "K12", "K21", "K13", "K31", "dVdWT", "stdev0", "nVmax-nVmax", "nKm-nVmax", "nKm-nKm", "nV-nVmax", "nV-nKm", "nV-nV"))
				)
			)
		, "Inverse" = matrix(
			as.numeric(c( 2936.932, 541.13751, 0.068733718, 0.47743632, 1.4423639, 207.89718, -25136.939, 6982.7728, 29156.613, 12824.786, 250.62372, 1.7156016, -3946.8116, 15972.107, -5574.5565, -18110.794, 12203.929, -1572.5984, 541.13751,  4392.648, 0.27234381, 0.53552723, 12.582618, -258.84725, -1347.3948, 2772.9949, 3116.5953, 1282.3295, -249.27436, -0.11835371, -2564.4068, 6478.8715, -2670.8981, -608.43486, 2663.3581, 1512.1534, 0.068733718, 0.27234381, 0.00020089982, 0.00033987122, 0.001039835, 0.062951912, -1.1324671, 0.11470524, -1.1859027, -0.57780809, 0.055004759, 0.00049637426, -0.10430355, 4.1584892, -1.8138892, -4.4558738, 5.1826428, -0.98565873, 0.47743632, 0.53552723, 0.00033987122, 0.00088937852, 0.00084602631, 0.13423296, -8.9683047, 1.6943616,  8.437819, 1.0819005, 0.038949978, 0.00090216053, -0.89116846,  9.410878, -3.8176283, -7.1858281, 9.4825684, -1.8554179, 1.4423639, 12.582618, 0.001039835, 0.00084602631, 0.26018313, -4.0054086, 123.83686, -14.082189, -169.9623, -23.716771, -0.078958881, 0.0074877415, -26.756347, 36.812145, -13.046748, -0.16776084, -4.0651808,  19.87603, 207.89718, -258.84725, 0.062951912, 0.13423296, -4.0054086, 338.44165, -3313.6181, 215.43052,  3315.424, -507.62969, 132.46051, 0.47468887, 930.52472, 2728.1067, -1395.0264, -6214.3867, 6027.6164, -1995.1095, -25136.939, -1347.3948, -1.1324671, -8.9683047, 123.83686, -3313.6181, 548781.69, -114636.73, -675675.61, -145056.32, -1408.4094, -14.399117, 8293.5401, -174990.02, 68259.355, 192315.73, -179787.23, 50382.113, 6982.7728, 2772.9949, 0.11470524, 1.6943616, -14.082189, 215.43052, -114636.73, 43391.748, 188472.01, 72848.744, 82.953321, 4.3410681, -8090.6723, 49505.341, -19130.891, -45456.872, 39084.259, -5567.4661, 29156.613, 3116.5953, -1.1859027,  8.437819, -169.9623,  3315.424, -675675.61, 188472.01, 1153497.3, 256361.47, 295.49498, 3.7075511, -9260.7394, 150297.72, -55729.695, -161444.57, 141269.97, -48603.187, 12824.786, 1282.3295, -0.57780809, 1.0819005, -23.716771, -507.62969, -145056.32, 72848.744, 256361.47, 456027.09, 383.22857, 28.445228, -32038.728, 119870.09, -41131.719, -37878.182, 44014.953, 19433.119, 250.62372, -249.27436, 0.055004759, 0.038949978, -0.078958881, 132.46051, -1408.4094, 82.953321, 295.49498, 383.22857, 481.53844, 2.5026351, 327.42348, 3084.1861, -1241.5058, -6175.8098, 5363.2672, -1428.6151, 1.7156016, -0.11835371, 0.00049637426, 0.00090216053, 0.0074877415, 0.47468887, -14.399117, 4.3410681, 3.7075511, 28.445228, 2.5026351, 0.018137872, -2.7043027, 36.137184, -14.126314, -33.226086, 36.718217, -5.8471392, -3946.8116, -2564.4068, -0.10430355, -0.89116846, -26.756347, 930.52472, 8293.5401, -8090.6723, -9260.7394, -32038.728, 327.42348, -2.7043027, 19572.773, -18539.387, 2290.0616, -19475.914, 28048.385, -15250.464, 15972.107, 6478.8715, 4.1584892,  9.410878, 36.812145, 2728.1067, -174990.02, 49505.341, 150297.72, 119870.09, 3084.1861, 36.137184, -18539.387, 250884.72, -102329.92, -261002.82, 263899.72, -48805.707, -5574.5565, -2670.8981, -1.8138892, -3.8176283, -13.046748, -1395.0264, 68259.355, -19130.891, -55729.695, -41131.719, -1241.5058, -14.126314, 2290.0616, -102329.92, 46056.262, 123691.04, -127027.57, 25311.293, -18110.794, -608.43486, -4.4558738, -7.1858281, -0.16776084, -6214.3867, 192315.73, -45456.872, -161444.57, -37878.182, -6175.8098, -33.226086, -19475.914, -261002.82, 123691.04, 454312.05,   -418263, 100834.61, 12203.929, 2663.3581, 5.1826428, 9.4825684, -4.0651808, 6027.6164, -179787.23, 39084.259, 141269.97, 44014.953, 5363.2672, 36.718217, 28048.385, 263899.72, -127027.57,   -418263, 431073.43, -104568.38, -1572.5984, 1512.1534, -0.98565873, -1.8554179,  19.87603, -1995.1095, 50382.113, -5567.4661, -48603.187, 19433.119, -1428.6151, -5.8471392, -15250.464, -48805.707, 25311.293, 100834.61, -104568.38, 32720.246))
			, nrow = 18, ncol = 18
			, dimnames = list(
				as.character(c("GAMMA", "CMultStdev", "tvVmax", "tvKm", "tvV", "tvKa", "K12", "K21", "K13", "K31", "dVdWT", "stdev0", "nVmax-nVmax", "nKm-nVmax", "nKm-nKm", "nV-nVmax", "nV-nKm", "nV-nV"))
				, as.character(c("GAMMA", "CMultStdev", "tvVmax", "tvKm", "tvV", "tvKa", "K12", "K21", "K13", "K31", "dVdWT", "stdev0", "nVmax-nVmax", "nKm-nVmax", "nKm-nKm", "nV-nVmax", "nV-nKm", "nV-nV"))
				)
			)
		, "LLTable" = data.frame(
			id = as.character(c( "1", "2", "3", "4", "5", "6", "7", "8", "9", "10", "11", "12", "13", "14", "15", "16", "17", "18", "19", "20", "21", "22", "23", "24", "25", "26", "27", "28", "29", "30", "31", "32", "33", "34", "35", "36", "37", "38", "39", "40", "41", "42", "43", "44", "45", "46", "47", "48", "49", "50", "51", "52", "53", "54", "55", "56", "57", "58", "59", "60"))
			, "LL" = c(-52.834625, -53.11782, -56.356223, -56.965536, -52.709083, -59.670623, -55.568852, -56.448252, -50.60672, -61.859371, -50.096018, -57.874027, -59.677881, -54.517463, -54.603265, -55.675094, -57.26943, -51.090321, -52.728347, -51.733843, -52.536169, -53.416833, -55.01904, -67.45733, -57.255756, -55.812398, -55.795329, -62.319775, -54.683789, -53.982415, -52.231386, -56.746756, -57.039843, -53.151468, -55.230281, -55.078781, -52.911052, -65.763038, -52.10531, -55.458882, -51.171121, -61.097287, -51.01929, -53.013186, -56.51613, -55.191982, -53.668933, -53.483939, -60.927041, -54.341977, -64.446067, -50.474219, -60.526888, -57.612643, -55.060686, -56.662067, -58.762483, -57.742577, -59.672632, -59.847421)
			) # end of LLTable
		, "residuals" = data.frame(
			  ID1 = as.character(c(  "",   "",   "",   "",   "",   "",   "",   "",   "",   "",   "",   "",   "",   "",   "",   "",   "",   "",   "",   "",   "",   "",   "",   "",   "",   "",   "",   "",   "",   "",   "",   "",   "",   "",   "",   "",   "",   "",   "",   "",   "",   "",   "",   "",   "",   "",   "",   "",   "",   "",   "",   "",   "",   "",   "",   "",   "",   "",   "",   "",   "",   "",   "",   "",   "",   "",   "",   "",   "",   "",   "",   "",   "",   "",   "",   "",   "",   "",   "",   "",   "",   "",   "",   "",   "",   "",   "",   "",   "",   "",   "",   "",   "",   "",   "",   "",   "",   "",   "",   "",   "",   "",   "",   "",   "",   "",   "",   "",   "",   "",   "",   "",   "",   "",   "",   "",   "",   "",   "",   "",   "",   "",   "",   "",   "",   "",   "",   "",   "",   "",   "",   "",   "",   "",   "",   "",   "",   "",   "",   "",   "",   "",   "",   "",   "",   "",   "",   "",   "",   "",   "",   "",   "",   "",   "",   "",   "",   "",   "",   "",   "",   "",   "",   "",   "",   "",   "",   "",   "",   "",   "",   "",   "",   "",   "",   "",   "",   "",   "",   "",   "",   "",   "",   "",   "",   "",   "",   "",   "",   "",   "",   "",   "",   "",   "",   "",   "",   "",   "",   "",   "",   "",   "",   "",   "",   "",   "",   "",   "",   "",   "",   "",   "",   "",   "",   "",   "",   "",   "",   "",   "",   "",   "",   "",   "",   "",   "",   "",   "",   "",   "",   "",   "",   "",   "",   "",   "",   "",   "",   "",   "",   "",   "",   "",   "",   "",   "",   "",   "",   "",   "",   "",   "",   "",   "",   "",   "",   "",   "",   "",   "",   "",   "",   "",   "",   "",   "",   "",   "",   "",   "",   "",   "",   "",   "",   "",   "",   "",   "",   "",   "",   "",   "",   "",   "",   "",   "",   "",   "",   "",   "",   "",   "",   "",   "",   "",   "",   "",   "",   "",   "",   "",   "",   "",   "",   "",   "",   "",   "",   "",   "",   "",   "",   "",   "",   "",   "",   "",   "",   "",   "",   "",   "",   "",   "",   "",   "",   "",   "",   "",   "",   "",   "",   "",   "",   "",   "",   "",   "",   "",   "",   "",   "",   "",   "",   "",   "",   "",   "",   "",   "",   "",   "",   "",   "",   "",   "",   "",   "",   "",   "",   "",   "",   "",   "",   "",   "",   "",   "",   "",   "",   "",   "",   "",   "",   "",   "",   "",   "",   "",   "",   "",   "",   "",   "",   "",   "",   "",   "",   "",   "",   "",   "",   "",   "",   "",   "",   "",   "",   "",   "",   "",   "",   "",   "",   "",   "",   "",   "",   "",   "",   "",   "",   "",   "",   "",   "",   "",   "",   "",   "",   "",   "",   "",   "",   "",   "",   "",   "",   "",   "",   "",   "",   "",   "",   "",   "",   "",   "",   "",   "",   "",   "",   "",   "",   "",   "",   "",   "",   "",   "",   "",   "",   "",   "",   "",   "",   "",   "",   "",   "",   "",   "",   "",   "",   "",   "",   "",   "",   "",   "",   "",   "",   "",   "",   "",   "",   "",   "",   ""))
			, ID2 = as.character(c(  "",   "",   "",   "",   "",   "",   "",   "",   "",   "",   "",   "",   "",   "",   "",   "",   "",   "",   "",   "",   "",   "",   "",   "",   "",   "",   "",   "",   "",   "",   "",   "",   "",   "",   "",   "",   "",   "",   "",   "",   "",   "",   "",   "",   "",   "",   "",   "",   "",   "",   "",   "",   "",   "",   "",   "",   "",   "",   "",   "",   "",   "",   "",   "",   "",   "",   "",   "",   "",   "",   "",   "",   "",   "",   "",   "",   "",   "",   "",   "",   "",   "",   "",   "",   "",   "",   "",   "",   "",   "",   "",   "",   "",   "",   "",   "",   "",   "",   "",   "",   "",   "",   "",   "",   "",   "",   "",   "",   "",   "",   "",   "",   "",   "",   "",   "",   "",   "",   "",   "",   "",   "",   "",   "",   "",   "",   "",   "",   "",   "",   "",   "",   "",   "",   "",   "",   "",   "",   "",   "",   "",   "",   "",   "",   "",   "",   "",   "",   "",   "",   "",   "",   "",   "",   "",   "",   "",   "",   "",   "",   "",   "",   "",   "",   "",   "",   "",   "",   "",   "",   "",   "",   "",   "",   "",   "",   "",   "",   "",   "",   "",   "",   "",   "",   "",   "",   "",   "",   "",   "",   "",   "",   "",   "",   "",   "",   "",   "",   "",   "",   "",   "",   "",   "",   "",   "",   "",   "",   "",   "",   "",   "",   "",   "",   "",   "",   "",   "",   "",   "",   "",   "",   "",   "",   "",   "",   "",   "",   "",   "",   "",   "",   "",   "",   "",   "",   "",   "",   "",   "",   "",   "",   "",   "",   "",   "",   "",   "",   "",   "",   "",   "",   "",   "",   "",   "",   "",   "",   "",   "",   "",   "",   "",   "",   "",   "",   "",   "",   "",   "",   "",   "",   "",   "",   "",   "",   "",   "",   "",   "",   "",   "",   "",   "",   "",   "",   "",   "",   "",   "",   "",   "",   "",   "",   "",   "",   "",   "",   "",   "",   "",   "",   "",   "",   "",   "",   "",   "",   "",   "",   "",   "",   "",   "",   "",   "",   "",   "",   "",   "",   "",   "",   "",   "",   "",   "",   "",   "",   "",   "",   "",   "",   "",   "",   "",   "",   "",   "",   "",   "",   "",   "",   "",   "",   "",   "",   "",   "",   "",   "",   "",   "",   "",   "",   "",   "",   "",   "",   "",   "",   "",   "",   "",   "",   "",   "",   "",   "",   "",   "",   "",   "",   "",   "",   "",   "",   "",   "",   "",   "",   "",   "",   "",   "",   "",   "",   "",   "",   "",   "",   "",   "",   "",   "",   "",   "",   "",   "",   "",   "",   "",   "",   "",   "",   "",   "",   "",   "",   "",   "",   "",   "",   "",   "",   "",   "",   "",   "",   "",   "",   "",   "",   "",   "",   "",   "",   "",   "",   "",   "",   "",   "",   "",   "",   "",   "",   "",   "",   "",   "",   "",   "",   "",   "",   "",   "",   "",   "",   "",   "",   "",   "",   "",   "",   "",   "",   "",   "",   "",   "",   "",   "",   "",   "",   "",   "",   "",   "",   "",   "",   "",   "",   "",   "",   "",   "",   "",   "",   "",   ""))
			, ID3 = as.character(c(  "",   "",   "",   "",   "",   "",   "",   "",   "",   "",   "",   "",   "",   "",   "",   "",   "",   "",   "",   "",   "",   "",   "",   "",   "",   "",   "",   "",   "",   "",   "",   "",   "",   "",   "",   "",   "",   "",   "",   "",   "",   "",   "",   "",   "",   "",   "",   "",   "",   "",   "",   "",   "",   "",   "",   "",   "",   "",   "",   "",   "",   "",   "",   "",   "",   "",   "",   "",   "",   "",   "",   "",   "",   "",   "",   "",   "",   "",   "",   "",   "",   "",   "",   "",   "",   "",   "",   "",   "",   "",   "",   "",   "",   "",   "",   "",   "",   "",   "",   "",   "",   "",   "",   "",   "",   "",   "",   "",   "",   "",   "",   "",   "",   "",   "",   "",   "",   "",   "",   "",   "",   "",   "",   "",   "",   "",   "",   "",   "",   "",   "",   "",   "",   "",   "",   "",   "",   "",   "",   "",   "",   "",   "",   "",   "",   "",   "",   "",   "",   "",   "",   "",   "",   "",   "",   "",   "",   "",   "",   "",   "",   "",   "",   "",   "",   "",   "",   "",   "",   "",   "",   "",   "",   "",   "",   "",   "",   "",   "",   "",   "",   "",   "",   "",   "",   "",   "",   "",   "",   "",   "",   "",   "",   "",   "",   "",   "",   "",   "",   "",   "",   "",   "",   "",   "",   "",   "",   "",   "",   "",   "",   "",   "",   "",   "",   "",   "",   "",   "",   "",   "",   "",   "",   "",   "",   "",   "",   "",   "",   "",   "",   "",   "",   "",   "",   "",   "",   "",   "",   "",   "",   "",   "",   "",   "",   "",   "",   "",   "",   "",   "",   "",   "",   "",   "",   "",   "",   "",   "",   "",   "",   "",   "",   "",   "",   "",   "",   "",   "",   "",   "",   "",   "",   "",   "",   "",   "",   "",   "",   "",   "",   "",   "",   "",   "",   "",   "",   "",   "",   "",   "",   "",   "",   "",   "",   "",   "",   "",   "",   "",   "",   "",   "",   "",   "",   "",   "",   "",   "",   "",   "",   "",   "",   "",   "",   "",   "",   "",   "",   "",   "",   "",   "",   "",   "",   "",   "",   "",   "",   "",   "",   "",   "",   "",   "",   "",   "",   "",   "",   "",   "",   "",   "",   "",   "",   "",   "",   "",   "",   "",   "",   "",   "",   "",   "",   "",   "",   "",   "",   "",   "",   "",   "",   "",   "",   "",   "",   "",   "",   "",   "",   "",   "",   "",   "",   "",   "",   "",   "",   "",   "",   "",   "",   "",   "",   "",   "",   "",   "",   "",   "",   "",   "",   "",   "",   "",   "",   "",   "",   "",   "",   "",   "",   "",   "",   "",   "",   "",   "",   "",   "",   "",   "",   "",   "",   "",   "",   "",   "",   "",   "",   "",   "",   "",   "",   "",   "",   "",   "",   "",   "",   "",   "",   "",   "",   "",   "",   "",   "",   "",   "",   "",   "",   "",   "",   "",   "",   "",   "",   "",   "",   "",   "",   "",   "",   "",   "",   "",   "",   "",   "",   "",   "",   "",   "",   "",   "",   "",   "",   "",   "",   "",   "",   "",   "",   "",   "",   "",   "",   ""))
