TABLE NO.     1: First Order Conditional Estimation with Interaction: Problem=1 Subproblem=0 Superproblem1=0 Iteration1=0 Superproblem2=0 Iteration2=0
 NAME         THETA1       THETA2       THETA3       THETA4       THETA5       THETA6       THETA7       THETA8       THETA9       SIGMA(1,1)   SIGMA(2,1)   SIGMA(2,2)   OMEGA(1,1)   OMEGA(2,1)   OMEGA(2,2)
 THETA1        6.86772E+02  8.66651E-01  4.01227E-01  2.49779E-01  1.28053E-02 -7.49987E-01  1.71037E-02 -5.06277E-01  8.07391E-02  6.85816E-01  0.00000E+00 -1.64917E-01 -3.59707E-02  0.00000E+00  4.26449E-01
 THETA2        8.66651E-01  8.18690E+01  2.96291E-01  1.85827E-01 -4.17737E-01 -7.75906E-01 -8.03510E-02 -3.51190E-01 -3.79475E-02  5.40148E-01  0.00000E+00 -2.12605E-01 -1.70925E-01  0.00000E+00  4.45234E-01
 THETA3        4.01227E-01  2.96291E-01  1.12814E+01  8.50892E-01  2.06849E-01 -4.21968E-01 -1.50809E-01 -8.26061E-01 -6.06370E-03  7.74647E-01  0.00000E+00  4.75649E-02  8.45973E-02  0.00000E+00  1.57386E-01
 THETA4        2.49779E-01  1.85827E-01  8.50892E-01  3.70358E-01  1.59430E-01 -2.61529E-01 -2.16464E-01 -7.83374E-01 -6.40200E-02  7.46955E-01  0.00000E+00  8.32402E-02 -2.79096E-02  0.00000E+00 -1.58537E-03
 THETA5        1.28053E-02 -4.17737E-01  2.06849E-01  1.59430E-01  5.57156E-01  2.67264E-01  2.70682E-01 -2.51440E-01  3.13826E-01  1.57779E-01  0.00000E+00  1.30822E-01  4.28914E-01  0.00000E+00 -6.47844E-02
 THETA6       -7.49987E-01 -7.75906E-01 -4.21968E-01 -2.61529E-01  2.67264E-01  7.47846E-03  5.61704E-01  5.40883E-01  5.15509E-01 -6.39415E-01  0.00000E+00  2.15155E-01  1.52042E-01  0.00000E+00 -5.06814E-01
 THETA7        1.71037E-02 -8.03510E-02 -1.50809E-01 -2.16464E-01  2.70682E-01  5.61704E-01  3.23989E-02  4.00458E-01  9.87486E-01 -3.56572E-01  0.00000E+00  1.41361E-02  1.72242E-01  0.00000E+00  1.15429E-01
 THETA8       -5.06277E-01 -3.51190E-01 -8.26061E-01 -7.83374E-01 -2.51440E-01  5.40883E-01  4.00458E-01  2.66140E-02  2.66262E-01 -9.61605E-01  0.00000E+00 -9.80657E-02 -8.01804E-02  0.00000E+00 -3.68093E-02
 THETA9        8.07391E-02 -3.79475E-02 -6.06370E-03 -6.40200E-02  3.13826E-01  5.15509E-01  9.87486E-01  2.66262E-01  3.13306E-02 -2.26326E-01  0.00000E+00  3.08046E-02  1.79703E-01  0.00000E+00  1.23044E-01
 SIGMA(1,1)    6.85816E-01  5.40148E-01  7.74647E-01  7.46955E-01  1.57779E-01 -6.39415E-01 -3.56572E-01 -9.61605E-01 -2.26326E-01  7.42763E-03  0.00000E+00 -1.50048E-02  3.92041E-02  0.00000E+00  5.49716E-02
 SIGMA(2,1)    0.00000E+00  0.00000E+00  0.00000E+00  0.00000E+00  0.00000E+00  0.00000E+00  0.00000E+00  0.00000E+00  0.00000E+00  0.00000E+00  0.00000E+00  0.00000E+00  0.00000E+00  0.00000E+00  0.00000E+00
 SIGMA(2,2)   -1.64917E-01 -2.12605E-01  4.75649E-02  8.32402E-02  1.30822E-01  2.15155E-01  1.41361E-02 -9.80657E-02  3.08046E-02 -1.50048E-02  0.00000E+00  1.61886E-02 -2.10024E-01  0.00000E+00 -1.38447E-01
 OMEGA(1,1)   -3.59707E-02 -1.70925E-01  8.45973E-02 -2.79096E-02  4.28914E-01  1.52042E-01  1.72242E-01 -8.01804E-02  1.79703E-01  3.92041E-02  0.00000E+00 -2.10024E-01  7.43415E-02  0.00000E+00  2.18429E-02
 OMEGA(2,1)    0.00000E+00  0.00000E+00  0.00000E+00  0.00000E+00  0.00000E+00  0.00000E+00  0.00000E+00  0.00000E+00  0.00000E+00  0.00000E+00  0.00000E+00  0.00000E+00  0.00000E+00  0.00000E+00  0.00000E+00
 OMEGA(2,2)    4.26449E-01  4.45234E-01  1.57386E-01 -1.58537E-03 -6.47844E-02 -5.06814E-01  1.15429E-01 -3.68093E-02  1.23044E-01  5.49716E-02  0.00000E+00 -1.38447E-01  2.18429E-02  0.00000E+00  4.13376E-02
