TABLE NO.     1: First Order Conditional Estimation with Interaction: Problem=1 Subproblem=0 Superproblem1=0 Iteration1=0 Superproblem2=0 Iteration2=0
 NAME         THETA1       THETA2       THETA3       THETA4       THETA5       THETA6       THETA7       THETA8       THETA9       SIGMA(1,1)   SIGMA(2,1)   SIGMA(2,2)   OMEGA(1,1)   OMEGA(2,1)   OMEGA(2,2)
 THETA1        4.71656E+05  4.87278E+04  3.10860E+03  6.35316E+01  4.89983E+00 -3.85194E+00  3.80568E-01 -9.25360E+00  1.73726E+00  3.49841E+00  0.00000E+00 -1.83353E+00 -1.83651E+00  0.00000E+00  1.21067E+01
 THETA2        4.87278E+04  6.70253E+03  2.73652E+02  5.63444E+00 -1.90546E+01 -4.75052E-01 -2.13128E-01 -7.65193E-01 -9.73356E-02  3.28460E-01  0.00000E+00 -2.81775E-01 -1.04029E+00  0.00000E+00  1.50679E+00
 THETA3        3.10860E+03  2.73652E+02  1.27269E+02  3.55515E+00  1.30015E+00 -3.56003E-02 -5.51211E-02 -2.48018E-01 -2.14323E-03  6.49106E-02  0.00000E+00  8.68674E-03  7.09495E-02  0.00000E+00  7.33958E-02
 THETA4        6.35316E+01  5.63444E+00  3.55515E+00  1.37165E-01  3.28980E-02 -7.24360E-04 -2.59739E-03 -7.72148E-03 -7.42859E-04  2.05479E-03  0.00000E+00  4.99073E-04 -7.68433E-04  0.00000E+00 -2.42716E-05
 THETA5        4.89983E+00 -1.90546E+01  1.30015E+00  3.28980E-02  3.10423E-01  1.11360E-03  4.88613E-03 -3.72838E-03  5.47816E-03  6.52945E-04  0.00000E+00  1.17996E-03  1.77655E-02  0.00000E+00 -1.49208E-03
 THETA6       -3.85194E+00 -4.75052E-01 -3.56003E-02 -7.24360E-04  1.11360E-03  5.59274E-05  1.36097E-04  1.07653E-04  1.20786E-04 -3.55177E-05  0.00000E+00  2.60478E-05  8.45292E-05  0.00000E+00 -1.56677E-04
 THETA7        3.80568E-01 -2.13128E-01 -5.51211E-02 -2.59739E-03  4.88613E-03  1.36097E-04  1.04969E-03  3.45300E-04  1.00237E-03 -8.58080E-05  0.00000E+00  7.41426E-06  4.14859E-04  0.00000E+00  1.54593E-04
 THETA8       -9.25360E+00 -7.65193E-01 -2.48018E-01 -7.72148E-03 -3.72838E-03  1.07653E-04  3.45300E-04  7.08303E-04  2.22018E-04 -1.90089E-04  0.00000E+00 -4.22508E-05 -1.58639E-04  0.00000E+00 -4.04960E-05
 THETA9        1.73726E+00 -9.73356E-02 -2.14323E-03 -7.42859E-04  5.47816E-03  1.20786E-04  1.00237E-03  2.22018E-04  9.81608E-04 -5.26688E-05  0.00000E+00  1.56241E-05  4.18559E-04  0.00000E+00  1.59359E-04
 SIGMA(1,1)    3.49841E+00  3.28460E-01  6.49106E-02  2.05479E-03  6.52945E-04 -3.55177E-05 -8.58080E-05 -1.90089E-04 -5.26688E-05  5.51697E-05  0.00000E+00 -1.80421E-06  2.16477E-05  0.00000E+00  1.68785E-05
 SIGMA(2,1)    0.00000E+00  0.00000E+00  0.00000E+00  0.00000E+00  0.00000E+00  0.00000E+00  0.00000E+00  0.00000E+00  0.00000E+00  0.00000E+00  0.00000E+00  0.00000E+00  0.00000E+00  0.00000E+00  0.00000E+00
 SIGMA(2,2)   -1.83353E+00 -2.81775E-01  8.68674E-03  4.99073E-04  1.17996E-03  2.60478E-05  7.41426E-06 -4.22508E-05  1.56241E-05 -1.80421E-06  0.00000E+00  2.62070E-04 -2.52761E-04  0.00000E+00 -9.26480E-05
 OMEGA(1,1)   -1.83651E+00 -1.04029E+00  7.09495E-02 -7.68433E-04  1.77655E-02  8.45292E-05  4.14859E-04 -1.58639E-04  4.18559E-04  2.16477E-05  0.00000E+00 -2.52761E-04  5.52666E-03  0.00000E+00  6.71252E-05
 OMEGA(2,1)    0.00000E+00  0.00000E+00  0.00000E+00  0.00000E+00  0.00000E+00  0.00000E+00  0.00000E+00  0.00000E+00  0.00000E+00  0.00000E+00  0.00000E+00  0.00000E+00  0.00000E+00  0.00000E+00  0.00000E+00
 OMEGA(2,2)    1.21067E+01  1.50679E+00  7.33958E-02 -2.42716E-05 -1.49208E-03 -1.56677E-04  1.54593E-04 -4.04960E-05  1.59359E-04  1.68785E-05  0.00000E+00 -9.26480E-05  6.71252E-05  0.00000E+00  1.70879E-03
