dmp.txt <- structure(
	.Data = list(
		"coefficients" = list(
			"fixed" = c("CMultStdev" = 0.536895807221983, "tvVmax" = 4066.91461333144, "tvKm" = 1078.50993697482, "tvV" = 56.0151501548787, "tvKa" = 1.40368294415665, "K12" = 3.94916934446608, "K21" = 9.89960204113057, "dVdWT" = 0.9274815989508, "CEps" = 0.169092562974595)
			, "random" = list("Subject" = matrix(
				as.numeric(c(
					 0.436039062505058,  -0.503120804573653,  -0.0484388795848845
					,  -0.10967844279976,  0.525534058410005,  -0.426003718828028
					,  -0.110960137307858,  0.0930722410483132,  0.316182122401312
					,  -0.0242438100788353,  0.182906056753278,  0.0451872684373191
					,  0.0369256151095723,  -0.200976989073971,  0.138835168317225
					,  -0.523180973472758,  -0.0337796939521744,  0.0141325761905462
					,  -0.0553020294579719,  0.169036964563666,  0.163418176724179
					,  0.489319322712652,  0.0773435916927701,  -0.68562513421201
					,  -0.0454171532556457,  -0.0701302781330908,  0.0713121163971803
					,  -0.281579913771837,  0.0179854096877286,  0.0622822735425397
					,  0.139164224748672,  -0.424294027005468,  0.175161448629785
					,  -0.0117248474974104,  0.200017484871093,  0.171762874577524
					,  0.298804466013973,  -0.306138715273428,  0.0440632605236677
					,  0.0257503469109187,  0.186048454728591,  -0.291750968534007
					,  -0.14177367209236,  0.129220789743299,  -0.173424056985109
					,  0.117622757632757,  0.110234152463099,  0.105854857271716
					,  -0.121919052278355,  -0.0526549251610524,  -0.120862606306432
					,  0.385372179220179,  0.157787670996088,  0.114995363896571
					,  0.272074578153407,  0.18139979871423,  -0.524405773967993
					,  -0.0584322395196067,  -0.538041473397227,  -0.0657408070835766
					,  -0.0905943775987688,  0.765112829148429,  -0.0171404951840534
					,  -0.291089592016447,  0.220768718095366,  -0.481368232206858
					,  -0.44442691254202,  -0.221152007479557,  0.351357950433552
					,  -0.706967929849535,  0.400632513633705,  -0.453789924496881
					,  -0.176169634118968,  0.803392693382153,  -0.0133505930783651
					,  0.318045932001665,  0.400035265463187,  0.391038948201156
					,  0.436964236643112,  0.423070573702752,  0.752755319918491
					,  -0.55854495513271,  0.105215098687808,  -0.366743833772458
					,  0.00677889956750443,  -0.00785466830538005,  -0.118107111293539
					,  -0.342040728972526,  -0.0978698997951988,  0.0110739333070929
					,  0.142689500209279,  0.104946690428307,  -0.731249893301731
					,  0.255748595350548,  0.00389490970191429,  0.172663315998345
					,  0.289873962330626,  -0.856128027336838,  0.0474351659268521
					,  -0.307548627967892,  0.402662589438565,  -0.0584244804272632
					,  0.521176243700323,  0.140910870276624,  0.0449984804169332
					,  -0.0100848629186195,  0.0484828262650785,  0.480650330682696
					,  -0.48609889693499,  -0.0931545362405784,  -1.16475852234319
					,  0.828861578382476,  -0.334590967744275,  -0.194655379865399
					,  -0.266692217541209,  -0.475147290873707,  0.201044423232379
					,  -0.485969955109865,  -0.190413978659412,  0.0150393351393944
					,  -0.342278921706645,  0.37934785466061,  0.0779457550570291
					,  0.0254865058156692,  -0.274200437496044,  -0.243158697929134
					,  -0.24983042422321,  -0.0168171704264058,  -0.232844725548907
					,  0.216446477347265,  -0.156940083092107,  0.0559263930419781
					,  0.12539874968325,  0.145333962706777,  -0.0554726444598366
					,  0.364445245930098,  -0.0154171060378645,  0.00157873401801804
					,  0.0766882538059712,  -0.0919196685728408,  -0.113864555880685
					,  -0.333844022362647,  0.00355863361482604,  0.463485856339515
					,  0.0546291337844372,  0.0888441974208866,  -0.0243339964031024
					,  -0.00476079905542459,  -0.00543877836423741,  -0.0728524457035867
					,  -0.0495987313397324,  0.230560775249718,  0.085205752095392
					,  -0.00619192304609035,  0.0369232375895981,  -0.0534608659119853
					,  -0.14963845300669,  0.134814992535111,  -0.0493236992365941
					,  0.0253205018776563,  -0.0830434209575396,  0.158742236500492
					,  0.103618021561865,  -0.207257233587407,  0.101059201499002
					,  -0.0897693185549627,  -0.127598310630347,  -0.10136260586492
					,  -0.0587739646726505,  -0.0245731079135845,  -0.213448465250995
					,  -0.237460658032688,  -0.103716318530193,  -0.175558850407203
					,  -0.107148770841984,  -0.166046654865911,  0.360383862008941
					,  -0.100558569629445,  0.337072291469726,  0.121051244315782
					))
				, nrow = 60, ncol = 3
				, dimnames = list(
					as.character(c( "1", "2", "3", "4", "5", "6", "7", "8", "9", "10"
					  , "11", "12", "13", "14", "15", "16", "17", "18", "19", "20"
					  , "21", "22", "23", "24", "25", "26", "27", "28", "29", "30"
					  , "31", "32", "33", "34", "35", "36", "37", "38", "39", "40"
					  , "41", "42", "43", "44", "45", "46", "47", "48", "49", "50"
					  , "51", "52", "53", "54", "55", "56", "57", "58", "59", "60"))
					, as.character(c("nVmax", "nKm", "nV"))
					)
				))
			)
		, "logLik" = c(-3227.92)
		, "nObs" = c(480)
		, "nSubj" = c(60)
		, "nParm" = c(12)
		, "returnCode" = c(3)
		, "omega" = matrix(
			as.numeric(c(0.107644375417123, 0, 0, 0, 0.213760763436063, 0, 0, 0, 0.100230678884218))
			, nrow = 3, ncol = 3
			, dimnames = list(
				as.character(c("nVmax", "nKm", "nV"))
				, as.character(c("nVmax", "nKm", "nV"))
				)
			)
		, "eta" = matrix(
			as.numeric(c(-0.00491257316692649, -0.0159134467240321, -0.00941060882689979, 0.064725437455123, 0.168695703678411, 0.0304664611012662, 0.254411944403409, 0.410725825433964, 0.174546443966258, 0.224571380183182, 0.111642005172377, 0.448671212831847))
			, nrow = 3, ncol = 4
			, dimnames = list(
				as.character(c("nVmax", "nKm", "nV"))
				, as.character(c("mean", "var", "sd", "shrinkage"))
				)
			)
		, "eta_shrinkage" = list("Subject" = matrix(
			as.numeric(c(
				 0.320243064009224,  0.728732252160251,  0.375564335043271
				,  0.384033781228898,  0.390985410115527,  0.266730533486139
				,  0.309467430330606,  0.377131421066785,  0.415724768146743
				,  0.316131950871149,  0.439993350494736,  0.344234984399563
				,  0.374659043516006,  0.436826290508901,  0.406873846457368
				,  0.54279222021338,  0.414042310440362,  0.434523134717667
				,  0.450110857872034,  0.429210835414849,  0.459941124994723
				,  0.311748478622854,  0.395894453159332,  0.330924237089279
				,  0.398468259392368,  0.380460264249393,  0.370562962463818
				,  0.318032623728243,  0.361745266745406,  0.386055542860791
				,  0.418255865238908,  0.42065293451016,  0.310179555411387
				,  0.399375821328447,  0.361048718462678,  0.403365418361318
				,  0.404191359081772,  0.285157505713409,  0.405405081243628
				,  0.371248446789352,  0.410389871655302,  0.373606598082122
				,  0.477770506562625,  0.391059868160035,  0.381164943705194
				,  0.355487280435138,  0.392465980898443,  0.432666855056223
				,  0.335284854385341,  0.387796408575665,  0.184149528372972
				,  0.437969777708059,  0.34205247688018,  0.318631101214708
				,  0.380413408170915,  0.348976817797367,  0.491269265268565
				,  0.273104562983776,  0.423380369911997,  0.391318409420905
				,  0.175193621633176,  0.207966959154861,  0.181595620839495
				,  0.177839070296218,  0.172479662854198,  0.15981414806834
				,  0.162307569691701,  0.177445360793131,  0.181306602083883
				,  0.160309209763707,  0.188574231496384,  0.170375422313362
				,  0.168136652522912,  0.203138270175934,  0.179487496925081
				,  0.216940511590431,  0.206001605968329,  0.204903393556153
				,  0.20738172488786,  0.189778395567917,  0.218630348594425
				,  0.190049684441205,  0.190018230245317,  0.194915357184638
				,  0.191066546257255,  0.195494528140992,  0.171705877285738
				,  0.167042776515093,  0.172625313578667,  0.183355913084484
				,  0.190810388349067,  0.199142741755188,  0.165627307752166
				,  0.200771888104417,  0.169946871669441,  0.173354307485794
				,  0.170521941323918,  0.167051032050366,  0.182713609634269
				,  0.164573770182025,  0.183553761585659,  0.201222317946567
				,  0.222614016769411,  0.173785570106282,  0.173874108218108
				,  0.176693871908853,  0.176284945059914,  0.195601766127341
				,  0.161724007798558,  0.176984121466896,  0.161695674980604
				,  0.189861526329729,  0.162485728541796,  0.175563644072279
				,  0.169920574895753,  0.171335183125151,  0.210921585528249
				,  0.161670816839822,  0.200689541255413,  0.191048524313693
				,  0.688908203411815,  0.838770607019475,  0.696540347357388
				,  0.686217028843316,  0.66731659038365,  0.695097381125399
				,  0.694281334923142,  0.681440006230992,  0.666709143267541
				,  0.680665190266603,  0.659891653913536,  0.693000823178573
				,  0.678764902024894,  0.690541360212124,  0.667718781384488
				,  0.769042103566737,  0.694283399153044,  0.674552763007142
				,  0.683655211090204,  0.666981963766922,  0.675781788208632
				,  0.7249539259564,  0.684205631001708,  0.766831519461506
				,  0.689340921221747,  0.701289544440199,  0.672279862753142
				,  0.717831565923783,  0.682894711151577,  0.684436555776531
				,  0.669077167790384,  0.719312191180536,  0.669390531861119
				,  0.694506236295975,  0.677124413669636,  0.673660679150011
				,  0.664984838119525,  0.707897973876313,  0.679328471646555
				,  0.672071238777562,  0.669985154173162,  0.722389828891213
				,  0.707128175983917,  0.674029843911456,  0.687191241521615
				,  0.683432957750755,  0.678379782711836,  0.666158832849727
				,  0.70235939820212,  0.686950691458965,  0.664310656554411
				,  0.656816370251116,  0.677984013881233,  0.702396771283915
				,  0.675417458521364,  0.674462756196564,  0.756888137025786
				,  0.681635845430036,  0.737213785208186,  0.691148990686207
				))
			, nrow = 60, ncol = 3
			, dimnames = list(
				as.character(c( "1", "2", "3", "4", "5", "6", "7", "8", "9", "10"
				  , "11", "12", "13", "14", "15", "16", "17", "18", "19", "20"
				  , "21", "22", "23", "24", "25", "26", "27", "28", "29", "30"
				  , "31", "32", "33", "34", "35", "36", "37", "38", "39", "40"
				  , "41", "42", "43", "44", "45", "46", "47", "48", "49", "50"
				  , "51", "52", "53", "54", "55", "56", "57", "58", "59", "60"))
				, as.character(c("nVmax_shrinkage", "nKm_shrinkage", "nV_shrinkage"))
				)
			))
		, "sigma" = matrix(
			as.numeric(c(0.0285922948533175))
			, nrow = 1, ncol = 1
			, dimnames = list(
				as.character(c("CEps"))
				, as.character(c("CEps"))
				)
			)
		, "method" = "FOCE-ELS"
		, "varFix" = matrix(
			as.numeric(c(0.00163716994964934, 0.813492844387475, -0.939336236275338, -0.0444868364499282, -0.00125386700971661, 0.0358349922384506, -0.0364509288226557, -0.003695375080485, -0.000236607602105821, 0.813492844387475, 228027.334701778, 68846.4914451459, 735.198312628678, -32.0309558153886, -162.258664154796, 414.507604071059, 32.3389090860792, -7.13574938817171, -0.939336236275338, 68846.4914451459, 29868.9844801229, -418.385875647072, -14.237607824643, 52.6738383373207, 85.6377839439505, 12.1428683692462, -2.83462481496052, -0.0444868364499282, 735.198312628678, -418.385875647072, 2192.31255510055, 10.9506662201842, -334.691943020133, 498.301614233497, -2.64783521029371, -0.306501771091098, -0.00125386700971661, -32.0309558153886, -14.237607824643, 10.9506662201842, 0.0790210805589167, -1.63634363956423, 2.5782758044243, -0.0202018528661342, -0.00271206214374106, 0.0358349922384506, -162.258664154796, 52.6738383373207, -334.691943020133, -1.63634363956423, 56.231134358022, -65.9960814683813, 0.0335541918346861, -0.0900816903205471, -0.0364509288226557, 414.507604071059, 85.6377839439505, 498.301614233497, 2.5782758044243, -65.9960814683813, 143.915881767038, -1.1774018383418, -0.40164353109202, -0.003695375080485, 32.3389090860792, 12.1428683692462, -2.64783521029371, -0.0202018528661342, 0.0335541918346861, -1.1774018383418, 0.164719338107329, 0.000611686857311677, -0.000236607602105821, -7.13574938817171, -2.83462481496052, -0.306501771091098, -0.00271206214374106, -0.0900816903205471, -0.40164353109202, 0.000611686857311677, 0.011487619658003))
			, nrow = 9, ncol = 9
			, dimnames = list(
				as.character(c("CMultStdev", "tvVmax", "tvKm", "tvV", "tvKa", "K12", "K21", "dVdWT", "CEps"))
				, as.character(c("CMultStdev", "tvVmax", "tvKm", "tvV", "tvKa", "K12", "K21", "dVdWT", "CEps"))
				)
			)
		, "omegaSE" = matrix(
			as.numeric(c(0.0819444945528868, 0, 0, 0, 0.0553186455964898, 0, 0, 0, 0.158607754442072))
			, nrow = 3, ncol = 3, byrow = TRUE
			, dimnames = list(
				as.character(c("nVmax", "nKm", "nV"))
				, as.character(c("nVmax", "nKm", "nV"))
				)
			)
		, "Covariance" = matrix(
			as.numeric(c(0.0016371699, 0.81349284, -0.93933624, -0.044486836, -0.001253867, 0.035834992, -0.036450929, -0.0036953751, -0.0002366076, -0.00051715333,         0, -0.00038431668,         0,         0, 0.0011770725, 0.81349284, 228027.33, 68846.491, 735.19831, -32.030956, -162.25866,  414.5076, 32.338909, -7.1357494, -1.6309949,         0, 3.2686455,         0,         0, 6.5964138, -0.93933624, 68846.491, 29868.984, -418.38588, -14.237608, 52.673838, 85.637784, 12.142868, -2.8346248, 0.073379277,         0, 1.6177821,         0,         0, -1.2296057, -0.044486836, 735.19831, -418.38588, 2192.3126, 10.950666, -334.69194, 498.30161, -2.6478352, -0.30650177, -0.42847102,         0, 0.059393482,         0,         0, -0.29347094, -0.001253867, -32.030956, -14.237608, 10.950666, 0.079021081, -1.6363436, 2.5782758, -0.020201853, -0.0027120621, 0.00015654463,         0, -0.00060786924,         0,         0, -0.0052484105, 0.035834992, -162.25866, 52.673838, -334.69194, -1.6363436, 56.231134, -65.996081, 0.033554192, -0.09008169, 0.11205265,         0, -0.048772553,         0,         0, -0.062715326, -0.036450929,  414.5076, 85.637784, 498.30161, 2.5782758, -65.996081, 143.91588, -1.1774018, -0.40164353, 0.091212384,         0, -0.060409227,         0,         0, -0.47766936, -0.0036953751, 32.338909, 12.142868, -2.6478352, -0.020201853, 0.033554192, -1.1774018, 0.16471934, 0.00061168686, 0.0020575275,         0, 0.0062242758,         0,         0, -0.003424413, -0.0002366076, -7.1357494, -2.8346248, -0.30650177, -0.0027120621, -0.09008169, -0.40164353, 0.00061168686, 0.01148762, -0.0016923477,         0, 0.0013734749,         0,         0, 0.0037835488, -0.00051715333, -1.6309949, 0.073379277, -0.42847102, 0.00015654463, 0.11205265, 0.091212384, 0.0020575275, -0.0016923477, 0.0067149002,         0, 0.0007699345,         0,         0, -0.01175889,         0,         0,         0,         0,         0,         0,         0,         0,         0,         0,         0,         0,         0,         0,         0, -0.00038431668, 3.2686455, 1.6177821, 0.059393482, -0.00060786924, -0.048772553, -0.060409227, 0.0062242758, 0.0013734749, 0.0007699345,         0, 0.0030601526,         0,         0, -0.0018810384,         0,         0,         0,         0,         0,         0,         0,         0,         0,         0,         0,         0,         0,         0,         0,         0,         0,         0,         0,         0,         0,         0,         0,         0,         0,         0,         0,         0,         0,         0, 0.0011770725, 6.5964138, -1.2296057, -0.29347094, -0.0052484105, -0.062715326, -0.47766936, -0.003424413, 0.0037835488, -0.01175889,         0, -0.0018810384,         0,         0, 0.02515642))
			, nrow = 15, ncol = 15
			, dimnames = list(
				as.character(c("CMultStdev", "tvVmax", "tvKm", "tvV", "tvKa", "K12", "K21", "dVdWT", "stdev0", "nVmax-nVmax", "nKm-nVmax", "nKm-nKm", "nV-nVmax", "nV-nKm", "nV-nV"))
				, as.character(c("CMultStdev", "tvVmax", "tvKm", "tvV", "tvKa", "K12", "K21", "dVdWT", "stdev0", "nVmax-nVmax", "nKm-nVmax", "nKm-nKm", "nV-nVmax", "nV-nKm", "nV-nV"))
				)
			)
		, "Correlation" = matrix(
			as.numeric(c(0.040461957, 0.042103035, -0.1343272, -0.023481909, -0.11023845, 0.11810601, -0.075094366, -0.22502945, -0.054559049, -0.15597416,         0, -0.17170021,         0,         0, 0.18341376, 0.042103035, 477.52208, 0.83421526, 0.03288212, -0.23861897, -0.045313334, 0.072357689, 0.16686283, -0.13942194, -0.041681119,         0, 0.12373793,         0,         0, 0.087094357, -0.1343272, 0.83421526, 172.82646, -0.051702977, -0.29305917, 0.040643988, 0.041304829, 0.17311662, -0.1530278, 0.0051813559,         0, 0.16921477,         0,         0, -0.044857101, -0.023481909, 0.03288212, -0.051702977, 46.822137, 0.83198946, -0.95324734, 0.88712884, -0.13933731, -0.061075457, -0.11167358,         0, 0.022930631,         0,         0, -0.039517499, -0.11023845, -0.23861897, -0.29305917, 0.83198946, 0.28110688, -0.77627323, 0.76454584, -0.17707099, -0.090014636, 0.006795899,         0, -0.039090133,         0,         0, -0.11771502, 0.11810601, -0.045313334, 0.040643988, -0.95324734, -0.77627323, 7.4987422, -0.7336271, 0.01102519, -0.11208128, 0.18235343,         0, -0.11757515,         0,         0, -0.052730373, -0.075094366, 0.072357689, 0.041304829, 0.88712884, 0.76454584, -0.7336271, 11.996495, -0.24182325, -0.31237149, 0.092785404,         0, -0.091028499,         0,         0, -0.25104329, -0.22502945, 0.16686283, 0.17311662, -0.13933731, -0.17707099, 0.01102519, -0.24182325, 0.4058563, 0.01406183, 0.061866218,         0, 0.27723304,         0,         0, -0.05319728, -0.054559049, -0.13942194, -0.1530278, -0.061075457, -0.090014636, -0.11208128, -0.31237149, 0.01406183, 0.10718031, -0.19268805,         0,  0.231651,         0,         0, 0.22256655, -0.15597416, -0.041681119, 0.0051813559, -0.11167358, 0.006795899, 0.18235343, 0.092785404, 0.061866218, -0.19268805, 0.081944495,         0, 0.16984879,         0,         0, -0.90473655,         0,         0,         0,         0,         0,         0,         0,         0,         0,         0,         0,         0,         0,         0,         0, -0.17170021, 0.12373793, 0.16921477, 0.022930631, -0.039090133, -0.11757515, -0.091028499, 0.27723304,  0.231651, 0.16984879,         0, 0.055318646,         0,         0, -0.21438861,         0,         0,         0,         0,         0,         0,         0,         0,         0,         0,         0,         0,         0,         0,         0,         0,         0,         0,         0,         0,         0,         0,         0,         0,         0,         0,         0,         0,         0,         0, 0.18341376, 0.087094357, -0.044857101, -0.039517499, -0.11771502, -0.052730373, -0.25104329, -0.05319728, 0.22256655, -0.90473655,         0, -0.21438861,         0,         0, 0.15860775))
			, nrow = 15, ncol = 15
			, dimnames = list(
				as.character(c("CMultStdev", "tvVmax", "tvKm", "tvV", "tvKa", "K12", "K21", "dVdWT", "stdev0", "nVmax-nVmax", "nKm-nVmax", "nKm-nKm", "nV-nVmax", "nV-nKm", "nV-nV"))
				, as.character(c("CMultStdev", "tvVmax", "tvKm", "tvV", "tvKa", "K12", "K21", "dVdWT", "stdev0", "nVmax-nVmax", "nKm-nVmax", "nKm-nKm", "nV-nVmax", "nV-nKm", "nV-nV"))
				)
			)
		, "Inverse" = matrix(
			as.numeric(c(1405.0332, -0.044469433, 0.08170184, -6.9087725, 45.017614, -28.262847, 10.735448,   8.25181, -17.337404,  14.95131,         0, 90.692281,         0,         0, 29.593352, -0.044469433, 2.0815648e-005, -4.618964e-005, 7.0009758e-005, 0.0052962015, 0.00050382572, -0.00023796348, -0.001497798, 0.0032221621, -0.060303436,         0, -0.0059112359,         0,         0, -0.036294066, 0.08170184, -4.618964e-005, 0.0001582129, 0.00038265334, 0.014125176, 0.001311277, -0.00070432716, 0.0022656028, 0.0086040279, 0.15384029,         0, -0.017878314,         0,         0, 0.082915469, -6.9087725, 7.0009758e-005, 0.00038265334, 0.075863745, -0.28840283, 0.30877492, -0.11631566, 0.10550169, 0.50908352, 1.2282778,         0, -0.6973009,         0,         0, 0.16942551, 45.017614, 0.0052962015, 0.014125176, -0.28840283, 60.329308, -0.0067566343, -0.073199562, 1.1875827, 10.160338, -30.188794,         0, 2.8758382,         0,         0, -10.25197, -28.262847, 0.00050382572, 0.001311277, 0.30877492, -0.0067566343, 1.3586872, -0.4375714, 0.73938081, 3.9563051, 3.7075238,         0, -1.3102798,         0,         0, 1.0744034, 10.735448, -0.00023796348, -0.00070432716, -0.11631566, -0.073199562, -0.4375714, 0.22057739, 0.076267233, 0.36032585, -0.67566342,         0, 2.0954062,         0,         0, 1.0479548,   8.25181, -0.001497798, 0.0022656028, 0.10550169, 1.1875827, 0.73938081, 0.076267233, 8.9144809, 10.372232, 7.1368107,         0, -7.1533211,         0,         0, 7.3419376, -17.337404, 0.0032221621, 0.0086040279, 0.50908352, 10.160338, 3.9563051, 0.36032585, 10.372232, 154.08922, 9.1793233,         0, -37.427923,         0,         0, 4.8793374,  14.95131, -0.060303436, 0.15384029, 1.2282778, -30.188794, 3.7075238, -0.67566342, 7.1368107, 9.1793233, 1144.2946,         0, 41.415281,         0,         0, 564.64289,         0,         0,         0,         0,         0,         0,         0,         0,         0,         0,         0,         0,         0,         0,         0, 90.692281, -0.0059112359, -0.017878314, -0.6973009, 2.8758382, -1.3102798, 2.0954062, -7.1533211, -37.427923, 41.415281,         0, 461.02692,         0,         0,  83.90592,         0,         0,         0,         0,         0,         0,         0,         0,         0,         0,         0,         0,         0,         0,         0,         0,         0,         0,         0,         0,         0,         0,         0,         0,         0,         0,         0,         0,         0,         0, 29.593352, -0.036294066, 0.082915469, 0.16942551, -10.25197, 1.0744034, 1.0479548, 7.3419376, 4.8793374, 564.64289,         0,  83.90592,         0,         0, 344.82201))
			, nrow = 15, ncol = 15
			, dimnames = list(
				as.character(c("CMultStdev", "tvVmax", "tvKm", "tvV", "tvKa", "K12", "K21", "dVdWT", "stdev0", "nVmax-nVmax", "nKm-nVmax", "nKm-nKm", "nV-nVmax", "nV-nKm", "nV-nV"))
				, as.character(c("CMultStdev", "tvVmax", "tvKm", "tvV", "tvKa", "K12", "K21", "dVdWT", "stdev0", "nVmax-nVmax", "nKm-nVmax", "nKm-nKm", "nV-nVmax", "nV-nKm", "nV-nV"))
				)
			)
		, "LLTable" = data.frame(
			id = as.character(c( "1", "2", "3", "4", "5", "6", "7", "8", "9", "10", "11", "12", "13", "14", "15", "16", "17", "18", "19", "20", "21", "22", "23", "24", "25", "26", "27", "28", "29", "30", "31", "32", "33", "34", "35", "36", "37", "38", "39", "40", "41", "42", "43", "44", "45", "46", "47", "48", "49", "50", "51", "52", "53", "54", "55", "56", "57", "58", "59", "60"))
			, "LL" = c(-43.859813, -56.722294, -54.486722, -55.569081, -47.093716, -57.568385, -53.061039, -52.34034, -48.934421, -57.97982, -49.369493, -55.796599, -54.421966, -54.413237, -51.806027, -59.049889, -56.032363, -51.196155, -53.855906, -51.413377, -51.779676, -43.743764, -52.869454, -70.17376, -54.663687, -56.043362, -51.913246, -59.098148, -52.64788, -51.929653, -51.099722, -58.870802, -52.243271, -53.541908, -50.836069, -52.61214, -47.734505, -64.357663, -51.383638, -52.975549, -50.930548, -61.244168, -53.611583, -50.990012, -56.981356, -51.828765, -51.026044, -51.107451, -56.682922, -53.819352, -55.466591, -48.706978, -53.107965, -50.958825, -50.473203, -51.443058, -61.305377, -52.117597, -62.926918, -57.700683)
			) # end of LLTable
		, "residuals" = data.frame(
			  ID1 = as.character(c(  "",   "",   "",   "",   "",   "",   "",   "",   "",   "",   "",   "",   "",   "",   "",   "",   "",   "",   "",   "",   "",   "",   "",   "",   "",   "",   "",   "",   "",   "",   "",   "",   "",   "",   "",   "",   "",   "",   "",   "",   "",   "",   "",   "",   "",   "",   "",   "",   "",   "",   "",   "",   "",   "",   "",   "",   "",   "",   "",   "",   "",   "",   "",   "",   "",   "",   "",   "",   "",   "",   "",   "",   "",   "",   "",   "",   "",   "",   "",   "",   "",   "",   "",   "",   "",   "",   "",   "",   "",   "",   "",   "",   "",   "",   "",   "",   "",   "",   "",   "",   "",   "",   "",   "",   "",   "",   "",   "",   "",   "",   "",   "",   "",   "",   "",   "",   "",   "",   "",   "",   "",   "",   "",   "",   "",   "",   "",   "",   "",   "",   "",   "",   "",   "",   "",   "",   "",   "",   "",   "",   "",   "",   "",   "",   "",   "",   "",   "",   "",   "",   "",   "",   "",   "",   "",   "",   "",   "",   "",   "",   "",   "",   "",   "",   "",   "",   "",   "",   "",   "",   "",   "",   "",   "",   "",   "",   "",   "",   "",   "",   "",   "",   "",   "",   "",   "",   "",   "",   "",   "",   "",   "",   "",   "",   "",   "",   "",   "",   "",   "",   "",   "",   "",   "",   "",   "",   "",   "",   "",   "",   "",   "",   "",   "",   "",   "",   "",   "",   "",   "",   "",   "",   "",   "",   "",   "",   "",   "",   "",   "",   "",   "",   "",   "",   "",   "",   "",   "",   "",   "",   "",   "",   "",   "",   "",   "",   "",   "",   "",   "",   "",   "",   "",   "",   "",   "",   "",   "",   "",   "",   "",   "",   "",   "",   "",   "",   "",   "",   "",   "",   "",   "",   "",   "",   "",   "",   "",   "",   "",   "",   "",   "",   "",   "",   "",   "",   "",   "",   "",   "",   "",   "",   "",   "",   "",   "",   "",   "",   "",   "",   "",   "",   "",   "",   "",   "",   "",   "",   "",   "",   "",   "",   "",   "",   "",   "",   "",   "",   "",   "",   "",   "",   "",   "",   "",   "",   "",   "",   "",   "",   "",   "",   "",   "",   "",   "",   "",   "",   "",   "",   "",   "",   "",   "",   "",   "",   "",   "",   "",   "",   "",   "",   "",   "",   "",   "",   "",   "",   "",   "",   "",   "",   "",   "",   "",   "",   "",   "",   "",   "",   "",   "",   "",   "",   "",   "",   "",   "",   "",   "",   "",   "",   "",   "",   "",   "",   "",   "",   "",   "",   "",   "",   "",   "",   "",   "",   "",   "",   "",   "",   "",   "",   "",   "",   "",   "",   "",   "",   "",   "",   "",   "",   "",   "",   "",   "",   "",   "",   "",   "",   "",   "",   "",   "",   "",   "",   "",   "",   "",   "",   "",   "",   "",   "",   "",   "",   "",   "",   "",   "",   "",   "",   "",   "",   "",   "",   "",   "",   "",   "",   "",   "",   "",   "",   "",   "",   "",   "",   "",   "",   "",   "",   "",   "",   "",   "",   "",   "",   "",   "",   "",   "",   "",   "",   "",   "",   "",   "",   "",   ""))
			, ID2 = as.character(c(  "",   "",   "",   "",   "",   "",   "",   "",   "",   "",   "",   "",   "",   "",   "",   "",   "",   "",   "",   "",   "",   "",   "",   "",   "",   "",   "",   "",   "",   "",   "",   "",   "",   "",   "",   "",   "",   "",   "",   "",   "",   "",   "",   "",   "",   "",   "",   "",   "",   "",   "",   "",   "",   "",   "",   "",   "",   "",   "",   "",   "",   "",   "",   "",   "",   "",   "",   "",   "",   "",   "",   "",   "",   "",   "",   "",   "",   "",   "",   "",   "",   "",   "",   "",   "",   "",   "",   "",   "",   "",   "",   "",   "",   "",   "",   "",   "",   "",   "",   "",   "",   "",   "",   "",   "",   "",   "",   "",   "",   "",   "",   "",   "",   "",   "",   "",   "",   "",   "",   "",   "",   "",   "",   "",   "",   "",   "",   "",   "",   "",   "",   "",   "",   "",   "",   "",   "",   "",   "",   "",   "",   "",   "",   "",   "",   "",   "",   "",   "",   "",   "",   "",   "",   "",   "",   "",   "",   "",   "",   "",   "",   "",   "",   "",   "",   "",   "",   "",   "",   "",   "",   "",   "",   "",   "",   "",   "",   "",   "",   "",   "",   "",   "",   "",   "",   "",   "",   "",   "",   "",   "",   "",   "",   "",   "",   "",   "",   "",   "",   "",   "",   "",   "",   "",   "",   "",   "",   "",   "",   "",   "",   "",   "",   "",   "",   "",   "",   "",   "",   "",   "",   "",   "",   "",   "",   "",   "",   "",   "",   "",   "",   "",   "",   "",   "",   "",   "",   "",   "",   "",   "",   "",   "",   "",   "",   "",   "",   "",   "",   "",   "",   "",   "",   "",   "",   "",   "",   "",   "",   "",   "",   "",   "",   "",   "",   "",   "",   "",   "",   "",   "",   "",   "",   "",   "",   "",   "",   "",   "",   "",   "",   "",   "",   "",   "",   "",   "",   "",   "",   "",   "",   "",   "",   "",   "",   "",   "",   "",   "",   "",   "",   "",   "",   "",   "",   "",   "",   "",   "",   "",   "",   "",   "",   "",   "",   "",   "",   "",   "",   "",   "",   "",   "",   "",   "",   "",   "",   "",   "",   "",   "",   "",   "",   "",   "",   "",   "",   "",   "",   "",   "",   "",   "",   "",   "",   "",   "",   "",   "",   "",   "",   "",   "",   "",   "",   "",   "",   "",   "",   "",   "",   "",   "",   "",   "",   "",   "",   "",   "",   "",   "",   "",   "",   "",   "",   "",   "",   "",   "",   "",   "",   "",   "",   "",   "",   "",   "",   "",   "",   "",   "",   "",   "",   "",   "",   "",   "",   "",   "",   "",   "",   "",   "",   "",   "",   "",   "",   "",   "",   "",   "",   "",   "",   "",   "",   "",   "",   "",   "",   "",   "",   "",   "",   "",   "",   "",   "",   "",   "",   "",   "",   "",   "",   "",   "",   "",   "",   "",   "",   "",   "",   "",   "",   "",   "",   "",   "",   "",   "",   "",   "",   "",   "",   "",   "",   "",   "",   "",   "",   "",   "",   "",   "",   "",   "",   "",   "",   "",   "",   "",   "",   "",   "",   "",   "",   "",   "",   "",   "",   ""))
			, ID3 = as.character(c(  "",   "",   "",   "",   "",   "",   "",   "",   "",   "",   "",   "",   "",   "",   "",   "",   "",   "",   "",   "",   "",   "",   "",   "",   "",   "",   "",   "",   "",   "",   "",   "",   "",   "",   "",   "",   "",   "",   "",   "",   "",   "",   "",   "",   "",   "",   "",   "",   "",   "",   "",   "",   "",   "",   "",   "",   "",   "",   "",   "",   "",   "",   "",   "",   "",   "",   "",   "",   "",   "",   "",   "",   "",   "",   "",   "",   "",   "",   "",   "",   "",   "",   "",   "",   "",   "",   "",   "",   "",   "",   "",   "",   "",   "",   "",   "",   "",   "",   "",   "",   "",   "",   "",   "",   "",   "",   "",   "",   "",   "",   "",   "",   "",   "",   "",   "",   "",   "",   "",   "",   "",   "",   "",   "",   "",   "",   "",   "",   "",   "",   "",   "",   "",   "",   "",   "",   "",   "",   "",   "",   "",   "",   "",   "",   "",   "",   "",   "",   "",   "",   "",   "",   "",   "",   "",   "",   "",   "",   "",   "",   "",   "",   "",   "",   "",   "",   "",   "",   "",   "",   "",   "",   "",   "",   "",   "",   "",   "",   "",   "",   "",   "",   "",   "",   "",   "",   "",   "",   "",   "",   "",   "",   "",   "",   "",   "",   "",   "",   "",   "",   "",   "",   "",   "",   "",   "",   "",   "",   "",   "",   "",   "",   "",   "",   "",   "",   "",   "",   "",   "",   "",   "",   "",   "",   "",   "",   "",   "",   "",   "",   "",   "",   "",   "",   "",   "",   "",   "",   "",   "",   "",   "",   "",   "",   "",   "",   "",   "",   "",   "",   "",   "",   "",   "",   "",   "",   "",   "",   "",   "",   "",   "",   "",   "",   "",   "",   "",   "",   "",   "",   "",   "",   "",   "",   "",   "",   "",   "",   "",   "",   "",   "",   "",   "",   "",   "",   "",   "",   "",   "",   "",   "",   "",   "",   "",   "",   "",   "",   "",   "",   "",   "",   "",   "",   "",   "",   "",   "",   "",   "",   "",   "",   "",   "",   "",   "",   "",   "",   "",   "",   "",   "",   "",   "",   "",   "",   "",   "",   "",   "",   "",   "",   "",   "",   "",   "",   "",   "",   "",   "",   "",   "",   "",   "",   "",   "",   "",   "",   "",   "",   "",   "",   "",   "",   "",   "",   "",   "",   "",   "",   "",   "",   "",   "",   "",   "",   "",   "",   "",   "",   "",   "",   "",   "",   "",   "",   "",   "",   "",   "",   "",   "",   "",   "",   "",   "",   "",   "",   "",   "",   "",   "",   "",   "",   "",   "",   "",   "",   "",   "",   "",   "",   "",   "",   "",   "",   "",   "",   "",   "",   "",   "",   "",   "",   "",   "",   "",   "",   "",   "",   "",   "",   "",   "",   "",   "",   "",   "",   "",   "",   "",   "",   "",   "",   "",   "",   "",   "",   "",   "",   "",   "",   "",   "",   "",   "",   "",   "",   "",   "",   "",   "",   "",   "",   "",   "",   "",   "",   "",   "",   "",   "",   "",   "",   "",   "",   "",   "",   "",   "",   "",   "",   "",   "",   "",   "",   "",   "",   "",   ""))
			, ID4 = as.character(c(  "",   "",   "",   "",   "",   "",   "",   "",   "",   "",   "",   "",   "",   "",   "",   "",   "",   "",   "",   "",   "",   "",   "",   "",   "",   "",   "",   "",   "",   "",   "",   "",   "",   "",   "",   "",   "",   "",   "",   "",   "",   "",   "",   "",   "",   "",   "",   "",   "",   "",   "",   "",   "",   "",   "",   "",   "",   "",   "",   "",   "",   "",   "",   "",   "",   "",   "",   "",   "",   "",   "",   "",   "",   "",   "",   "",   "",   "",   "",   "",   "",   "",   "",   "",   "",   "",   "",   "",   "",   "",   "",   "",   "",   "",   "",   "",   "",   "",   "",   "",   "",   "",   "",   "",   "",   "",   "",   "",   "",   "",   "",   "",   "",   "",   "",   "",   "",   "",   "",   "",   "",   "",   "",   "",   "",   "",   "",   "",   "",   "",   "",   "",   "",   "",   "",   "",   "",   "",   "",   "",   "",   "",   "",   "",   "",   "",   "",   "",   "",   "",   "",   "",   "",   "",   "",   "",   "",   "",   "",   "",   "",   "",   "",   "",   "",   "",   "",   "",   "",   "",   "",   "",   "",   "",   "",   "",   "",   "",   "",   "",   "",   "",   "",   "",   "",   "",   "",   "",   "",   "",   "",   "",   "",   "",   "",   "",   "",   "",   "",   "",   "",   "",   "",   "",   "",   "",   "",   "",   "",   "",   "",   "",   "",   "",   "",   "",   "",   "",   "",   "",   "",   "",   "",   "",   "",   "",   "",   "",   "",   "",   "",   "",   "",   "",   "",   "",   "",   "",   "",   "",   "",   "",   "",   "",   "",   "",   "",   "",   "",   "",   "",   "",   "",   "",   "",   "",   "",   "",   "",   "",   "",   "",   "",   "",   "",   "",   "",   "",   "",   "",   "",   "",   "",   "",   "",   "",   "",   "",   "",   "",   "",   "",   "",   "",   "",   "",   "",   "",   "",   "",   "",   "",   "",   "",   "",   "",   "",   "",   "",   "",   "",   "",   "",   "",   "",   "",   "",   "",   "",   "",   "",   "",   "",   "",   "",   "",   "",   "",   "",   "",   "",   "",   "",   "",   "",   "",   "",   "",   "",   "",   "",   "",   "",   "",   "",   "",   "",   "",   "",   "",   "",   "",   "",   "",   "",   "",   "",   "",   "",   "",   "",   "",   "",   "",   "",   "",   "",   "",   "",   "",   "",   "",   "",   "",   "",   "",   "",   "",   "",   "",   "",   "",   "",   "",   "",   "",   "",   "",   "",   "",   "",   "",   "",   "",   "",   "",   "",   "",   "",   "",   "",   "",   "",   "",   "",   "",   "",   "",   "",   "",   "",   "",   "",   "",   "",   "",   "",   "",   "",   "",   "",   "",   "",   "",   "",   "",   "",   "",   "",   "",   "",   "",   "",   "",   "",   "",   "",   "",   "",   "",   "",   "",   "",   "",   "",   "",   "",   "",   "",   "",   "",   "",   "",   "",   "",   "",   "",   "",   "",   "",   "",   "",   "",   "",   "",   "",   "",   "",   "",   "",   "",   "",   "",   "",   "",   "",   "",   "",   "",   "",   "",   "",   "",   "",   "",   "",   "",   "",   "",   ""))
			, ID5 = as.character(c( "1",  "1",  "1",  "1",  "1",  "1",  "1",  "1",  "2",  "2",  "2",  "2",  "2",  "2",  "2",  "2",  "3",  "3",  "3",  "3",  "3",  "3",  "3",  "3",  "4",  "4",  "4",  "4",  "4",  "4",  "4",  "4",  "5",  "5",  "5",  "5",  "5",  "5",  "5",  "5",  "6",  "6",  "6",  "6",  "6",  "6",  "6",  "6",  "7",  "7",  "7",  "7",  "7",  "7",  "7",  "7",  "8",  "8",  "8",  "8",  "8",  "8",  "8",  "8",  "9",  "9",  "9",  "9",  "9",  "9",  "9",  "9", "10", "10", "10", "10", "10", "10", "10", "10", "11", "11", "11", "11", "11", "11", "11", "11", "12", "12", "12", "12", "12", "12", "12", "12", "13", "13", "13", "13", "13", "13", "13", "13", "14", "14", "14", "14", "14", "14", "14", "14", "15", "15", "15", "15", "15", "15", "15", "15", "16", "16", "16", "16", "16", "16", "16", "16", "17", "17", "17", "17", "17", "17", "17", "17", "18", "18", "18", "18", "18", "18", "18", "18", "19", "19", "19", "19", "19", "19", "19", "19", "20", "20", "20", "20", "20", "20", "20", "20", "21", "21", "21", "21", "21", "21", "21", "21", "22", "22", "22", "22", "22", "22", "22", "22", "23", "23", "23", "23", "23", "23", "23", "23", "24", "24", "24", "24", "24", "24", "24", "24", "25", "25", "25", "25", "25", "25", "25", "25", "26", "26", "26", "26", "26", "26", "26", "26", "27", "27", "27", "27", "27", "27", "27", "27", "28", "28", "28", "28", "28", "28", "28", "28", "29", "29", "29", "29", "29", "29", "29", "29", "30", "30", "30", "30", "30", "30", "30", "30", "31", "31", "31", "31", "31", "31", "31", "31", "32", "32", "32", "32", "32", "32", "32", "32", "33", "33", "33", "33", "33", "33", "33", "33", "34", "34", "34", "34", "34", "34", "34", "34", "35", "35", "35", "35", "35", "35", "35", "35", "36", "36", "36", "36", "36", "36", "36", "36", "37", "37", "37", "37", "37", "37", "37", "37", "38", "38", "38", "38", "38", "38", "38", "38", "39", "39", "39", "39", "39", "39", "39", "39", "40", "40", "40", "40", "40", "40", "40", "40", "41", "41", "41", "41", "41", "41", "41", "41", "42", "42", "42", "42", "42", "42", "42", "42", "43", "43", "43", "43", "43", "43", "43", "43", "44", "44", "44", "44", "44", "44", "44", "44", "45", "45", "45", "45", "45", "45", "45", "45", "46", "46", "46", "46", "46", "46", "46", "46", "47", "47", "47", "47", "47", "47", "47", "47", "48", "48", "48", "48", "48", "48", "48", "48", "49", "49", "49", "49", "49", "49", "49", "49", "50", "50", "50", "50", "50", "50", "50", "50", "51", "51", "51", "51", "51", "51", "51", "51", "52", "52", "52", "52", "52", "52", "52", "52", "53", "53", "53", "53", "53", "53", "53", "53", "54", "54", "54", "54", "54", "54", "54", "54", "55", "55", "55", "55", "55", "55", "55", "55", "56", "56", "56", "56", "56", "56", "56", "56", "57", "57", "57", "57", "57", "57", "57", "57", "58", "58", "58", "58", "58", "58", "58", "58", "59", "59", "59", "59", "59", "59", "59", "59", "60", "60", "60", "60", "60", "60", "60", "60"))
