dmp.txt <- structure(
	.Data = list(
		"coefficients" = list(
			"fixed" = c("GAMMA" = 1.96849107015032, "CMultStdev" = 0.516040586281263, "tvVmax" = 2768.47997286349, "tvKm" = 555.479717017151, "tvV" = 48.0530323141812, "tvKa" = 1.2089299447997, "CEps" = 0.497853620624712)
			, "random" = list("Subject" = matrix(
				as.numeric(c(
					 0.240204114285803,  -0.179549970260684,  0.0475968305687777
					,  0.0209178019770352,  0.336080163748909,  -0.616384980044687
					,  -0.248616335234056,  0.0744735635305461,  0.183083600589143
					,  0.164549769967379,  -0.007489074189941,  0.0887620741446807
					,  0.259108563475818,  -0.144812540117883,  0.0408391280662121
					,  -0.261534164949991,  -0.0939560055479255,  -0.0153714439829876
					,  0.116652246236389,  0.259238440026492,  0.0898490971618523
					,  0.481945472374387,  0.108389408876866,  -0.369468230117401
					,  0.0160751043463886,  0.179030575057618,  0.239262854572256
					,  -0.495423917483261,  0.0143706412574573,  -0.0187557143162206
					,  0.0758222962902909,  -0.431193116898871,  0.449502512716411
					,  -0.105980802035983,  0.275929890972001,  0.192261380527858
					,  0.162050120351403,  -0.376659794337938,  -0.166695773538635
					,  0.0752889837755237,  0.0833387365275221,  -0.331950039446894
					,  -0.136706996624575,  -0.0372469467624004,  -0.224656964686601
					,  0.130332360989758,  0.000902898805702322,  0.0665650208451039
					,  -0.135409054717824,  -0.170645719403244,  -0.142792996192234
					,  0.321952808372001,  -0.125900664614177,  0.0510570519867742
					,  0.331104861065471,  0.235902987328862,  -0.269001314406743
					,  -0.23541823622271,  -0.479309901873795,  0.0387785777985358
					,  0.122986765000495,  0.790481596763682,  -0.0443514043871285
					,  -0.297707821755766,  0.297009153728407,  -0.227412730234614
					,  -0.231720864743536,  -0.25782385860243,  0.404427456219671
					,  -0.798643040991593,  0.412455581947914,  -0.470116952641538
					,  -0.283587192411648,  0.844063376679901,  -0.115691507048602
					,  0.310542282442495,  0.489569234040284,  0.329864606068922
					,  0.30959055190543,  0.351739020652436,  0.727319433219438
					,  -0.487317480163514,  0.0399289014461247,  -0.391515956996376
					,  -0.0248517875339991,  -0.0939666021567133,  -0.153826967295214
					,  -0.288686481030769,  -0.0840415021819325,  0.0419856015679448
					,  0.095048345359055,  0.102798128293567,  -0.854635452589176
					,  0.284407803540286,  -0.0645987334005899,  0.149759966251937
					,  0.290819172356957,  -0.810321547769229,  0.0138080636390546
					,  -0.358522777759361,  0.34794809654484,  -0.150842258342284
					,  0.460913037209954,  0.369483648964302,  0.0184998816394383
					,  0.0338387826421237,  0.136735881110947,  0.51880732564306
					,  -0.389770377582074,  -0.086837571601092,  -1.00385501865912
					,  0.796832483091278,  -0.355661512789903,  -0.102833058723946
					,  -0.297324831629223,  -0.464199241461143,  0.157706803864561
					,  -0.386645650098188,  -0.260041072872538,  -0.0367954828631472
					,  -1.0718718723619,  0.586573529925501,  0.199454841884766
					,  0.380644630226607,  -0.460289056534536,  -0.959494543891832
					,  -0.662918338476024,  0.0052026054932285,  -0.329847334731351
					,  0.28557947309505,  -0.343722816478129,  0.176244820262693
					,  0.247127737972317,  0.469459547315667,  -0.253243261970116
					,  0.788234045313748,  0.139957025701845,  0.112590924078905
					,  0.248018891323559,  0.0251492683073127,  -0.0753226305405525
					,  -0.626201909763088,  -0.0381028704645162,  1.24616724797708
					,  0.443997797893171,  0.187156538531414,  -0.000521380545471021
					,  -0.174949228814162,  0.111910099825575,  -0.126535085915298
					,  0.0987927766090793,  0.269792433791808,  0.0548668019854516
					,  0.0772960511791351,  0.00890176435865629,  0.0221249669407847
					,  -0.260281153828552,  -0.222036782885176,  -0.389838714148607
					,  0.14984586190719,  -0.0586922781566194,  0.0584105469957125
					,  0.361674645182458,  -0.321418015408592,  0.0739367118084702
					,  -0.0424621097278095,  -0.116572476808086,  0.0118321076561255
					,  -0.258835758293827,  -0.120422944722951,  -0.858932992788661
					,  -0.399956653580262,  -0.558174144822407,  -0.193950366873918
					,  -0.0884446107605036,  -0.118901254174784,  0.702683210765081
					,  -0.247447190944584,  0.643319179981539,  0.408836486757577
					))
				, nrow = 60, ncol = 3
				, dimnames = list(
					as.character(c( "1", "2", "3", "4", "5", "6", "7", "8", "9", "10"
					  , "11", "12", "13", "14", "15", "16", "17", "18", "19", "20"
					  , "21", "22", "23", "24", "25", "26", "27", "28", "29", "30"
					  , "31", "32", "33", "34", "35", "36", "37", "38", "39", "40"
					  , "41", "42", "43", "44", "45", "46", "47", "48", "49", "50"
					  , "51", "52", "53", "54", "55", "56", "57", "58", "59", "60"))
					, as.character(c("nVmax", "nKm", "nV"))
					)
				))
			)
		, "logLik" = c(-3490.18)
		, "nObs" = c(480)
		, "nSubj" = c(60)
		, "nParm" = c(10)
		, "returnCode" = c(1)
		, "omega" = matrix(
			as.numeric(c(0.112701006489931, 0, 0, 0, 0.209246957641195, 0, 0, 0, 0.237565598171972))
			, nrow = 3, ncol = 3
			, dimnames = list(
				as.character(c("nVmax", "nKm", "nV"))
				, as.character(c("nVmax", "nKm", "nV"))
				)
			)
		, "eta" = matrix(
			as.numeric(c(-0.00616184598984053, -0.0104129292746981, -0.0130600867894134, 0.0555726011005356, 0.161500548416672, 0.166928133962614, 0.235738416683695, 0.401871308277503, 0.408568395697237, 0.297790880951998, 0.12146832457513, 0.161751096703907))
			, nrow = 3, ncol = 4
			, dimnames = list(
				as.character(c("nVmax", "nKm", "nV"))
				, as.character(c("mean", "var", "sd", "shrinkage"))
				)
			)
		, "eta_shrinkage" = list("Subject" = matrix(
			as.numeric(c(
				 0.262077452936599,  0.858632560102129,  0.582834381705396
				,  0.545245418281651,  0.456084340016797,  0.147237549913754
				,  0.142938255745192,  0.493174577619603,  0.552065877889154
				,  0.345659066380392,  0.538114584025149,  0.395515939334883
				,  0.467848459407664,  0.849853367700789,  0.428911052003575
				,  0.819293461979562,  0.728719240640065,  0.691132900011259
				,  0.714280202830901,  0.636502969427799,  0.751329286243269
				,  0.0914217102303496,  0.528234439436495,  0.773766487036035
				,  0.689040575855047,  0.529786490924425,  0.51191560216411
				,  0.388177428635636,  0.541277261183669,  0.496716991500405
				,  0.592074450710761,  0.657456170146722,  0.221513387111848
				,  0.658759272496888,  0.464734174239591,  0.588396603405642
				,  0.511376358489364,  0.122233152718505,  0.328804263433312
				,  0.432442778101111,  0.607684872470772,  0.45898085914443
				,  0.769007064454432,  0.493663011019697,  0.521026834821905
				,  0.540473478936705,  0.542539098242591,  0.71904236193658
				,  0.230848896534638,  0.405586242793107,  0.120089726181907
				,  0.671862738133692,  0.140336939720421,  0.485598384400127
				,  0.315640414211987,  0.259550444613239,  0.778066098919413
				,  0.241736780253125,  0.638698643708146,  0.667657443289536
				,  0.231212416882048,  0.229497068242853,  0.22070075610926
				,  0.222744323134245,  0.23788863181114,  0.193506000072628
				,  0.207863536178814,  0.219554784964956,  0.227452883052974
				,  0.223002885379904,  0.215625653449787,  0.221084067756604
				,  0.239513752451668,  0.226348169806314,  0.22263103688153
				,  0.224308528961024,  0.223715873468287,  0.223850704370231
				,  0.2315876996744,  0.238535847250997,  0.227774899489008
				,  0.236709135917476,  0.227976399671781,  0.218562037868518
				,  0.220028110467826,  0.237099908900588,  0.23036087156948
				,  0.19487857362066,  0.222489991663622,  0.221230471574057
				,  0.230614589702449,  0.202950982095738,  0.241835907724847
				,  0.217544237394553,  0.240028463130805,  0.223289019188028
				,  0.2325349396574,  0.19791277288523,  0.209576785078585
				,  0.222201255897454,  0.230404165036418,  0.208117713168265
				,  0.230904548901717,  0.222794090597173,  0.213300389914698
				,  0.225701855321468,  0.215230502475691,  0.226962575654516
				,  0.211257517387371,  0.210284250978656,  0.198530862292064
				,  0.235580207689221,  0.206404463827364,  0.212393806640225
				,  0.241179069132816,  0.235936447080321,  0.217437536898951
				,  0.204779484094657,  0.206436753690323,  0.225404509208053
				,  0.251968476294432,  0.392677717852742,  0.322488427459198
				,  0.31990523641796,  0.291922491090948,  0.279795509217667
				,  0.254679984816249,  0.310785019758394,  0.308783098959236
				,  0.283609115815444,  0.311941929200102,  0.313981743535634
				,  0.286133788918049,  0.344966325453721,  0.288026073927386
				,  0.362408593852073,  0.348677073019471,  0.318592541509613
				,  0.310683934260524,  0.301815325322036,  0.317277156121258
				,  0.181146529186844,  0.310670258167414,  0.373362284933522
				,  0.324837574377648,  0.309878858025639,  0.281289190947667
				,  0.36739449709097,  0.321892261996187,  0.324254111233759
				,  0.311978661874543,  0.386226068413151,  0.22841395994727
				,  0.353969644458735,  0.291555043511229,  0.30616889062146
				,  0.298320141764067,  0.266210441386312,  0.306060152664974
				,  0.299617207199826,  0.327958920396078,  0.37455051012849
				,  0.340671062645666,  0.322404238836765,  0.351853474875351
				,  0.313544285538382,  0.321936591641912,  0.310583414312609
				,  0.266310988439282,  0.325245866480336,  0.256564273572647
				,  0.293888114907761,  0.250658649604926,  0.31451957590787
				,  0.265969977384298,  0.242784900379002,  0.361712690120081
				,  0.301544975381321,  0.406501497913172,  0.319100687715337
				))
			, nrow = 60, ncol = 3
			, dimnames = list(
				as.character(c( "1", "2", "3", "4", "5", "6", "7", "8", "9", "10"
				  , "11", "12", "13", "14", "15", "16", "17", "18", "19", "20"
				  , "21", "22", "23", "24", "25", "26", "27", "28", "29", "30"
				  , "31", "32", "33", "34", "35", "36", "37", "38", "39", "40"
				  , "41", "42", "43", "44", "45", "46", "47", "48", "49", "50"
				  , "51", "52", "53", "54", "55", "56", "57", "58", "59", "60"))
				, as.character(c("nVmax_shrinkage", "nKm_shrinkage", "nV_shrinkage"))
				)
			))
		, "sigma" = matrix(
			as.numeric(c(0.247858227569135))
			, nrow = 1, ncol = 1
			, dimnames = list(
				as.character(c("CEps"))
				, as.character(c("CEps"))
				)
			)
		, "method" = "FOCE-ELS"
		, "varFix" = matrix(
			as.numeric(c(0.0171148569894358, 0.000532732314108047, -12.9144627494242, -9.53060974720796, 0.0456852925067258, -0.00173172632917469, 0.239823079582154, 0.000532732314108047, 0.00117004301883226, 0.907670455867511, -0.636571677993237, 0.0957690654035175, -0.000380327009031358, -0.0130774463221406, -12.9144627494242, 0.907670455867511, 61600.9133558879, 8842.82345344294, -73.520340992867, -6.94088192960076, 299.804762344497, -9.53060974720796, -0.636571677993237, 8842.82345344294, 7420.40189212788, -86.2745760579924, -0.715167239113671, -161.654421599371, 0.0456852925067258, 0.0957690654035175, -73.520340992867, -86.2745760579924, 20.1134673658792, 0.12812808234868, -2.5256680184897, -0.00173172632917469, -0.000380327009031358, -6.94088192960076, -0.715167239113671, 0.12812808234868, 0.0214879054081621, 0.332714441930658, 0.239823079582154, -0.0130774463221406, 299.804762344497, -161.654421599371, -2.5256680184897, 0.332714441930658, 46.734479846626))
			, nrow = 7, ncol = 7
			, dimnames = list(
				as.character(c("GAMMA", "CMultStdev", "tvVmax", "tvKm", "tvV", "tvKa", "CEps"))
				, as.character(c("GAMMA", "CMultStdev", "tvVmax", "tvKm", "tvV", "tvKa", "CEps"))
				)
			)
		, "omegaSE" = matrix(
			as.numeric(c(0.0542034543333662, 0, 0, 0, 0.0515680261458725, 0, 0, 0, 0.0658184336821569))
			, nrow = 3, ncol = 3, byrow = TRUE
			, dimnames = list(
				as.character(c("nVmax", "nKm", "nV"))
				, as.character(c("nVmax", "nKm", "nV"))
				)
			)
		, "Covariance" = matrix(
			as.numeric(c(0.017114857, 0.00053273231, -12.914463, -9.5306097, 0.045685293, -0.0017317263, 0.23982308, -0.0021257614,         0, 0.00039284957,         0,         0, 0.0042310223, 0.00053273231, 0.001170043, 0.90767046, -0.63657168, 0.095769065, -0.00038032701, -0.013077446, 0.00016959353,         0, 8.8840878e-005,         0,         0, 0.00017663596, -12.914463, 0.90767046, 61600.913, 8842.8235, -73.520341, -6.9408819, 299.80476, 3.6733789,         0, -0.11878483,         0,         0, 1.0710935, -9.5306097, -0.63657168, 8842.8235, 7420.4019, -86.274576, -0.71516724, -161.65442, 0.91686609,         0, -0.24284215,         0,         0, -2.2052653, 0.045685293, 0.095769065, -73.520341, -86.274576, 20.113467, 0.12812808, -2.525668, 0.031677248,         0, 0.010480921,         0,         0, 0.0096247976, -0.0017317263, -0.00038032701, -6.9408819, -0.71516724, 0.12812808, 0.021487905, 0.33271444, 0.0016496759,         0, 0.00035517182,         0,         0, -0.0015962473, 0.23982308, -0.013077446, 299.80476, -161.65442, -2.525668, 0.33271444,  46.73448, 0.0052151367,         0, 0.087125648,         0,         0, 0.089929261, -0.0021257614, 0.00016959353, 3.6733789, 0.91686609, 0.031677248, 0.0016496759, 0.0052151367, 0.0029380145,         0, -0.0001002012,         0,         0, -0.0014151821,         0,         0,         0,         0,         0,         0,         0,         0,         0,         0,         0,         0,         0, 0.00039284957, 8.8840878e-005, -0.11878483, -0.24284215, 0.010480921, 0.00035517182, 0.087125648, -0.0001002012,         0, 0.0026592613,         0,         0, -4.0762482e-005,         0,         0,         0,         0,         0,         0,         0,         0,         0,         0,         0,         0,         0,         0,         0,         0,         0,         0,         0,         0,         0,         0,         0,         0,         0,         0, 0.0042310223, 0.00017663596, 1.0710935, -2.2052653, 0.0096247976, -0.0015962473, 0.089929261, -0.0014151821,         0, -4.0762482e-005,         0,         0, 0.0043320662))
			, nrow = 13, ncol = 13
			, dimnames = list(
				as.character(c("GAMMA", "CMultStdev", "tvVmax", "tvKm", "tvV", "tvKa", "stdev0", "nVmax-nVmax", "nKm-nVmax", "nKm-nKm", "nV-nVmax", "nV-nKm", "nV-nV"))
				, as.character(c("GAMMA", "CMultStdev", "tvVmax", "tvKm", "tvV", "tvKa", "stdev0", "nVmax-nVmax", "nKm-nVmax", "nKm-nKm", "nV-nVmax", "nV-nKm", "nV-nV"))
				)
			)
		, "Correlation" = matrix(
			as.numeric(c(0.13082376, 0.11904783, -0.39773713, -0.8457078, 0.077865719, -0.090301628, 0.26815483, -0.2997788,         0, 0.058231656,         0,         0, 0.49137282, 0.11904783, 0.034205892, 0.10691379, -0.21603926, 0.62428207, -0.075850633, -0.055924656, 0.091470572,         0, 0.050365299,         0,         0, 0.078456813, -0.39773713, 0.10691379, 248.19531, 0.41360299, -0.066049641, -0.19077613, 0.17669581, 0.27305189,         0, -0.0092808314,         0,         0, 0.065567141, -0.8457078, -0.21603926, 0.41360299, 86.141755, -0.22331899, -0.056636559, -0.2745081, 0.19636552,         0, -0.054667581,         0,         0, -0.3889552, 0.077865719, 0.62428207, -0.066049641, -0.22331899,  4.484804, 0.1948964, -0.082378539, 0.13030978,         0, 0.045318496,         0,         0, 0.03260623, -0.090301628, -0.075850633, -0.19077613, -0.056636559, 0.1948964, 0.14658753, 0.33201362, 0.2076226,         0, 0.046985186,         0,         0, -0.16544575, 0.26815483, -0.055924656, 0.17669581, -0.2745081, -0.082378539, 0.33201362, 6.8362621, 0.01407408,         0, 0.24714214,         0,         0, 0.19986409, -0.2997788, 0.091470572, 0.27305189, 0.19636552, 0.13030978, 0.2076226, 0.01407408, 0.054203454,         0, -0.035848041,         0,         0, -0.39667773,         0,         0,         0,         0,         0,         0,         0,         0,         0,         0,         0,         0,         0, 0.058231656, 0.050365299, -0.0092808314, -0.054667581, 0.045318496, 0.046985186, 0.24714214, -0.035848041,         0, 0.051568026,         0,         0, -0.012009711,         0,         0,         0,         0,         0,         0,         0,         0,         0,         0,         0,         0,         0,         0,         0,         0,         0,         0,         0,         0,         0,         0,         0,         0,         0,         0, 0.49137282, 0.078456813, 0.065567141, -0.3889552, 0.03260623, -0.16544575, 0.19986409, -0.39667773,         0, -0.012009711,         0,         0, 0.065818434))
			, nrow = 13, ncol = 13
			, dimnames = list(
				as.character(c("GAMMA", "CMultStdev", "tvVmax", "tvKm", "tvV", "tvKa", "stdev0", "nVmax-nVmax", "nKm-nVmax", "nKm-nKm", "nV-nVmax", "nV-nKm", "nV-nV"))
				, as.character(c("GAMMA", "CMultStdev", "tvVmax", "tvKm", "tvV", "tvKa", "stdev0", "nVmax-nVmax", "nKm-nVmax", "nKm-nKm", "nV-nVmax", "nV-nKm", "nV-nV"))
				)
			)
		, "Inverse" = matrix(
			as.numeric(c(275.04496, -5.1669166, 0.026865987, 0.28454474, 0.42291688, 40.374586, -0.67022485, 1.8686248,         0, 0.13515907,         0,         0, -101.75004, -5.1669166, 1604.3116, -0.046440237, 0.12422575, -7.6045365, 61.940917, 0.32897945, -10.581582,         0, -32.375666,         0,         0, 43.480519, 0.026865987, -0.046440237, 3.4569731e-005, -2.6502869e-005, 6.7020129e-005, 0.019467432, -0.00052897225, -0.04375944,         0, 0.0088713797,         0,         0, -0.042590978, 0.28454474, 0.12422575, -2.6502869e-005, 0.00056957251, 0.0010139642, 0.018147213, 0.00064186086, 0.039464834,         0, -0.021053206,         0,         0, 0.017327893, 0.42291688, -7.6045365, 6.7020129e-005, 0.0010139642, 0.097410056, -0.79564093, 0.011542931, -0.55120768,         0, -0.39766502,         0,         0, -0.53641128, 40.374586, 61.940917, 0.019467432, 0.018147213, -0.79564093, 78.727675, -0.87601232, -38.424888,         0, 14.351771,         0,         0, -0.98939457, -0.67022485, 0.32897945, -0.00052897225, 0.00064186086, 0.011542931, -0.87601232, 0.039426739, 0.21319493,         0, -1.0893303,         0,         0, -0.0087864598, 1.8686248, -10.581582, -0.04375944, 0.039464834, -0.55120768, -38.424888, 0.21319493, 496.79907,         0, 23.443132,         0,         0, 174.66901,         0,         0,         0,         0,         0,         0,         0,         0,         0,         0,         0,         0,         0, 0.13515907, -32.375666, 0.0088713797, -0.021053206, -0.39766502, 14.351771, -1.0893303, 23.443132,         0, 412.24168,         0,         0, 28.599805,         0,         0,         0,         0,         0,         0,         0,         0,         0,         0,         0,         0,         0,         0,         0,         0,         0,         0,         0,         0,         0,         0,         0,         0,         0,         0, -101.75004, 43.480519, -0.042590978, 0.017327893, -0.53641128, -0.98939457, -0.0087864598, 174.66901,         0, 28.599805,         0,         0, 406.13089))
			, nrow = 13, ncol = 13
			, dimnames = list(
				as.character(c("GAMMA", "CMultStdev", "tvVmax", "tvKm", "tvV", "tvKa", "stdev0", "nVmax-nVmax", "nKm-nVmax", "nKm-nKm", "nV-nVmax", "nV-nKm", "nV-nV"))
				, as.character(c("GAMMA", "CMultStdev", "tvVmax", "tvKm", "tvV", "tvKa", "stdev0", "nVmax-nVmax", "nKm-nVmax", "nKm-nKm", "nV-nVmax", "nV-nKm", "nV-nV"))
				)
			)
		, "LLTable" = data.frame(
			id = as.character(c( "1", "2", "3", "4", "5", "6", "7", "8", "9", "10", "11", "12", "13", "14", "15", "16", "17", "18", "19", "20", "21", "22", "23", "24", "25", "26", "27", "28", "29", "30", "31", "32", "33", "34", "35", "36", "37", "38", "39", "40", "41", "42", "43", "44", "45", "46", "47", "48", "49", "50", "51", "52", "53", "54", "55", "56", "57", "58", "59", "60"))
			, "LL" = c(-50.564379, -58.165588, -57.445162, -61.33921, -53.123932,  -60.4951, -57.512724, -57.68311, -53.098385,  -62.6794, -53.715931, -60.266658, -58.855068, -56.694498, -56.236312, -61.706178, -59.29209, -55.358774, -57.107533, -55.348393, -55.801599, -52.860775, -55.599016, -73.099242, -60.485949, -57.117959, -55.411281, -63.936674, -57.495229, -55.980472, -56.314984, -61.003447, -57.188045, -56.84296, -54.89576, -57.501961, -53.421735, -66.306357, -55.305403, -59.861327, -54.637615, -63.243713, -58.31027, -54.623775, -59.569737, -56.874058, -55.541333, -55.393805,  -60.7619, -58.25592, -62.066669, -51.615302, -60.867482, -58.000787, -56.52992, -59.166561, -63.279367, -59.694755, -66.727812, -61.903199)
			) # end of LLTable
		, "residuals" = data.frame(
			  ID1 = as.character(c(  "",   "",   "",   "",   "",   "",   "",   "",   "",   "",   "",   "",   "",   "",   "",   "",   "",   "",   "",   "",   "",   "",   "",   "",   "",   "",   "",   "",   "",   "",   "",   "",   "",   "",   "",   "",   "",   "",   "",   "",   "",   "",   "",   "",   "",   "",   "",   "",   "",   "",   "",   "",   "",   "",   "",   "",   "",   "",   "",   "",   "",   "",   "",   "",   "",   "",   "",   "",   "",   "",   "",   "",   "",   "",   "",   "",   "",   "",   "",   "",   "",   "",   "",   "",   "",   "",   "",   "",   "",   "",   "",   "",   "",   "",   "",   "",   "",   "",   "",   "",   "",   "",   "",   "",   "",   "",   "",   "",   "",   "",   "",   "",   "",   "",   "",   "",   "",   "",   "",   "",   "",   "",   "",   "",   "",   "",   "",   "",   "",   "",   "",   "",   "",   "",   "",   "",   "",   "",   "",   "",   "",   "",   "",   "",   "",   "",   "",   "",   "",   "",   "",   "",   "",   "",   "",   "",   "",   "",   "",   "",   "",   "",   "",   "",   "",   "",   "",   "",   "",   "",   "",   "",   "",   "",   "",   "",   "",   "",   "",   "",   "",   "",   "",   "",   "",   "",   "",   "",   "",   "",   "",   "",   "",   "",   "",   "",   "",   "",   "",   "",   "",   "",   "",   "",   "",   "",   "",   "",   "",   "",   "",   "",   "",   "",   "",   "",   "",   "",   "",   "",   "",   "",   "",   "",   "",   "",   "",   "",   "",   "",   "",   "",   "",   "",   "",   "",   "",   "",   "",   "",   "",   "",   "",   "",   "",   "",   "",   "",   "",   "",   "",   "",   "",   "",   "",   "",   "",   "",   "",   "",   "",   "",   "",   "",   "",   "",   "",   "",   "",   "",   "",   "",   "",   "",   "",   "",   "",   "",   "",   "",   "",   "",   "",   "",   "",   "",   "",   "",   "",   "",   "",   "",   "",   "",   "",   "",   "",   "",   "",   "",   "",   "",   "",   "",   "",   "",   "",   "",   "",   "",   "",   "",   "",   "",   "",   "",   "",   "",   "",   "",   "",   "",   "",   "",   "",   "",   "",   "",   "",   "",   "",   "",   "",   "",   "",   "",   "",   "",   "",   "",   "",   "",   "",   "",   "",   "",   "",   "",   "",   "",   "",   "",   "",   "",   "",   "",   "",   "",   "",   "",   "",   "",   "",   "",   "",   "",   "",   "",   "",   "",   "",   "",   "",   "",   "",   "",   "",   "",   "",   "",   "",   "",   "",   "",   "",   "",   "",   "",   "",   "",   "",   "",   "",   "",   "",   "",   "",   "",   "",   "",   "",   "",   "",   "",   "",   "",   "",   "",   "",   "",   "",   "",   "",   "",   "",   "",   "",   "",   "",   "",   "",   "",   "",   "",   "",   "",   "",   "",   "",   "",   "",   "",   "",   "",   "",   "",   "",   "",   "",   "",   "",   "",   "",   "",   "",   "",   "",   "",   "",   "",   "",   "",   "",   "",   "",   "",   "",   "",   "",   "",   "",   "",   "",   "",   "",   "",   "",   "",   "",   "",   "",   "",   "",   "",   "",   "",   "",   "",   "",   ""))
			, ID2 = as.character(c(  "",   "",   "",   "",   "",   "",   "",   "",   "",   "",   "",   "",   "",   "",   "",   "",   "",   "",   "",   "",   "",   "",   "",   "",   "",   "",   "",   "",   "",   "",   "",   "",   "",   "",   "",   "",   "",   "",   "",   "",   "",   "",   "",   "",   "",   "",   "",   "",   "",   "",   "",   "",   "",   "",   "",   "",   "",   "",   "",   "",   "",   "",   "",   "",   "",   "",   "",   "",   "",   "",   "",   "",   "",   "",   "",   "",   "",   "",   "",   "",   "",   "",   "",   "",   "",   "",   "",   "",   "",   "",   "",   "",   "",   "",   "",   "",   "",   "",   "",   "",   "",   "",   "",   "",   "",   "",   "",   "",   "",   "",   "",   "",   "",   "",   "",   "",   "",   "",   "",   "",   "",   "",   "",   "",   "",   "",   "",   "",   "",   "",   "",   "",   "",   "",   "",   "",   "",   "",   "",   "",   "",   "",   "",   "",   "",   "",   "",   "",   "",   "",   "",   "",   "",   "",   "",   "",   "",   "",   "",   "",   "",   "",   "",   "",   "",   "",   "",   "",   "",   "",   "",   "",   "",   "",   "",   "",   "",   "",   "",   "",   "",   "",   "",   "",   "",   "",   "",   "",   "",   "",   "",   "",   "",   "",   "",   "",   "",   "",   "",   "",   "",   "",   "",   "",   "",   "",   "",   "",   "",   "",   "",   "",   "",   "",   "",   "",   "",   "",   "",   "",   "",   "",   "",   "",   "",   "",   "",   "",   "",   "",   "",   "",   "",   "",   "",   "",   "",   "",   "",   "",   "",   "",   "",   "",   "",   "",   "",   "",   "",   "",   "",   "",   "",   "",   "",   "",   "",   "",   "",   "",   "",   "",   "",   "",   "",   "",   "",   "",   "",   "",   "",   "",   "",   "",   "",   "",   "",   "",   "",   "",   "",   "",   "",   "",   "",   "",   "",   "",   "",   "",   "",   "",   "",   "",   "",   "",   "",   "",   "",   "",   "",   "",   "",   "",   "",   "",   "",   "",   "",   "",   "",   "",   "",   "",   "",   "",   "",   "",   "",   "",   "",   "",   "",   "",   "",   "",   "",   "",   "",   "",   "",   "",   "",   "",   "",   "",   "",   "",   "",   "",   "",   "",   "",   "",   "",   "",   "",   "",   "",   "",   "",   "",   "",   "",   "",   "",   "",   "",   "",   "",   "",   "",   "",   "",   "",   "",   "",   "",   "",   "",   "",   "",   "",   "",   "",   "",   "",   "",   "",   "",   "",   "",   "",   "",   "",   "",   "",   "",   "",   "",   "",   "",   "",   "",   "",   "",   "",   "",   "",   "",   "",   "",   "",   "",   "",   "",   "",   "",   "",   "",   "",   "",   "",   "",   "",   "",   "",   "",   "",   "",   "",   "",   "",   "",   "",   "",   "",   "",   "",   "",   "",   "",   "",   "",   "",   "",   "",   "",   "",   "",   "",   "",   "",   "",   "",   "",   "",   "",   "",   "",   "",   "",   "",   "",   "",   "",   "",   "",   "",   "",   "",   "",   "",   "",   "",   "",   "",   "",   "",   "",   "",   "",   "",   "",   "",   "",   "",   "",   "",   ""))
			, ID3 = as.character(c(  "",   "",   "",   "",   "",   "",   "",   "",   "",   "",   "",   "",   "",   "",   "",   "",   "",   "",   "",   "",   "",   "",   "",   "",   "",   "",   "",   "",   "",   "",   "",   "",   "",   "",   "",   "",   "",   "",   "",   "",   "",   "",   "",   "",   "",   "",   "",   "",   "",   "",   "",   "",   "",   "",   "",   "",   "",   "",   "",   "",   "",   "",   "",   "",   "",   "",   "",   "",   "",   "",   "",   "",   "",   "",   "",   "",   "",   "",   "",   "",   "",   "",   "",   "",   "",   "",   "",   "",   "",   "",   "",   "",   "",   "",   "",   "",   "",   "",   "",   "",   "",   "",   "",   "",   "",   "",   "",   "",   "",   "",   "",   "",   "",   "",   "",   "",   "",   "",   "",   "",   "",   "",   "",   "",   "",   "",   "",   "",   "",   "",   "",   "",   "",   "",   "",   "",   "",   "",   "",   "",   "",   "",   "",   "",   "",   "",   "",   "",   "",   "",   "",   "",   "",   "",   "",   "",   "",   "",   "",   "",   "",   "",   "",   "",   "",   "",   "",   "",   "",   "",   "",   "",   "",   "",   "",   "",   "",   "",   "",   "",   "",   "",   "",   "",   "",   "",   "",   "",   "",   "",   "",   "",   "",   "",   "",   "",   "",   "",   "",   "",   "",   "",   "",   "",   "",   "",   "",   "",   "",   "",   "",   "",   "",   "",   "",   "",   "",   "",   "",   "",   "",   "",   "",   "",   "",   "",   "",   "",   "",   "",   "",   "",   "",   "",   "",   "",   "",   "",   "",   "",   "",   "",   "",   "",   "",   "",   "",   "",   "",   "",   "",   "",   "",   "",   "",   "",   "",   "",   "",   "",   "",   "",   "",   "",   "",   "",   "",   "",   "",   "",   "",   "",   "",   "",   "",   "",   "",   "",   "",   "",   "",   "",   "",   "",   "",   "",   "",   "",   "",   "",   "",   "",   "",   "",   "",   "",   "",   "",   "",   "",   "",   "",   "",   "",   "",   "",   "",   "",   "",   "",   "",   "",   "",   "",   "",   "",   "",   "",   "",   "",   "",   "",   "",   "",   "",   "",   "",   "",   "",   "",   "",   "",   "",   "",   "",   "",   "",   "",   "",   "",   "",   "",   "",   "",   "",   "",   "",   "",   "",   "",   "",   "",   "",   "",   "",   "",   "",   "",   "",   "",   "",   "",   "",   "",   "",   "",   "",   "",   "",   "",   "",   "",   "",   "",   "",   "",   "",   "",   "",   "",   "",   "",   "",   "",   "",   "",   "",   "",   "",   "",   "",   "",   "",   "",   "",   "",   "",   "",   "",   "",   "",   "",   "",   "",   "",   "",   "",   "",   "",   "",   "",   "",   "",   "",   "",   "",   "",   "",   "",   "",   "",   "",   "",   "",   "",   "",   "",   "",   "",   "",   "",   "",   "",   "",   "",   "",   "",   "",   "",   "",   "",   "",   "",   "",   "",   "",   "",   "",   "",   "",   "",   "",   "",   "",   "",   "",   "",   "",   "",   "",   "",   "",   "",   "",   "",   "",   "",   "",   "",   "",   "",   "",   "",   "",   "",   "",   "",   "",   "",   ""))
			, ID4 = as.character(c(  "",   "",   "",   "",   "",   "",   "",   "",   "",   "",   "",   "",   "",   "",   "",   "",   "",   "",   "",   "",   "",   "",   "",   "",   "",   "",   "",   "",   "",   "",   "",   "",   "",   "",   "",   "",   "",   "",   "",   "",   "",   "",   "",   "",   "",   "",   "",   "",   "",   "",   "",   "",   "",   "",   "",   "",   "",   "",   "",   "",   "",   "",   "",   "",   "",   "",   "",   "",   "",   "",   "",   "",   "",   "",   "",   "",   "",   "",   "",   "",   "",   "",   "",   "",   "",   "",   "",   "",   "",   "",   "",   "",   "",   "",   "",   "",   "",   "",   "",   "",   "",   "",   "",   "",   "",   "",   "",   "",   "",   "",   "",   "",   "",   "",   "",   "",   "",   "",   "",   "",   "",   "",   "",   "",   "",   "",   "",   "",   "",   "",   "",   "",   "",   "",   "",   "",   "",   "",   "",   "",   "",   "",   "",   "",   "",   "",   "",   "",   "",   "",   "",   "",   "",   "",   "",   "",   "",   "",   "",   "",   "",   "",   "",   "",   "",   "",   "",   "",   "",   "",   "",   "",   "",   "",   "",   "",   "",   "",   "",   "",   "",   "",   "",   "",   "",   "",   "",   "",   "",   "",   "",   "",   "",   "",   "",   "",   "",   "",   "",   "",   "",   "",   "",   "",   "",   "",   "",   "",   "",   "",   "",   "",   "",   "",   "",   "",   "",   "",   "",   "",   "",   "",   "",   "",   "",   "",   "",   "",   "",   "",   "",   "",   "",   "",   "",   "",   "",   "",   "",   "",   "",   "",   "",   "",   "",   "",   "",   "",   "",   "",   "",   "",   "",   "",   "",   "",   "",   "",   "",   "",   "",   "",   "",   "",   "",   "",   "",   "",   "",   "",   "",   "",   "",   "",   "",   "",   "",   "",   "",   "",   "",   "",   "",   "",   "",   "",   "",   "",   "",   "",   "",   "",   "",   "",   "",   "",   "",   "",   "",   "",   "",   "",   "",   "",   "",   "",   "",   "",   "",   "",   "",   "",   "",   "",   "",   "",   "",   "",   "",   "",   "",   "",   "",   "",   "",   "",   "",   "",   "",   "",   "",   "",   "",   "",   "",   "",   "",   "",   "",   "",   "",   "",   "",   "",   "",   "",   "",   "",   "",   "",   "",   "",   "",   "",   "",   "",   "",   "",   "",   "",   "",   "",   "",   "",   "",   "",   "",   "",   "",   "",   "",   "",   "",   "",   "",   "",   "",   "",   "",   "",   "",   "",   "",   "",   "",   "",   "",   "",   "",   "",   "",   "",   "",   "",   "",   "",   "",   "",   "",   "",   "",   "",   "",   "",   "",   "",   "",   "",   "",   "",   "",   "",   "",   "",   "",   "",   "",   "",   "",   "",   "",   "",   "",   "",   "",   "",   "",   "",   "",   "",   "",   "",   "",   "",   "",   "",   "",   "",   "",   "",   "",   "",   "",   "",   "",   "",   "",   "",   "",   "",   "",   "",   "",   "",   "",   "",   "",   "",   "",   "",   "",   "",   "",   "",   "",   "",   "",   "",   "",   "",   "",   "",   "",   "",   "",   "",   "",   "",   "",   ""))
			, ID5 = as.character(c( "1",  "1",  "1",  "1",  "1",  "1",  "1",  "1",  "2",  "2",  "2",  "2",  "2",  "2",  "2",  "2",  "3",  "3",  "3",  "3",  "3",  "3",  "3",  "3",  "4",  "4",  "4",  "4",  "4",  "4",  "4",  "4",  "5",  "5",  "5",  "5",  "5",  "5",  "5",  "5",  "6",  "6",  "6",  "6",  "6",  "6",  "6",  "6",  "7",  "7",  "7",  "7",  "7",  "7",  "7",  "7",  "8",  "8",  "8",  "8",  "8",  "8",  "8",  "8",  "9",  "9",  "9",  "9",  "9",  "9",  "9",  "9", "10", "10", "10", "10", "10", "10", "10", "10", "11", "11", "11", "11", "11", "11", "11", "11", "12", "12", "12", "12", "12", "12", "12", "12", "13", "13", "13", "13", "13", "13", "13", "13", "14", "14", "14", "14", "14", "14", "14", "14", "15", "15", "15", "15", "15", "15", "15", "15", "16", "16", "16", "16", "16", "16", "16", "16", "17", "17", "17", "17", "17", "17", "17", "17", "18", "18", "18", "18", "18", "18", "18", "18", "19", "19", "19", "19", "19", "19", "19", "19", "20", "20", "20", "20", "20", "20", "20", "20", "21", "21", "21", "21", "21", "21", "21", "21", "22", "22", "22", "22", "22", "22", "22", "22", "23", "23", "23", "23", "23", "23", "23", "23", "24", "24", "24", "24", "24", "24", "24", "24", "25", "25", "25", "25", "25", "25", "25", "25", "26", "26", "26", "26", "26", "26", "26", "26", "27", "27", "27", "27", "27", "27", "27", "27", "28", "28", "28", "28", "28", "28", "28", "28", "29", "29", "29", "29", "29", "29", "29", "29", "30", "30", "30", "30", "30", "30", "30", "30", "31", "31", "31", "31", "31", "31", "31", "31", "32", "32", "32", "32", "32", "32", "32", "32", "33", "33", "33", "33", "33", "33", "33", "33", "34", "34", "34", "34", "34", "34", "34", "34", "35", "35", "35", "35", "35", "35", "35", "35", "36", "36", "36", "36", "36", "36", "36", "36", "37", "37", "37", "37", "37", "37", "37", "37", "38", "38", "38", "38", "38", "38", "38", "38", "39", "39", "39", "39", "39", "39", "39", "39", "40", "40", "40", "40", "40", "40", "40", "40", "41", "41", "41", "41", "41", "41", "41", "41", "42", "42", "42", "42", "42", "42", "42", "42", "43", "43", "43", "43", "43", "43", "43", "43", "44", "44", "44", "44", "44", "44", "44", "44", "45", "45", "45", "45", "45", "45", "45", "45", "46", "46", "46", "46", "46", "46", "46", "46", "47", "47", "47", "47", "47", "47", "47", "47", "48", "48", "48", "48", "48", "48", "48", "48", "49", "49", "49", "49", "49", "49", "49", "49", "50", "50", "50", "50", "50", "50", "50", "50", "51", "51", "51", "51", "51", "51", "51", "51", "52", "52", "52", "52", "52", "52", "52", "52", "53", "53", "53", "53", "53", "53", "53", "53", "54", "54", "54", "54", "54", "54", "54", "54", "55", "55", "55", "55", "55", "55", "55", "55", "56", "56", "56", "56", "56", "56", "56", "56", "57", "57", "57", "57", "57", "57", "57", "57", "58", "58", "58", "58", "58", "58", "58", "58", "59", "59", "59", "59", "59", "59", "59", "59", "60", "60", "60", "60", "60", "60", "60", "60"))
			, IVAR = c(0.64, 1.99, 6.43, 12.03, 22.28, 48.91, 80.15, 138.94, 0.51, 2.49, 6.29, 11.18, 25.51, 43.72, 84.69, 123.55, 0.48, 2, 6.04, 11.31, 22.67, 47.36, 103.04, 108, 0.53, 2.07, 6.67, 11.64, 24.9, 49.3, 90.93, 135.41, 0.56, 2.15, 7.03, 12.69, 21.12, 45.33, 84.94, 114.45, 0.47, 2.01, 5.48, 12.19, 22.48, 57.28, 103.13, 131.43, 0.52, 2.37, 5.63, 11.46, 27.7, 44.98, 94.03, 115.38, 0.48, 1.94, 6.3, 11.79, 22.82, 54.9, 93.96, 117.86, 0.5, 2.15, 5.96, 11.95, 22.42, 46.47, 96.58, 113.14, 0.53, 1.72, 6.19, 10.29, 23.29, 45.53, 89.94, 119.32, 0.41, 2.25, 5.08, 11.46, 21.47, 44.53, 118.28, 120.21, 0.44, 1.7, 6.28, 11.98, 23.25, 43.74, 82.73, 107.77, 0.55, 1.88, 5.22, 14.47, 25.04, 46.87, 106.72, 131.12, 0.47, 2.49, 5.85, 10.41, 23.66, 49.01, 120.92, 121.28, 0.52, 1.98, 5.8, 11.96, 25.97, 59.07, 106.39, 135.41, 0.44, 2.21, 6.13, 10.36, 25.28, 47.24, 111.14, 111.15, 0.48, 1.82, 5.89, 12.49, 22.31, 52.16, 85.08, 108.06, 0.58, 1.81, 6.25, 11.55, 25, 56.83, 112.51, 116.09, 0.4, 2.57, 6.41, 12.67, 23.97, 50.51, 94.43, 125.16, 0.48, 1.74, 6.62, 13.97, 23.27, 42.35, 102.37, 119.46, 0.42, 2, 5.63, 11.6, 21.38, 57.48, 92.87, 102.2, 0.51, 2.05, 5.44, 8.99, 22.51, 50.82, 95.43, 118.83, 0.53, 1.78, 6.7, 11.99, 25.76, 53.23, 98.17, 109.91, 0.56, 1.64, 5.68, 11.7, 23.6, 53.16, 97.32, 124.99, 0.5, 1.95, 6.43, 13.46, 18.87, 50.83, 99.67, 115, 0.55, 1.92, 5.83, 13.07, 28.5, 49.31, 92.03, 106.55, 0.48, 1.82, 5.85, 12.48, 22.04, 62.56, 97.51, 134.36, 0.4, 2.15, 5.26, 13.16, 24.97, 46.08, 109.59, 111.87, 0.47, 1.81, 5.61, 13.19, 25.06, 53.08, 92.33, 124.6, 0.51, 1.73, 7.17, 12.16, 25.91, 52.81, 95.52, 116.39, 0.55, 1.8, 7.31, 11.55, 28.32, 55.84, 96.8, 127, 0.45, 2.07, 6.66, 12.12, 22.93, 44.95, 95.66, 133.54, 0.48, 1.98, 5.27, 12.61, 27.35, 55.75, 99.54, 104.15, 0.52, 2.09, 5.79, 12.21, 22.01, 51.37, 92.91, 102.57, 0.48, 2.29, 5.8, 12.91, 26.38, 48.02, 92.68, 113.81, 0.54, 1.8, 6.15, 11.66, 19.14, 41.69, 105.21, 117.73, 0.54, 2.42, 6.95, 12.84, 24.93, 47.08, 112.41, 127.37, 0.44, 1.97, 4.95, 11.77, 18.52, 54.74, 90.09, 114.95, 0.49, 2.13, 6.42, 12.7, 22.66, 41.88, 92.34, 123.38, 0.46, 1.99, 5.34, 11.99, 24.31, 47.3, 94.44, 143.14, 0.54, 2.24, 5.47, 12.2, 26.94, 47.73, 77.59, 124.21, 0.41, 1.84, 6.85, 12.76, 26.77, 49.49, 94.95, 109.41, 0.59, 2.01, 5.59, 13.08, 26.72, 58.02, 90.38, 115.4, 0.48, 1.93, 5.78, 11.65, 27.72, 44.77, 92.34, 128.09, 0.56, 1.85, 5.7, 12.65, 26.57, 46.81, 83.21, 142.37, 0.58, 1.86, 5.96, 10.06, 25.41, 56.4, 81.5, 111, 0.47, 1.87, 4.9, 12.62, 20.59, 47.88, 101.86, 117.65, 0.55, 1.99, 5.62, 12.8, 22.98, 57.31, 95.82, 130.68, 0.51, 1.48, 5.23, 11.5, 24.58, 37.98, 105.69, 112.96, 0.46, 1.71, 5.19, 12.07, 25.25, 38.92, 86.83, 126.6, 0.48, 2.48, 6.8, 12.74, 24.01, 49.36, 89.46, 127.78, 0.58, 2.23, 5.53, 10.21, 23.74, 50.16, 105.18, 109.89, 0.52, 2.05, 6.76, 11.97, 23.16, 42.8, 91.16, 115.73, 0.63, 2.55, 5.9, 10.81, 19.7, 50.54, 86.08, 150.8, 0.46, 2.02, 8.78, 10.74, 24.75, 42.97, 99.4, 109.97, 0.5, 1.94, 5.33, 12.01, 26.5, 56.29, 83.69, 117.04, 0.56, 1.79, 4.66, 10.93, 21.79, 48.23, 92.2, 122.81, 0.48, 2.08, 5.78, 13.52, 22.29, 49.42, 87.87, 122.52, 0.5, 1.69, 5.91, 13.5, 25.69, 48.69, 85.21, 134.88, 0.5, 1.91, 7.07, 11.11, 24.74, 54.56, 101.96, 116.37)
