dmp.txt <- structure(
	.Data = list(
		"coefficients" = list(
			"fixed" = c("GAMMA" = 1.30367582979691, "CMultStdev" = 0.509515936162992, "tvVmax" = 5117.65411087319, "tvKm" = 2727.60735039269, "tvV" = 75.7627778869643, "tvKa" = 1.30804006420504, "K12" = 0.0566814429453356, "K21" = 0.13089908407496, "K13" = 0.0402490342443777, "K31" = 0.00589380034980725, "CEps" = 0.503311791113273)
			, "random" = list("Subject" = matrix(
				as.numeric(c(
					 0.570614645330459,  -0.496273984898432,  -0.0356314999515557
					,  -0.224482221868587,  -0.176838822235359,  0.223752799107035
					,  -0.0065635828607552,  0.244563681767903,  -0.351625602051949
					,  -0.286426776706891,  -0.207956815483598,  0.369905935448042
					,  0.482410518356499,  0.337728964752132,  0.664793330333457
					,  0.166995953936068,  0.277026734008544,  -0.294328736406302
					,  0.125785046116223,  0.422454385174642,  -0.265892486102776
					,  -0.231055591905934,  0.770921064294443,  0.35634073454789
					,  -0.0416727408675059,  0.139328864587737,  -0.180097274934072
					,  0.372316935567564,  0.434556622752536,  0.173296363455894
					,  0.139625294415471,  0.67518083326139,  -0.0389282930574616
					,  0.0389300168330076,  -0.0835702095802492,  -0.506180149148201
					,  0.0247002258954288,  0.168367605224385,  0.535216358909442
					,  -0.17426088567619,  0.275573255289051,  -0.349607939281438
					,  0.0364750174410687,  0.348675417189572,  0.329331030671163
					,  0.262511715447005,  -0.0259270903534173,  0.172267619600503
					,  0.236168815890901,  -0.00545153828623351,  0.348040837157791
					,  0.0750092011831103,  -0.400642119357014,  -0.326842288362851
					,  0.0274697538498683,  0.141006247949549,  0.164227212987455
					,  -0.110578787392244,  0.0257336582459386,  -0.00962258564838694
					,  -0.326041994636437,  -0.116868248993489,  -0.238636814380722
					,  -0.327997649892258,  0.245074929224187,  -0.375895255982222
					,  0.722347729584818,  0.226127242596797,  0.0256846570900731
					,  -0.0160900817489039,  -0.342082992404453,  -0.104981018234035
					,  -0.689271387808384,  -0.0166488216162891,  -0.389576970171624
					,  0.372876909815173,  -0.40850250503075,  -0.16199757400343
					,  0.271647775421588,  -0.019690490359629,  0.0762132649981224
					,  0.0049002173516964,  0.104196547569476,  0.0746026642643426
					,  0.173983433813139,  0.374283802916182,  -0.0980806996542801
					,  0.157395343250803,  -0.0489302928986719,  0.0507777586692289
					,  -0.364310478017421,  0.397585144415847,  -0.724636103922131
					,  -0.444093294357646,  0.0512987035919751,  -0.050548048389369
					,  0.409932055989505,  0.0648525329590526,  0.274810056870354
					,  0.214548610588854,  -0.12993344079748,  -0.0260385866294101
					,  0.0836014740152845,  0.812311285482092,  0.0531447110975555
					,  -0.142763070201349,  -0.0512887065053282,  0.538572987389096
					,  0.221860332263568,  0.476336730860205,  -0.760670221953845
					,  0.124193062498413,  -0.093002067278009,  0.527565956226961
					,  -0.347317238633715,  0.216923351772236,  -0.0943485514649477
					,  0.560687786962984,  -0.14036451537277,  0.157737651967499
					,  -0.725280030392897,  0.656966464327459,  -0.0821941489926682
					,  0.28177741168078,  0.244285473644082,  -0.196590045469843
					,  0.0157447473417622,  -0.340058083713736,  0.470652159973951
					,  0.37343046981199,  0.207490734125788,  -0.44152863693725
					,  -0.528473102433996,  -0.323356359371723,  -0.799757148758485
					,  -0.191842694058272,  -0.297526609028098,  0.369472780569953
					,  -0.141822295839061,  -0.464373412559527,  0.351151847770239
					,  0.275919709176918,  -0.717822862478918,  -0.434674787569458
					,  0.0849571802866358,  -0.158886045226372,  0.226022000772059
					,  -0.42444377303314,  -0.636774873905851,  -0.217706032958799
					,  -0.129954574514566,  -0.835514638728029,  -0.340288580170828
					,  -0.105710334690147,  0.0857309453901751,  0.678749361732387
					,  -0.0423048353435366,  -0.253286899522146,  -0.567551119761612
					,  0.217796188135179,  -0.332531315268797,  0.456541068313551
					,  -0.0262362832997804,  -0.451470109866363,  -0.351540312242778
					,  -0.458502791582193,  0.0625762330577323,  -0.204934392635869
					,  -0.32569588196498,  -0.00604432663653718,  -0.241091043964867
					,  -0.0949373603792314,  0.53306626387412,  0.445559743991545
					,  0.00416458658996703,  -0.167714092934947,  -0.234530283864564
					,  0.152741300089924,  -0.0216552059070135,  0.0287308989132431
					,  0.0685181915249144,  -0.221015566681579,  -0.405605138779904
					,  0.174293464538037,  0.243252904446725,  0.215605462170933
					,  0.399788581488819,  -0.289766657223437,  0.133135115428736
					,  -0.685454973866767,  -0.382967244362927,  0.00156652926864743
					,  -0.199055320331937,  0.667424152762103,  -0.226058578264263
					,  0.310677832257855,  0.443646503576684,  -0.466665610209583
					,  -0.2368536545348,  -0.236283180863428,  -0.494033090017048
					,  -0.748482725210085,  0.613840915471347,  -0.181545321997596
					,  0.746386797806594,  0.612117120007099,  -0.764849511571394
					,  0.285286571551177,  -0.101468488316379,  0.315255074261319
					,  0.352755656196429,  0.165979773868843,  -0.483893788320492
					,  -0.13859651032534,  -0.428393815403099,  -0.587486156633379
					,  -0.72733535143517,  -0.363046123408876,  0.631064522334951
					,  -0.260828732546915,  0.210590921183426,  -0.118518989680961
					,  0.573519622507193,  0.27496045306373,  0.301585434077631
					,  -0.400890327187498,  0.304700225220817,  0.429767386433579
					,  0.278147857553394,  -0.429597308579414,  -0.148794366590867
					,  0.00642847302225992,  -0.052548059239854,  -0.408138918040414
					,  0.331099550250015,  -0.117816883978528,  0.0515327671365194
					,  -0.0568894775915407,  0.151327587517856,  0.00861921413669773
					))
				, nrow = 60, ncol = 4
				, dimnames = list(
					as.character(c( "1", "2", "3", "4", "5", "6", "7", "8", "9", "10"
					  , "11", "12", "13", "14", "15", "16", "17", "18", "19", "20"
					  , "21", "22", "23", "24", "25", "26", "27", "28", "29", "30"
					  , "31", "32", "33", "34", "35", "36", "37", "38", "39", "40"
					  , "41", "42", "43", "44", "45", "46", "47", "48", "49", "50"
					  , "51", "52", "53", "54", "55", "56", "57", "58", "59", "60"))
					, as.character(c("nVmax", "nKm", "nV", "nKa"))
					)
				))
			)
		, "logLik" = c(-3359.05)
		, "nObs" = c(480)
		, "nSubj" = c(60)
		, "nParm" = c(15)
		, "returnCode" = c(3)
		, "omega" = matrix(
			as.numeric(c(0.335022573039199, 0, 0, 0, 0, 0.274272328481726, 0, 0, 0, 0, 0.36077155925493, 0, 0, 0, 0, 0.352445514833841))
			, nrow = 4, ncol = 4
			, dimnames = list(
				as.character(c("nVmax", "nKm", "nV", "nKa"))
				, as.character(c("nVmax", "nKm", "nV", "nKa"))
				)
			)
		, "eta" = matrix(
			as.numeric(c(0.0887807445760294, 0.0169244598363018, -0.101517962607291, -0.0176667535021524, 0.0872497187961293, 0.107351272207042, 0.129872081157036, 0.149226350456117, 0.295380633752671, 0.327645039954891, 0.360377692368765, 0.386298266183162, 0.489677186994691, 0.374377151916373, 0.400013120576118, 0.349306055933905))
			, nrow = 4, ncol = 4
			, dimnames = list(
				as.character(c("nVmax", "nKm", "nV", "nKa"))
				, as.character(c("mean", "var", "sd", "shrinkage"))
				)
			)
		, "eta_shrinkage" = list("Subject" = matrix(
			as.numeric(c(
				 0.530473513528384,  0.917664548852282,  0.66194972513453
				,  0.73542759754136,  0.860552046070502,  0.607243424504166
				,  0.878850365364338,  0.665095843434382,  0.886736986464704
				,  0.851195060056987,  0.716263478389778,  0.603005453902294
				,  0.50856736379641,  0.628913762340051,  0.514708664450742
				,  0.722867502558008,  0.586446974138501,  0.805481087338916
				,  0.720334423713144,  0.609269943348205,  0.860901952780017
				,  0.818507966922681,  0.583676484240366,  0.626528926038103
				,  0.773927848890201,  0.734875621651205,  0.765229444865356
				,  0.635023670298921,  0.585961376357493,  0.661305730602187
				,  0.618070065350854,  0.605167073763446,  0.552872503408274
				,  0.619811800488853,  0.759085523676142,  0.930825308984161
				,  0.788027139862843,  0.662703622696342,  0.624165058069021
				,  0.836751497666819,  0.615509684577987,  0.875457897637126
				,  0.713963334282122,  0.732708109612176,  0.632604673235587
				,  0.603272373760326,  0.718174023281946,  0.748748740605946
				,  0.669554679195173,  0.826633944790687,  0.545893233620962
				,  0.707075877526065,  0.886929575721252,  0.950406091667386
				,  0.650988181050562,  0.701695466952471,  0.642019169867616
				,  0.891797317523295,  0.678124242543134,  0.750726460948491
				,  0.273217063948255,  0.160654948387718,  0.24403779819282
				,  0.213368419939973,  0.178582693884768,  0.241889880770853
				,  0.171096886151628,  0.251093038998158,  0.169267643316963
				,  0.19862669872561,  0.223955118336695,  0.264280973811808
				,  0.292074391452391,  0.232429399664535,  0.294963670429544
				,  0.21919236742114,  0.24459843278703,  0.210781553259206
				,  0.232158193097101,  0.278566066652379,  0.192643048356692
				,  0.209453829376953,  0.265971913524957,  0.259919314988549
				,  0.197308484376844,  0.216543234324903,  0.232521845561515
				,  0.24710738763081,  0.272456932502194,  0.241314787383702
				,  0.243798302448801,  0.268357667044305,  0.266282593051904
				,  0.243940803930934,  0.226762712818505,  0.161609777486143
				,  0.221652478463458,  0.244687591871172,  0.246777234903397
				,  0.194874175544434,  0.245271236729792,  0.184869266853245
				,  0.217198396937891,  0.223870835115727,  0.244812796398901
				,  0.260802715517506,  0.215277571136526,  0.210577717363014
				,  0.235415735574675,  0.20776253334654,  0.269165663884908
				,  0.221791274199729,  0.172771639263942,  0.146417753112645
				,  0.236825304813064,  0.238926873463081,  0.235666854544443
				,  0.173531369019565,  0.238250765799864,  0.220493944034601
				,  0.480747402459568,  0.866389535598031,  0.525609797170288
				,  0.608423569281367,  0.774879807740744,  0.478622441925994
				,  0.798114594198802,  0.502948343203966,  0.817043364350389
				,  0.763413289585114,  0.584007893711926,  0.47653776554266
				,  0.489822944202695,  0.476468135183619,  0.481824091897757
				,  0.568352848394415,  0.481075372031554,  0.69710283242734
				,  0.567539117353096,  0.470985174311542,  0.777184889264338
				,  0.714198199816856,  0.45788853738734,  0.473601347945253
				,  0.645535325906458,  0.588229046055129,  0.636894886326483
				,  0.478249094606876,  0.470047167288875,  0.507247396830652
				,  0.486459419929993,  0.457707089287026,  0.50256289308253
				,  0.499872085228258,  0.630062793496276,  0.885925784498104
				,  0.658683975477027,  0.50784830186382,  0.467621409778626
				,  0.736652688676337,  0.481728570258341,  0.800812789115514
				,  0.567437632845813,  0.571687118594569,  0.480331384931702
				,  0.477889026965778,  0.576153368157829,  0.599150759989142
				,  0.512107405770333,  0.719066758384982,  0.485322846595939
				,  0.556473471440241,  0.818868736817674,  0.915294642940691
				,  0.51636479394066,  0.547481407430201,  0.497059048096617
				,  0.820024748835413,  0.533454724098352,  0.612398242296974
				,  0.714883581858516,  0.598688290998056,  0.578860872518448
				,  0.692340799693426,  0.709948969678495,  0.681844286447115
				,  0.724737054962502,  0.598404034942702,  0.660594207643077
				,  0.515642398905031,  0.571478594018691,  0.636890251355831
				,  0.641571688248135,  0.771920311159275,  0.623379962932922
				,  0.681438590139503,  0.734575470463651,  0.569599768229937
				,  0.589027869256801,  0.60959113102245,  0.538824038253142
				,  0.529640426505778,  0.800833408453556,  0.63096205652976
				,  0.807854803450214,  0.802842746662491,  0.520000628966011
				,  0.665659190803528,  0.631601856692102,  0.723152061363362
				,  0.74763732572349,  0.670626810343144,  0.577564030034563
				,  0.635505901946853,  0.580887318108784,  0.520342975682456
				,  0.545323814823179,  0.581076172939069,  0.778795335066542
				,  0.584263879181722,  0.707833039319187,  0.586076671135855
				,  0.810550556451544,  0.696072564381968,  0.739335495979036
				,  0.597300985489303,  0.695404935084512,  0.756668067716173
				,  0.709772369289038,  0.552056289457979,  0.626121552843868
				,  0.676701200940871,  0.630723332575134,  0.591396332950331
				,  0.700911090833991,  0.633491669538847,  0.680500161868052
				,  0.618900455282069,  0.682528765462937,  0.650039566060584
				))
			, nrow = 60, ncol = 4
			, dimnames = list(
				as.character(c( "1", "2", "3", "4", "5", "6", "7", "8", "9", "10"
				  , "11", "12", "13", "14", "15", "16", "17", "18", "19", "20"
				  , "21", "22", "23", "24", "25", "26", "27", "28", "29", "30"
				  , "31", "32", "33", "34", "35", "36", "37", "38", "39", "40"
				  , "41", "42", "43", "44", "45", "46", "47", "48", "49", "50"
				  , "51", "52", "53", "54", "55", "56", "57", "58", "59", "60"))
				, as.character(c("nVmax_shrinkage", "nKm_shrinkage", "nV_shrinkage", "nKa_shrinkage"))
				)
			))
		, "sigma" = matrix(
			as.numeric(c(0.253322759073651))
			, nrow = 1, ncol = 1
			, dimnames = list(
				as.character(c("CEps"))
				, as.character(c("CEps"))
				)
			)
		, "method" = "FOCE-ELS"
		, "varFix" = matrix(
			as.numeric(c(192422.769644481, 13069.904614007, -538299578.226874, -63561846.609486, -4501003.91129215, 41034.2206679262, 11474.6633120671, 45389.840531922, -1969.10136220613, -343.390653998043, -233318858.793641, 13069.904614007, 887.745555206952, -36562847.2700628, -4317302.28139767, -305721.051915239, 2787.16145748617, 779.391945533893, 3083.00780151025, -133.747002402098, -23.3240760258862, -15847684.2195333, -538299578.226874, -36562847.2700628, 1505884412316.5, 177813220358.959, 12591485544.266, -114792568.333818, -32100185.1736132, -126977345.737407, 5508529.45485897, 960629.826106612, 652705737601.136, -63561846.609486, -4317302.28139767, 177813220358.959, 20996008003.6746, 1486789370.63387, -13554586.2336484, -3790355.92379951, -14993350.9409233, 650441.232937766, 113430.145879075, 77070804563.1794, -4501003.91129215, -305721.051915239, 12591485544.266, 1486789370.63387, 105283993.072377, -959840.577820741, -268406.411347326, -1061723.89299893, 46059.6896891046, 8032.32748942951, 5457613514.39328, 41034.2206679262, 2787.16145748617, -114792568.333818, -13554586.2336484, -959840.577820741, 8750.56534211847, 2446.97589576634, 9679.39897831858, -419.911488160248, -73.2281703639138, -49755326.370754, 11474.6633120671, 779.391945533893, -32100185.1736132, -3790355.92379951, -268406.411347326, 2446.97589576634, 684.263615220937, 2706.71265183844, -117.422566726601, -20.4772658285621, -13913402.1946059, 45389.840531922, 3083.00780151025, -126977345.737407, -14993350.9409233, -1061723.89299893, 9679.39897831858, 2706.71265183844, 10706.828890615, -464.483490795141, -81.0010554411023, -55036657.1657952, -1969.10136220613, -133.747002402098, 5508529.45485897, 650441.232937766, 46059.6896891046, -419.911488160248, -117.422566726601, -464.483490795141, 20.1502194111435, 3.51398685742678, 2387599.42475561, -343.390653998043, -23.3240760258862, 960629.826106612, 113430.145879075, 8032.32748942951, -73.2281703639138, -20.4772658285621, -81.0010554411023, 3.51398685742678, 0.612802475863049, 416372.331561297, -233318858.793641, -15847684.2195333, 652705737601.136, 77070804563.1794, 5457613514.39328, -49755326.370754, -13913402.1946059, -55036657.1657952, 2387599.42475561, 416372.331561297, 282906700483.501))
			, nrow = 11, ncol = 11
			, dimnames = list(
				as.character(c("GAMMA", "CMultStdev", "tvVmax", "tvKm", "tvV", "tvKa", "K12", "K21", "K13", "K31", "CEps"))
				, as.character(c("GAMMA", "CMultStdev", "tvVmax", "tvKm", "tvV", "tvKa", "K12", "K21", "K13", "K31", "CEps"))
				)
			)
		, "omegaSE" = matrix(
			as.numeric(c(1622.3707078037, 0, 0, 0, 0, 389.114855628155, 0, 0, 0, 0, 174.445321113674, 0, 0, 0, 0, 1310.17994204967))
			, nrow = 4, ncol = 4, byrow = TRUE
			, dimnames = list(
				as.character(c("nVmax", "nKm", "nV", "nKa"))
				, as.character(c("nVmax", "nKm", "nV", "nKa"))
				)
			)
		, "Covariance" = matrix(
			as.numeric(c(192422.77, 13069.905, -5.3829958e+008, -63561847, -4501003.9, 41034.221, 11474.663, 45389.841, -1969.1014, -343.39065, -2.3331886e+008, 711669.45,         0,  170689.2,         0,         0, 76522.218,         0,         0,         0, -574723.79, 13069.905, 887.74556, -36562847, -4317302.3, -305721.05, 2787.1615, 779.39195, 3083.0078,  -133.747, -23.324076, -15847684, 48338.625,         0, 11593.699,         0,         0, 5197.6079,         0,         0,         0, -39036.883, -5.3829958e+008, -36562847, 1.5058844e+012, 1.7781322e+011, 1.2591486e+010, -1.1479257e+008, -32100185, -1.2697735e+008, 5508529.5, 960629.83, 6.5270574e+011, -1.9908838e+009,         0, -4.7750027e+008,         0,         0, -2.1406967e+008,         0,         0,         0, 1.6077805e+009, -63561847, -4317302.3, 1.7781322e+011, 2.0996008e+010, 1.4867894e+009, -13554586, -3790355.9, -14993351, 650441.23, 113430.15, 7.7070805e+010, -2.3508146e+008,         0, -56382728,         0,         0, -25277121,         0,         0,         0, 1.8984503e+008, -4501003.9, -305721.05, 1.2591486e+010, 1.4867894e+009, 1.0528399e+008, -959840.58, -268406.41, -1061723.9,  46059.69, 8032.3275, 5.4576135e+009, -16646819,         0, -3992629.1,         0,         0, -1789948.3,         0,         0,         0,  13443492, 41034.221, 2787.1615, -1.1479257e+008, -13554586, -959840.58, 8750.5653, 2446.9759,  9679.399, -419.91149, -73.22817, -49755326, 151763.75,         0,  36399.53,         0,         0, 16318.389,         0,         0,         0, -122560.04, 11474.663, 779.39195, -32100185, -3790355.9, -268406.41, 2446.9759, 684.26362, 2706.7127, -117.42257, -20.477266, -13913402, 42438.675,         0, 10178.635,         0,         0, 4563.2162,         0,         0,         0, -34272.254, 45389.841, 3083.0078, -1.2697735e+008, -14993351, -1061723.9,  9679.399, 2706.7127, 10706.829, -464.48349, -81.001055, -55036657, 167872.87,         0, 40263.196,         0,         0, 18050.522,         0,         0,         0, -135569.31, -1969.1014,  -133.747, 5508529.5, 650441.23,  46059.69, -419.91149, -117.42257, -464.48349, 20.150219, 3.5139869, 2387599.4, -7282.6585,         0, -1746.6973,         0,         0, -783.06745,         0,         0,         0, 5881.2656, -343.39065, -23.324076, 960629.83, 113430.15, 8032.3275, -73.22817, -20.477266, -81.001055, 3.5139869, 0.61280248, 416372.33, -1270.0194,         0, -304.60572,         0,         0, -136.55876,         0,         0,         0, 1025.6311, -2.3331886e+008, -15847684, 6.5270574e+011, 7.7070805e+010, 5.4576135e+009, -49755326, -13913402, -55036657, 2387599.4, 416372.33, 2.829067e+011, -8.6292234e+008,         0, -2.069662e+008,         0,         0, -92785677,         0,         0,         0, 6.9687127e+008, 711669.45, 48338.625, -1.9908838e+009, -2.3508146e+008, -16646819, 151763.75, 42438.675, 167872.87, -7282.6585, -1270.0194, -8.6292234e+008, 2632086.7,         0, 631288.54,         0,         0, 283014.98,         0,         0,         0, -2125597.6,         0,         0,         0,         0,         0,         0,         0,         0,         0,         0,         0,         0,         0,         0,         0,         0,         0,         0,         0,         0,         0,  170689.2, 11593.699, -4.7750027e+008, -56382728, -3992629.1,  36399.53, 10178.635, 40263.196, -1746.6973, -304.60572, -2.069662e+008, 631288.54,         0, 151410.37,         0,         0, 67879.266,         0,         0,         0, -509810.48,         0,         0,         0,         0,         0,         0,         0,         0,         0,         0,         0,         0,         0,         0,         0,         0,         0,         0,         0,         0,         0,         0,         0,         0,         0,         0,         0,         0,         0,         0,         0,         0,         0,         0,         0,         0,         0,         0,         0,         0,         0,         0, 76522.218, 5197.6079, -2.1406967e+008, -25277121, -1789948.3, 16318.389, 4563.2162, 18050.522, -783.06745, -136.55876, -92785677, 283014.98,         0, 67879.266,         0,         0,  30431.17,         0,         0,         0, -228554.76,         0,         0,         0,         0,         0,         0,         0,         0,         0,         0,         0,         0,         0,         0,         0,         0,         0,         0,         0,         0,         0,         0,         0,         0,         0,         0,         0,         0,         0,         0,         0,         0,         0,         0,         0,         0,         0,         0,         0,         0,         0,         0,         0,         0,         0,         0,         0,         0,         0,         0,         0,         0,         0,         0,         0,         0,         0,         0,         0,         0,         0,         0,         0, -574723.79, -39036.883, 1.6077805e+009, 1.8984503e+008,  13443492, -122560.04, -34272.254, -135569.31, 5881.2656, 1025.6311, 6.9687127e+008, -2125597.6,         0, -509810.48,         0,         0, -228554.76,         0,         0,         0, 1716571.5))
			, nrow = 21, ncol = 21
			, dimnames = list(
				as.character(c("GAMMA", "CMultStdev", "tvVmax", "tvKm", "tvV", "tvKa", "K12", "K21", "K13", "K31", "stdev0", "nVmax-nVmax", "nKm-nVmax", "nKm-nKm", "nV-nVmax", "nV-nKm", "nV-nV", "nKa-nVmax", "nKa-nKm", "nKa-nV", "nKa-nKa"))
				, as.character(c("GAMMA", "CMultStdev", "tvVmax", "tvKm", "tvV", "tvKa", "K12", "K21", "K13", "K31", "stdev0", "nVmax-nVmax", "nKm-nVmax", "nKm-nKm", "nV-nVmax", "nV-nKm", "nV-nV", "nKa-nVmax", "nKa-nKm", "nKa-nV", "nKa-nKa"))
				)
			)
		, "Correlation" = matrix(
			as.numeric(c( 438.6602, 0.99999985, -0.99999998, -0.99999979, -0.99999997, 0.99999978, 0.99999999, 0.99999999, -0.99999989, -0.99999996, -0.99999999, 0.99999999,         0, 0.99999999,         0,         0, 0.99999999,         0,         0,         0, -0.99999999, 0.99999985, 29.795059, -0.99999985, -0.99999963, -0.99999981, 0.99999958, 0.99999985, 0.99999986, -0.9999998, -0.99999986, -0.99999986, 0.99999986,         0, 0.99999986,         0,         0, 0.99999986,         0,         0,         0, -0.99999986, -0.99999998, -0.99999985, 1227144.8, 0.99999969, 0.99999995, -0.99999976, -0.99999999, -0.99999999, 0.99999992, 0.99999998, 0.99999999, -0.99999999,         0, -0.99999999,         0,         0, -0.99999998,         0,         0,         0, 0.99999999, -0.99999979, -0.99999963, 0.99999969, 144899.99, 0.99999979, -0.99999964, -0.99999978, -0.99999979, 0.99999956, 0.9999997, 0.9999998, -0.9999998,         0, -0.99999979,         0,         0, -0.9999998,         0,         0,         0, 0.9999998, -0.99999997, -0.99999981, 0.99999995, 0.99999979, 10260.799, -0.99999971, -0.99999997, -0.99999997, 0.99999987, 0.99999995, 0.99999997, -0.99999997,         0, -0.99999997,         0,         0, -0.99999996,         0,         0,         0, 0.99999997, 0.99999978, 0.99999958, -0.99999976, -0.99999964, -0.99999971, 93.544457, 0.9999998, 0.99999978, -0.99999956, -0.9999997, -0.99999978, 0.99999978,         0, 0.99999978,         0,         0, 0.99999979,         0,         0,         0, -0.99999978, 0.99999999, 0.99999985, -0.99999999, -0.99999978, -0.99999997, 0.9999998, 26.158433,         1, -0.9999999, -0.99999997,        -1,         1,         0,         1,         0,         0, 0.99999999,         0,         0,         0,        -1, 0.99999999, 0.99999986, -0.99999999, -0.99999979, -0.99999997, 0.99999978,         1, 103.47381, -0.99999991, -0.99999998,        -1,         1,         0,         1,         0,         0,         1,         0,         0,         0,        -1, -0.99999989, -0.9999998, 0.99999992, 0.99999956, 0.99999987, -0.99999956, -0.9999999, -0.99999991, 4.4888996, 0.99999997, 0.99999991, -0.99999991,         0, -0.9999999,         0,         0, -0.9999999,         0,         0,         0, 0.99999991, -0.99999996, -0.99999986, 0.99999998, 0.9999997, 0.99999995, -0.9999997, -0.99999997, -0.99999998, 0.99999997, 0.78281701, 0.99999998, -0.99999998,         0, -0.99999998,         0,         0, -0.99999997,         0,         0,         0, 0.99999998, -0.99999999, -0.99999986, 0.99999999, 0.9999998, 0.99999997, -0.99999978,        -1,        -1, 0.99999991, 0.99999998, 531889.74,        -1,         0,        -1,         0,         0,        -1,         0,         0,         0,         1, 0.99999999, 0.99999986, -0.99999999, -0.9999998, -0.99999997, 0.99999978,         1,         1, -0.99999991, -0.99999998,        -1, 1622.3707,         0,         1,         0,         0,         1,         0,         0,         0,        -1,         0,         0,         0,         0,         0,         0,         0,         0,         0,         0,         0,         0,         0,         0,         0,         0,         0,         0,         0,         0,         0, 0.99999999, 0.99999986, -0.99999999, -0.99999979, -0.99999997, 0.99999978,         1,         1, -0.9999999, -0.99999998,        -1,         1,         0, 389.11486,         0,         0,         1,         0,         0,         0,        -1,         0,         0,         0,         0,         0,         0,         0,         0,         0,         0,         0,         0,         0,         0,         0,         0,         0,         0,         0,         0,         0,         0,         0,         0,         0,         0,         0,         0,         0,         0,         0,         0,         0,         0,         0,         0,         0,         0,         0,         0,         0,         0, 0.99999999, 0.99999986, -0.99999998, -0.9999998, -0.99999996, 0.99999979, 0.99999999,         1, -0.9999999, -0.99999997,        -1,         1,         0,         1,         0,         0, 174.44532,         0,         0,         0,        -1,         0,         0,         0,         0,         0,         0,         0,         0,         0,         0,         0,         0,         0,         0,         0,         0,         0,         0,         0,         0,         0,         0,         0,         0,         0,         0,         0,         0,         0,         0,         0,         0,         0,         0,         0,         0,         0,         0,         0,         0,         0,         0,         0,         0,         0,         0,         0,         0,         0,         0,         0,         0,         0,         0,         0,         0,         0,         0,         0,         0,         0,         0,         0, -0.99999999, -0.99999986, 0.99999999, 0.9999998, 0.99999997, -0.99999978,        -1,        -1, 0.99999991, 0.99999998,         1,        -1,         0,        -1,         0,         0,        -1,         0,         0,         0, 1310.1799))
			, nrow = 21, ncol = 21
			, dimnames = list(
				as.character(c("GAMMA", "CMultStdev", "tvVmax", "tvKm", "tvV", "tvKa", "K12", "K21", "K13", "K31", "stdev0", "nVmax-nVmax", "nKm-nVmax", "nKm-nKm", "nV-nVmax", "nV-nKm", "nV-nV", "nKa-nVmax", "nKa-nKm", "nKa-nV", "nKa-nKa"))
				, as.character(c("GAMMA", "CMultStdev", "tvVmax", "tvKm", "tvV", "tvKa", "K12", "K21", "K13", "K31", "stdev0", "nVmax-nVmax", "nKm-nVmax", "nKm-nKm", "nV-nVmax", "nV-nKm", "nV-nV", "nKa-nVmax", "nKa-nKm", "nKa-nV", "nKa-nKa"))
				)
			)
		, "Inverse" = matrix(
			as.numeric(c(817.12825, -183.31118, -0.16153324, -0.46102867, -1.2372149, 52.278336, -9131.7486, -1414.7904, 9280.5003, -196490.97, -18.01285, -6312.6374,         0, -424.68987,         0,         0, 4716.7337,         0,         0,         0, 274.35569, -183.30848, 5153.2771, -0.1726329, -0.3574764, -5.2894305, 15.837141, 37083.025, 21569.484, -71809.281,   1085367, 9.4213629, 840.80048,         0, 240.36063,         0,         0, -1692.5208,         0,         0,         0, -596.57306, -0.16153367, -0.17263131, 0.00065276489, 0.0014392273, 0.0016130194, 0.17798672, -10.285106, -3.5855519, 28.369141, -336.01461, 0.0071440952, 3.5431336,         0, 0.43414458,         0,         0, -2.6317579,         0,         0,         0, 0.052202019, -0.46103068, -0.35747117, 0.0014392276, 0.0035577271, 0.0008426586, 0.49202308, -34.960393, -10.048488, 76.005361, -804.59255, 0.025376385, 11.399119,         0, 1.0877108,         0,         0, -8.0981375,         0,         0,         0, -0.088566439, -1.2372109, -5.2894235, 0.0016130162, 0.00084264623, 0.26754197, -4.0712264, 182.66691, 2.9018135, -16.144735, 18.223218, 0.056486676, 18.426259,         0, 0.35772963,         0,         0, -25.554477,         0,         0,         0, -4.0148882,  52.27662, 15.837894, 0.1779876, 0.49202582, -4.0712206, 601.01949, -25060.715, -11217.358, 16560.622, -324774.45, 0.069552977, 1221.0991,         0, 175.65041,         0,         0, -689.50468,         0,         0,         0, 66.773271, -9131.4875, 37082.956, -10.285247, -34.960843,  182.6661, -25060.744, 3379367.6, 1756516.7, -3449293.2,  53185115, 314.89926, -71093.399,         0, 547.42942,         0,         0, -3025.9781,         0,         0,         0, -21811.245, -1414.618, 21569.459, -3.5856487, -10.048801, 2.9013008, -11217.39, 1756518.6, 1260339.2, -1553634.3,  28824878, 333.44177, -678.54126,         0, 6073.2189,         0,         0, -29379.95,         0,         0,         0,  -11943.8, 9280.2634, -71809.19, 28.369266, 76.005751, -16.143983, 16560.631, -3449290.6, -1553630.8, 8156162.1, -1.0231607e+008, -138.38781, 132044.43,         0, -11569.017,         0,         0, 21482.171,         0,         0,         0, 28539.591, -196487.01, 1085366.4, -336.01685, -804.59976, 18.211748, -324775.18,  53185159,  28824876, -1.0231614e+008, 1.4505853e+009, 8368.9113, -135161.23,         0, 249404.52,         0,         0, -1452912.3,         0,         0,         0, -522763.95, -18.01284,  9.421499, 0.007144068, 0.025376265, 0.056486852, 0.069463528, 314.91273, 333.45061, -138.40014, 8369.1142, 1.0093256, 322.55499,         0, 19.787488,         0,         0, -246.84679,         0,         0,         0, -24.984922, -6312.6486, 840.85186, 3.5431321, 11.399103, 18.426365, 1221.0696, -71088.713, -675.35498, 132040.29, -135088.16, 322.55576, 115833.76,         0, 6159.2959,         0,         0, -86562.874,         0,         0,         0, -5783.6313,         0,         0,         0,         0,         0,         0,         0,         0,         0,         0,         0,         0,         0,         0,         0,         0,         0,         0,         0,         0,         0, -424.68817, 240.36296, 0.43414323, 1.0877058, 0.35772938, 175.64847, 547.69593,  6073.381, -11569.279, 249408.32,  19.78741, 6159.2537,         0, 3093.6585,         0,         0, -5181.1632,         0,         0,         0, -449.90071,         0,         0,         0,         0,         0,         0,         0,         0,         0,         0,         0,         0,         0,         0,         0,         0,         0,         0,         0,         0,         0,         0,         0,         0,         0,         0,         0,         0,         0,         0,         0,         0,         0,         0,         0,         0,         0,         0,         0,         0,         0,         0, 4716.7365, -1692.5584, -2.6317535, -8.0981149, -25.55454, -689.48147, -3029.555, -29382.336, 21485.393, -1452967.1, -246.84707, -86562.768,         0, -5181.1892,         0,         0, 72414.795,         0,         0,         0, 4591.4051,         0,         0,         0,         0,         0,         0,         0,         0,         0,         0,         0,         0,         0,         0,         0,         0,         0,         0,         0,         0,         0,         0,         0,         0,         0,         0,         0,         0,         0,         0,         0,         0,         0,         0,         0,         0,         0,         0,         0,         0,         0,         0,         0,         0,         0,         0,         0,         0,         0,         0,         0,         0,         0,         0,         0,         0,         0,         0,         0,         0,         0,         0,         0, 274.35613, -596.57529, 0.052201977, -0.088565887, -4.0148943,   66.7746, -21811.46, -11943.949, 28539.775, -522767.22, -24.984957, -5783.6311,         0, -449.90263,         0,         0, 4591.4101,         0,         0,         0, 2370.2123))
			, nrow = 21, ncol = 21
			, dimnames = list(
				as.character(c("GAMMA", "CMultStdev", "tvVmax", "tvKm", "tvV", "tvKa", "K12", "K21", "K13", "K31", "stdev0", "nVmax-nVmax", "nKm-nVmax", "nKm-nKm", "nV-nVmax", "nV-nKm", "nV-nV", "nKa-nVmax", "nKa-nKm", "nKa-nV", "nKa-nKa"))
				, as.character(c("GAMMA", "CMultStdev", "tvVmax", "tvKm", "tvV", "tvKa", "K12", "K21", "K13", "K31", "stdev0", "nVmax-nVmax", "nKm-nVmax", "nKm-nKm", "nV-nVmax", "nV-nKm", "nV-nV", "nKa-nVmax", "nKa-nKm", "nKa-nV", "nKa-nKa"))
				)
			)
		, "LLTable" = data.frame(
			id = as.character(c( "1", "2", "3", "4", "5", "6", "7", "8", "9", "10", "11", "12", "13", "14", "15", "16", "17", "18", "19", "20", "21", "22", "23", "24", "25", "26", "27", "28", "29", "30", "31", "32", "33", "34", "35", "36", "37", "38", "39", "40", "41", "42", "43", "44", "45", "46", "47", "48", "49", "50", "51", "52", "53", "54", "55", "56", "57", "58", "59", "60"))
			, "LL" = c(-54.401246, -60.260904, -58.953783, -60.683937, -56.46112, -59.191878, -52.292503, -54.119592, -58.126486, -57.473084, -59.597352, -55.55272, -56.108481, -56.028997, -52.622958, -54.499822, -56.587427, -59.691172, -53.200372, -54.687814, -56.190692, -58.703451, -53.139448, -53.649886, -57.956586, -54.67151, -59.492685, -52.073958, -52.318515, -54.898211, -56.227161, -50.392048, -60.966315, -58.430366, -55.296159, -62.356925, -53.053426, -55.171688, -52.895254, -58.862302, -54.690305, -58.064482, -55.691534, -50.465708, -54.567096, -55.336977, -57.824126, -54.133785, -56.348308, -53.848532, -59.668747, -53.929632, -60.253267, -55.975153, -58.349421, -52.816747, -58.049751, -52.626409, -55.507864, -53.617387)
			) # end of LLTable
		, "residuals" = data.frame(
			  ID1 = as.character(c(  "",   "",   "",   "",   "",   "",   "",   "",   "",   "",   "",   "",   "",   "",   "",   "",   "",   "",   "",   "",   "",   "",   "",   "",   "",   "",   "",   "",   "",   "",   "",   "",   "",   "",   "",   "",   "",   "",   "",   "",   "",   "",   "",   "",   "",   "",   "",   "",   "",   "",   "",   "",   "",   "",   "",   "",   "",   "",   "",   "",   "",   "",   "",   "",   "",   "",   "",   "",   "",   "",   "",   "",   "",   "",   "",   "",   "",   "",   "",   "",   "",   "",   "",   "",   "",   "",   "",   "",   "",   "",   "",   "",   "",   "",   "",   "",   "",   "",   "",   "",   "",   "",   "",   "",   "",   "",   "",   "",   "",   "",   "",   "",   "",   "",   "",   "",   "",   "",   "",   "",   "",   "",   "",   "",   "",   "",   "",   "",   "",   "",   "",   "",   "",   "",   "",   "",   "",   "",   "",   "",   "",   "",   "",   "",   "",   "",   "",   "",   "",   "",   "",   "",   "",   "",   "",   "",   "",   "",   "",   "",   "",   "",   "",   "",   "",   "",   "",   "",   "",   "",   "",   "",   "",   "",   "",   "",   "",   "",   "",   "",   "",   "",   "",   "",   "",   "",   "",   "",   "",   "",   "",   "",   "",   "",   "",   "",   "",   "",   "",   "",   "",   "",   "",   "",   "",   "",   "",   "",   "",   "",   "",   "",   "",   "",   "",   "",   "",   "",   "",   "",   "",   "",   "",   "",   "",   "",   "",   "",   "",   "",   "",   "",   "",   "",   "",   "",   "",   "",   "",   "",   "",   "",   "",   "",   "",   "",   "",   "",   "",   "",   "",   "",   "",   "",   "",   "",   "",   "",   "",   "",   "",   "",   "",   "",   "",   "",   "",   "",   "",   "",   "",   "",   "",   "",   "",   "",   "",   "",   "",   "",   "",   "",   "",   "",   "",   "",   "",   "",   "",   "",   "",   "",   "",   "",   "",   "",   "",   "",   "",   "",   "",   "",   "",   "",   "",   "",   "",   "",   "",   "",   "",   "",   "",   "",   "",   "",   "",   "",   "",   "",   "",   "",   "",   "",   "",   "",   "",   "",   "",   "",   "",   "",   "",   "",   "",   "",   "",   "",   "",   "",   "",   "",   "",   "",   "",   "",   "",   "",   "",   "",   "",   "",   "",   "",   "",   "",   "",   "",   "",   "",   "",   "",   "",   "",   "",   "",   "",   "",   "",   "",   "",   "",   "",   "",   "",   "",   "",   "",   "",   "",   "",   "",   "",   "",   "",   "",   "",   "",   "",   "",   "",   "",   "",   "",   "",   "",   "",   "",   "",   "",   "",   "",   "",   "",   "",   "",   "",   "",   "",   "",   "",   "",   "",   "",   "",   "",   "",   "",   "",   "",   "",   "",   "",   "",   "",   "",   "",   "",   "",   "",   "",   "",   "",   "",   "",   "",   "",   "",   "",   "",   "",   "",   "",   "",   "",   "",   "",   "",   "",   "",   "",   "",   "",   "",   "",   "",   "",   "",   "",   "",   "",   "",   "",   "",   "",   "",   "",   "",   "",   "",   "",   "",   "",   "",   "",   "",   "",   "",   "",   ""))
