TABLE NO.     1: First Order Conditional Estimation with Interaction: Problem=1 Subproblem=0 Superproblem1=0 Iteration1=0 Superproblem2=0 Iteration2=0
 NAME         THETA1       THETA2       THETA3       THETA4       THETA5       THETA6       SIGMA(1,1)   SIGMA(2,1)   SIGMA(2,2)   OMEGA(1,1)   OMEGA(2,1)   OMEGA(2,2)   OMEGA(3,1)   OMEGA(3,2)   OMEGA(3,3)
 THETA1        1.63261E+09 -4.26606E+08 -5.07872E+06 -1.98882E+05  2.00855E+05 -3.88677E+05  6.77190E+03  0.00000E+00  9.35399E+02 -1.90765E+04  0.00000E+00 -6.50749E+04  0.00000E+00  0.00000E+00  1.15067E+05
 THETA2       -4.26606E+08  1.11473E+08  1.32708E+06  5.19683E+04 -5.24839E+04  1.01562E+05 -1.76950E+03  0.00000E+00 -2.44420E+02  4.98466E+03  0.00000E+00  1.70040E+04  0.00000E+00  0.00000E+00 -3.00669E+04
 THETA3       -5.07872E+06  1.32708E+06  1.57989E+04  6.18680E+02 -6.24818E+02  1.20909E+03 -2.10662E+01  0.00000E+00 -2.90987E+00  5.93439E+01  0.00000E+00  2.02438E+02  0.00000E+00  0.00000E+00 -3.57955E+02
 THETA4       -1.98882E+05  5.19683E+04  6.18680E+02  2.42274E+01 -2.44677E+01  4.73478E+01 -8.24949E-01  0.00000E+00 -1.13950E-01  2.32389E+00  0.00000E+00  7.92741E+00  0.00000E+00  0.00000E+00 -1.40174E+01
 THETA5        2.00855E+05 -5.24839E+04 -6.24818E+02 -2.44677E+01  2.47105E+01 -4.78176E+01  8.33127E-01  0.00000E+00  1.15079E-01 -2.34692E+00  0.00000E+00 -8.00597E+00  0.00000E+00  0.00000E+00  1.41563E+01
 THETA6       -3.88677E+05  1.01562E+05  1.20909E+03  4.73478E+01 -4.78176E+01  9.25324E+01 -1.61219E+00  0.00000E+00 -2.22691E-01  4.54155E+00  0.00000E+00  1.54924E+01  0.00000E+00  0.00000E+00 -2.73940E+01
 SIGMA(1,1)    6.77190E+03 -1.76950E+03 -2.10662E+01 -8.24949E-01  8.33127E-01 -1.61219E+00  2.81132E-02  0.00000E+00  3.88326E-03 -7.92256E-02  0.00000E+00 -2.70241E-01  0.00000E+00  0.00000E+00  4.77846E-01
 SIGMA(2,1)    0.00000E+00  0.00000E+00  0.00000E+00  0.00000E+00  0.00000E+00  0.00000E+00  0.00000E+00  0.00000E+00  0.00000E+00  0.00000E+00  0.00000E+00  0.00000E+00  0.00000E+00  0.00000E+00  0.00000E+00
 SIGMA(2,2)    9.35399E+02 -2.44420E+02 -2.90987E+00 -1.13950E-01  1.15079E-01 -2.22691E-01  3.88326E-03  0.00000E+00  5.36393E-04 -1.09434E-02  0.00000E+00 -3.73283E-02  0.00000E+00  0.00000E+00  6.60048E-02
 OMEGA(1,1)   -1.90765E+04  4.98466E+03  5.93439E+01  2.32389E+00 -2.34692E+00  4.54155E+00 -7.92256E-02  0.00000E+00 -1.09434E-02  2.23312E-01  0.00000E+00  7.61694E-01  0.00000E+00  0.00000E+00 -1.34685E+00
 OMEGA(2,1)    0.00000E+00  0.00000E+00  0.00000E+00  0.00000E+00  0.00000E+00  0.00000E+00  0.00000E+00  0.00000E+00  0.00000E+00  0.00000E+00  0.00000E+00  0.00000E+00  0.00000E+00  0.00000E+00  0.00000E+00
 OMEGA(2,2)   -6.50749E+04  1.70040E+04  2.02438E+02  7.92741E+00 -8.00597E+00  1.54924E+01 -2.70241E-01  0.00000E+00 -3.73283E-02  7.61694E-01  0.00000E+00  2.59810E+00  0.00000E+00  0.00000E+00 -4.59402E+00
 OMEGA(3,1)    0.00000E+00  0.00000E+00  0.00000E+00  0.00000E+00  0.00000E+00  0.00000E+00  0.00000E+00  0.00000E+00  0.00000E+00  0.00000E+00  0.00000E+00  0.00000E+00  0.00000E+00  0.00000E+00  0.00000E+00
 OMEGA(3,2)    0.00000E+00  0.00000E+00  0.00000E+00  0.00000E+00  0.00000E+00  0.00000E+00  0.00000E+00  0.00000E+00  0.00000E+00  0.00000E+00  0.00000E+00  0.00000E+00  0.00000E+00  0.00000E+00  0.00000E+00
 OMEGA(3,3)    1.15067E+05 -3.00669E+04 -3.57955E+02 -1.40174E+01  1.41563E+01 -2.73940E+01  4.77846E-01  0.00000E+00  6.60048E-02 -1.34685E+00  0.00000E+00 -4.59402E+00  0.00000E+00  0.00000E+00  8.12326E+00
