TABLE NO.     1: First Order Conditional Estimation with Interaction: Problem=1 Subproblem=0 Superproblem1=0 Iteration1=0 Superproblem2=0 Iteration2=0
 NAME         THETA1       THETA2       THETA3       THETA4       THETA5       THETA6       SIGMA(1,1)   SIGMA(2,1)   SIGMA(2,2)   OMEGA(1,1)   OMEGA(2,1)   OMEGA(2,2)   OMEGA(3,1)   OMEGA(3,2)   OMEGA(3,3)
 THETA1        3.08182E+09  3.36600E+09 -4.73095E+11  1.76256E+13  1.91554E+13  1.62909E+13 -8.24624E+11  0.00000E+00 -2.98530E+12 -3.31475E+09  0.00000E+00 -6.01203E+09  0.00000E+00  0.00000E+00 -3.60417E+09
 THETA2        3.36600E+09  4.45107E+09 -1.24001E+11  6.90865E+12  6.36911E+12  1.06010E+13 -4.81754E+11  0.00000E+00 -8.49788E+12 -1.50103E+09  0.00000E+00 -1.58619E+09  0.00000E+00  0.00000E+00 -9.73011E+08
 THETA3       -4.73095E+11 -1.24001E+11  4.09660E+14 -1.34509E+16 -1.54706E+16 -8.31438E+15  5.97764E+14  0.00000E+00 -3.65064E+15  2.01116E+12  0.00000E+00  5.05087E+12  0.00000E+00  0.00000E+00  2.99898E+12
 THETA4        1.76256E+13  6.90865E+12 -1.34509E+16  4.43483E+17  5.09058E+17  2.78281E+17 -1.98176E+16  0.00000E+00  1.13725E+17 -6.66405E+13  0.00000E+00 -1.65914E+14  0.00000E+00  0.00000E+00 -9.85335E+13
 THETA5        1.91554E+13  6.36911E+12 -1.54706E+16  5.09058E+17  5.84900E+17  3.17326E+17 -2.26599E+16  0.00000E+00  1.34122E+17 -7.64018E+13  0.00000E+00 -1.90802E+14  0.00000E+00  0.00000E+00 -1.13305E+14
 THETA6        1.62909E+13  1.06010E+13 -8.31438E+15  2.78281E+17  3.17326E+17  1.86946E+17 -1.23106E+16  0.00000E+00  5.56542E+16 -4.39261E+13  0.00000E+00 -1.03195E+14  0.00000E+00  0.00000E+00 -6.13805E+13
 SIGMA(1,1)   -8.24624E+11 -4.81754E+11  5.97764E+14 -1.98176E+16 -2.26599E+16 -1.23106E+16  9.96838E+14  0.00000E+00 -5.24226E+15  2.77479E+12  0.00000E+00  7.51322E+12  0.00000E+00  0.00000E+00  4.45399E+12
 SIGMA(2,1)    0.00000E+00  0.00000E+00  0.00000E+00  0.00000E+00  0.00000E+00  0.00000E+00  0.00000E+00  0.00000E+00  0.00000E+00  0.00000E+00  0.00000E+00  0.00000E+00  0.00000E+00  0.00000E+00  0.00000E+00
 SIGMA(2,2)   -2.98530E+12 -8.49788E+12 -3.65064E+15  1.13725E+17  1.34122E+17  5.56542E+16 -5.24226E+15  0.00000E+00  5.72448E+16 -1.51694E+13  0.00000E+00 -4.62692E+13  0.00000E+00  0.00000E+00 -2.73656E+13
 OMEGA(1,1)   -3.31475E+09 -1.50103E+09  2.01116E+12 -6.66405E+13 -7.64018E+13 -4.39261E+13  2.77479E+12  0.00000E+00 -1.51694E+13  1.07500E+10  0.00000E+00  2.48717E+10  0.00000E+00  0.00000E+00  1.47995E+10
 OMEGA(2,1)    0.00000E+00  0.00000E+00  0.00000E+00  0.00000E+00  0.00000E+00  0.00000E+00  0.00000E+00  0.00000E+00  0.00000E+00  0.00000E+00  0.00000E+00  0.00000E+00  0.00000E+00  0.00000E+00  0.00000E+00
 OMEGA(2,2)   -6.01203E+09 -1.58619E+09  5.05087E+12 -1.65914E+14 -1.90802E+14 -1.03195E+14  7.51322E+12  0.00000E+00 -4.62692E+13  2.48717E+10  0.00000E+00  6.30536E+10  0.00000E+00  0.00000E+00  3.74349E+10
 OMEGA(3,1)    0.00000E+00  0.00000E+00  0.00000E+00  0.00000E+00  0.00000E+00  0.00000E+00  0.00000E+00  0.00000E+00  0.00000E+00  0.00000E+00  0.00000E+00  0.00000E+00  0.00000E+00  0.00000E+00  0.00000E+00
 OMEGA(3,2)    0.00000E+00  0.00000E+00  0.00000E+00  0.00000E+00  0.00000E+00  0.00000E+00  0.00000E+00  0.00000E+00  0.00000E+00  0.00000E+00  0.00000E+00  0.00000E+00  0.00000E+00  0.00000E+00  0.00000E+00
 OMEGA(3,3)   -3.60417E+09 -9.73011E+08  2.99898E+12 -9.85335E+13 -1.13305E+14 -6.13805E+13  4.45399E+12  0.00000E+00 -2.73656E+13  1.47995E+10  0.00000E+00  3.74349E+10  0.00000E+00  0.00000E+00  2.22264E+10
