TABLE NO.     1: First Order Conditional Estimation with Interaction: Problem=1 Subproblem=0 Superproblem1=0 Iteration1=0 Superproblem2=0 Iteration2=0
 NAME         THETA1       THETA2       THETA3       THETA4       THETA5       THETA6       SIGMA(1,1)   SIGMA(2,1)   SIGMA(2,2)   OMEGA(1,1)   OMEGA(2,1)   OMEGA(2,2)
 THETA1        9.24086E+02  9.77592E-01  9.95424E-01 -5.76097E-01 -8.46403E-01  9.94953E-01  9.91326E-01  0.00000E+00 -2.78312E-01  3.07974E-01  4.29919E-01  1.77757E-01
 THETA2        9.77592E-01  2.92475E+02  9.74207E-01 -5.65590E-01 -9.12460E-01  9.74357E-01  9.60615E-01  0.00000E+00 -2.93939E-01  2.96452E-01  4.39105E-01  1.80903E-01
 THETA3        9.95424E-01  9.74207E-01  1.70510E+03 -6.40358E-01 -8.37573E-01  9.99858E-01  9.96327E-01  0.00000E+00 -2.52506E-01  2.94682E-01  4.07532E-01  1.75126E-01
 THETA4       -5.76097E-01 -5.65590E-01 -6.40358E-01  1.37386E-01  3.46088E-01 -6.46962E-01 -6.31861E-01  0.00000E+00  1.02796E-01 -4.26001E-01 -3.80343E-01 -3.11493E-01
 THETA5       -8.46403E-01 -9.12460E-01 -8.37573E-01  3.46088E-01  1.52696E-01 -8.34773E-01 -8.06943E-01  0.00000E+00  2.32919E-01 -1.58735E-01 -3.49225E-01 -8.80220E-02
 THETA6        9.94953E-01  9.74357E-01  9.99858E-01 -6.46962E-01 -8.34773E-01  1.25945E+00  9.96193E-01  0.00000E+00 -2.51798E-01  2.99784E-01  4.10565E-01  1.77239E-01
 SIGMA(1,1)    9.91326E-01  9.60615E-01  9.96327E-01 -6.31861E-01 -8.06943E-01  9.96193E-01  9.16033E-03  0.00000E+00 -2.63490E-01  2.52897E-01  3.52932E-01  1.41559E-01
 SIGMA(2,1)    0.00000E+00  0.00000E+00  0.00000E+00  0.00000E+00  0.00000E+00  0.00000E+00  0.00000E+00  0.00000E+00  0.00000E+00  0.00000E+00  0.00000E+00  0.00000E+00
 SIGMA(2,2)   -2.78312E-01 -2.93939E-01 -2.52506E-01  1.02796E-01  2.32919E-01 -2.51798E-01 -2.63490E-01  0.00000E+00  1.59452E-02 -3.47265E-01 -2.46873E-01 -1.87836E-01
 OMEGA(1,1)    3.07974E-01  2.96452E-01  2.94682E-01 -4.26001E-01 -1.58735E-01  2.99784E-01  2.52897E-01  0.00000E+00 -3.47265E-01  2.28990E-02  7.36361E-01  4.89606E-01
 OMEGA(2,1)    4.29919E-01  4.39105E-01  4.07532E-01 -3.80343E-01 -3.49225E-01  4.10565E-01  3.52932E-01  0.00000E+00 -2.46873E-01  7.36361E-01  2.93599E-02  6.61061E-01
 OMEGA(2,2)    1.77757E-01  1.80903E-01  1.75126E-01 -3.11493E-01 -8.80220E-02  1.77239E-01  1.41559E-01  0.00000E+00 -1.87836E-01  4.89606E-01  6.61061E-01  4.21500E-02
