TABLE NO.     1: First Order Conditional Estimation with Interaction: Problem=1 Subproblem=0 Superproblem1=0 Iteration1=0 Superproblem2=0 Iteration2=0
 NAME         THETA1       THETA2       THETA3       THETA4       THETA5       THETA6       SIGMA(1,1)   SIGMA(2,1)   SIGMA(2,2)   OMEGA(1,1)   OMEGA(2,1)   OMEGA(2,2)
 THETA1        1.67055E+01 -1.82680E+00 -1.46595E+00 -1.68624E+04 -8.46620E+03 -1.59029E+04  5.82210E+05  0.00000E+00  1.95338E+04 -6.49079E+03 -6.67105E+03  2.51024E+02
 THETA2       -1.82680E+00  2.94605E-01  1.77348E-02  1.56419E+03  1.19228E+02  8.93082E+02  6.04116E+04  0.00000E+00  6.39701E+01  2.33012E+03  2.32200E+03 -2.27763E+01
 THETA3       -1.46595E+00  1.77348E-02  3.50276E-01  1.90700E+03  1.97782E+03  2.68364E+03 -2.40808E+05  0.00000E+00 -5.07603E+03 -1.90724E+03 -1.85004E+03 -2.95350E+01
 THETA4       -1.68624E+04  1.56419E+03  1.90700E+03  1.78547E+07  1.09527E+07  1.85712E+07 -9.57648E+08  0.00000E+00 -2.62748E+07  1.72084E+06  1.98428E+06 -2.67479E+05
 THETA5       -8.46620E+03  1.19228E+02  1.97782E+03  1.09527E+07  1.12396E+07  1.53289E+07 -1.36306E+09  0.00000E+00 -2.88291E+07 -1.06565E+07 -1.03292E+07 -1.68291E+05
 THETA6       -1.59029E+04  8.93082E+02  2.68364E+03  1.85712E+07  1.53289E+07  2.27509E+07 -1.67173E+09  0.00000E+00 -3.84037E+07 -8.41384E+06 -7.99466E+06 -2.81509E+05
 SIGMA(1,1)    5.82210E+05  6.04116E+04 -2.40808E+05 -9.57648E+08 -1.36306E+09 -1.67173E+09  1.84448E+11  0.00000E+00  3.59042E+09  1.91734E+09  1.87480E+09  1.50468E+07
 SIGMA(2,1)    0.00000E+00  0.00000E+00  0.00000E+00  0.00000E+00  0.00000E+00  0.00000E+00  0.00000E+00  0.00000E+00  0.00000E+00  0.00000E+00  0.00000E+00  0.00000E+00
 SIGMA(2,2)    1.95338E+04  6.39701E+01 -5.07603E+03 -2.62748E+07 -2.88291E+07 -3.84037E+07  3.59042E+09  0.00000E+00  7.44190E+07  3.04059E+07  2.95499E+07  4.05330E+05
 OMEGA(1,1)   -6.49079E+03  2.33012E+03 -1.90724E+03  1.72084E+06 -1.06565E+07 -8.41384E+06  1.91734E+09  0.00000E+00  3.04059E+07  3.05174E+07  3.01058E+07 -1.50993E+04
 OMEGA(2,1)   -6.67105E+03  2.32200E+03 -1.85004E+03  1.98428E+06 -1.03292E+07 -7.99466E+06  1.87480E+09  0.00000E+00  2.95499E+07  3.01058E+07  2.97196E+07 -2.05611E+04
 OMEGA(2,2)    2.51024E+02 -2.27763E+01 -2.95350E+01 -2.67479E+05 -1.68291E+05 -2.81509E+05  1.50468E+07  0.00000E+00  4.05330E+05 -1.50993E+04 -2.05611E+04  5.12389E+03
