TABLE NO.     1: First Order Conditional Estimation with Interaction: Problem=1 Subproblem=0 Superproblem1=0 Iteration1=0 Superproblem2=0 Iteration2=0
 NAME         THETA1       THETA2       THETA3       THETA4       THETA5       THETA6       SIGMA(1,1)   SIGMA(2,1)   SIGMA(2,2)   OMEGA(1,1)   OMEGA(2,1)   OMEGA(2,2)
 THETA1        8.53935E+05  2.64216E+05  1.56845E+06 -7.31394E+01 -1.19431E+02  1.15797E+03  8.39151E+00  0.00000E+00 -4.10087E+00  6.51694E+00  1.16641E+01  6.92368E+00
 THETA2        2.64216E+05  8.55415E+04  4.85835E+05 -2.27266E+01 -4.07503E+01  3.58913E+02  2.57365E+00  0.00000E+00 -1.37081E+00  1.98545E+00  3.77060E+00  2.23014E+00
 THETA3        1.56845E+06  4.85835E+05  2.90735E+06 -1.50008E+02 -2.18072E+02  2.14718E+03  1.55619E+01  0.00000E+00 -6.86519E+00  1.15059E+01  2.04016E+01  1.25863E+01
 THETA4       -7.31394E+01 -2.27266E+01 -1.50008E+02  1.88750E-02  7.26036E-03 -1.11945E-01 -7.95199E-04  0.00000E+00  2.25192E-04 -1.34020E-03 -1.53417E-03 -1.80380E-03
 THETA5       -1.19431E+02 -4.07503E+01 -2.18072E+02  7.26036E-03  2.33161E-02 -1.60538E-01 -1.12871E-03  0.00000E+00  5.67107E-04 -5.55033E-04 -1.56563E-03 -5.66523E-04
 THETA6        1.15797E+03  3.58913E+02  2.14718E+03 -1.11945E-01 -1.60538E-01  1.58622E+00  1.14931E-02  0.00000E+00 -5.05668E-03  8.64584E-03  1.51816E-02  9.40889E-03
 SIGMA(1,1)    8.39151E+00  2.57365E+00  1.55619E+01 -7.95199E-04 -1.12871E-03  1.14931E-02  8.39117E-05  0.00000E+00 -3.84864E-05  5.30483E-05  9.49198E-05  5.46570E-05
 SIGMA(2,1)    0.00000E+00  0.00000E+00  0.00000E+00  0.00000E+00  0.00000E+00  0.00000E+00  0.00000E+00  0.00000E+00  0.00000E+00  0.00000E+00  0.00000E+00  0.00000E+00
 SIGMA(2,2)   -4.10087E+00 -1.37081E+00 -6.86519E+00  2.25192E-04  5.67107E-04 -5.05668E-03 -3.84864E-05  0.00000E+00  2.54251E-04 -1.26797E-04 -1.15574E-04 -1.26243E-04
 OMEGA(1,1)    6.51694E+00  1.98545E+00  1.15059E+01 -1.34020E-03 -5.55033E-04  8.64584E-03  5.30483E-05  0.00000E+00 -1.26797E-04  5.24365E-04  4.95064E-04  4.72564E-04
 OMEGA(2,1)    1.16641E+01  3.77060E+00  2.04016E+01 -1.53417E-03 -1.56563E-03  1.51816E-02  9.49198E-05  0.00000E+00 -1.15574E-04  4.95064E-04  8.62002E-04  8.18075E-04
 OMEGA(2,2)    6.92368E+00  2.23014E+00  1.25863E+01 -1.80380E-03 -5.66523E-04  9.40889E-03  5.46570E-05  0.00000E+00 -1.26243E-04  4.72564E-04  8.18075E-04  1.77662E-03
