dmp.txt <- structure(
	.Data = list(
		"coefficients" = list(
			"fixed" = c("CMultStdev" = 0.494325518994555, "tvVmax" = 4176.94340535753, "tvKm" = 1112.39404617558, "tvV" = 42.3992537094166, "tvKa" = 0.936931792553452, "dVdWT" = 1.01364140284091, "CEps" = 0.654299740474456)
			, "random" = list("Subject" = matrix(
				as.numeric(c(
					 0.346231653700436,  -0.548490786685093,  -0.203507810064839
					,  -0.58223003011015,  -0.0985395350914123,  -0.130361179183899
					,  -0.0769943302116071,  -0.103414627310578,  -0.2919612023674
					,  -0.384788324026549,  -0.24236131647802,  -0.000460815689052534
					,  0.304388847604773,  0.149031865270312,  0.522002364064026
					,  0.228213843201868,  0.262956137856315,  -0.370875767622603
					,  -0.00484836847913693,  0.165374631289879,  -0.437180676051769
					,  -0.417425602125296,  0.930568513603457,  -0.0251436584170524
					,  0.0911574570604039,  -0.0451964576526769,  -0.468033252275873
					,  0.161570084892676,  0.148023188181249,  -0.0313219323347477
					,  -0.352768220397536,  0.506309092504727,  -0.232775212983999
					,  -0.287930360764535,  -0.398981671443759,  0.0364066395145535
					,  -0.154196163586649,  0.0467904794700795,  0.367669781675409
					,  -0.231275385488148,  0.199156849260379,  -0.411177248936
					,  -0.176002288695461,  0.261780869542568,  0.210657271028642
					,  0.179858444365426,  0.241821109050245,  0.614470486358184
					,  0.625100055154515,  -0.00759541125568961,  0.294500927091967
					,  -0.0129624863950286,  -0.578791883504004,  -0.44540849365547
					,  0.0618021590877812,  -0.0596362410990595,  0.352147278959885
					,  -0.0428353390619498,  -0.0321242554418046,  0.0249645531040303
					,  -0.344269801645913,  0.039859841290596,  -0.324679370254542
					,  -0.212749020105054,  0.279701874933478,  -0.205033704854954
					,  0.620020694233175,  0.253849104052902,  0.127116398588669
					,  0.0027079904028548,  -0.392112322008658,  -0.0584433849013402
					,  -0.527937645931759,  -0.110967242048296,  -0.325721643746558
					,  0.206618641143057,  -0.339743474657999,  -0.211471881298397
					,  0.286942734029675,  -0.0212804087724346,  0.126808724113093
					,  -0.33258035088389,  -0.22912026674708,  0.0803573967373936
					,  0.267555102245872,  0.396208614857184,  -0.105209502964144
					,  0.0619136477949477,  -0.117735890201841,  0.008469940708503
					,  -0.156091524856621,  0.332253024141102,  -0.555681860730717
					,  -0.373107687158736,  -0.215513307617979,  0.0957576703951392
					,  0.337723072611541,  -0.0990668086318872,  0.393349021162664
					,  0.0254732409037535,  -0.348620731758352,  -0.107172451872108
					,  0.111149604703241,  0.579191504583349,  -0.032973935451481
					,  -0.300086763000956,  -0.0117098496556295,  0.291735364965085
					,  -0.0334230894057968,  0.0943215785016989,  -0.665934129345403
					,  -0.0100977779113257,  0.0728945032178365,  0.68734203022948
					,  -0.351041633944913,  0.243983887442113,  -0.0871212788129345
					,  0.541305458247981,  -0.045106763545397,  0.088624098790052
					,  -0.266616524603835,  0.170895300208656,  -0.0188724961954535
					,  0.387733303832733,  0.197996287282322,  0.294126444815508
					,  0.0802495593325148,  0.135306794357234,  0.137770734266239
					,  0.166664753857963,  0.0248699323742366,  0.0428907640653012
					,  0.00235219756479845,  -0.0973398187278352,  -0.214468915357827
					,  -0.102042773373834,  -0.150867714542829,  -0.109315068600346
					,  0.157644486201204,  -0.0723624409152213,  0.261988815410039
					,  -0.274720508978791,  -0.494120027983378,  0.0481992489809738
					,  0.119854388111068,  0.0639722152229379,  0.159432572459023
					,  -0.0487987887095748,  -0.173612335284512,  -0.0467869678936848
					,  0.289381941312902,  -0.207736526057349,  0.146931559377813
					,  0.169118650633065,  -0.283953287226467,  0.131721295799614
					,  0.0693691853845992,  -0.103916357805178,  -0.0902977653452251
					,  -0.166978160431838,  -0.317933883461434,  0.0529676396560374
					,  0.142567563120586,  -0.0786545241502878,  -0.0941533477472843
					,  -0.314952358977848,  0.09068256739241,  -0.241332459427601
					,  -0.376345714165928,  -0.276172376196721,  0.01473402013763
					,  -0.00788807385468191,  0.37490209505163,  0.274058997487209
					,  -0.115561362036447,  0.106259155203944,  -0.0999016022417382
					,  0.0863069075149645,  0.216445367829189,  0.0167490823812261
					,  0.0761507148602354,  -0.134778173467249,  -0.522105205494055
					,  0.293239051487965,  0.254497382643283,  0.386304369784529
					,  0.27687677468171,  -0.307031807524733,  0.224486612582047
					,  -0.586468555642685,  -0.477424659072264,  0.139185119944833
					,  0.00316305274301088,  0.596343711814534,  -0.0424682210900893
					,  0.13320024478067,  0.513277466779916,  -0.427233486079369
					,  -0.228904931637199,  -0.13991942580401,  -0.424996798229532
					,  -1.16395958215487,  0.269156770010272,  -0.0618956351433422
					,  0.832685580917201,  0.636535407824301,  -0.623063082626534
					,  0.171480992819583,  -0.122046846272508,  0.263237106248364
					,  0.571132313893062,  0.0729180117225253,  -0.319307402147189
					,  0.000399148960348199,  -0.627829497576864,  -0.489569019201298
					,  -0.77791947120941,  -0.492493740412789,  0.700276158149245
					,  -0.47902340882971,  0.0312855219043954,  -0.251953416661701
					,  0.622704911240441,  0.0157516405173565,  0.208569526020586
					,  -0.505357535260251,  0.32133064866771,  0.182820735085478
					,  0.0140224522099227,  -0.841926756678831,  0.111118930765847
					,  -0.128842151321688,  0.115817348283781,  -0.299584077332052
					,  0.351936104942377,  -0.0268810947612706,  0.159666364747155
					,  -0.0677611516838481,  0.236877503769981,  0.00943105634936979
					))
				, nrow = 60, ncol = 4
				, dimnames = list(
					as.character(c( "1", "2", "3", "4", "5", "6", "7", "8", "9", "10"
					  , "11", "12", "13", "14", "15", "16", "17", "18", "19", "20"
					  , "21", "22", "23", "24", "25", "26", "27", "28", "29", "30"
					  , "31", "32", "33", "34", "35", "36", "37", "38", "39", "40"
					  , "41", "42", "43", "44", "45", "46", "47", "48", "49", "50"
					  , "51", "52", "53", "54", "55", "56", "57", "58", "59", "60"))
					, as.character(c("nVmax", "nKm", "nV", "nKa"))
					)
				))
			)
		, "logLik" = c(-3187.28)
		, "nObs" = c(480)
		, "nSubj" = c(60)
		, "nParm" = c(11)
		, "returnCode" = c(1)
		, "omega" = matrix(
			as.numeric(c(0.143104061474994, 0, 0, 0, 0, 0.123328605967057, 0, 0, 0, 0, 0.128379114861127, 0, 0, 0, 0, 0.361090130827101))
			, nrow = 4, ncol = 4
			, dimnames = list(
				as.character(c("nVmax", "nKm", "nV", "nKa"))
				, as.character(c("nVmax", "nKm", "nV", "nKa"))
				)
			)
		, "eta" = matrix(
			as.numeric(c(-0.00924402919988441, -0.00997617899494436, -0.00352597256112627, -0.0295811066027218, 0.102920722428364, 0.0855417620796377, 0.0367410811958346, 0.167278779955462, 0.320812597053739, 0.292475233275636, 0.191679631666577, 0.408997286000118, 0.151942238694873, 0.167168419961694, 0.465030801565019, 0.319367603198032))
			, nrow = 4, ncol = 4
			, dimnames = list(
				as.character(c("nVmax", "nKm", "nV", "nKa"))
				, as.character(c("mean", "var", "sd", "shrinkage"))
				)
			)
		, "eta_shrinkage" = list("Subject" = matrix(
			as.numeric(c(
				 0.18563265657104,  0.29658862100368,  0.199592021071994
				,  0.328285186977606,  0.34257435274648,  0.264789798172405
				,  0.368794926314519,  0.346066185390191,  0.32269735392318
				,  0.290926674487558,  0.297302989726575,  0.281576836690012
				,  0.186123547570233,  0.20613041551173,  0.232691145125816
				,  0.285230289216931,  0.232728189622536,  0.268910721733889
				,  0.35714044837628,  0.275951439623663,  0.33212925542355
				,  0.221425324219064,  0.200872806749907,  0.23183214869666
				,  0.350614178453276,  0.331612871461036,  0.273697486771906
				,  0.235807650717075,  0.240499360881926,  0.278742052430398
				,  0.320437599694208,  0.296986994044205,  0.223837347912923
				,  0.249982859903494,  0.170320360420517,  0.317266400315464
				,  0.33778627880381,  0.258654373139498,  0.347711176848255
				,  0.278754750476787,  0.183753613410951,  0.26251812198491
				,  0.32101720019435,  0.357276738376259,  0.230509989152148
				,  0.198496552416342,  0.298324322297242,  0.324013190325693
				,  0.215836763870599,  0.2878867741266,  0.208730395733144
				,  0.252068276456296,  0.329648969785518,  0.364333098202171
				,  0.239630565759166,  0.361665632910548,  0.261214622523651
				,  0.330985787925088,  0.304860956339724,  0.288193686308704
				,  0.282890634092799,  0.278429063537851,  0.275835643418278
				,  0.280240729409576,  0.273452153959558,  0.256152614404108
				,  0.286468052877252,  0.296473776259628,  0.277297808054408
				,  0.288684925792365,  0.266713393937828,  0.259980549942896
				,  0.295629285214031,  0.276240789135889,  0.34763007098065
				,  0.311495014558259,  0.277284907577019,  0.275961615988772
				,  0.280817829621983,  0.289548715692185,  0.341418867685597
				,  0.300692047490553,  0.324125265379408,  0.278589831282828
				,  0.25764730385214,  0.270609011845767,  0.288242307628042
				,  0.327106409901015,  0.312718160513716,  0.261520384318417
				,  0.272756671314867,  0.329337119993494,  0.269849188941478
				,  0.262994236235998,  0.26741728377552,  0.26712962698568
				,  0.284926664410991,  0.294288749762086,  0.259921370552937
				,  0.273326282499911,  0.29471208680732,  0.277238060855292
				,  0.270828526124124,  0.272895529903573,  0.303252117302513
				,  0.302470204835815,  0.272834376303517,  0.298969108400081
				,  0.323898351288157,  0.296873238773754,  0.282692138619544
				,  0.26610932830841,  0.299401971531052,  0.284527200907035
				,  0.275993230522744,  0.3025770816185,  0.302268439931514
				,  0.2717883985207,  0.257490560911704,  0.265701639634768
				,  0.681429109128575,  0.737483798023332,  0.657360056505394
				,  0.728891264486887,  0.689406609493817,  0.654722924007502
				,  0.684055119171904,  0.686856651070715,  0.712320275724542
				,  0.715395801060254,  0.684436207730089,  0.667980438543799
				,  0.694078927754661,  0.747641412550132,  0.729872475916666
				,  0.718562937781529,  0.719319759519844,  0.695322338810104
				,  0.672263611039289,  0.685113084510941,  0.740981823545033
				,  0.68703424678938,  0.713063714956356,  0.665907819747544
				,  0.665742604816204,  0.687691675628096,  0.697700121394626
				,  0.78480327664406,  0.751082515888227,  0.660428152595498
				,  0.705057679512774,  0.731204221587556,  0.65484268268155
				,  0.695268026874229,  0.673574728742039,  0.667130686866192
				,  0.684135374717704,  0.67553020783164,  0.658981912041932
				,  0.678376110289762,  0.712445414840811,  0.726597662939525
				,  0.693198196915753,  0.656167671691873,  0.717762293938657
				,  0.692822315429855,  0.667971879316952,  0.68577093938788
				,  0.695535207093365,  0.699378424408552,  0.705241673265983
				,  0.651176950983142,  0.749788248829759,  0.696779601891167
				,  0.685069054002031,  0.683651299802343,  0.733811880835172
				,  0.673885388740637,  0.657524121150197,  0.656006274787654
				,  0.57165292472651,  0.532585350527116,  0.447129834152324
				,  0.607225765192459,  0.606404380255561,  0.597939117112928
				,  0.605524094233351,  0.483502441695261,  0.584232374582068
				,  0.44055245769558,  0.455948474878489,  0.529108162443685
				,  0.538394614906992,  0.642201515257283,  0.537416233525788
				,  0.554602849446355,  0.625151542305727,  0.466625863298419
				,  0.49847808423485,  0.492124854005764,  0.477272829699444
				,  0.384161000704561,  0.57829110776109,  0.515613124633903
				,  0.713663047055292,  0.689293907583496,  0.435000018371067
				,  0.552932228972246,  0.504516092960814,  0.575728389488082
				,  0.672491595255803,  0.543974238021433,  0.476164687414841
				,  0.540513873679298,  0.442467691463512,  0.446376441858606
				,  0.440288401185292,  0.449999437130225,  0.67432536554984
				,  0.452749542549384,  0.556218547920084,  0.471077201676031
				,  0.703872769707533,  0.528752484155973,  0.588761439298218
				,  0.454492776704666,  0.583162155160746,  0.581948660255648
				,  0.513097132280912,  0.398311811378628,  0.555812332007749
				,  0.532164026976044,  0.571364076231356,  0.531532067463374
				,  0.589028678351588,  0.537154301143641,  0.575696619169798
				,  0.521537091560962,  0.565399516563059,  0.527885778534573
				))
			, nrow = 60, ncol = 4
			, dimnames = list(
				as.character(c( "1", "2", "3", "4", "5", "6", "7", "8", "9", "10"
				  , "11", "12", "13", "14", "15", "16", "17", "18", "19", "20"
				  , "21", "22", "23", "24", "25", "26", "27", "28", "29", "30"
				  , "31", "32", "33", "34", "35", "36", "37", "38", "39", "40"
				  , "41", "42", "43", "44", "45", "46", "47", "48", "49", "50"
				  , "51", "52", "53", "54", "55", "56", "57", "58", "59", "60"))
				, as.character(c("nVmax_shrinkage", "nKm_shrinkage", "nV_shrinkage", "nKa_shrinkage"))
				)
			))
		, "sigma" = matrix(
			as.numeric(c(0.42810815038494))
			, nrow = 1, ncol = 1
			, dimnames = list(
				as.character(c("CEps"))
				, as.character(c("CEps"))
				)
			)
		, "method" = "FOCE-ELS"
		, "varFix" = matrix(
			as.numeric(c(0.000431907682728298, 0.610846297522445, 0.51139801442056, -0.00962012422286015, -0.000741190453350887, -9.57519773307005e-006, -5.94027524884538e-005, 0.610846297522445, 308453.715817208, 119248.294360735, -995.943893659457, -13.7391075990562, 19.5269764494382, 5.89539507655394, 0.51139801442056, 119248.294360735, 56787.0794239172, -478.374197991901, -10.849864031611, -4.86504227138989, 2.33585392702682, -0.00962012422286015, -995.943893659457, -478.374197991901, 10.0271137568956, 0.225762563740578, -0.503041612405189, 0.00194340448042863, -0.000741190453350887, -13.7391075990562, -10.849864031611, 0.225762563740578, 0.0139966353812966, 0.00671398044401594, -0.000803745019126021, -9.57519773307005e-006, 19.5269764494382, -4.86504227138989, -0.503041612405189, 0.00671398044401594, 0.48980604600368, 0.00430197299985317, -5.94027524884538e-005, 5.89539507655394, 2.33585392702682, 0.00194340448042863, -0.000803745019126021, 0.00430197299985317, 0.0123828387294713))
			, nrow = 7, ncol = 7
			, dimnames = list(
				as.character(c("CMultStdev", "tvVmax", "tvKm", "tvV", "tvKa", "dVdWT", "CEps"))
				, as.character(c("CMultStdev", "tvVmax", "tvKm", "tvV", "tvKa", "dVdWT", "CEps"))
				)
			)
		, "omegaSE" = matrix(
			as.numeric(c(0.0362409023950346, 0, 0, 0, 0, 0.0305544988488365, 0, 0, 0, 0, 0.0789465129434024, 0, 0, 0, 0, 0.129691367678886))
			, nrow = 4, ncol = 4, byrow = TRUE
			, dimnames = list(
				as.character(c("nVmax", "nKm", "nV", "nKa"))
				, as.character(c("nVmax", "nKm", "nV", "nKa"))
				)
			)
		, "Covariance" = matrix(
			as.numeric(c(0.00043190768, 0.6108463, 0.51139801, -0.0096201242, -0.00074119045, -9.5751977e-006, -5.9402752e-005, 4.4484299e-005,         0, -1.2547308e-005,         0,         0, -0.00030455821,         0,         0,         0, -0.0002615016, 0.6108463, 308453.72, 119248.29, -995.94389, -13.739108, 19.526976, 5.8953951, -4.6173418,         0, 4.6697278,         0,         0, 11.014527,         0,         0,         0, -13.909079, 0.51139801, 119248.29, 56787.079, -478.3742, -10.849864, -4.8650423, 2.3358539, -3.0178022,         0, 1.7826599,         0,         0, 3.4809948,         0,         0,         0, -5.0413602, -0.0096201242, -995.94389, -478.3742, 10.027114, 0.22576256, -0.50304161, 0.0019434045, 0.022622638,         0, 0.011434564,         0,         0, 0.010684407,         0,         0,         0, 0.042656912, -0.00074119045, -13.739108, -10.849864, 0.22576256, 0.013996635, 0.0067139804, -0.00080374502, 0.00061805871,         0, 2.70336e-005,         0,         0, 0.0015435733,         0,         0,         0, 0.00051484729, -9.5751977e-006, 19.526976, -4.8650423, -0.50304161, 0.0067139804, 0.48980605, 0.004301973, 0.00067849537,         0, -0.0041965478,         0,         0, -0.017757332,         0,         0,         0, 0.016404799, -5.9402752e-005, 5.8953951, 2.3358539, 0.0019434045, -0.00080374502, 0.004301973, 0.012382839, 0.00035879175,         0, 9.6874347e-005,         0,         0, -0.0016012577,         0,         0,         0, -0.0013528397, 4.4484299e-005, -4.6173418, -3.0178022, 0.022622638, 0.00061805871, 0.00067849537, 0.00035879175, 0.001313403,         0, -7.693521e-005,         0,         0, -0.00026044888,         0,         0,         0, -0.00021979017,         0,         0,         0,         0,         0,         0,         0,         0,         0,         0,         0,         0,         0,         0,         0,         0,         0, -1.2547308e-005, 4.6697278, 1.7826599, 0.011434564, 2.70336e-005, -0.0041965478, 9.6874347e-005, -7.693521e-005,         0, 0.0009335774,         0,         0, -0.0001242466,         0,         0,         0, 0.0007187154,         0,         0,         0,         0,         0,         0,         0,         0,         0,         0,         0,         0,         0,         0,         0,         0,         0,         0,         0,         0,         0,         0,         0,         0,         0,         0,         0,         0,         0,         0,         0,         0,         0,         0, -0.00030455821, 11.014527, 3.4809948, 0.010684407, 0.0015435733, -0.017757332, -0.0016012577, -0.00026044888,         0, -0.0001242466,         0,         0, 0.0062325519,         0,         0,         0, -0.0018210281,         0,         0,         0,         0,         0,         0,         0,         0,         0,         0,         0,         0,         0,         0,         0,         0,         0,         0,         0,         0,         0,         0,         0,         0,         0,         0,         0,         0,         0,         0,         0,         0,         0,         0,         0,         0,         0,         0,         0,         0,         0,         0,         0,         0,         0,         0,         0,         0,         0,         0,         0, -0.0002615016, -13.909079, -5.0413602, 0.042656912, 0.00051484729, 0.016404799, -0.0013528397, -0.00021979017,         0, 0.0007187154,         0,         0, -0.0018210281,         0,         0,         0, 0.016819851))
			, nrow = 17, ncol = 17
			, dimnames = list(
				as.character(c("CMultStdev", "tvVmax", "tvKm", "tvV", "tvKa", "dVdWT", "stdev0", "nVmax-nVmax", "nKm-nVmax", "nKm-nKm", "nV-nVmax", "nV-nKm", "nV-nV", "nKa-nVmax", "nKa-nKm", "nKa-nV", "nKa-nKa"))
				, as.character(c("CMultStdev", "tvVmax", "tvKm", "tvV", "tvKa", "dVdWT", "stdev0", "nVmax-nVmax", "nKm-nVmax", "nKm-nKm", "nV-nVmax", "nV-nKm", "nV-nV", "nKa-nVmax", "nKa-nKm", "nKa-nV", "nKa-nKa"))
				)
			)
		, "Correlation" = matrix(
			as.numeric(c(0.020782389, 0.052922637, 0.10326159, -0.14618313, -0.30145503, -0.0006583248, -0.025686267, 0.059062563,         0, -0.019759681,         0,         0, -0.18562732,         0,         0,         0, -0.097021462, 0.052922637,  555.3861, 0.9010158, -0.56630696, -0.20909888, 0.05023749, 0.095391088, -0.22940243,         0, 0.27518287,         0,         0, 0.25121056,         0,         0,         0, -0.19310446, 0.10326159, 0.9010158,  238.3004,  -0.63395, -0.38484664, -0.029170897, 0.088086794, -0.34943548,         0, 0.24483221,         0,         0, 0.18503149,         0,         0,         0, -0.16312176, -0.14618313, -0.56630696,  -0.63395, 3.1665618, 0.60263192, -0.22698851, 0.0055152489, 0.19713161,         0, 0.1181834,         0,         0, 0.042739504,         0,         0,         0, 0.10387006, -0.30145503, -0.20909888, -0.38484664, 0.60263192, 0.11830738, 0.081087923, -0.061051503, 0.14415141,         0, 0.0074785412,         0,         0, 0.1652656,         0,         0,         0, 0.033554868, -0.0006583248, 0.05023749, -0.029170897, -0.22698851, 0.081087923, 0.69986145, 0.055238961, 0.026750741,         0, -0.19624786,         0,         0, -0.32139024,         0,         0,         0, 0.18073729, -0.025686267, 0.095391088, 0.088086794, 0.0055152489, -0.061051503, 0.055238961, 0.1112782, 0.088967899,         0, 0.028492038,         0,         0, -0.18227125,         0,         0,         0, -0.093740045, 0.059062563, -0.22940243, -0.34943548, 0.19713161, 0.14415141, 0.026750741, 0.088967899, 0.036240902,         0, -0.069478586,         0,         0, -0.091031256,         0,         0,         0, -0.046762551,         0,         0,         0,         0,         0,         0,         0,         0,         0,         0,         0,         0,         0,         0,         0,         0,         0, -0.019759681, 0.27518287, 0.24483221, 0.1181834, 0.0074785412, -0.19624786, 0.028492038, -0.069478586,         0, 0.030554499,         0,         0, -0.051508204,         0,         0,         0, 0.1813722,         0,         0,         0,         0,         0,         0,         0,         0,         0,         0,         0,         0,         0,         0,         0,         0,         0,         0,         0,         0,         0,         0,         0,         0,         0,         0,         0,         0,         0,         0,         0,         0,         0,         0, -0.18562732, 0.25121056, 0.18503149, 0.042739504, 0.1652656, -0.32139024, -0.18227125, -0.091031256,         0, -0.051508204,         0,         0, 0.078946513,         0,         0,         0, -0.17785768,         0,         0,         0,         0,         0,         0,         0,         0,         0,         0,         0,         0,         0,         0,         0,         0,         0,         0,         0,         0,         0,         0,         0,         0,         0,         0,         0,         0,         0,         0,         0,         0,         0,         0,         0,         0,         0,         0,         0,         0,         0,         0,         0,         0,         0,         0,         0,         0,         0,         0,         0, -0.097021462, -0.19310446, -0.16312176, 0.10387006, 0.033554868, 0.18073729, -0.093740045, -0.046762551,         0, 0.1813722,         0,         0, -0.17785768,         0,         0,         0, 0.12969137))
			, nrow = 17, ncol = 17
			, dimnames = list(
				as.character(c("CMultStdev", "tvVmax", "tvKm", "tvV", "tvKa", "dVdWT", "stdev0", "nVmax-nVmax", "nKm-nVmax", "nKm-nKm", "nV-nVmax", "nV-nKm", "nV-nV", "nKa-nVmax", "nKa-nKm", "nKa-nV", "nKa-nKa"))
				, as.character(c("CMultStdev", "tvVmax", "tvKm", "tvV", "tvKa", "dVdWT", "stdev0", "nVmax-nVmax", "nKm-nVmax", "nKm-nKm", "nV-nVmax", "nV-nKm", "nV-nV", "nKa-nVmax", "nKa-nKm", "nKa-nV", "nKa-nKa"))
				)
			)
		, "Inverse" = matrix(
			as.numeric(c(2721.9617, -0.0067466474, -0.024786638, -2.9848645, 159.71267, -0.79146592, 60.101043, -169.41898,         0, 109.47174,         0,         0, 146.22546,         0,         0,         0, 46.537435, -0.0067466474, 2.4501739e-005, -4.8102093e-005, 0.00058918218, -0.019000146, -0.0019265534, -0.003910183, -0.029504513,         0, -0.055600674,         0,         0, -0.020090684,         0,         0,         0, 0.0062061968, -0.024786638, -4.8102093e-005, 0.00014160096, 0.0011388479, 0.034327535, 0.0042286471, -0.0060061303, 0.12125789,         0, -0.011784519,         0,         0, 0.0086462491,         0,         0,         0, -0.0032437085, -2.9848645, 0.00058918218, 0.0011388479, 0.32266688, -3.9958695, 0.28190437, -1.0060192, 0.5896947,         0, -7.6776899,         0,         0, -0.98213985,         0,         0,         0, -0.040269151, 159.71267, -0.019000146, 0.034327535, -3.9958695, 157.97749, -5.8640518, 13.801477, -0.44563311,         0, 41.429278,         0,         0, -20.915455,         0,         0,         0, 5.1471061, -0.79146592, -0.0019265534, 0.0042286471, 0.28190437, -5.8640518, 3.1684279, -0.67225109, 1.8240202,         0, 16.867087,         0,         0, 10.184968,         0,         0,         0, -3.6119815, 60.101043, -0.003910183, -0.0060061303, -1.0060192, 13.801477, -0.67225109,   91.4642, -33.580991,         0, 26.765966,         0,         0, 34.620082,         0,         0,         0, 8.2075179, -169.41898, -0.029504513, 0.12125789, 0.5896947, -0.44563311, 1.8240202, -33.580991, 945.64727,         0, -15.628135,         0,         0, 16.313302,         0,         0,         0, 18.140849,         0,         0,         0,         0,         0,         0,         0,         0,         0,         0,         0,         0,         0,         0,         0,         0,         0, 109.47174, -0.055600674, -0.011784519, -7.6776899, 41.429278, 16.867087, 26.765966, -15.628135,         0, 1634.0987,         0,         0, 172.10455,         0,         0,         0, -95.299958,         0,         0,         0,         0,         0,         0,         0,         0,         0,         0,         0,         0,         0,         0,         0,         0,         0,         0,         0,         0,         0,         0,         0,         0,         0,         0,         0,         0,         0,         0,         0,         0,         0,         0, 146.22546, -0.020090684, 0.0086462491, -0.98213985, -20.915455, 10.184968, 34.620082, 16.313302,         0, 172.10455,         0,         0, 248.32074,         0,         0,         0, 3.9768997,         0,         0,         0,         0,         0,         0,         0,         0,         0,         0,         0,         0,         0,         0,         0,         0,         0,         0,         0,         0,         0,         0,         0,         0,         0,         0,         0,         0,         0,         0,         0,         0,         0,         0,         0,         0,         0,         0,         0,         0,         0,         0,         0,         0,         0,         0,         0,         0,         0,         0,         0, 46.537435, 0.0062061968, -0.0032437085, -0.040269151, 5.1471061, -3.6119815, 8.2075179, 18.140849,         0, -95.299958,         0,         0, 3.9768997,         0,         0,         0, 73.204409))
			, nrow = 17, ncol = 17
			, dimnames = list(
				as.character(c("CMultStdev", "tvVmax", "tvKm", "tvV", "tvKa", "dVdWT", "stdev0", "nVmax-nVmax", "nKm-nVmax", "nKm-nKm", "nV-nVmax", "nV-nKm", "nV-nV", "nKa-nVmax", "nKa-nKm", "nKa-nV", "nKa-nKa"))
				, as.character(c("CMultStdev", "tvVmax", "tvKm", "tvV", "tvKa", "dVdWT", "stdev0", "nVmax-nVmax", "nKm-nVmax", "nKm-nKm", "nV-nVmax", "nV-nKm", "nV-nV", "nKa-nVmax", "nKa-nKm", "nKa-nV", "nKa-nKa"))
				)
			)
		, "LLTable" = data.frame(
			id = as.character(c( "1", "2", "3", "4", "5", "6", "7", "8", "9", "10", "11", "12", "13", "14", "15", "16", "17", "18", "19", "20", "21", "22", "23", "24", "25", "26", "27", "28", "29", "30", "31", "32", "33", "34", "35", "36", "37", "38", "39", "40", "41", "42", "43", "44", "45", "46", "47", "48", "49", "50", "51", "52", "53", "54", "55", "56", "57", "58", "59", "60"))
			, "LL" = c(-45.51368, -61.585103, -55.029004, -65.609466, -57.68382, -57.526521, -55.809817, -55.949615, -58.133843, -59.643513, -55.992662, -55.012649, -52.595983, -48.587228, -43.792001, -47.36016, -47.169333,  -56.3741, -53.60789, -51.545228, -59.717922, -56.409333, -41.476951, -50.433005, -55.203693, -56.272005, -61.674672, -47.865277, -48.387183, -51.564271, -59.328905, -49.44342, -58.881243, -59.709585,  -54.0276, -54.11622, -53.484049, -49.035775, -49.154293, -54.844257, -46.913386, -59.855303, -57.002377, -49.551811, -47.587671, -44.903679, -50.626907, -42.895801, -43.589873, -50.253457, -51.711236,   -49.607,  -64.8744, -61.095966, -49.808673, -53.656745, -49.811903, -54.151426, -54.230486, -49.599346)
			) # end of LLTable
		, "residuals" = data.frame(
			  ID1 = as.character(c(  "",   "",   "",   "",   "",   "",   "",   "",   "",   "",   "",   "",   "",   "",   "",   "",   "",   "",   "",   "",   "",   "",   "",   "",   "",   "",   "",   "",   "",   "",   "",   "",   "",   "",   "",   "",   "",   "",   "",   "",   "",   "",   "",   "",   "",   "",   "",   "",   "",   "",   "",   "",   "",   "",   "",   "",   "",   "",   "",   "",   "",   "",   "",   "",   "",   "",   "",   "",   "",   "",   "",   "",   "",   "",   "",   "",   "",   "",   "",   "",   "",   "",   "",   "",   "",   "",   "",   "",   "",   "",   "",   "",   "",   "",   "",   "",   "",   "",   "",   "",   "",   "",   "",   "",   "",   "",   "",   "",   "",   "",   "",   "",   "",   "",   "",   "",   "",   "",   "",   "",   "",   "",   "",   "",   "",   "",   "",   "",   "",   "",   "",   "",   "",   "",   "",   "",   "",   "",   "",   "",   "",   "",   "",   "",   "",   "",   "",   "",   "",   "",   "",   "",   "",   "",   "",   "",   "",   "",   "",   "",   "",   "",   "",   "",   "",   "",   "",   "",   "",   "",   "",   "",   "",   "",   "",   "",   "",   "",   "",   "",   "",   "",   "",   "",   "",   "",   "",   "",   "",   "",   "",   "",   "",   "",   "",   "",   "",   "",   "",   "",   "",   "",   "",   "",   "",   "",   "",   "",   "",   "",   "",   "",   "",   "",   "",   "",   "",   "",   "",   "",   "",   "",   "",   "",   "",   "",   "",   "",   "",   "",   "",   "",   "",   "",   "",   "",   "",   "",   "",   "",   "",   "",   "",   "",   "",   "",   "",   "",   "",   "",   "",   "",   "",   "",   "",   "",   "",   "",   "",   "",   "",   "",   "",   "",   "",   "",   "",   "",   "",   "",   "",   "",   "",   "",   "",   "",   "",   "",   "",   "",   "",   "",   "",   "",   "",   "",   "",   "",   "",   "",   "",   "",   "",   "",   "",   "",   "",   "",   "",   "",   "",   "",   "",   "",   "",   "",   "",   "",   "",   "",   "",   "",   "",   "",   "",   "",   "",   "",   "",   "",   "",   "",   "",   "",   "",   "",   "",   "",   "",   "",   "",   "",   "",   "",   "",   "",   "",   "",   "",   "",   "",   "",   "",   "",   "",   "",   "",   "",   "",   "",   "",   "",   "",   "",   "",   "",   "",   "",   "",   "",   "",   "",   "",   "",   "",   "",   "",   "",   "",   "",   "",   "",   "",   "",   "",   "",   "",   "",   "",   "",   "",   "",   "",   "",   "",   "",   "",   "",   "",   "",   "",   "",   "",   "",   "",   "",   "",   "",   "",   "",   "",   "",   "",   "",   "",   "",   "",   "",   "",   "",   "",   "",   "",   "",   "",   "",   "",   "",   "",   "",   "",   "",   "",   "",   "",   "",   "",   "",   "",   "",   "",   "",   "",   "",   "",   "",   "",   "",   "",   "",   "",   "",   "",   "",   "",   "",   "",   "",   "",   "",   "",   "",   "",   "",   "",   "",   "",   "",   "",   "",   "",   "",   "",   "",   "",   "",   "",   "",   "",   "",   "",   "",   "",   "",   "",   "",   "",   "",   "",   ""))
			, ID2 = as.character(c(  "",   "",   "",   "",   "",   "",   "",   "",   "",   "",   "",   "",   "",   "",   "",   "",   "",   "",   "",   "",   "",   "",   "",   "",   "",   "",   "",   "",   "",   "",   "",   "",   "",   "",   "",   "",   "",   "",   "",   "",   "",   "",   "",   "",   "",   "",   "",   "",   "",   "",   "",   "",   "",   "",   "",   "",   "",   "",   "",   "",   "",   "",   "",   "",   "",   "",   "",   "",   "",   "",   "",   "",   "",   "",   "",   "",   "",   "",   "",   "",   "",   "",   "",   "",   "",   "",   "",   "",   "",   "",   "",   "",   "",   "",   "",   "",   "",   "",   "",   "",   "",   "",   "",   "",   "",   "",   "",   "",   "",   "",   "",   "",   "",   "",   "",   "",   "",   "",   "",   "",   "",   "",   "",   "",   "",   "",   "",   "",   "",   "",   "",   "",   "",   "",   "",   "",   "",   "",   "",   "",   "",   "",   "",   "",   "",   "",   "",   "",   "",   "",   "",   "",   "",   "",   "",   "",   "",   "",   "",   "",   "",   "",   "",   "",   "",   "",   "",   "",   "",   "",   "",   "",   "",   "",   "",   "",   "",   "",   "",   "",   "",   "",   "",   "",   "",   "",   "",   "",   "",   "",   "",   "",   "",   "",   "",   "",   "",   "",   "",   "",   "",   "",   "",   "",   "",   "",   "",   "",   "",   "",   "",   "",   "",   "",   "",   "",   "",   "",   "",   "",   "",   "",   "",   "",   "",   "",   "",   "",   "",   "",   "",   "",   "",   "",   "",   "",   "",   "",   "",   "",   "",   "",   "",   "",   "",   "",   "",   "",   "",   "",   "",   "",   "",   "",   "",   "",   "",   "",   "",   "",   "",   "",   "",   "",   "",   "",   "",   "",   "",   "",   "",   "",   "",   "",   "",   "",   "",   "",   "",   "",   "",   "",   "",   "",   "",   "",   "",   "",   "",   "",   "",   "",   "",   "",   "",   "",   "",   "",   "",   "",   "",   "",   "",   "",   "",   "",   "",   "",   "",   "",   "",   "",   "",   "",   "",   "",   "",   "",   "",   "",   "",   "",   "",   "",   "",   "",   "",   "",   "",   "",   "",   "",   "",   "",   "",   "",   "",   "",   "",   "",   "",   "",   "",   "",   "",   "",   "",   "",   "",   "",   "",   "",   "",   "",   "",   "",   "",   "",   "",   "",   "",   "",   "",   "",   "",   "",   "",   "",   "",   "",   "",   "",   "",   "",   "",   "",   "",   "",   "",   "",   "",   "",   "",   "",   "",   "",   "",   "",   "",   "",   "",   "",   "",   "",   "",   "",   "",   "",   "",   "",   "",   "",   "",   "",   "",   "",   "",   "",   "",   "",   "",   "",   "",   "",   "",   "",   "",   "",   "",   "",   "",   "",   "",   "",   "",   "",   "",   "",   "",   "",   "",   "",   "",   "",   "",   "",   "",   "",   "",   "",   "",   "",   "",   "",   "",   "",   "",   "",   "",   "",   "",   "",   "",   "",   "",   "",   "",   "",   "",   "",   "",   "",   "",   "",   "",   "",   "",   "",   "",   "",   "",   "",   "",   "",   "",   "",   "",   "",   "",   ""))
			, ID3 = as.character(c(  "",   "",   "",   "",   "",   "",   "",   "",   "",   "",   "",   "",   "",   "",   "",   "",   "",   "",   "",   "",   "",   "",   "",   "",   "",   "",   "",   "",   "",   "",   "",   "",   "",   "",   "",   "",   "",   "",   "",   "",   "",   "",   "",   "",   "",   "",   "",   "",   "",   "",   "",   "",   "",   "",   "",   "",   "",   "",   "",   "",   "",   "",   "",   "",   "",   "",   "",   "",   "",   "",   "",   "",   "",   "",   "",   "",   "",   "",   "",   "",   "",   "",   "",   "",   "",   "",   "",   "",   "",   "",   "",   "",   "",   "",   "",   "",   "",   "",   "",   "",   "",   "",   "",   "",   "",   "",   "",   "",   "",   "",   "",   "",   "",   "",   "",   "",   "",   "",   "",   "",   "",   "",   "",   "",   "",   "",   "",   "",   "",   "",   "",   "",   "",   "",   "",   "",   "",   "",   "",   "",   "",   "",   "",   "",   "",   "",   "",   "",   "",   "",   "",   "",   "",   "",   "",   "",   "",   "",   "",   "",   "",   "",   "",   "",   "",   "",   "",   "",   "",   "",   "",   "",   "",   "",   "",   "",   "",   "",   "",   "",   "",   "",   "",   "",   "",   "",   "",   "",   "",   "",   "",   "",   "",   "",   "",   "",   "",   "",   "",   "",   "",   "",   "",   "",   "",   "",   "",   "",   "",   "",   "",   "",   "",   "",   "",   "",   "",   "",   "",   "",   "",   "",   "",   "",   "",   "",   "",   "",   "",   "",   "",   "",   "",   "",   "",   "",   "",   "",   "",   "",   "",   "",   "",   "",   "",   "",   "",   "",   "",   "",   "",   "",   "",   "",   "",   "",   "",   "",   "",   "",   "",   "",   "",   "",   "",   "",   "",   "",   "",   "",   "",   "",   "",   "",   "",   "",   "",   "",   "",   "",   "",   "",   "",   "",   "",   "",   "",   "",   "",   "",   "",   "",   "",   "",   "",   "",   "",   "",   "",   "",   "",   "",   "",   "",   "",   "",   "",   "",   "",   "",   "",   "",   "",   "",   "",   "",   "",   "",   "",   "",   "",   "",   "",   "",   "",   "",   "",   "",   "",   "",   "",   "",   "",   "",   "",   "",   "",   "",   "",   "",   "",   "",   "",   "",   "",   "",   "",   "",   "",   "",   "",   "",   "",   "",   "",   "",   "",   "",   "",   "",   "",   "",   "",   "",   "",   "",   "",   "",   "",   "",   "",   "",   "",   "",   "",   "",   "",   "",   "",   "",   "",   "",   "",   "",   "",   "",   "",   "",   "",   "",   "",   "",   "",   "",   "",   "",   "",   "",   "",   "",   "",   "",   "",   "",   "",   "",   "",   "",   "",   "",   "",   "",   "",   "",   "",   "",   "",   "",   "",   "",   "",   "",   "",   "",   "",   "",   "",   "",   "",   "",   "",   "",   "",   "",   "",   "",   "",   "",   "",   "",   "",   "",   "",   "",   "",   "",   "",   "",   "",   "",   "",   "",   "",   "",   "",   "",   "",   "",   "",   "",   "",   "",   "",   "",   "",   "",   "",   "",   "",   "",   "",   "",   "",   "",   "",   "",   "",   "",   "",   ""))
			, ID4 = as.character(c(  "",   "",   "",   "",   "",   "",   "",   "",   "",   "",   "",   "",   "",   "",   "",   "",   "",   "",   "",   "",   "",   "",   "",   "",   "",   "",   "",   "",   "",   "",   "",   "",   "",   "",   "",   "",   "",   "",   "",   "",   "",   "",   "",   "",   "",   "",   "",   "",   "",   "",   "",   "",   "",   "",   "",   "",   "",   "",   "",   "",   "",   "",   "",   "",   "",   "",   "",   "",   "",   "",   "",   "",   "",   "",   "",   "",   "",   "",   "",   "",   "",   "",   "",   "",   "",   "",   "",   "",   "",   "",   "",   "",   "",   "",   "",   "",   "",   "",   "",   "",   "",   "",   "",   "",   "",   "",   "",   "",   "",   "",   "",   "",   "",   "",   "",   "",   "",   "",   "",   "",   "",   "",   "",   "",   "",   "",   "",   "",   "",   "",   "",   "",   "",   "",   "",   "",   "",   "",   "",   "",   "",   "",   "",   "",   "",   "",   "",   "",   "",   "",   "",   "",   "",   "",   "",   "",   "",   "",   "",   "",   "",   "",   "",   "",   "",   "",   "",   "",   "",   "",   "",   "",   "",   "",   "",   "",   "",   "",   "",   "",   "",   "",   "",   "",   "",   "",   "",   "",   "",   "",   "",   "",   "",   "",   "",   "",   "",   "",   "",   "",   "",   "",   "",   "",   "",   "",   "",   "",   "",   "",   "",   "",   "",   "",   "",   "",   "",   "",   "",   "",   "",   "",   "",   "",   "",   "",   "",   "",   "",   "",   "",   "",   "",   "",   "",   "",   "",   "",   "",   "",   "",   "",   "",   "",   "",   "",   "",   "",   "",   "",   "",   "",   "",   "",   "",   "",   "",   "",   "",   "",   "",   "",   "",   "",   "",   "",   "",   "",   "",   "",   "",   "",   "",   "",   "",   "",   "",   "",   "",   "",   "",   "",   "",   "",   "",   "",   "",   "",   "",   "",   "",   "",   "",   "",   "",   "",   "",   "",   "",   "",   "",   "",   "",   "",   "",   "",   "",   "",   "",   "",   "",   "",   "",   "",   "",   "",   "",   "",   "",   "",   "",   "",   "",   "",   "",   "",   "",   "",   "",   "",   "",   "",   "",   "",   "",   "",   "",   "",   "",   "",   "",   "",   "",   "",   "",   "",   "",   "",   "",   "",   "",   "",   "",   "",   "",   "",   "",   "",   "",   "",   "",   "",   "",   "",   "",   "",   "",   "",   "",   "",   "",   "",   "",   "",   "",   "",   "",   "",   "",   "",   "",   "",   "",   "",   "",   "",   "",   "",   "",   "",   "",   "",   "",   "",   "",   "",   "",   "",   "",   "",   "",   "",   "",   "",   "",   "",   "",   "",   "",   "",   "",   "",   "",   "",   "",   "",   "",   "",   "",   "",   "",   "",   "",   "",   "",   "",   "",   "",   "",   "",   "",   "",   "",   "",   "",   "",   "",   "",   "",   "",   "",   "",   "",   "",   "",   "",   "",   "",   "",   "",   "",   "",   "",   "",   "",   "",   "",   "",   "",   "",   "",   "",   "",   "",   "",   "",   "",   "",   "",   "",   "",   "",   "",   "",   "",   "",   "",   "",   "",   ""))
