TABLE NO.     1: First Order Conditional Estimation with Interaction: Problem=1 Subproblem=0 Superproblem1=0 Iteration1=0 Superproblem2=0 Iteration2=0
 NAME         THETA1       THETA2       THETA3       THETA4       THETA5       THETA6       THETA7       SIGMA(1,1)   SIGMA(2,1)   SIGMA(2,2)   OMEGA(1,1)
 THETA1        6.68797E+01  7.00467E-01 -2.27296E-01  2.03426E-02 -6.96443E-01 -5.92704E-01 -4.15088E-01  6.16085E-01  0.00000E+00 -2.28710E-02 -6.10074E-01
 THETA2        7.00467E-01  2.35323E-02 -2.06854E-01  4.45114E-01 -9.64159E-01 -7.63033E-01 -5.09211E-01  7.18595E-01  0.00000E+00 -2.18320E-01 -3.85419E-01
 THETA3       -2.27296E-01 -2.06854E-01  4.40696E+00  4.54372E-01  4.00178E-01  6.45362E-01  7.63491E-01 -5.25466E-01  0.00000E+00 -1.61917E-01 -1.75008E-01
 THETA4        2.03426E-02  4.45114E-01  4.54372E-01  5.37041E-01 -2.51443E-01  1.04620E-01  3.36378E-01 -2.69140E-01  0.00000E+00 -1.18151E-01 -2.45396E-01
 THETA5       -6.96443E-01 -9.64159E-01  4.00178E-01 -2.51443E-01  2.04436E-03  9.07100E-01  7.19203E-01 -8.45969E-01  0.00000E+00  7.57190E-02  2.78610E-01
 THETA6       -5.92704E-01 -7.63033E-01  6.45362E-01  1.04620E-01  9.07100E-01  9.93430E-11  9.43816E-01 -9.28566E-01  0.00000E+00 -1.50997E-01  7.22585E-02
 THETA7       -4.15088E-01 -5.09211E-01  7.63491E-01  3.36378E-01  7.19203E-01  9.43816E-01  8.57227E-06 -8.53112E-01  0.00000E+00 -3.33706E-01 -1.12022E-01
 SIGMA(1,1)    6.16085E-01  7.18595E-01 -5.25466E-01 -2.69140E-01 -8.45969E-01 -9.28566E-01 -8.53112E-01  4.32914E+01  0.00000E+00 -9.15738E-02 -1.14536E-01
 SIGMA(2,1)    0.00000E+00  0.00000E+00  0.00000E+00  0.00000E+00  0.00000E+00  0.00000E+00  0.00000E+00  0.00000E+00  0.00000E+00  0.00000E+00  0.00000E+00
 SIGMA(2,2)   -2.28710E-02 -2.18320E-01 -1.61917E-01 -1.18151E-01  7.57190E-02 -1.50997E-01 -3.33706E-01 -9.15738E-02  0.00000E+00  3.27223E-02  1.69071E-01
 OMEGA(1,1)   -6.10074E-01 -3.85419E-01 -1.75008E-01 -2.45396E-01  2.78610E-01  7.22585E-02 -1.12022E-01 -1.14536E-01  0.00000E+00  1.69071E-01  7.50764E-03
