TABLE NO.     1: First Order Conditional Estimation with Interaction: Problem=1 Subproblem=0 Superproblem1=0 Iteration1=0 Superproblem2=0 Iteration2=0
 NAME         THETA1       THETA2       THETA3       THETA4       THETA5       THETA6       THETA7       SIGMA(1,1)   SIGMA(2,1)   SIGMA(2,2)   OMEGA(1,1)
 THETA1        4.47289E+03  1.10242E+00 -6.69924E+01  7.30647E-01 -9.52222E-02 -3.93794E-09 -2.37974E-04  1.78376E+03  0.00000E+00 -5.00521E-02 -3.06323E-01
 THETA2        1.10242E+00  5.53769E-04 -2.14519E-02  5.62527E-03 -4.63843E-05 -1.78380E-12 -1.02721E-07  7.32065E-01  0.00000E+00 -1.68113E-04 -6.80927E-05
 THETA3       -6.69924E+01 -2.14519E-02  1.94213E+01  1.07537E+00  3.60537E-03  2.82540E-10  2.88429E-05 -1.00250E+02  0.00000E+00 -2.33494E-02 -5.79028E-03
 THETA4        7.30647E-01  5.62527E-03  1.07537E+00  2.88413E-01 -2.76061E-04  5.58163E-12  1.54857E-06 -6.25730E+00  0.00000E+00 -2.07629E-03 -9.89412E-04
 THETA5       -9.52222E-02 -4.63843E-05  3.60537E-03 -2.76061E-04  4.17943E-06  1.84226E-13  1.26039E-08 -7.48710E-02  0.00000E+00  5.06532E-06  4.27620E-06
 THETA6       -3.93794E-09 -1.78380E-12  2.82540E-10  5.58163E-12  1.84226E-13  9.86903E-21  8.03749E-16 -3.99348E-09  0.00000E+00 -4.90851E-13  5.38926E-14
 THETA7       -2.37974E-04 -1.02721E-07  2.88429E-05  1.54857E-06  1.26039E-08  8.03749E-16  7.34838E-11 -3.16594E-04  0.00000E+00 -9.36060E-08 -7.20948E-09
 SIGMA(1,1)    1.78376E+03  7.32065E-01 -1.00250E+02 -6.25730E+00 -7.48710E-02 -3.99348E-09 -3.16594E-04  1.87414E+03  0.00000E+00 -1.29723E-01 -3.72261E-02
 SIGMA(2,1)    0.00000E+00  0.00000E+00  0.00000E+00  0.00000E+00  0.00000E+00  0.00000E+00  0.00000E+00  0.00000E+00  0.00000E+00  0.00000E+00  0.00000E+00
 SIGMA(2,2)   -5.00521E-02 -1.68113E-04 -2.33494E-02 -2.07629E-03  5.06532E-06 -4.90851E-13 -9.36060E-08 -1.29723E-01  0.00000E+00  1.07075E-03  4.15352E-05
 OMEGA(1,1)   -3.06323E-01 -6.80927E-05 -5.79028E-03 -9.89412E-04  4.27620E-06  5.38926E-14 -7.20948E-09 -3.72261E-02  0.00000E+00  4.15352E-05  5.63646E-05
