TABLE NO.     1: First Order Conditional Estimation with Interaction: Problem=1 Subproblem=0 Superproblem1=0 Iteration1=0 Superproblem2=0 Iteration2=0
 NAME         THETA1       THETA2       THETA3       THETA4       THETA5       THETA6       THETA7       SIGMA(1,1)   SIGMA(2,1)   SIGMA(2,2)   OMEGA(1,1)
 THETA1        1.93152E+03  9.38368E+09  1.62957E+05  1.46424E+04  1.48750E+11 -6.50816E+17 -5.38549E+12 -1.23142E+04  0.00000E+00  2.56116E+06  1.94636E+06
 THETA2        9.38368E+09  4.56105E+16  7.91614E+11  7.98400E+10  7.23039E+17 -3.16432E+24 -2.61705E+19 -5.98578E+10  0.00000E+00  1.24617E+13  9.45907E+12
 THETA3        1.62957E+05  7.91614E+11  1.37491E+07  1.19855E+06  1.25485E+13 -5.48997E+19 -4.54348E+14 -1.03892E+06  0.00000E+00  2.15993E+08  1.64201E+08
 THETA4        1.46424E+04  7.98400E+10  1.19855E+06  3.67707E+06  1.27510E+12 -5.91799E+18 -4.32820E+13 -1.04293E+05  0.00000E+00  2.73071E+07  1.59934E+07
 THETA5        1.48750E+11  7.23039E+17  1.25485E+13  1.27510E+12  1.14620E+19 -5.01633E+25 -4.14860E+20 -9.48894E+11  0.00000E+00  1.97563E+14  1.49948E+14
 THETA6       -6.50816E+17 -3.16432E+24 -5.48997E+19 -5.91799E+18 -5.01633E+25  2.19571E+32  1.81536E+27  4.15276E+18  0.00000E+00 -8.65133E+20 -6.56180E+20
 THETA7       -5.38549E+12 -2.61705E+19 -4.54348E+14 -4.32820E+13 -4.14860E+20  1.81536E+27  1.50180E+22  3.43453E+13  0.00000E+00 -7.14642E+15 -5.42785E+15
 SIGMA(1,1)   -1.23142E+04 -5.98578E+10 -1.03892E+06 -1.04293E+05 -9.48894E+11  4.15276E+18  3.43453E+13  7.85695E+04  0.00000E+00 -1.63516E+07 -1.24137E+07
 SIGMA(2,1)    0.00000E+00  0.00000E+00  0.00000E+00  0.00000E+00  0.00000E+00  0.00000E+00  0.00000E+00  0.00000E+00  0.00000E+00  0.00000E+00  0.00000E+00
 SIGMA(2,2)    2.56116E+06  1.24617E+13  2.15993E+08  2.73071E+07  1.97563E+14 -8.65133E+20 -7.14642E+15 -1.63516E+07  0.00000E+00  3.41360E+09  2.58355E+09
 OMEGA(1,1)    1.94636E+06  9.45907E+12  1.64201E+08  1.59934E+07  1.49948E+14 -6.56180E+20 -5.42785E+15 -1.24137E+07  0.00000E+00  2.58355E+09  1.96183E+09
