TABLE NO.     1: First Order Conditional Estimation with Interaction: Problem=1 Subproblem=0 Superproblem1=0 Iteration1=0 Superproblem2=0 Iteration2=0
 NAME         THETA1       THETA2       THETA3       THETA4       THETA5       THETA6       THETA7       SIGMA(1,1)   SIGMA(2,1)   SIGMA(2,2)   OMEGA(1,1)
 THETA1        7.20155E+03  9.98571E-01  9.29656E-01 -8.53149E-01  8.93639E-01 -9.29778E-01 -7.75803E-01  2.52027E-01  0.00000E+00  1.10403E-01  7.20419E-01
 THETA2        9.98571E-01  3.07125E+03  9.33954E-01 -8.58762E-01  8.98529E-01 -9.34115E-01 -7.79884E-01  2.48789E-01  0.00000E+00  1.25078E-01  7.31381E-01
 THETA3        9.29656E-01  9.33954E-01  2.24657E+00 -9.36130E-01  9.82081E-01 -9.99680E-01 -8.84047E-01  3.87881E-01  0.00000E+00  2.46023E-01  7.42396E-01
 THETA4       -8.53149E-01 -8.58762E-01 -9.36130E-01  1.53769E-01 -9.76853E-01  9.43360E-01  9.84448E-01 -2.33236E-01  0.00000E+00 -8.93192E-02 -7.79133E-01
 THETA5        8.93639E-01  8.98529E-01  9.82081E-01 -9.76853E-01  4.06533E-01 -9.84204E-01 -9.50475E-01  3.75434E-01  0.00000E+00  1.86673E-01  7.78211E-01
 THETA6       -9.29778E-01 -9.34115E-01 -9.99680E-01  9.43360E-01 -9.84204E-01  1.83295E+03  8.92667E-01 -3.71326E-01  0.00000E+00 -2.34417E-01 -7.46153E-01
 THETA7       -7.75803E-01 -7.79884E-01 -8.84047E-01  9.84448E-01 -9.50475E-01  8.92667E-01  2.56552E-01 -2.28424E-01  0.00000E+00 -3.73752E-02 -7.67040E-01
 SIGMA(1,1)    2.52027E-01  2.48789E-01  3.87881E-01 -2.33236E-01  3.75434E-01 -3.71326E-01 -2.28424E-01  1.43170E-01  0.00000E+00  2.67728E-02  1.64190E-01
 SIGMA(2,1)    0.00000E+00  0.00000E+00  0.00000E+00  0.00000E+00  0.00000E+00  0.00000E+00  0.00000E+00  0.00000E+00  0.00000E+00  0.00000E+00  0.00000E+00
 SIGMA(2,2)    1.10403E-01  1.25078E-01  2.46023E-01 -8.93192E-02  1.86673E-01 -2.34417E-01 -3.73752E-02  2.67728E-02  0.00000E+00  2.17061E-02  1.12475E-01
 OMEGA(1,1)    7.20419E-01  7.31381E-01  7.42396E-01 -7.79133E-01  7.78211E-01 -7.46153E-01 -7.67040E-01  1.64190E-01  0.00000E+00  1.12475E-01  3.64541E-02
