TABLE NO.     1: First Order Conditional Estimation with Interaction: Problem=1 Subproblem=0 Superproblem1=0 Iteration1=0 Superproblem2=0 Iteration2=0
 NAME         THETA1       THETA2       THETA3       THETA4       THETA5       THETA6       THETA7       SIGMA(1,1)   SIGMA(2,1)   SIGMA(2,2)   OMEGA(1,1)
 THETA1        3.78711E+11  1.70169E+11 -3.85827E+06 -4.12442E+04  5.60046E+03  3.28666E+05  8.51762E+04 -2.95068E+05  0.00000E+00  6.78623E+03  5.51272E+03
 THETA2        1.70169E+11  7.64660E+10 -1.73163E+06 -1.85639E+04  2.56122E+03  1.47882E+05  3.82650E+04 -1.32549E+05  0.00000E+00  3.04731E+03  2.48467E+03
 THETA3       -3.85827E+06 -1.73163E+06  4.73033E+02 -2.24756E+00  4.90530E+00 -1.22349E+00 -1.05000E+01 -6.99462E+00  0.00000E+00 -2.37252E-01  1.65187E-01
 THETA4       -4.12442E+04 -1.85639E+04 -2.24756E+00  2.98806E-02 -3.46259E-02 -1.97577E-02  8.21166E-02  6.40418E-02  0.00000E+00  5.77251E-04 -8.64001E-04
 THETA5        5.60046E+03  2.56122E+03  4.90530E+00 -3.46259E-02  5.94254E-02  4.28920E-02 -1.14786E-01 -1.00580E-01  0.00000E+00 -1.55791E-03  2.17010E-03
 THETA6        3.28666E+05  1.47882E+05 -1.22349E+00 -1.97577E-02  4.28920E-02  1.06734E+00  3.44811E-01 -2.68891E-01  0.00000E+00  1.59504E-02  9.80420E-03
 THETA7        8.51762E+04  3.82650E+04 -1.05000E+01  8.21166E-02 -1.14786E-01  3.44811E-01  4.28716E-01  7.46104E-02  0.00000E+00  9.26342E-03  2.35761E-04
 SIGMA(1,1)   -2.95068E+05 -1.32549E+05 -6.99462E+00  6.40418E-02 -1.00580E-01 -2.68891E-01  7.46104E-02  6.05982E-01  0.00000E+00 -3.31787E-04 -1.28251E-02
 SIGMA(2,1)    0.00000E+00  0.00000E+00  0.00000E+00  0.00000E+00  0.00000E+00  0.00000E+00  0.00000E+00  0.00000E+00  0.00000E+00  0.00000E+00  0.00000E+00
 SIGMA(2,2)    6.78623E+03  3.04731E+03 -2.37252E-01  5.77251E-04 -1.55791E-03  1.59504E-02  9.26342E-03 -3.31787E-04  0.00000E+00  8.15973E-04  9.28842E-06
 OMEGA(1,1)    5.51272E+03  2.48467E+03  1.65187E-01 -8.64001E-04  2.17010E-03  9.80420E-03  2.35761E-04 -1.28251E-02  0.00000E+00  9.28842E-06  9.58573E-04
