TABLE NO.     1: First Order Conditional Estimation with Interaction: Problem=1 Subproblem=0 Superproblem1=0 Iteration1=0 Superproblem2=0 Iteration2=0
 NAME         THETA1       THETA2       THETA3       THETA4       THETA5       THETA6       THETA7       SIGMA(1,1)   SIGMA(2,1)   SIGMA(2,2)   OMEGA(1,1)
 THETA1        1.21179E-05 -4.26401E-05  3.82426E-01 -3.31207E-01  2.62639E-01  4.84008E-04  3.07390E-01 -1.87905E-01  0.00000E+00 -8.10906E-01  3.17821E-02
 THETA2       -4.26401E-05  2.19473E-04 -4.02759E+00  2.81147E+00 -1.75509E+00 -5.01658E-03 -2.12590E+00  1.70924E+00  0.00000E+00  7.60569E+00 -9.79185E-03
 THETA3        3.82426E-01 -4.02759E+00  1.32563E+05 -8.58759E+04  3.06179E+04  1.63375E+02  4.44960E+04 -4.84180E+04  0.00000E+00 -2.16638E+05 -3.89438E+03
 THETA4       -3.31207E-01  2.81147E+00 -8.58759E+04  6.27069E+04 -1.86689E+04 -1.05909E+02 -3.08667E+04  3.07274E+04  0.00000E+00  1.38107E+05  1.87352E+03
 THETA5        2.62639E-01 -1.75509E+00  3.06179E+04 -1.86689E+04  2.44934E+04  3.88856E+01  2.38688E+04 -1.61406E+04  0.00000E+00 -7.23102E+04 -9.98591E+02
 THETA6        4.84008E-04 -5.01658E-03  1.63375E+02 -1.05909E+02  3.88856E+01  2.01443E-01  5.57498E+01 -5.99675E+01  0.00000E+00 -2.68260E+02 -4.84256E+00
 THETA7        3.07390E-01 -2.12590E+00  4.44960E+04 -3.08667E+04  2.38688E+04  5.57498E+01  2.69983E+04 -2.00702E+04  0.00000E+00 -9.04374E+04 -7.96127E+02
 SIGMA(1,1)   -1.87905E-01  1.70924E+00 -4.84180E+04  3.07274E+04 -1.61406E+04 -5.99675E+01 -2.00702E+04  1.92040E+04  0.00000E+00  8.58025E+04  1.40859E+03
 SIGMA(2,1)    0.00000E+00  0.00000E+00  0.00000E+00  0.00000E+00  0.00000E+00  0.00000E+00  0.00000E+00  0.00000E+00  0.00000E+00  0.00000E+00  0.00000E+00
 SIGMA(2,2)   -8.10906E-01  7.60569E+00 -2.16638E+05  1.38107E+05 -7.23102E+04 -2.68260E+02 -9.04374E+04  8.58025E+04  0.00000E+00  3.87268E+05  5.90845E+03
 OMEGA(1,1)    3.17821E-02 -9.79185E-03 -3.89438E+03  1.87352E+03 -9.98591E+02 -4.84256E+00 -7.96127E+02  1.40859E+03  0.00000E+00  5.90845E+03  2.54997E+03
