TABLE NO.     1: First Order Conditional Estimation with Interaction: Problem=1 Subproblem=0 Superproblem1=0 Iteration1=0 Superproblem2=0 Iteration2=0
 NAME         THETA1       THETA2       THETA3       THETA4       THETA5       THETA6       THETA7       SIGMA(1,1)   SIGMA(2,1)   SIGMA(2,2)   OMEGA(1,1)
 THETA1        6.15395E+05  9.99980E-01 -2.88266E-01 -3.87717E-01  3.73322E-02  5.16950E-01  2.11387E-01 -6.15940E-01  0.00000E+00  3.86044E-01  2.89334E-01
 THETA2        9.99980E-01  2.76525E+05 -2.87922E-01 -3.88365E-01  3.79949E-02  5.17642E-01  2.11340E-01 -6.15760E-01  0.00000E+00  3.85784E-01  2.90216E-01
 THETA3       -2.88266E-01 -2.87922E-01  2.17493E+01 -5.97820E-01  9.25195E-01 -5.44507E-02 -7.37325E-01 -4.13132E-01  0.00000E+00 -3.81879E-01  2.45312E-01
 THETA4       -3.87717E-01 -3.88365E-01 -5.97820E-01  1.72860E-01 -8.21713E-01 -1.10634E-01  7.25523E-01  4.75926E-01  0.00000E+00  1.16905E-01 -1.61439E-01
 THETA5        3.73322E-02  3.79949E-02  9.25195E-01 -8.21713E-01  2.43773E-01  1.70309E-01 -7.19145E-01 -5.30027E-01  0.00000E+00 -2.23728E-01  2.87529E-01
 THETA6        5.16950E-01  5.17642E-01 -5.44507E-02 -1.10634E-01  1.70309E-01  1.03312E+00  5.09734E-01 -3.34345E-01  0.00000E+00  5.40482E-01  3.06512E-01
 THETA7        2.11387E-01  2.11340E-01 -7.37325E-01  7.25523E-01 -7.19145E-01  5.09734E-01  6.54764E-01  1.46381E-01  0.00000E+00  4.95277E-01  1.16299E-02
 SIGMA(1,1)   -6.15940E-01 -6.15760E-01 -4.13132E-01  4.75926E-01 -5.30027E-01 -3.34345E-01  1.46381E-01  7.78448E-01  0.00000E+00 -1.49208E-02 -5.32132E-01
 SIGMA(2,1)    0.00000E+00  0.00000E+00  0.00000E+00  0.00000E+00  0.00000E+00  0.00000E+00  0.00000E+00  0.00000E+00  0.00000E+00  0.00000E+00  0.00000E+00
 SIGMA(2,2)    3.86044E-01  3.85784E-01 -3.81879E-01  1.16905E-01 -2.23728E-01  5.40482E-01  4.95277E-01 -1.49208E-02  0.00000E+00  2.85652E-02  1.05025E-02
 OMEGA(1,1)    2.89334E-01  2.90216E-01  2.45312E-01 -1.61439E-01  2.87529E-01  3.06512E-01  1.16299E-02 -5.32132E-01  0.00000E+00  1.05025E-02  3.09608E-02
