TABLE NO.     1: First Order Conditional Estimation with Interaction: Problem=1 Subproblem=0 Superproblem1=0 Iteration1=0 Superproblem2=0 Iteration2=0
 NAME         THETA1       THETA2       THETA3       THETA4       THETA5       THETA6       THETA7       SIGMA(1,1)   SIGMA(2,1)   SIGMA(2,2)   OMEGA(1,1)
 THETA1        3.21860E-06  6.79672E-06  2.49427E-01  1.10260E+00 -4.57594E+00 -1.92729E+00  4.31539E+00  3.67091E+00  0.00000E+00  1.03124E+00 -1.78067E-03
 THETA2        6.79672E-06  1.59603E-05  5.55655E-01  2.45308E+00 -1.02281E+01 -4.28820E+00  9.60258E+00  8.17315E+00  0.00000E+00  2.30098E+00 -1.80708E-02
 THETA3        2.49427E-01  5.55655E-01  1.98507E+04  8.76783E+04 -3.64826E+05 -1.53284E+05  3.43237E+05  2.92062E+05  0.00000E+00  8.21366E+04 -3.97608E+02
 THETA4        1.10260E+00  2.45308E+00  8.76783E+04  3.88454E+05 -1.60979E+06 -6.77217E+05  1.51627E+06  1.29022E+06  0.00000E+00  3.62824E+05 -1.83119E+03
 THETA5       -4.57594E+00 -1.02281E+01 -3.64826E+05 -1.60979E+06  6.71032E+06  2.81634E+06 -6.30672E+06 -5.36698E+06  0.00000E+00 -1.50930E+06  7.95709E+03
 THETA6       -1.92729E+00 -4.28820E+00 -1.53284E+05 -6.77217E+05  2.81634E+06  1.18376E+06 -2.65065E+06 -2.25536E+06  0.00000E+00 -6.34307E+05  2.94585E+03
 THETA7        4.31539E+00  9.60258E+00  3.43237E+05  1.51627E+06 -6.30672E+06 -2.65065E+06  5.93532E+06  5.05020E+06  0.00000E+00  1.42027E+06 -6.63023E+03
 SIGMA(1,1)    3.67091E+00  8.17315E+00  2.92062E+05  1.29022E+06 -5.36698E+06 -2.25536E+06  5.05020E+06  4.29718E+06  0.00000E+00  1.20848E+06 -5.73497E+03
 SIGMA(2,1)    0.00000E+00  0.00000E+00  0.00000E+00  0.00000E+00  0.00000E+00  0.00000E+00  0.00000E+00  0.00000E+00  0.00000E+00  0.00000E+00  0.00000E+00
 SIGMA(2,2)    1.03124E+00  2.30098E+00  8.21366E+04  3.62824E+05 -1.50930E+06 -6.34307E+05  1.42027E+06  1.20848E+06  0.00000E+00  3.42010E+05 -1.49069E+03
 OMEGA(1,1)   -1.78067E-03 -1.80708E-02 -3.97608E+02 -1.83119E+03  7.95709E+03  2.94585E+03 -6.63023E+03 -5.73497E+03  0.00000E+00 -1.49069E+03  1.76285E+03
