dmp.txt <- structure(
	.Data = list(
		"coefficients" = list(
			"fixed" = c("CMultStdev" = 0.514557370326987, "tvVmax" = 1347.85542340278, "tvKm" = 1409.06794102524, "tvV" = 12.6088829039846, "tvKa" = 1.10536949975882, "K12" = 1.99761921254402, "K21" = 2.77578580793717, "K13" = 0.114651395207416, "K31" = 0.0549107111652228, "CEps" = 0.500230332030022)
			, "random" = list("Subject" = matrix(
				as.numeric(c(
					 0.0985160727096695,  0.104192686779638,  0.236444920783577
					,  0.00412299853635265,  0.0600897183588683,  0.490074606508515
					,  0.701471757520784,  0.303465123092358,  -0.120584036746183
					,  0.208967271379461,  -0.331836907489553,  -0.0804599885074755
					,  0.12152704148759,  0.0772929595166646,  -0.192010997458245
					,  0.278596518532227,  -0.279905064108957,  -0.15534776561449
					,  0.200185792259753,  -0.692552590592204,  0.143750721461401
					,  -0.273457402572235,  0.331158111254686,  -0.428010874092651
					,  0.250239121742051,  0.641686503402133,  0.528562248290783
					,  -0.738685965743619,  0.301311390122425,  0.77224066760701
					,  -0.813538148376689,  0.0238980758195518,  0.402230570001081
					,  0.153941729072894,  -0.117754911696484,  0.459081301751082
					,  -0.359356476798937,  0.755276775561881,  0.580683195540216
					,  -0.0927582133074364,  -0.0435013925665335,  0.525325561766421
					,  0.131292927119445,  -0.910690113538473,  -0.195253625690041
					,  -0.244817987431091,  -0.733415400498252,  0.0767066982258868
					,  0.31708009572675,  0.102557333800982,  -0.22688711409928
					,  0.34011822936941,  -0.184144691380799,  0.57071325220895
					,  -0.119203389726451,  -0.0903724528594519,  -0.2687368618413
					,  0.0254838849261625,  0.399937830686783,  0.035670212564393
					,  -0.9363130279109,  0.0196752077823145,  0.116415741118547
					,  -0.659293803284036,  -0.0223041170621032,  -0.0856446089367156
					,  0.130537060068657,  -0.222236266330969,  0.12342876648394
					,  -0.308798608673026,  0.0103429039399588,  0.506245361645438
					,  0.0865462560604488,  0.379099174089081,  -0.109018180667625
					,  -0.00305923443852927,  0.292229168205627,  -0.241639706986407
					,  -0.153789745470077,  -0.232652117153091,  0.263441719944678
					,  -0.281532866862519,  -0.0366690342400042,  -0.0873052294216848
					,  0.0451894902868863,  0.19608806182448,  -0.611258491827173
					,  -0.345763079331706,  0.314525414320996,  -0.0995373508971906
					,  -0.599423056456963,  0.355401005019572,  0.218862659988037
					,  -0.209453533544726,  0.230856025246195,  0.463598563078423
					,  -0.0511831251031099,  0.372579853006907,  -0.0514467215006172
					,  -0.278896165735664,  -0.686852479048891,  0.259906640521859
					,  0.0580386494318015,  -0.0519571129899171,  0.264597171094098
					,  0.180654155293456,  -0.478186513294829,  0.22605379097887
					,  -0.110455858909446,  0.409599363780086,  0.406350202980081
					,  -0.39823568575668,  -0.189409199360534,  0.156575775170246
					,  0.495060802665703,  0.157785053273634,  -0.334570108450676
					,  -0.351931769744097,  0.0998133398102247,  -0.169001573587657
					))
				, nrow = 60, ncol = 2
				, dimnames = list(
					as.character(c( "1", "2", "3", "4", "5", "6", "7", "8", "9", "10"
					  , "11", "12", "13", "14", "15", "16", "17", "18", "19", "20"
					  , "21", "22", "23", "24", "25", "26", "27", "28", "29", "30"
					  , "31", "32", "33", "34", "35", "36", "37", "38", "39", "40"
					  , "41", "42", "43", "44", "45", "46", "47", "48", "49", "50"
					  , "51", "52", "53", "54", "55", "56", "57", "58", "59", "60"))
					, as.character(c("nVmax", "nV"))
					)
				))
			)
		, "logLik" = c(-3552.95)
		, "nObs" = c(420)
		, "nSubj" = c(60)
		, "nParm" = c(12)
		, "returnCode" = c(3)
		, "omega" = matrix(
			as.numeric(c(0.243759291881443, 0, 0, 0.139919869417118))
			, nrow = 2, ncol = 2
			, dimnames = list(
				as.character(c("nVmax", "nV"))
				, as.character(c("nVmax", "nV"))
				)
			)
		, "eta" = matrix(
			as.numeric(c(0.0510101922125168, -0.0259720165977887, 0.147231248690835, 0.100241942236688, 0.383707243469334, 0.316610079177351, 0.222823951250764, 0.153581707160336))
			, nrow = 2, ncol = 4
			, dimnames = list(
				as.character(c("nVmax", "nV"))
				, as.character(c("mean", "var", "sd", "shrinkage"))
				)
			)
		, "eta_shrinkage" = list("Subject" = matrix(
			as.numeric(c(
				 0.121620588613488,  0.339726571299055,  0.291506747660495
				,  0.16160299165799,  0.23888138675049,  0.130174946558331
				,  0.111176701639814,  0.159449208402425,  0.483320868085536
				,  0.172322511132468,  0.608714446656143,  0.636922803240392
				,  0.307567305700067,  0.478002124067922,  0.468170929183741
				,  0.189668663948232,  0.583418425281306,  0.376466333842824
				,  0.222905419066797,  0.742986416283144,  0.320341583011729
				,  0.518825316045945,  0.231486137481969,  0.685115184309155
				,  0.234909184899393,  0.124283496617367,  0.0714079230656214
				,  0.673028179252449,  0.313056562372591,  0.0954205667963296
				,  0.791576900039885,  0.502462225052942,  0.225809260807393
				,  0.170760348459748,  0.438085882673089,  0.263345147789641
				,  0.644843127153128,  0.142044127185822,  0.126648297796284
				,  0.346526306762479,  0.144313066082866,  0.189153895689517
				,  0.419302769533007,  0.835193111995582,  0.640993133740388
				,  0.523953605184744,  0.770814589920093,  0.44147344689239
				,  0.169272735367171,  0.471632863300451,  0.608652704408395
				,  0.142755958390248,  0.524094989249341,  0.148107957593766
				,  0.611206432216044,  0.500537060762367,  0.488727194003336
				,  0.213806870765884,  0.20306331972548,  0.268327733525603
				,  0.284184630154252,  0.298113941678472,  0.297039243673252
				,  0.28526506918156,  0.287469670318956,  0.284470336256602
				,  0.297222666315905,  0.289782919398919,  0.286210257006595
				,  0.286444861457933,  0.269893086790383,  0.276664054080776
				,  0.28590795865927,  0.28994162629099,  0.286948237303241
				,  0.297695255620101,  0.27789616515254,  0.283780202165553
				,  0.294175455743983,  0.254883757183923,  0.294311441262391
				,  0.280032376364329,  0.304393275108961,  0.267715163448943
				,  0.291336997630877,  0.290677925602558,  0.270478143700021
				,  0.257050715979739,  0.301252599424961,  0.290931006335298
				,  0.250787974226089,  0.292330042243866,  0.305380985026572
				,  0.285366964176917,  0.282863468107567,  0.304913399202979
				,  0.271347249630477,  0.297304273052646,  0.288350476573921
				,  0.2880115893515,  0.265868182893921,  0.307627093751858
				,  0.296081973249844,  0.244462684286854,  0.275372236862897
				,  0.280380264296985,  0.250810863425499,  0.296567545011646
				,  0.302806955114346,  0.294802744269885,  0.274209863381687
				,  0.296710442294036,  0.280664360204016,  0.298778282354948
				,  0.281358069839051,  0.283666841232291,  0.276437616461884
				,  0.287460187228171,  0.293154293690611,  0.292548111702626
				))
			, nrow = 60, ncol = 2
			, dimnames = list(
				as.character(c( "1", "2", "3", "4", "5", "6", "7", "8", "9", "10"
				  , "11", "12", "13", "14", "15", "16", "17", "18", "19", "20"
				  , "21", "22", "23", "24", "25", "26", "27", "28", "29", "30"
				  , "31", "32", "33", "34", "35", "36", "37", "38", "39", "40"
				  , "41", "42", "43", "44", "45", "46", "47", "48", "49", "50"
				  , "51", "52", "53", "54", "55", "56", "57", "58", "59", "60"))
				, as.character(c("nVmax_shrinkage", "nV_shrinkage"))
				)
			))
		, "sigma" = matrix(
			as.numeric(c(0.250230385082866))
			, nrow = 1, ncol = 1
			, dimnames = list(
				as.character(c("CEps"))
				, as.character(c("CEps"))
				)
			)
		, "method" = "FOCE-ELS"
		, "varFix" = matrix(
			as.numeric(c(0.00122704602482184, 0.866364883102734, -2.13875243036595, 0.0344175269126609, 0.00208081698100475, 0.00263738387096275, 0.0180167474259585, 8.76650508669103e-005, 0.000118968611531443, -0.00816141252166374, 0.866364883102734, 809488.353223914, 1427267.27309724, -208.840083172409, 27.829161961441, 439.641611280508, 369.41180101271, 0.28488903283959, 7.09040973984971, -1074.77255686447, -2.13875243036595, 1427267.27309724, 2611589.22092723, -162.237205920378, 60.5054891477182, 719.47292141404, 638.854571536759, -5.05481892659234, 10.3750665312423, -1883.65490596821, 0.0344175269126609, -208.840083172409, -162.237205920378, 107.664218581431, 4.88405428211704, -32.6386385116839, 6.37657319750911, -1.13581838422603, -0.0646785630663783, 6.06857598515786, 0.00208081698100475, 27.829161961441, 60.5054891477182, 4.88405428211704, 0.358635288713725, -0.581717210488518, 1.43255710975573, -0.0560447217739482, -0.00409559134786729, -0.239936032953803, 0.00263738387096275, 439.641611280508, 719.47292141404, -32.6386385116839, -0.581717210488518, 16.2963175515634, 6.12607816486287, 0.323334728819069, 0.0151875723544478, -5.66444486622831, 0.0180167474259585, 369.41180101271, 638.854571536759, 6.37657319750911, 1.43255710975573, 6.12607816486287, 10.9787563063025, -0.0877898569337768, -0.00748712286812011, -4.46865723373209, 8.76650508669103e-005, 0.28488903283959, -5.05481892659234, -1.13581838422603, -0.0560447217739482, 0.323334728819069, -0.0877898569337768, 0.0127355280171713, 0.000944515670091213, -0.0556689494528643, 0.000118968611531443, 7.09040973984971, 10.3750665312423, -0.0646785630663783, -0.00409559134786729, 0.0151875723544478, -0.00748712286812011, 0.000944515670091213, 0.000244871607587256, -0.0104375983582884, -0.00816141252166374, -1074.77255686447, -1883.65490596821, 6.06857598515786, -0.239936032953803, -5.66444486622831, -4.46865723373209, -0.0556689494528643, -0.0104375983582884, 3.59523110811968))
			, nrow = 10, ncol = 10
			, dimnames = list(
				as.character(c("CMultStdev", "tvVmax", "tvKm", "tvV", "tvKa", "K12", "K21", "K13", "K31", "CEps"))
				, as.character(c("CMultStdev", "tvVmax", "tvKm", "tvV", "tvKa", "K12", "K21", "K13", "K31", "CEps"))
				)
			)
		, "omegaSE" = matrix(
			as.numeric(c(0.110644567023084, 0, 0, 0.0446405611648953))
			, nrow = 2, ncol = 2, byrow = TRUE
			, dimnames = list(
				as.character(c("nVmax", "nV"))
				, as.character(c("nVmax", "nV"))
				)
			)
		, "Covariance" = matrix(
			as.numeric(c(0.001227046, 0.86636488, -2.1387524, 0.034417527, 0.002080817, 0.0026373839, 0.018016747, 8.7665051e-005, 0.00011896861, -0.0081614125, -0.00027671541,         0, 0.00015910935, 0.86636488, 809488.35, 1427267.3, -208.84008, 27.829162, 439.64161,  369.4118, 0.28488903, 7.0904097, -1074.7726, 48.935752,         0, 8.2377584, -2.1387524, 1427267.3, 2611589.2, -162.23721, 60.505489, 719.47292, 638.85457, -5.0548189, 10.375067, -1883.6549, 92.956543,         0,  13.01382, 0.034417527, -208.84008, -162.23721, 107.66422, 4.8840543, -32.638639, 6.3765732, -1.1358184, -0.064678563,  6.068576, 0.30543521,         0, -0.097375752, 0.002080817, 27.829162, 60.505489, 4.8840543, 0.35863529, -0.58171721, 1.4325571, -0.056044722, -0.0040955913, -0.23993603, 0.021700346,         0, 0.00021242939, 0.0026373839, 439.64161, 719.47292, -32.638639, -0.58171721, 16.296318, 6.1260782, 0.32333473, 0.015187572, -5.6644449, -0.039689517,         0, 0.069525802, 0.018016747,  369.4118, 638.85457, 6.3765732, 1.4325571, 6.1260782, 10.978756, -0.087789857, -0.0074871229, -4.4686572, 0.076653282,         0, 0.03675704, 8.7665051e-005, 0.28488903, -5.0548189, -1.1358184, -0.056044722, 0.32333473, -0.087789857, 0.012735528, 0.00094451567, -0.055668949, -0.0040286024,         0, 0.0011299285, 0.00011896861, 7.0904097, 10.375067, -0.064678563, -0.0040955913, 0.015187572, -0.0074871229, 0.00094451567, 0.00024487161, -0.010437598, -0.00032183447,         0, 0.00016341783, -0.0081614125, -1074.7726, -1883.6549,  6.068576, -0.23993603, -5.6644449, -4.4686572, -0.055668949, -0.010437598, 3.5952311, -0.067347563,         0, -0.038271108, -0.00027671541, 48.935752, 92.956543, 0.30543521, 0.021700346, -0.039689517, 0.076653282, -0.0040286024, -0.00032183447, -0.067347563, 0.01224222,         0, 0.00035656094,         0,         0,         0,         0,         0,         0,         0,         0,         0,         0,         0,         0,         0, 0.00015910935, 8.2377584,  13.01382, -0.097375752, 0.00021242939, 0.069525802, 0.03675704, 0.0011299285, 0.00016341783, -0.038271108, 0.00035656094,         0, 0.0019927797))
			, nrow = 13, ncol = 13
			, dimnames = list(
				as.character(c("CMultStdev", "tvVmax", "tvKm", "tvV", "tvKa", "K12", "K21", "K13", "K31", "stdev0", "nVmax-nVmax", "nV-nVmax", "nV-nV"))
				, as.character(c("CMultStdev", "tvVmax", "tvKm", "tvV", "tvKa", "K12", "K21", "K13", "K31", "stdev0", "nVmax-nVmax", "nV-nVmax", "nV-nV"))
				)
			)
		, "Correlation" = matrix(
			as.numeric(c(0.035029217, 0.027489391, -0.037781366, 0.094692054, 0.099192068, 0.018650831, 0.15522776, 0.022176223, 0.21703649, -0.12287725, -0.071395826,         0, 0.10175028, 0.027489391, 899.71571, 0.98162943, -0.022370354, 0.051649761, 0.12104553, 0.12391643, 0.0028058339, 0.50361286, -0.6300106, 0.49157623,         0, 0.20510399, -0.037781366, 0.98162943, 1616.0412, -0.009675253, 0.062519548, 0.11028521, 0.11930894, -0.027716902, 0.41026951, -0.61473155, 0.51987321,         0, 0.18039426, 0.094692054, -0.022370354, -0.009675253, 10.376137, 0.78599227, -0.77920476, 0.1854706, -0.96998433, -0.3983414, 0.30845207, 0.2660439,         0, -0.21022554, 0.099192068, 0.051649761, 0.062519548, 0.78599227, 0.59886166, -0.24062495, 0.72195289, -0.82927721, -0.4370397, -0.21130295, 0.32749906,         0, 0.007946181, 0.018650831, 0.12104553, 0.11028521, -0.77920476, -0.24062495, 4.0368698, 0.45799551, 0.70973976, 0.24042211, -0.7400298, -0.088858911,         0, 0.38580835, 0.15522776, 0.12391643, 0.11930894, 0.1854706, 0.72195289, 0.45799551, 3.3134206, -0.23477902, -0.14440066, -0.71127421, 0.20908558,         0, 0.24850453, 0.022176223, 0.0028058339, -0.027716902, -0.96998433, -0.82927721, 0.70973976, -0.23477902, 0.1128518, 0.53484935, -0.26016037, -0.32263824,         0, 0.22429151, 0.21703649, 0.50361286, 0.41026951, -0.3983414, -0.4370397, 0.24042211, -0.14440066, 0.53484935, 0.015648374, -0.35177742, -0.18588025,         0, 0.2339379, -0.12287725, -0.6300106, -0.61473155, 0.30845207, -0.21130295, -0.7400298, -0.71127421, -0.26016037, -0.35177742, 1.8961095, -0.32101726,         0, -0.45214527, -0.071395826, 0.49157623, 0.51987321, 0.2660439, 0.32749906, -0.088858911, 0.20908558, -0.32263824, -0.18588025, -0.32101726, 0.11064457,         0, 0.072189499,         0,         0,         0,         0,         0,         0,         0,         0,         0,         0,         0,         0,         0, 0.10175028, 0.20510399, 0.18039426, -0.21022554, 0.007946181, 0.38580835, 0.24850453, 0.22429151, 0.2339379, -0.45214527, 0.072189499,         0, 0.044640561))
			, nrow = 13, ncol = 13
			, dimnames = list(
				as.character(c("CMultStdev", "tvVmax", "tvKm", "tvV", "tvKa", "K12", "K21", "K13", "K31", "stdev0", "nVmax-nVmax", "nV-nVmax", "nV-nV"))
				, as.character(c("CMultStdev", "tvVmax", "tvKm", "tvV", "tvKa", "K12", "K21", "K13", "K31", "stdev0", "nVmax-nVmax", "nV-nVmax", "nV-nV"))
				)
			)
		, "Inverse" = matrix(
			as.numeric(c( 1573.885, -0.092188719, 0.073193786, -26.247116, -24.700882, -9.1915377, 35.662086, -1852.4424, 3482.0712, 75.260848, 179.97234,         0, 338.39596, -0.092188719, 8.8999143e-005, -2.0931186e-005, 0.0047208637, 0.019070346, 0.0088606385, 0.007304334, 0.55180052, -0.95219815, 0.038124371, -0.0029322507,         0, 0.058835248, 0.073193786, -2.0931186e-005, 3.4989064e-005, 0.0010174098, 0.032823264, 0.010726957, 0.0083163274, 0.1939313, 0.78321284, 0.047392997, 0.061124423,         0, 0.095806832, -26.247116, 0.0047208637, 0.0010174098,  2.233955, 0.54387759, 4.3664854, -0.74449844, 117.47799, -60.293261, 5.7656191, 3.8724282,         0, -5.2021466, -24.700882, 0.019070346, 0.032823264, 0.54387759, 255.27701, 3.3441217, -1.0493466, 1413.1108, -448.19405, 65.108086, 34.096958,         0, 90.630779, -9.1915377, 0.0088606385, 0.010726957, 4.3664854, 3.3441217, 14.764369, 1.9082646, 166.51284, 380.48095, 31.493633, 41.191157,         0, 28.597624, 35.662086, 0.007304334, 0.0083163274, -0.74449844, -1.0493466, 1.9082646, 8.3081821, 29.072512,  213.2565, 23.396753,  24.98272,         0,  67.44766, -1852.4424, 0.55180052, 0.1939313, 117.47799, 1413.1108, 166.51284, 29.072512, 16856.303, -14070.326,  685.7742, 134.44046,         0,   586.841, 3482.0712, -0.95219815, 0.78321284, -60.293261, -448.19405, 380.48095,  213.2565, -14070.326,  60521.37, 1110.1559, 3138.5975,         0, 2210.7459, 75.260848, 0.038124371, 0.047392997, 5.7656191, 65.108086, 31.493633, 23.396753,  685.7742, 1110.1559, 129.14664, 143.95582,         0, 245.96199, 179.97234, -0.0029322507, 0.061124423, 3.8724282, 34.096958, 41.191157,  24.98272, 134.44046, 3138.5975, 143.95582, 364.75922,         0, 252.02741,         0,         0,         0,         0,         0,         0,         0,         0,         0,         0,         0,         0,         0, 338.39596, 0.058835248, 0.095806832, -5.2021466, 90.630779, 28.597624,  67.44766,   586.841, 2210.7459, 245.96199, 252.02741,         0, 1264.7766))
			, nrow = 13, ncol = 13
			, dimnames = list(
				as.character(c("CMultStdev", "tvVmax", "tvKm", "tvV", "tvKa", "K12", "K21", "K13", "K31", "stdev0", "nVmax-nVmax", "nV-nVmax", "nV-nV"))
				, as.character(c("CMultStdev", "tvVmax", "tvKm", "tvV", "tvKa", "K12", "K21", "K13", "K31", "stdev0", "nVmax-nVmax", "nV-nVmax", "nV-nV"))
				)
			)
		, "LLTable" = data.frame(
			id = as.character(c( "1", "2", "3", "4", "5", "6", "7", "8", "9", "10", "11", "12", "13", "14", "15", "16", "17", "18", "19", "20", "21", "22", "23", "24", "25", "26", "27", "28", "29", "30", "31", "32", "33", "34", "35", "36", "37", "38", "39", "40", "41", "42", "43", "44", "45", "46", "47", "48", "49", "50", "51", "52", "53", "54", "55", "56", "57", "58", "59", "60"))
			, "LL" = c(-68.539735, -58.40222, -57.839374, -65.228431, -59.414578, -57.603181, -57.413269, -57.957861, -57.368432, -61.117981, -59.623048, -56.331629, -57.085488, -56.468881, -59.733284, -58.416896, -57.452118, -60.19834, -59.11123, -62.000684, -55.312257, -62.048613, -57.620363, -63.553465, -58.60722, -54.74201, -63.147669, -64.862783, -56.174011, -56.973262, -67.835666, -55.596408, -57.449915, -58.414618, -56.810879, -54.909329, -58.603265, -53.590273, -56.427639, -60.806269, -67.458862, -55.364407, -57.550852, -65.088567, -57.116179, -57.648039, -66.81818, -56.129623, -61.718985, -55.324696, -56.784945, -63.202693, -59.376008, -55.178617, -55.319246, -57.995075, -61.992552, -61.096357, -59.152452, -61.845603)
			) # end of LLTable
		, "residuals" = data.frame(
			  ID1 = as.character(c(  "",   "",   "",   "",   "",   "",   "",   "",   "",   "",   "",   "",   "",   "",   "",   "",   "",   "",   "",   "",   "",   "",   "",   "",   "",   "",   "",   "",   "",   "",   "",   "",   "",   "",   "",   "",   "",   "",   "",   "",   "",   "",   "",   "",   "",   "",   "",   "",   "",   "",   "",   "",   "",   "",   "",   "",   "",   "",   "",   "",   "",   "",   "",   "",   "",   "",   "",   "",   "",   "",   "",   "",   "",   "",   "",   "",   "",   "",   "",   "",   "",   "",   "",   "",   "",   "",   "",   "",   "",   "",   "",   "",   "",   "",   "",   "",   "",   "",   "",   "",   "",   "",   "",   "",   "",   "",   "",   "",   "",   "",   "",   "",   "",   "",   "",   "",   "",   "",   "",   "",   "",   "",   "",   "",   "",   "",   "",   "",   "",   "",   "",   "",   "",   "",   "",   "",   "",   "",   "",   "",   "",   "",   "",   "",   "",   "",   "",   "",   "",   "",   "",   "",   "",   "",   "",   "",   "",   "",   "",   "",   "",   "",   "",   "",   "",   "",   "",   "",   "",   "",   "",   "",   "",   "",   "",   "",   "",   "",   "",   "",   "",   "",   "",   "",   "",   "",   "",   "",   "",   "",   "",   "",   "",   "",   "",   "",   "",   "",   "",   "",   "",   "",   "",   "",   "",   "",   "",   "",   "",   "",   "",   "",   "",   "",   "",   "",   "",   "",   "",   "",   "",   "",   "",   "",   "",   "",   "",   "",   "",   "",   "",   "",   "",   "",   "",   "",   "",   "",   "",   "",   "",   "",   "",   "",   "",   "",   "",   "",   "",   "",   "",   "",   "",   "",   "",   "",   "",   "",   "",   "",   "",   "",   "",   "",   "",   "",   "",   "",   "",   "",   "",   "",   "",   "",   "",   "",   "",   "",   "",   "",   "",   "",   "",   "",   "",   "",   "",   "",   "",   "",   "",   "",   "",   "",   "",   "",   "",   "",   "",   "",   "",   "",   "",   "",   "",   "",   "",   "",   "",   "",   "",   "",   "",   "",   "",   "",   "",   "",   "",   "",   "",   "",   "",   "",   "",   "",   "",   "",   "",   "",   "",   "",   "",   "",   "",   "",   "",   "",   "",   "",   "",   "",   "",   "",   "",   "",   "",   "",   "",   "",   "",   "",   "",   "",   "",   "",   "",   "",   "",   "",   "",   "",   "",   "",   "",   "",   "",   "",   "",   "",   "",   "",   "",   "",   "",   "",   "",   "",   "",   "",   "",   "",   "",   "",   "",   "",   "",   "",   "",   "",   "",   "",   "",   "",   "",   "",   "",   "",   "",   "",   "",   "",   "",   "",   "",   "",   "",   "",   "",   "",   "",   "",   "",   "",   "",   "",   "",   "",   "",   ""))
			, ID2 = as.character(c(  "",   "",   "",   "",   "",   "",   "",   "",   "",   "",   "",   "",   "",   "",   "",   "",   "",   "",   "",   "",   "",   "",   "",   "",   "",   "",   "",   "",   "",   "",   "",   "",   "",   "",   "",   "",   "",   "",   "",   "",   "",   "",   "",   "",   "",   "",   "",   "",   "",   "",   "",   "",   "",   "",   "",   "",   "",   "",   "",   "",   "",   "",   "",   "",   "",   "",   "",   "",   "",   "",   "",   "",   "",   "",   "",   "",   "",   "",   "",   "",   "",   "",   "",   "",   "",   "",   "",   "",   "",   "",   "",   "",   "",   "",   "",   "",   "",   "",   "",   "",   "",   "",   "",   "",   "",   "",   "",   "",   "",   "",   "",   "",   "",   "",   "",   "",   "",   "",   "",   "",   "",   "",   "",   "",   "",   "",   "",   "",   "",   "",   "",   "",   "",   "",   "",   "",   "",   "",   "",   "",   "",   "",   "",   "",   "",   "",   "",   "",   "",   "",   "",   "",   "",   "",   "",   "",   "",   "",   "",   "",   "",   "",   "",   "",   "",   "",   "",   "",   "",   "",   "",   "",   "",   "",   "",   "",   "",   "",   "",   "",   "",   "",   "",   "",   "",   "",   "",   "",   "",   "",   "",   "",   "",   "",   "",   "",   "",   "",   "",   "",   "",   "",   "",   "",   "",   "",   "",   "",   "",   "",   "",   "",   "",   "",   "",   "",   "",   "",   "",   "",   "",   "",   "",   "",   "",   "",   "",   "",   "",   "",   "",   "",   "",   "",   "",   "",   "",   "",   "",   "",   "",   "",   "",   "",   "",   "",   "",   "",   "",   "",   "",   "",   "",   "",   "",   "",   "",   "",   "",   "",   "",   "",   "",   "",   "",   "",   "",   "",   "",   "",   "",   "",   "",   "",   "",   "",   "",   "",   "",   "",   "",   "",   "",   "",   "",   "",   "",   "",   "",   "",   "",   "",   "",   "",   "",   "",   "",   "",   "",   "",   "",   "",   "",   "",   "",   "",   "",   "",   "",   "",   "",   "",   "",   "",   "",   "",   "",   "",   "",   "",   "",   "",   "",   "",   "",   "",   "",   "",   "",   "",   "",   "",   "",   "",   "",   "",   "",   "",   "",   "",   "",   "",   "",   "",   "",   "",   "",   "",   "",   "",   "",   "",   "",   "",   "",   "",   "",   "",   "",   "",   "",   "",   "",   "",   "",   "",   "",   "",   "",   "",   "",   "",   "",   "",   "",   "",   "",   "",   "",   "",   "",   "",   "",   "",   "",   "",   "",   "",   "",   "",   "",   "",   "",   "",   "",   "",   "",   "",   "",   "",   "",   "",   "",   "",   "",   "",   "",   "",   "",   "",   "",   "",   "",   "",   "",   "",   "",   "",   "",   ""))
			, ID3 = as.character(c(  "",   "",   "",   "",   "",   "",   "",   "",   "",   "",   "",   "",   "",   "",   "",   "",   "",   "",   "",   "",   "",   "",   "",   "",   "",   "",   "",   "",   "",   "",   "",   "",   "",   "",   "",   "",   "",   "",   "",   "",   "",   "",   "",   "",   "",   "",   "",   "",   "",   "",   "",   "",   "",   "",   "",   "",   "",   "",   "",   "",   "",   "",   "",   "",   "",   "",   "",   "",   "",   "",   "",   "",   "",   "",   "",   "",   "",   "",   "",   "",   "",   "",   "",   "",   "",   "",   "",   "",   "",   "",   "",   "",   "",   "",   "",   "",   "",   "",   "",   "",   "",   "",   "",   "",   "",   "",   "",   "",   "",   "",   "",   "",   "",   "",   "",   "",   "",   "",   "",   "",   "",   "",   "",   "",   "",   "",   "",   "",   "",   "",   "",   "",   "",   "",   "",   "",   "",   "",   "",   "",   "",   "",   "",   "",   "",   "",   "",   "",   "",   "",   "",   "",   "",   "",   "",   "",   "",   "",   "",   "",   "",   "",   "",   "",   "",   "",   "",   "",   "",   "",   "",   "",   "",   "",   "",   "",   "",   "",   "",   "",   "",   "",   "",   "",   "",   "",   "",   "",   "",   "",   "",   "",   "",   "",   "",   "",   "",   "",   "",   "",   "",   "",   "",   "",   "",   "",   "",   "",   "",   "",   "",   "",   "",   "",   "",   "",   "",   "",   "",   "",   "",   "",   "",   "",   "",   "",   "",   "",   "",   "",   "",   "",   "",   "",   "",   "",   "",   "",   "",   "",   "",   "",   "",   "",   "",   "",   "",   "",   "",   "",   "",   "",   "",   "",   "",   "",   "",   "",   "",   "",   "",   "",   "",   "",   "",   "",   "",   "",   "",   "",   "",   "",   "",   "",   "",   "",   "",   "",   "",   "",   "",   "",   "",   "",   "",   "",   "",   "",   "",   "",   "",   "",   "",   "",   "",   "",   "",   "",   "",   "",   "",   "",   "",   "",   "",   "",   "",   "",   "",   "",   "",   "",   "",   "",   "",   "",   "",   "",   "",   "",   "",   "",   "",   "",   "",   "",   "",   "",   "",   "",   "",   "",   "",   "",   "",   "",   "",   "",   "",   "",   "",   "",   "",   "",   "",   "",   "",   "",   "",   "",   "",   "",   "",   "",   "",   "",   "",   "",   "",   "",   "",   "",   "",   "",   "",   "",   "",   "",   "",   "",   "",   "",   "",   "",   "",   "",   "",   "",   "",   "",   "",   "",   "",   "",   "",   "",   "",   "",   "",   "",   "",   "",   "",   "",   "",   "",   "",   "",   "",   "",   "",   "",   "",   "",   "",   "",   "",   "",   "",   "",   "",   "",   "",   "",   "",   "",   "",   "",   "",   ""))
			, ID4 = as.character(c(  "",   "",   "",   "",   "",   "",   "",   "",   "",   "",   "",   "",   "",   "",   "",   "",   "",   "",   "",   "",   "",   "",   "",   "",   "",   "",   "",   "",   "",   "",   "",   "",   "",   "",   "",   "",   "",   "",   "",   "",   "",   "",   "",   "",   "",   "",   "",   "",   "",   "",   "",   "",   "",   "",   "",   "",   "",   "",   "",   "",   "",   "",   "",   "",   "",   "",   "",   "",   "",   "",   "",   "",   "",   "",   "",   "",   "",   "",   "",   "",   "",   "",   "",   "",   "",   "",   "",   "",   "",   "",   "",   "",   "",   "",   "",   "",   "",   "",   "",   "",   "",   "",   "",   "",   "",   "",   "",   "",   "",   "",   "",   "",   "",   "",   "",   "",   "",   "",   "",   "",   "",   "",   "",   "",   "",   "",   "",   "",   "",   "",   "",   "",   "",   "",   "",   "",   "",   "",   "",   "",   "",   "",   "",   "",   "",   "",   "",   "",   "",   "",   "",   "",   "",   "",   "",   "",   "",   "",   "",   "",   "",   "",   "",   "",   "",   "",   "",   "",   "",   "",   "",   "",   "",   "",   "",   "",   "",   "",   "",   "",   "",   "",   "",   "",   "",   "",   "",   "",   "",   "",   "",   "",   "",   "",   "",   "",   "",   "",   "",   "",   "",   "",   "",   "",   "",   "",   "",   "",   "",   "",   "",   "",   "",   "",   "",   "",   "",   "",   "",   "",   "",   "",   "",   "",   "",   "",   "",   "",   "",   "",   "",   "",   "",   "",   "",   "",   "",   "",   "",   "",   "",   "",   "",   "",   "",   "",   "",   "",   "",   "",   "",   "",   "",   "",   "",   "",   "",   "",   "",   "",   "",   "",   "",   "",   "",   "",   "",   "",   "",   "",   "",   "",   "",   "",   "",   "",   "",   "",   "",   "",   "",   "",   "",   "",   "",   "",   "",   "",   "",   "",   "",   "",   "",   "",   "",   "",   "",   "",   "",   "",   "",   "",   "",   "",   "",   "",   "",   "",   "",   "",   "",   "",   "",   "",   "",   "",   "",   "",   "",   "",   "",   "",   "",   "",   "",   "",   "",   "",   "",   "",   "",   "",   "",   "",   "",   "",   "",   "",   "",   "",   "",   "",   "",   "",   "",   "",   "",   "",   "",   "",   "",   "",   "",   "",   "",   "",   "",   "",   "",   "",   "",   "",   "",   "",   "",   "",   "",   "",   "",   "",   "",   "",   "",   "",   "",   "",   "",   "",   "",   "",   "",   "",   "",   "",   "",   "",   "",   "",   "",   "",   "",   "",   "",   "",   "",   "",   "",   "",   "",   "",   "",   "",   "",   "",   "",   "",   "",   "",   "",   "",   "",   "",   "",   "",   "",   "",   "",   "",   "",   ""))
			, ID5 = as.character(c( "1",  "1",  "1",  "1",  "1",  "1",  "1",  "2",  "2",  "2",  "2",  "2",  "2",  "2",  "3",  "3",  "3",  "3",  "3",  "3",  "3",  "4",  "4",  "4",  "4",  "4",  "4",  "4",  "5",  "5",  "5",  "5",  "5",  "5",  "5",  "6",  "6",  "6",  "6",  "6",  "6",  "6",  "7",  "7",  "7",  "7",  "7",  "7",  "7",  "8",  "8",  "8",  "8",  "8",  "8",  "8",  "9",  "9",  "9",  "9",  "9",  "9",  "9", "10", "10", "10", "10", "10", "10", "10", "11", "11", "11", "11", "11", "11", "11", "12", "12", "12", "12", "12", "12", "12", "13", "13", "13", "13", "13", "13", "13", "14", "14", "14", "14", "14", "14", "14", "15", "15", "15", "15", "15", "15", "15", "16", "16", "16", "16", "16", "16", "16", "17", "17", "17", "17", "17", "17", "17", "18", "18", "18", "18", "18", "18", "18", "19", "19", "19", "19", "19", "19", "19", "20", "20", "20", "20", "20", "20", "20", "21", "21", "21", "21", "21", "21", "21", "22", "22", "22", "22", "22", "22", "22", "23", "23", "23", "23", "23", "23", "23", "24", "24", "24", "24", "24", "24", "24", "25", "25", "25", "25", "25", "25", "25", "26", "26", "26", "26", "26", "26", "26", "27", "27", "27", "27", "27", "27", "27", "28", "28", "28", "28", "28", "28", "28", "29", "29", "29", "29", "29", "29", "29", "30", "30", "30", "30", "30", "30", "30", "31", "31", "31", "31", "31", "31", "31", "32", "32", "32", "32", "32", "32", "32", "33", "33", "33", "33", "33", "33", "33", "34", "34", "34", "34", "34", "34", "34", "35", "35", "35", "35", "35", "35", "35", "36", "36", "36", "36", "36", "36", "36", "37", "37", "37", "37", "37", "37", "37", "38", "38", "38", "38", "38", "38", "38", "39", "39", "39", "39", "39", "39", "39", "40", "40", "40", "40", "40", "40", "40", "41", "41", "41", "41", "41", "41", "41", "42", "42", "42", "42", "42", "42", "42", "43", "43", "43", "43", "43", "43", "43", "44", "44", "44", "44", "44", "44", "44", "45", "45", "45", "45", "45", "45", "45", "46", "46", "46", "46", "46", "46", "46", "47", "47", "47", "47", "47", "47", "47", "48", "48", "48", "48", "48", "48", "48", "49", "49", "49", "49", "49", "49", "49", "50", "50", "50", "50", "50", "50", "50", "51", "51", "51", "51", "51", "51", "51", "52", "52", "52", "52", "52", "52", "52", "53", "53", "53", "53", "53", "53", "53", "54", "54", "54", "54", "54", "54", "54", "55", "55", "55", "55", "55", "55", "55", "56", "56", "56", "56", "56", "56", "56", "57", "57", "57", "57", "57", "57", "57", "58", "58", "58", "58", "58", "58", "58", "59", "59", "59", "59", "59", "59", "59", "60", "60", "60", "60", "60", "60", "60"))
			, IVAR = c(0.64, 1.99, 6.43, 12.03, 22.28, 48.91, 80.15, 0.58, 2.03, 7.46, 12.58, 22.36, 51.02, 87.44, 0.44, 2.06, 5.74, 12, 24.18, 45.25, 90.69, 0.49, 2.25, 5.15, 12.73, 24.81, 53.38, 93.12, 0.52, 2.05, 5.68, 13.54, 26.95, 51.48, 112.51, 0.53, 1.76, 5.67, 10.62, 22.89, 45.11, 96.41, 0.46, 2.03, 5.62, 14.32, 25.78, 52.57, 99.76, 0.59, 1.88, 5.73, 13.85, 22.49, 47.01, 92.3, 0.48, 1.94, 6.3, 11.79, 22.82, 54.9, 93.96, 0.49, 1.98, 6.44, 11.91, 23.91, 44.84, 92.94, 0.5, 1.89, 6.33, 10.31, 24.75, 41.16, 93.15, 0.47, 1.87, 5.97, 9.91, 27, 40.64, 91.65, 0.45, 1.86, 7.39, 12.02, 21.1, 40.74, 100.42, 0.5, 1.94, 5.47, 10.34, 21.55, 53.05, 90.22, 0.44, 2.41, 6.26, 11.72, 26.68, 52.45, 90.24, 0.62, 1.95, 5.2, 11.83, 24.5, 60.46, 97.02, 0.52, 1.98, 5.8, 11.96, 25.97, 59.07, 106.39, 0.56, 1.77, 6.62, 12.27, 20.72, 50.57, 94.49, 0.58, 1.85, 5.75, 10.94, 23.58, 49.97, 89.23, 0.54, 1.77, 5.4, 13.86, 21.68, 50.02, 92.41, 0.52, 2.37, 7.03, 11.61, 19.1, 61.62, 102.62, 0.53, 2, 6.31, 11.8, 25.03, 46.12, 83.71, 0.55, 2.33, 5.82, 10.59, 25.59, 47.79, 80.72, 0.5, 1.88, 5.8, 10.69, 28.74, 46.44, 81.76, 0.51, 2.05, 5.44, 8.99, 22.51, 50.82, 95.43, 0.5, 2.12, 5.33, 13.39, 23.99, 51.52, 106.46, 0.51, 1.83, 6.74, 9.82, 22.73, 46.79, 94.42, 0.55, 2.03, 6.25, 11.92, 23.41, 51.46, 107.66, 0.39, 2.12, 6.23, 11.5, 26.39, 46.17, 93.31, 0.54, 2.38, 6.16, 11.5, 21.31, 46.44, 87.39, 0.49, 2.08, 5.51, 15.64, 24.38, 53.74, 76.36, 0.54, 1.75, 6.58, 12.49, 23.04, 54.8, 89.5, 0.47, 1.81, 5.61, 13.19, 25.06, 53.08, 92.33, 0.52, 2.05, 5.2, 14.34, 24.32, 51.82, 105.62, 0.5, 1.94, 6.56, 10.81, 29.23, 46.19, 113.27, 0.58, 2.02, 6.35, 10.83, 24.79, 53.28, 96.96, 0.48, 1.87, 5.98, 13.35, 22.87, 47.42, 84.35, 0.53, 2.28, 6.97, 13.02, 19.91, 50.37, 100.48, 0.48, 2.03, 5.5, 12.84, 23.23, 41.03, 92.54, 0.57, 1.93, 6.46, 13.19, 24.01, 46.34, 91.05, 0.54, 1.8, 6.15, 11.66, 19.14, 41.69, 105.21, 0.49, 2.17, 7.25, 13.91, 25.68, 49.86, 94.17, 0.59, 2.12, 5.34, 11.81, 19.81, 47.07, 74.08, 0.57, 1.88, 5.75, 11.8, 25.52, 51.37, 101.61, 0.47, 1.75, 5.77, 12.34, 22.1, 47.67, 85.42, 0.5, 2.03, 5.91, 11.8, 28.63, 51.8, 107.29, 0.46, 2.03, 6.73, 11.93, 19.4, 49.68, 79.35, 0.46, 2.28, 6.38, 13.38, 24.75, 47.47, 87.52, 0.59, 2.01, 5.59, 13.08, 26.72, 58.02, 90.38, 0.48, 1.92, 5.78, 11.57, 23.3, 55.44, 89.53, 0.48, 2.13, 6.71, 11.11, 22.81, 50.58, 106.28, 0.49, 1.73, 7.12, 13.85, 22.35, 47.69, 80.51, 0.53, 2.35, 5.09, 11.1, 22.51, 44.84, 78.34, 0.53, 1.72, 5.99, 12.73, 23.53, 52.48, 95.75, 0.47, 2.13, 5.75, 14.33, 23.96, 52.27, 97.99, 0.37, 1.74, 5.75, 12.29, 18.99, 52.85, 90.37, 0.46, 1.71, 5.19, 12.07, 25.25, 38.92, 86.83, 0.53, 1.91, 7.45, 13.59, 25.47, 48.02, 98.72, 0.47, 2.13, 6.96, 13.37, 22.13, 40.83, 94.95, 0.52, 2.29, 5.26, 12.45, 24.57, 54.09, 95.73)
			, TAD = c(0.64, 1.99, 6.43, 12.03, 22.28, 48.91, 80.15, 0.58, 2.03, 7.46, 12.58, 22.36, 51.02, 87.44, 0.44, 2.06, 5.74, 12, 24.18, 45.25, 90.69, 0.49, 2.25, 5.15, 12.73, 24.81, 53.38, 93.12, 0.52, 2.05, 5.68, 13.54, 26.95, 51.48, 112.51, 0.53, 1.76, 5.67, 10.62, 22.89, 45.11, 96.41, 0.46, 2.03, 5.62, 14.32, 25.78, 52.57, 99.76, 0.59, 1.88, 5.73, 13.85, 22.49, 47.01, 92.3, 0.48, 1.94, 6.3, 11.79, 22.82, 54.9, 93.96, 0.49, 1.98, 6.44, 11.91, 23.91, 44.84, 92.94, 0.5, 1.89, 6.33, 10.31, 24.75, 41.16, 93.15, 0.47, 1.87, 5.97, 9.91, 27, 40.64, 91.65, 0.45, 1.86, 7.39, 12.02, 21.1, 40.74, 100.42, 0.5, 1.94, 5.47, 10.34, 21.55, 53.05, 90.22, 0.44, 2.41, 6.26, 11.72, 26.68, 52.45, 90.24, 0.62, 1.95, 5.2, 11.83, 24.5, 60.46, 97.02, 0.52, 1.98, 5.8, 11.96, 25.97, 59.07, 106.39, 0.56, 1.77, 6.62, 12.27, 20.72, 50.57, 94.49, 0.58, 1.85, 5.75, 10.94, 23.58, 49.97, 89.23, 0.54, 1.77, 5.4, 13.86, 21.68, 50.02, 92.41, 0.52, 2.37, 7.03, 11.61, 19.1, 61.62, 102.62, 0.53, 2, 6.31, 11.8, 25.03, 46.12, 83.71, 0.55, 2.33, 5.82, 10.59, 25.59, 47.79, 80.72, 0.5, 1.88, 5.8, 10.69, 28.74, 46.44, 81.76, 0.51, 2.05, 5.44, 8.99, 22.51, 50.82, 95.43, 0.5, 2.12, 5.33, 13.39, 23.99, 51.52, 106.46, 0.51, 1.83, 6.74, 9.82, 22.73, 46.79, 94.42, 0.55, 2.03, 6.25, 11.92, 23.41, 51.46, 107.66, 0.39, 2.12, 6.23, 11.5, 26.39, 46.17, 93.31, 0.54, 2.38, 6.16, 11.5, 21.31, 46.44, 87.39, 0.49, 2.08, 5.51, 15.64, 24.38, 53.74, 76.36, 0.54, 1.75, 6.58, 12.49, 23.04, 54.8, 89.5, 0.47, 1.81, 5.61, 13.19, 25.06, 53.08, 92.33, 0.52, 2.05, 5.2, 14.34, 24.32, 51.82, 105.62, 0.5, 1.94, 6.56, 10.81, 29.23, 46.19, 113.27, 0.58, 2.02, 6.35, 10.83, 24.79, 53.28, 96.96, 0.48, 1.87, 5.98, 13.35, 22.87, 47.42, 84.35, 0.53, 2.28, 6.97, 13.02, 19.91, 50.37, 100.48, 0.48, 2.03, 5.5, 12.84, 23.23, 41.03, 92.54, 0.57, 1.93, 6.46, 13.19, 24.01, 46.34, 91.05, 0.54, 1.8, 6.15, 11.66, 19.14, 41.69, 105.21, 0.49, 2.17, 7.25, 13.91, 25.68, 49.86, 94.17, 0.59, 2.12, 5.34, 11.81, 19.81, 47.07, 74.08, 0.57, 1.88, 5.75, 11.8, 25.52, 51.37, 101.61, 0.47, 1.75, 5.77, 12.34, 22.1, 47.67, 85.42, 0.5, 2.03, 5.91, 11.8, 28.63, 51.8, 107.29, 0.46, 2.03, 6.73, 11.93, 19.4, 49.68, 79.35, 0.46, 2.28, 6.38, 13.38, 24.75, 47.47, 87.52, 0.59, 2.01, 5.59, 13.08, 26.72, 58.02, 90.38, 0.48, 1.92, 5.78, 11.57, 23.3, 55.44, 89.53, 0.48, 2.13, 6.71, 11.11, 22.81, 50.58, 106.28, 0.49, 1.73, 7.12, 13.85, 22.35, 47.69, 80.51, 0.53, 2.35, 5.09, 11.1, 22.51, 44.84, 78.34, 0.53, 1.72, 5.99, 12.73, 23.53, 52.48, 95.75, 0.47, 2.13, 5.75, 14.33, 23.96, 52.27, 97.99, 0.37, 1.74, 5.75, 12.29, 18.99, 52.85, 90.37, 0.46, 1.71, 5.19, 12.07, 25.25, 38.92, 86.83, 0.53, 1.91, 7.45, 13.59, 25.47, 48.02, 98.72, 0.47, 2.13, 6.96, 13.37, 22.13, 40.83, 94.95, 0.52, 2.29, 5.26, 12.45, 24.57, 54.09, 95.73)
