dmp.txt <- structure(
	.Data = list(
		"coefficients" = list(
			"fixed" = c("CMultStdev" = 0.486643938145564, "tvVmax" = 6210.90942548998, "tvKm" = 2656.20386858185, "tvV" = 72.1184338270247, "tvKa" = 1.27885576412006, "K12" = 0.280259880534725, "K21" = 1.63340752980287, "K13" = 0.038703423192161, "K31" = 0.0465979989745777, "CEps" = 0.500764637012425)
			, "random" = list("Subject" = matrix(
				as.numeric(c(
					 0.192018137426801,  0.536113615554382,  -0.52726377191559
					,  0.21291641702283,  -0.212807997809605,  0.116192832732589
					,  -0.431486064287579,  0.261044499227986,  0.615273728923701
					,  -0.605809776098507,  -0.232618393082139,  -0.432017203357168
					,  0.47605601224134,  0.288621856682752,  0.20271776683741
					,  -0.199846147664541,  -0.0875787129606922,  -0.946086726873032
					,  0.19647346567887,  0.372273569774961,  0.212769526344962
					,  0.149841610118522,  -0.48295019214435,  -0.748831186434454
					,  0.20330704655523,  -0.0789346011467298,  0.251019865493862
					,  -1.13432929115777,  -0.482191588919437,  -0.339770191567799
					,  0.423818906886665,  -0.257065016598715,  -0.000736350694227852
					,  -0.266134989840656,  0.823282208768789,  0.268608411058177
					,  0.0650751478459697,  0.318641498163611,  0.0247103617267533
					,  0.448053817573184,  -0.161479970852499,  0.485991782285474
					,  0.665222489597354,  -0.139274402083573,  0.435062628444517
					,  -0.257694431945165,  0.268488853679447,  0.175340723123264
					,  0.730812129824464,  0.705955636121731,  0.206027663844702
					,  -0.280043853934176,  0.127637115761213,  -0.284396207540479
					,  -0.0154028306072034,  0.617089476634696,  0.233315504573729
					,  -0.175626519495604,  -0.167140440335016,  -0.278900469546661
					,  -1.09748754051746,  -0.432141017907897,  0.938095953508575
					,  0.254165844655895,  0.549146515947284,  -0.017222741277591
					,  0.8152527440693,  0.309634994086719,  -0.276339717074526
					,  0.117171638394185,  0.108531496348275,  0.217928611337035
					,  0.0430905161593346,  -0.117178836063085,  -0.1421369705426
					,  0.0614369405801475,  0.16924005358797,  0.34242117753569
					,  0.251114182887029,  -0.80927098885243,  0.377865232253934
					,  -0.368264887499247,  0.578717275488572,  0.482040598181963
					,  0.0357551544627201,  0.00256377229916256,  -0.248056818857687
					,  -0.545507384878057,  0.167664536630006,  -0.277138767463242
					,  0.514303550144873,  -0.196126208634743,  -0.000820670851637841
					,  -0.184484174939143,  -0.171884856097927,  -0.222033281319053
					,  -0.773960809524542,  0.610219012855578,  -0.278542115360969
					,  -0.5825175529722,  -0.184393314450594,  -0.447397268479963
					,  0.398486897902775,  -0.532292869701199,  -0.0622694436453781
					,  0.369711841529086,  -0.205867616536755,  -0.046551958894127
					,  0.42352447567215,  0.0927274588918263,  -0.274430785905144
					,  -0.144426097073193,  0.0886812974961753,  -0.453111884701928
					,  0.321476167108752,  -0.111708769401003,  0.709807194944426
					,  0.0986757360459782,  -0.493137550624558,  -0.595419771276186
					))
				, nrow = 60, ncol = 2
				, dimnames = list(
					as.character(c( "1", "2", "3", "4", "5", "6", "7", "8", "9", "10"
					  , "11", "12", "13", "14", "15", "16", "17", "18", "19", "20"
					  , "21", "22", "23", "24", "25", "26", "27", "28", "29", "30"
					  , "31", "32", "33", "34", "35", "36", "37", "38", "39", "40"
					  , "41", "42", "43", "44", "45", "46", "47", "48", "49", "50"
					  , "51", "52", "53", "54", "55", "56", "57", "58", "59", "60"))
					, as.character(c("nVmax", "nV"))
					)
				))
			)
		, "logLik" = c(-3208.9)
		, "nObs" = c(480)
		, "nSubj" = c(60)
		, "nParm" = c(12)
		, "returnCode" = c(3)
		, "omega" = matrix(
			as.numeric(c(0.327144333370314, 0, 0, 0.283579720239748))
			, nrow = 2, ncol = 2
			, dimnames = list(
				as.character(c("nVmax", "nV"))
				, as.character(c("nVmax", "nV"))
				)
			)
		, "eta" = matrix(
			as.numeric(c(0.0347226162939428, -0.0140445300053108, 0.170523604134079, 0.16900240892362, 0.412945037667338, 0.411099025690429, 0.278024349753884, 0.228014998678122))
			, nrow = 2, ncol = 4
			, dimnames = list(
				as.character(c("nVmax", "nV"))
				, as.character(c("mean", "var", "sd", "shrinkage"))
				)
			)
		, "eta_shrinkage" = list("Subject" = matrix(
			as.numeric(c(
				 0.048612568834947,  0.0582975251341073,  0.729478261013634
				,  0.116095690872096,  0.400049489199533,  0.0911235501412089
				,  0.631516599235639,  0.124871560770895,  0.0608176850401622
				,  0.377348066309206,  0.180182831071651,  0.375562484674346
				,  0.0715364663656114,  0.0721725832416653,  0.0730893105491267
				,  0.172173946235574,  0.196619410197678,  0.630746124489423
				,  0.12255515437615,  0.052103364881804,  0.161663164592009
				,  0.0702807651424156,  0.540294821184899,  0.604081469990883
				,  0.0966282588000385,  0.145720584899795,  0.0675809915144439
				,  0.334133025944183,  0.316582027419395,  0.135347892355694
				,  0.121169928224245,  0.124711583474768,  0.122734432583862
				,  0.154518735118023,  0.0605913621261096,  0.0722495388535869
				,  0.0555584695284974,  0.184773274238755,  0.0847043816459333
				,  0.0563301899513028,  0.123466429343679,  0.0581597192066092
				,  0.0856360059433986,  0.0750579104134234,  0.0697518342798277
				,  0.337173703438507,  0.0723821639221917,  0.0849896546734873
				,  0.084816049530742,  0.0691347148426975,  0.0706351923793453
				,  0.149746634735761,  0.11930187596583,  0.0891702727083914
				,  0.206141539435284,  0.0644353298341036,  0.23458536310566
				,  0.184314862321137,  0.0791278066567963,  0.0805204388288434
				,  0.160856701746473,  0.172060511678617,  0.134314315310288
				,  0.166695299291689,  0.160487695526241,  0.163950739082924
				,  0.143958605446112,  0.171463783851077,  0.172572859534955
				,  0.155832923901384,  0.159835517209917,  0.161008392689004
				,  0.167372321142432,  0.161624993102,  0.16420078259769
				,  0.165441374344113,  0.171142375722447,  0.141358833639742
				,  0.17020901970436,  0.17035350185248,  0.173659528511216
				,  0.161345286107881,  0.152393889716786,  0.142891992719875
				,  0.167681025192444,  0.174998830935378,  0.163013238537937
				,  0.154179381385429,  0.162100662107502,  0.168086672250778
				,  0.174416103250554,  0.160146976436051,  0.17423393388006
				,  0.169131473114963,  0.182414315187662,  0.160556375231613
				,  0.158822056318321,  0.168390503160539,  0.162981462517974
				,  0.163336189882661,  0.166751747682516,  0.176996527865602
				,  0.178847910361845,  0.16054438531123,  0.165013290302012
				,  0.165207619288663,  0.163548238444516,  0.165806313527452
				,  0.169482143045342,  0.169941959181742,  0.166456311611959
				,  0.16469792420498,  0.169155481019429,  0.150759258457668
				,  0.170359357344874,  0.175765611152217,  0.164669025453185
				,  0.166701756218238,  0.160322199491131,  0.162456848386989
				))
			, nrow = 60, ncol = 2
			, dimnames = list(
				as.character(c( "1", "2", "3", "4", "5", "6", "7", "8", "9", "10"
				  , "11", "12", "13", "14", "15", "16", "17", "18", "19", "20"
				  , "21", "22", "23", "24", "25", "26", "27", "28", "29", "30"
				  , "31", "32", "33", "34", "35", "36", "37", "38", "39", "40"
				  , "41", "42", "43", "44", "45", "46", "47", "48", "49", "50"
				  , "51", "52", "53", "54", "55", "56", "57", "58", "59", "60"))
				, as.character(c("nVmax_shrinkage", "nV_shrinkage"))
				)
			))
		, "sigma" = matrix(
			as.numeric(c(0.250765221682186))
			, nrow = 1, ncol = 1
			, dimnames = list(
				as.character(c("CEps"))
				, as.character(c("CEps"))
				)
			)
		, "method" = "FOCE-ELS"
		, "varFix" = matrix(
			as.numeric(c(0.000377386912626032, -2.68215905159876, 0.61043348100789, -0.00320873674117962, -3.30293648672207e-005, -2.16615574850845e-005, -1.37052265444805e-005, -2.97804288908119e-005, -6.09430549752246e-006, -0.00213980690642853, -2.68215905159876, 473067.442518818, -162902.85851099, 384.521101425241, -10.4936691876183, -7.73474683049079, -4.49106115128261, 0.807383536319331, -0.90158305027683, 83.2894959129688, 0.61043348100789, -162902.85851099, 114016.100418363, -255.27028487838, -5.57054714458299, 4.77658713169064, 5.17813888642688, -0.0538466318935995, 0.521101301070672, 51.8949270589038, -0.00320873674117962, 384.521101425241, -255.27028487838, 27.7745326730036, 0.447396381411692, -0.0852750447815318, -0.170069388136126, -0.0165021783923022, -0.00354707441883064, -0.556111185871422, -3.30293648672207e-005, -10.4936691876183, -5.57054714458299, 0.447396381411692, 0.0234601544234997, -0.00190364113883782, -0.00539599792489284, -0.000429587915178648, -6.30893235463199e-005, -0.0110537173297794, -2.16615574850845e-005, -7.73474683049079, 4.77658713169064, -0.0852750447815318, -0.00190364113883782, 0.000577569164885619, 0.000408220496030208, 9.60536440901452e-005, 5.49746099700957e-005, 0.0031074324424031, -1.37052265444805e-005, -4.49106115128261, 5.17813888642688, -0.170069388136126, -0.00539599792489284, 0.000408220496030208, 0.00706673950759523, -0.000137049829176274, -0.000131711146358099, 0.0467479318788401, -2.97804288908119e-005, 0.807383536319331, -0.0538466318935995, -0.0165021783923022, -0.000429587915178648, 9.60536440901452e-005, -0.000137049829176274, 3.76473342906732e-005, 1.36178835796111e-005, -0.000116030282206441, -6.09430549752246e-006, -0.90158305027683, 0.521101301070672, -0.00354707441883064, -6.30893235463199e-005, 5.49746099700957e-005, -0.000131711146358099, 1.36178835796111e-005, 3.24523294819378e-005, -0.000197556205456706, -0.00213980690642853, 83.2894959129688, 51.8949270589038, -0.556111185871422, -0.0110537173297794, 0.0031074324424031, 0.0467479318788401, -0.000116030282206441, -0.000197556205456706, 1.08851272705159))
			, nrow = 10, ncol = 10
			, dimnames = list(
				as.character(c("CMultStdev", "tvVmax", "tvKm", "tvV", "tvKa", "K12", "K21", "K13", "K31", "CEps"))
				, as.character(c("CMultStdev", "tvVmax", "tvKm", "tvV", "tvKa", "K12", "K21", "K13", "K31", "CEps"))
				)
			)
		, "omegaSE" = matrix(
			as.numeric(c(0.151139387534129, 0, 0, 0.0557862663235846))
			, nrow = 2, ncol = 2, byrow = TRUE
			, dimnames = list(
				as.character(c("nVmax", "nV"))
				, as.character(c("nVmax", "nV"))
				)
			)
		, "Covariance" = matrix(
			as.numeric(c(0.00037738691, -2.6821591, 0.61043348, -0.0032087367, -3.3029365e-005, -2.1661557e-005, -1.3705227e-005, -2.9780429e-005, -6.0943055e-006, -0.0021398069, 0.00026135078,         0, -0.00010274323, -2.6821591, 473067.44, -162902.86,  384.5211, -10.493669, -7.7347468, -4.4910612, 0.80738354, -0.90158305, 83.289496, -82.282911,         0, 13.765207, 0.61043348, -162902.86,  114016.1, -255.27028, -5.5705471, 4.7765871, 5.1781389, -0.053846632, 0.5211013, 51.894927, 43.309745,         0, -7.8249929, -0.0032087367,  384.5211, -255.27028, 27.774533, 0.44739638, -0.085275045, -0.17006939, -0.016502178, -0.0035470744, -0.55611119, -0.091734311,         0, 0.0029013831, -3.3029365e-005, -10.493669, -5.5705471, 0.44739638, 0.023460154, -0.0019036411, -0.0053959979, -0.00042958792, -6.3089324e-005, -0.011053717, -0.0018303299,         0, -0.00053688418, -2.1661557e-005, -7.7347468, 4.7765871, -0.085275045, -0.0019036411, 0.00057756916, 0.0004082205, 9.6053644e-005, 5.497461e-005, 0.0031074324, 0.0020284146,         0, -0.00027253666, -1.3705227e-005, -4.4910612, 5.1781389, -0.17006939, -0.0053959979, 0.0004082205, 0.0070667395, -0.00013704983, -0.00013171115, 0.046747932, 0.0030501531,         0, 0.00034773296, -2.9780429e-005, 0.80738354, -0.053846632, -0.016502178, -0.00042958792, 9.6053644e-005, -0.00013704983, 3.7647334e-005, 1.3617884e-005, -0.00011603028, -6.5171595e-005,         0, 4.2958421e-005, -6.0943055e-006, -0.90158305, 0.5211013, -0.0035470744, -6.3089324e-005, 5.497461e-005, -0.00013171115, 1.3617884e-005, 3.2452329e-005, -0.00019755621, 0.00011528907,         0, -5.3284413e-006, -0.0021398069, 83.289496, 51.894927, -0.55611119, -0.011053717, 0.0031074324, 0.046747932, -0.00011603028, -0.00019755621, 1.0885127, 0.032978428,         0, 0.016519597, 0.00026135078, -82.282911, 43.309745, -0.091734311, -0.0018303299, 0.0020284146, 0.0030501531, -6.5171595e-005, 0.00011528907, 0.032978428, 0.022843114,         0, -0.0025380163,         0,         0,         0,         0,         0,         0,         0,         0,         0,         0,         0,         0,         0, -0.00010274323, 13.765207, -7.8249929, 0.0029013831, -0.00053688418, -0.00027253666, 0.00034773296, 4.2958421e-005, -5.3284413e-006, 0.016519597, -0.0025380163,         0, 0.0031121075))
			, nrow = 13, ncol = 13
			, dimnames = list(
				as.character(c("CMultStdev", "tvVmax", "tvKm", "tvV", "tvKa", "K12", "K21", "K13", "K31", "stdev0", "nVmax-nVmax", "nV-nVmax", "nV-nV"))
				, as.character(c("CMultStdev", "tvVmax", "tvKm", "tvV", "tvKa", "K12", "K21", "K13", "K31", "stdev0", "nVmax-nVmax", "nV-nVmax", "nV-nV"))
				)
			)
		, "Correlation" = matrix(
			as.numeric(c(0.019426449, -0.20073799, 0.09305974, -0.03134132, -0.01110047, -0.046397466, -0.0083923437, -0.24984486, -0.055069086, -0.10557581, 0.089012855,         0, -0.094805278, -0.20073799, 687.79898, -0.70142959, 0.10608043, -0.099609419, -0.46793181, -0.077674398, 0.19131598, -0.23010246, 0.11606785, -0.79153562,         0, 0.35875165, 0.09305974, -0.70142959,  337.6627, -0.14344777, -0.10770834, 0.58861675, 0.18242362, -0.025990123, 0.27090444, 0.14730757, 0.8486427,         0, -0.41540676, -0.03134132, 0.10608043, -0.14344777, 5.2701549, 0.55424739, -0.67328134, -0.383878, -0.51032963, -0.11814735, -0.10113966, -0.11516772,         0, 0.0098685739, -0.01110047, -0.099609419, -0.10770834, 0.55424739, 0.15316708, -0.51715133, -0.41907987, -0.45710872, -0.072304862, -0.069171336, -0.079065366,         0, -0.062833012, -0.046397466, -0.46793181, 0.58861675, -0.67328134, -0.51715133, 0.024032669, 0.20206136, 0.65139547, 0.40154777, 0.12393185, 0.5584407,         0, -0.20328046, -0.0083923437, -0.077674398, 0.18242362, -0.383878, -0.41907987, 0.20206136, 0.084063901, -0.26570629, -0.27503632, 0.53301092, 0.24006809,         0, 0.074149636, -0.24984486, 0.19131598, -0.025990123, -0.51032963, -0.45710872, 0.65139547, -0.26570629, 0.0061357424, 0.38960055, -0.018125395, -0.070277058,         0, 0.12550294, -0.055069086, -0.23010246, 0.27090444, -0.11814735, -0.072304862, 0.40154777, -0.27503632, 0.38960055, 0.0056966946, -0.033239232, 0.13390215,         0, -0.016766791, -0.10557581, 0.11606785, 0.14730757, -0.10113966, -0.069171336, 0.12393185, 0.53301092, -0.018125395, -0.033239232, 1.0433181, 0.20913925,         0, 0.28382811, 0.089012855, -0.79153562, 0.8486427, -0.11516772, -0.079065366, 0.5584407, 0.24006809, -0.070277058, 0.13390215, 0.20913925, 0.15113939,         0, -0.30101592,         0,         0,         0,         0,         0,         0,         0,         0,         0,         0,         0,         0,         0, -0.094805278, 0.35875165, -0.41540676, 0.0098685739, -0.062833012, -0.20328046, 0.074149636, 0.12550294, -0.016766791, 0.28382811, -0.30101592,         0, 0.055786266))
			, nrow = 13, ncol = 13
			, dimnames = list(
				as.character(c("CMultStdev", "tvVmax", "tvKm", "tvV", "tvKa", "K12", "K21", "K13", "K31", "stdev0", "nVmax-nVmax", "nV-nVmax", "nV-nV"))
				, as.character(c("CMultStdev", "tvVmax", "tvKm", "tvV", "tvKa", "K12", "K21", "K13", "K31", "stdev0", "nVmax-nVmax", "nV-nVmax", "nV-nV"))
				)
			)
		, "Inverse" = matrix(
			as.numeric(c(3770.2421, -0.033144865, 0.0584917, 4.9597555, 213.31034, -3937.9847, 990.30188, 21901.334, 1043.7323, -15.128686, 38.542074,         0, -193.98691, -0.033144865, 2.0726307e-005, -1.1885432e-005, -0.00017839303, 0.0070486164, 0.74018956, -0.074129074, -2.6826166, 0.17892722, -0.0019614048, 0.039388473,         0, 0.031702518, 0.0584917, -1.1885432e-005, 5.3541133e-005, -5.3622184e-005, 0.0089041306, -0.86272831, 0.095502568,  2.992399, -0.3381299, -0.00099425113, -0.067537913,         0, 0.012800802, 4.9597555, -0.00017839303, -5.3622184e-005, 0.11611792, 0.34432199, 10.827362,  4.348076, 51.029626, -7.5857082, -0.080927737, -1.3638142,         0, -0.16857195, 213.31034, 0.0070486164, 0.0089041306, 0.34432199, 127.71795, -206.76877, 222.20447, 2889.7986, 274.88964, -8.5133198, 25.963646,         0,  3.975589, -3937.9847, 0.74018956, -0.86272831, 10.827362, -206.76877,  55530.01, -5881.6972, -180985.84, -6924.4361, 20.512483, -32.45551,         0, 2252.2456, 990.30188, -0.074129074, 0.095502568,  4.348076, 222.20447, -5881.6972, 1391.0901, 26570.469, 1778.3507, -28.078003, -8.8555576,         0, -257.43179, 21901.334, -2.6826166,  2.992399, 51.029626, 2889.7986, -180985.84, 26570.469, 724282.79,  4555.165, -230.3648, -1134.3383,         0, -7947.0243, 1043.7323, 0.17892722, -0.3381299, -7.5857082, 274.88964, -6924.4361, 1778.3507,  4555.165, 52565.958, -73.910652, 1409.3809,         0, -788.89972, -15.128686, -0.0019614048, -0.00099425113, -0.080927737, -8.5133198, 20.512483, -28.078003, -230.3648, -73.910652, 2.4548753, -8.796326,         0, -7.9346684, 38.542074, 0.039388473, -0.067537913, -1.3638142, 25.963646, -32.45551, -8.8555576, -1134.3383, 1409.3809, -8.796326,  314.3092,         0, -17.772818,         0,         0,         0,         0,         0,         0,         0,         0,         0,         0,         0,         0,         0, -193.98691, 0.031702518, 0.012800802, -0.16857195,  3.975589, 2252.2456, -257.43179, -7947.0243, -788.89972, -7.9346684, -17.772818,         0, 569.69818))
			, nrow = 13, ncol = 13
			, dimnames = list(
				as.character(c("CMultStdev", "tvVmax", "tvKm", "tvV", "tvKa", "K12", "K21", "K13", "K31", "stdev0", "nVmax-nVmax", "nV-nVmax", "nV-nV"))
				, as.character(c("CMultStdev", "tvVmax", "tvKm", "tvV", "tvKa", "K12", "K21", "K13", "K31", "stdev0", "nVmax-nVmax", "nV-nVmax", "nV-nV"))
				)
			)
		, "LLTable" = data.frame(
			id = as.character(c( "1", "2", "3", "4", "5", "6", "7", "8", "9", "10", "11", "12", "13", "14", "15", "16", "17", "18", "19", "20", "21", "22", "23", "24", "25", "26", "27", "28", "29", "30", "31", "32", "33", "34", "35", "36", "37", "38", "39", "40", "41", "42", "43", "44", "45", "46", "47", "48", "49", "50", "51", "52", "53", "54", "55", "56", "57", "58", "59", "60"))
			, "LL" = c(-57.566609, -50.28775, -50.981324, -50.411506, -52.340338, -53.884263, -50.378989, -50.08958, -52.959242, -55.401889, -53.728676, -55.044495, -52.873086, -52.873675, -50.762394, -55.010458, -52.633921, -55.555174, -49.839216, -54.430042, -51.640933, -55.55389, -51.063962, -52.110123, -54.468115, -54.527353, -52.896232, -63.635748, -55.740808, -56.708563, -48.617182, -55.510277, -53.190558, -54.01708, -47.843762, -52.685657, -58.399301, -49.162493, -54.25659, -55.771932, -54.650588, -52.879097, -48.431243, -60.589128, -50.592225, -53.262592, -55.570214, -51.464738, -49.425803, -48.670806, -55.284228, -56.199151, -54.658148, -60.476707, -52.980519, -51.024225, -49.566578, -53.73124, -57.40065, -57.191221)
			) # end of LLTable
		, "residuals" = data.frame(
			  ID1 = as.character(c(  "",   "",   "",   "",   "",   "",   "",   "",   "",   "",   "",   "",   "",   "",   "",   "",   "",   "",   "",   "",   "",   "",   "",   "",   "",   "",   "",   "",   "",   "",   "",   "",   "",   "",   "",   "",   "",   "",   "",   "",   "",   "",   "",   "",   "",   "",   "",   "",   "",   "",   "",   "",   "",   "",   "",   "",   "",   "",   "",   "",   "",   "",   "",   "",   "",   "",   "",   "",   "",   "",   "",   "",   "",   "",   "",   "",   "",   "",   "",   "",   "",   "",   "",   "",   "",   "",   "",   "",   "",   "",   "",   "",   "",   "",   "",   "",   "",   "",   "",   "",   "",   "",   "",   "",   "",   "",   "",   "",   "",   "",   "",   "",   "",   "",   "",   "",   "",   "",   "",   "",   "",   "",   "",   "",   "",   "",   "",   "",   "",   "",   "",   "",   "",   "",   "",   "",   "",   "",   "",   "",   "",   "",   "",   "",   "",   "",   "",   "",   "",   "",   "",   "",   "",   "",   "",   "",   "",   "",   "",   "",   "",   "",   "",   "",   "",   "",   "",   "",   "",   "",   "",   "",   "",   "",   "",   "",   "",   "",   "",   "",   "",   "",   "",   "",   "",   "",   "",   "",   "",   "",   "",   "",   "",   "",   "",   "",   "",   "",   "",   "",   "",   "",   "",   "",   "",   "",   "",   "",   "",   "",   "",   "",   "",   "",   "",   "",   "",   "",   "",   "",   "",   "",   "",   "",   "",   "",   "",   "",   "",   "",   "",   "",   "",   "",   "",   "",   "",   "",   "",   "",   "",   "",   "",   "",   "",   "",   "",   "",   "",   "",   "",   "",   "",   "",   "",   "",   "",   "",   "",   "",   "",   "",   "",   "",   "",   "",   "",   "",   "",   "",   "",   "",   "",   "",   "",   "",   "",   "",   "",   "",   "",   "",   "",   "",   "",   "",   "",   "",   "",   "",   "",   "",   "",   "",   "",   "",   "",   "",   "",   "",   "",   "",   "",   "",   "",   "",   "",   "",   "",   "",   "",   "",   "",   "",   "",   "",   "",   "",   "",   "",   "",   "",   "",   "",   "",   "",   "",   "",   "",   "",   "",   "",   "",   "",   "",   "",   "",   "",   "",   "",   "",   "",   "",   "",   "",   "",   "",   "",   "",   "",   "",   "",   "",   "",   "",   "",   "",   "",   "",   "",   "",   "",   "",   "",   "",   "",   "",   "",   "",   "",   "",   "",   "",   "",   "",   "",   "",   "",   "",   "",   "",   "",   "",   "",   "",   "",   "",   "",   "",   "",   "",   "",   "",   "",   "",   "",   "",   "",   "",   "",   "",   "",   "",   "",   "",   "",   "",   "",   "",   "",   "",   "",   "",   "",   "",   "",   "",   "",   "",   "",   "",   "",   "",   "",   "",   "",   "",   "",   "",   "",   "",   "",   "",   "",   "",   "",   "",   "",   "",   "",   "",   "",   "",   "",   "",   "",   "",   "",   "",   "",   "",   "",   "",   "",   "",   "",   "",   "",   "",   "",   "",   "",   "",   "",   "",   "",   "",   "",   "",   "",   "",   "",   "",   "",   "",   "",   "",   "",   "",   ""))
			, ID2 = as.character(c(  "",   "",   "",   "",   "",   "",   "",   "",   "",   "",   "",   "",   "",   "",   "",   "",   "",   "",   "",   "",   "",   "",   "",   "",   "",   "",   "",   "",   "",   "",   "",   "",   "",   "",   "",   "",   "",   "",   "",   "",   "",   "",   "",   "",   "",   "",   "",   "",   "",   "",   "",   "",   "",   "",   "",   "",   "",   "",   "",   "",   "",   "",   "",   "",   "",   "",   "",   "",   "",   "",   "",   "",   "",   "",   "",   "",   "",   "",   "",   "",   "",   "",   "",   "",   "",   "",   "",   "",   "",   "",   "",   "",   "",   "",   "",   "",   "",   "",   "",   "",   "",   "",   "",   "",   "",   "",   "",   "",   "",   "",   "",   "",   "",   "",   "",   "",   "",   "",   "",   "",   "",   "",   "",   "",   "",   "",   "",   "",   "",   "",   "",   "",   "",   "",   "",   "",   "",   "",   "",   "",   "",   "",   "",   "",   "",   "",   "",   "",   "",   "",   "",   "",   "",   "",   "",   "",   "",   "",   "",   "",   "",   "",   "",   "",   "",   "",   "",   "",   "",   "",   "",   "",   "",   "",   "",   "",   "",   "",   "",   "",   "",   "",   "",   "",   "",   "",   "",   "",   "",   "",   "",   "",   "",   "",   "",   "",   "",   "",   "",   "",   "",   "",   "",   "",   "",   "",   "",   "",   "",   "",   "",   "",   "",   "",   "",   "",   "",   "",   "",   "",   "",   "",   "",   "",   "",   "",   "",   "",   "",   "",   "",   "",   "",   "",   "",   "",   "",   "",   "",   "",   "",   "",   "",   "",   "",   "",   "",   "",   "",   "",   "",   "",   "",   "",   "",   "",   "",   "",   "",   "",   "",   "",   "",   "",   "",   "",   "",   "",   "",   "",   "",   "",   "",   "",   "",   "",   "",   "",   "",   "",   "",   "",   "",   "",   "",   "",   "",   "",   "",   "",   "",   "",   "",   "",   "",   "",   "",   "",   "",   "",   "",   "",   "",   "",   "",   "",   "",   "",   "",   "",   "",   "",   "",   "",   "",   "",   "",   "",   "",   "",   "",   "",   "",   "",   "",   "",   "",   "",   "",   "",   "",   "",   "",   "",   "",   "",   "",   "",   "",   "",   "",   "",   "",   "",   "",   "",   "",   "",   "",   "",   "",   "",   "",   "",   "",   "",   "",   "",   "",   "",   "",   "",   "",   "",   "",   "",   "",   "",   "",   "",   "",   "",   "",   "",   "",   "",   "",   "",   "",   "",   "",   "",   "",   "",   "",   "",   "",   "",   "",   "",   "",   "",   "",   "",   "",   "",   "",   "",   "",   "",   "",   "",   "",   "",   "",   "",   "",   "",   "",   "",   "",   "",   "",   "",   "",   "",   "",   "",   "",   "",   "",   "",   "",   "",   "",   "",   "",   "",   "",   "",   "",   "",   "",   "",   "",   "",   "",   "",   "",   "",   "",   "",   "",   "",   "",   "",   "",   "",   "",   "",   "",   "",   "",   "",   "",   "",   "",   "",   "",   "",   "",   "",   "",   "",   "",   "",   "",   "",   "",   "",   "",   "",   "",   "",   "",   "",   "",   "",   "",   ""))
			, ID3 = as.character(c(  "",   "",   "",   "",   "",   "",   "",   "",   "",   "",   "",   "",   "",   "",   "",   "",   "",   "",   "",   "",   "",   "",   "",   "",   "",   "",   "",   "",   "",   "",   "",   "",   "",   "",   "",   "",   "",   "",   "",   "",   "",   "",   "",   "",   "",   "",   "",   "",   "",   "",   "",   "",   "",   "",   "",   "",   "",   "",   "",   "",   "",   "",   "",   "",   "",   "",   "",   "",   "",   "",   "",   "",   "",   "",   "",   "",   "",   "",   "",   "",   "",   "",   "",   "",   "",   "",   "",   "",   "",   "",   "",   "",   "",   "",   "",   "",   "",   "",   "",   "",   "",   "",   "",   "",   "",   "",   "",   "",   "",   "",   "",   "",   "",   "",   "",   "",   "",   "",   "",   "",   "",   "",   "",   "",   "",   "",   "",   "",   "",   "",   "",   "",   "",   "",   "",   "",   "",   "",   "",   "",   "",   "",   "",   "",   "",   "",   "",   "",   "",   "",   "",   "",   "",   "",   "",   "",   "",   "",   "",   "",   "",   "",   "",   "",   "",   "",   "",   "",   "",   "",   "",   "",   "",   "",   "",   "",   "",   "",   "",   "",   "",   "",   "",   "",   "",   "",   "",   "",   "",   "",   "",   "",   "",   "",   "",   "",   "",   "",   "",   "",   "",   "",   "",   "",   "",   "",   "",   "",   "",   "",   "",   "",   "",   "",   "",   "",   "",   "",   "",   "",   "",   "",   "",   "",   "",   "",   "",   "",   "",   "",   "",   "",   "",   "",   "",   "",   "",   "",   "",   "",   "",   "",   "",   "",   "",   "",   "",   "",   "",   "",   "",   "",   "",   "",   "",   "",   "",   "",   "",   "",   "",   "",   "",   "",   "",   "",   "",   "",   "",   "",   "",   "",   "",   "",   "",   "",   "",   "",   "",   "",   "",   "",   "",   "",   "",   "",   "",   "",   "",   "",   "",   "",   "",   "",   "",   "",   "",   "",   "",   "",   "",   "",   "",   "",   "",   "",   "",   "",   "",   "",   "",   "",   "",   "",   "",   "",   "",   "",   "",   "",   "",   "",   "",   "",   "",   "",   "",   "",   "",   "",   "",   "",   "",   "",   "",   "",   "",   "",   "",   "",   "",   "",   "",   "",   "",   "",   "",   "",   "",   "",   "",   "",   "",   "",   "",   "",   "",   "",   "",   "",   "",   "",   "",   "",   "",   "",   "",   "",   "",   "",   "",   "",   "",   "",   "",   "",   "",   "",   "",   "",   "",   "",   "",   "",   "",   "",   "",   "",   "",   "",   "",   "",   "",   "",   "",   "",   "",   "",   "",   "",   "",   "",   "",   "",   "",   "",   "",   "",   "",   "",   "",   "",   "",   "",   "",   "",   "",   "",   "",   "",   "",   "",   "",   "",   "",   "",   "",   "",   "",   "",   "",   "",   "",   "",   "",   "",   "",   "",   "",   "",   "",   "",   "",   "",   "",   "",   "",   "",   "",   "",   "",   "",   "",   "",   "",   "",   "",   "",   "",   "",   "",   "",   "",   "",   "",   "",   "",   "",   "",   "",   "",   "",   "",   "",   "",   "",   "",   "",   "",   ""))
			, ID4 = as.character(c(  "",   "",   "",   "",   "",   "",   "",   "",   "",   "",   "",   "",   "",   "",   "",   "",   "",   "",   "",   "",   "",   "",   "",   "",   "",   "",   "",   "",   "",   "",   "",   "",   "",   "",   "",   "",   "",   "",   "",   "",   "",   "",   "",   "",   "",   "",   "",   "",   "",   "",   "",   "",   "",   "",   "",   "",   "",   "",   "",   "",   "",   "",   "",   "",   "",   "",   "",   "",   "",   "",   "",   "",   "",   "",   "",   "",   "",   "",   "",   "",   "",   "",   "",   "",   "",   "",   "",   "",   "",   "",   "",   "",   "",   "",   "",   "",   "",   "",   "",   "",   "",   "",   "",   "",   "",   "",   "",   "",   "",   "",   "",   "",   "",   "",   "",   "",   "",   "",   "",   "",   "",   "",   "",   "",   "",   "",   "",   "",   "",   "",   "",   "",   "",   "",   "",   "",   "",   "",   "",   "",   "",   "",   "",   "",   "",   "",   "",   "",   "",   "",   "",   "",   "",   "",   "",   "",   "",   "",   "",   "",   "",   "",   "",   "",   "",   "",   "",   "",   "",   "",   "",   "",   "",   "",   "",   "",   "",   "",   "",   "",   "",   "",   "",   "",   "",   "",   "",   "",   "",   "",   "",   "",   "",   "",   "",   "",   "",   "",   "",   "",   "",   "",   "",   "",   "",   "",   "",   "",   "",   "",   "",   "",   "",   "",   "",   "",   "",   "",   "",   "",   "",   "",   "",   "",   "",   "",   "",   "",   "",   "",   "",   "",   "",   "",   "",   "",   "",   "",   "",   "",   "",   "",   "",   "",   "",   "",   "",   "",   "",   "",   "",   "",   "",   "",   "",   "",   "",   "",   "",   "",   "",   "",   "",   "",   "",   "",   "",   "",   "",   "",   "",   "",   "",   "",   "",   "",   "",   "",   "",   "",   "",   "",   "",   "",   "",   "",   "",   "",   "",   "",   "",   "",   "",   "",   "",   "",   "",   "",   "",   "",   "",   "",   "",   "",   "",   "",   "",   "",   "",   "",   "",   "",   "",   "",   "",   "",   "",   "",   "",   "",   "",   "",   "",   "",   "",   "",   "",   "",   "",   "",   "",   "",   "",   "",   "",   "",   "",   "",   "",   "",   "",   "",   "",   "",   "",   "",   "",   "",   "",   "",   "",   "",   "",   "",   "",   "",   "",   "",   "",   "",   "",   "",   "",   "",   "",   "",   "",   "",   "",   "",   "",   "",   "",   "",   "",   "",   "",   "",   "",   "",   "",   "",   "",   "",   "",   "",   "",   "",   "",   "",   "",   "",   "",   "",   "",   "",   "",   "",   "",   "",   "",   "",   "",   "",   "",   "",   "",   "",   "",   "",   "",   "",   "",   "",   "",   "",   "",   "",   "",   "",   "",   "",   "",   "",   "",   "",   "",   "",   "",   "",   "",   "",   "",   "",   "",   "",   "",   "",   "",   "",   "",   "",   "",   "",   "",   "",   "",   "",   "",   "",   "",   "",   "",   "",   "",   "",   "",   "",   "",   "",   "",   "",   "",   "",   "",   "",   "",   "",   "",   "",   "",   "",   "",   "",   "",   "",   "",   "",   "",   ""))
			, ID5 = as.character(c( "1",  "1",  "1",  "1",  "1",  "1",  "1",  "1",  "2",  "2",  "2",  "2",  "2",  "2",  "2",  "2",  "3",  "3",  "3",  "3",  "3",  "3",  "3",  "3",  "4",  "4",  "4",  "4",  "4",  "4",  "4",  "4",  "5",  "5",  "5",  "5",  "5",  "5",  "5",  "5",  "6",  "6",  "6",  "6",  "6",  "6",  "6",  "6",  "7",  "7",  "7",  "7",  "7",  "7",  "7",  "7",  "8",  "8",  "8",  "8",  "8",  "8",  "8",  "8",  "9",  "9",  "9",  "9",  "9",  "9",  "9",  "9", "10", "10", "10", "10", "10", "10", "10", "10", "11", "11", "11", "11", "11", "11", "11", "11", "12", "12", "12", "12", "12", "12", "12", "12", "13", "13", "13", "13", "13", "13", "13", "13", "14", "14", "14", "14", "14", "14", "14", "14", "15", "15", "15", "15", "15", "15", "15", "15", "16", "16", "16", "16", "16", "16", "16", "16", "17", "17", "17", "17", "17", "17", "17", "17", "18", "18", "18", "18", "18", "18", "18", "18", "19", "19", "19", "19", "19", "19", "19", "19", "20", "20", "20", "20", "20", "20", "20", "20", "21", "21", "21", "21", "21", "21", "21", "21", "22", "22", "22", "22", "22", "22", "22", "22", "23", "23", "23", "23", "23", "23", "23", "23", "24", "24", "24", "24", "24", "24", "24", "24", "25", "25", "25", "25", "25", "25", "25", "25", "26", "26", "26", "26", "26", "26", "26", "26", "27", "27", "27", "27", "27", "27", "27", "27", "28", "28", "28", "28", "28", "28", "28", "28", "29", "29", "29", "29", "29", "29", "29", "29", "30", "30", "30", "30", "30", "30", "30", "30", "31", "31", "31", "31", "31", "31", "31", "31", "32", "32", "32", "32", "32", "32", "32", "32", "33", "33", "33", "33", "33", "33", "33", "33", "34", "34", "34", "34", "34", "34", "34", "34", "35", "35", "35", "35", "35", "35", "35", "35", "36", "36", "36", "36", "36", "36", "36", "36", "37", "37", "37", "37", "37", "37", "37", "37", "38", "38", "38", "38", "38", "38", "38", "38", "39", "39", "39", "39", "39", "39", "39", "39", "40", "40", "40", "40", "40", "40", "40", "40", "41", "41", "41", "41", "41", "41", "41", "41", "42", "42", "42", "42", "42", "42", "42", "42", "43", "43", "43", "43", "43", "43", "43", "43", "44", "44", "44", "44", "44", "44", "44", "44", "45", "45", "45", "45", "45", "45", "45", "45", "46", "46", "46", "46", "46", "46", "46", "46", "47", "47", "47", "47", "47", "47", "47", "47", "48", "48", "48", "48", "48", "48", "48", "48", "49", "49", "49", "49", "49", "49", "49", "49", "50", "50", "50", "50", "50", "50", "50", "50", "51", "51", "51", "51", "51", "51", "51", "51", "52", "52", "52", "52", "52", "52", "52", "52", "53", "53", "53", "53", "53", "53", "53", "53", "54", "54", "54", "54", "54", "54", "54", "54", "55", "55", "55", "55", "55", "55", "55", "55", "56", "56", "56", "56", "56", "56", "56", "56", "57", "57", "57", "57", "57", "57", "57", "57", "58", "58", "58", "58", "58", "58", "58", "58", "59", "59", "59", "59", "59", "59", "59", "59", "60", "60", "60", "60", "60", "60", "60", "60"))
			, IVAR = c(0.64, 1.99, 6.43, 12.03, 22.28, 48.91, 80.15, 138.94, 0.51, 2.49, 6.29, 11.18, 25.51, 43.72, 84.69, 123.55, 0.48, 2, 6.04, 11.31, 22.67, 47.36, 103.04, 108, 0.53, 2.07, 6.67, 11.64, 24.9, 49.3, 90.93, 135.41, 0.56, 2.15, 7.03, 12.69, 21.12, 45.33, 84.94, 114.45, 0.47, 2.01, 5.48, 12.19, 22.48, 57.28, 103.13, 131.43, 0.52, 2.37, 5.63, 11.46, 27.7, 44.98, 94.03, 115.38, 0.48, 1.94, 6.3, 11.79, 22.82, 54.9, 93.96, 117.86, 0.5, 2.15, 5.96, 11.95, 22.42, 46.47, 96.58, 113.14, 0.53, 1.72, 6.19, 10.29, 23.29, 45.53, 89.94, 119.32, 0.41, 2.25, 5.08, 11.46, 21.47, 44.53, 118.28, 120.21, 0.44, 1.7, 6.28, 11.98, 23.25, 43.74, 82.73, 107.77, 0.55, 1.88, 5.22, 14.47, 25.04, 46.87, 106.72, 131.12, 0.47, 2.49, 5.85, 10.41, 23.66, 49.01, 120.92, 121.28, 0.52, 1.98, 5.8, 11.96, 25.97, 59.07, 106.39, 135.41, 0.44, 2.21, 6.13, 10.36, 25.28, 47.24, 111.14, 111.15, 0.48, 1.82, 5.89, 12.49, 22.31, 52.16, 85.08, 108.06, 0.58, 1.81, 6.25, 11.55, 25, 56.83, 112.51, 116.09, 0.4, 2.57, 6.41, 12.67, 23.97, 50.51, 94.43, 125.16, 0.48, 1.74, 6.62, 13.97, 23.27, 42.35, 102.37, 119.46, 0.42, 2, 5.63, 11.6, 21.38, 57.48, 92.87, 102.2, 0.51, 2.05, 5.44, 8.99, 22.51, 50.82, 95.43, 118.83, 0.53, 1.78, 6.7, 11.99, 25.76, 53.23, 98.17, 109.91, 0.56, 1.64, 5.68, 11.7, 23.6, 53.16, 97.32, 124.99, 0.5, 1.95, 6.43, 13.46, 18.87, 50.83, 99.67, 115, 0.55, 1.92, 5.83, 13.07, 28.5, 49.31, 92.03, 106.55, 0.48, 1.82, 5.85, 12.48, 22.04, 62.56, 97.51, 134.36, 0.4, 2.15, 5.26, 13.16, 24.97, 46.08, 109.59, 111.87, 0.47, 1.81, 5.61, 13.19, 25.06, 53.08, 92.33, 124.6, 0.51, 1.73, 7.17, 12.16, 25.91, 52.81, 95.52, 116.39, 0.55, 1.8, 7.31, 11.55, 28.32, 55.84, 96.8, 127, 0.45, 2.07, 6.66, 12.12, 22.93, 44.95, 95.66, 133.54, 0.48, 1.98, 5.27, 12.61, 27.35, 55.75, 99.54, 104.15, 0.52, 2.09, 5.79, 12.21, 22.01, 51.37, 92.91, 102.57, 0.48, 2.29, 5.8, 12.91, 26.38, 48.02, 92.68, 113.81, 0.54, 1.8, 6.15, 11.66, 19.14, 41.69, 105.21, 117.73, 0.54, 2.42, 6.95, 12.84, 24.93, 47.08, 112.41, 127.37, 0.44, 1.97, 4.95, 11.77, 18.52, 54.74, 90.09, 114.95, 0.49, 2.13, 6.42, 12.7, 22.66, 41.88, 92.34, 123.38, 0.46, 1.99, 5.34, 11.99, 24.31, 47.3, 94.44, 143.14, 0.54, 2.24, 5.47, 12.2, 26.94, 47.73, 77.59, 124.21, 0.41, 1.84, 6.85, 12.76, 26.77, 49.49, 94.95, 109.41, 0.59, 2.01, 5.59, 13.08, 26.72, 58.02, 90.38, 115.4, 0.48, 1.93, 5.78, 11.65, 27.72, 44.77, 92.34, 128.09, 0.56, 1.85, 5.7, 12.65, 26.57, 46.81, 83.21, 142.37, 0.58, 1.86, 5.96, 10.06, 25.41, 56.4, 81.5, 111, 0.47, 1.87, 4.9, 12.62, 20.59, 47.88, 101.86, 117.65, 0.55, 1.99, 5.62, 12.8, 22.98, 57.31, 95.82, 130.68, 0.51, 1.48, 5.23, 11.5, 24.58, 37.98, 105.69, 112.96, 0.46, 1.71, 5.19, 12.07, 25.25, 38.92, 86.83, 126.6, 0.48, 2.48, 6.8, 12.74, 24.01, 49.36, 89.46, 127.78, 0.58, 2.23, 5.53, 10.21, 23.74, 50.16, 105.18, 109.89, 0.52, 2.05, 6.76, 11.97, 23.16, 42.8, 91.16, 115.73, 0.63, 2.55, 5.9, 10.81, 19.7, 50.54, 86.08, 150.8, 0.46, 2.02, 8.78, 10.74, 24.75, 42.97, 99.4, 109.97, 0.5, 1.94, 5.33, 12.01, 26.5, 56.29, 83.69, 117.04, 0.56, 1.79, 4.66, 10.93, 21.79, 48.23, 92.2, 122.81, 0.48, 2.08, 5.78, 13.52, 22.29, 49.42, 87.87, 122.52, 0.5, 1.69, 5.91, 13.5, 25.69, 48.69, 85.21, 134.88, 0.5, 1.91, 7.07, 11.11, 24.74, 54.56, 101.96, 116.37)
