TABLE NO.     1: First Order Conditional Estimation with Interaction: Problem=1 Subproblem=0 Superproblem1=0 Iteration1=0 Superproblem2=0 Iteration2=0
 NAME         THETA1       THETA2       THETA3       THETA4       THETA5       THETA6       THETA7       THETA8       THETA9       THETA10      SIGMA(1,1)   SIGMA(2,1)   SIGMA(2,2)   OMEGA(1,1)   OMEGA(2,1)   OMEGA(2,2)
 THETA1        3.95736E+05  4.33975E+04  8.44232E+04  1.02395E+02  2.00318E+01  1.85892E+02 -4.48775E-03 -5.39907E+02 -1.32917E+01 -5.96515E-01  8.02844E-03  0.00000E+00  5.74359E-02  4.84117E+00  0.00000E+00  8.64950E+00
 THETA2        4.33975E+04  7.11754E+03  1.76226E+04  1.52226E+01 -3.02080E+01  4.00100E+01 -8.51847E-04 -1.04196E+02 -1.51044E+00 -4.81676E-01  1.89909E-03  0.00000E+00 -6.32501E-02 -1.21542E+00  0.00000E+00  1.14339E+00
 THETA3        8.44232E+04  1.76226E+04  1.76495E+05  1.90824E+02 -1.13500E+02  3.99991E+02 -7.95663E-03 -9.83633E+02 -1.12405E+01 -5.16612E+00  2.02494E-02  0.00000E+00  2.47703E+00 -7.23689E+00  0.00000E+00 -1.38872E+00
 THETA4        1.02395E+02  1.52226E+01  1.90824E+02  2.28462E-01 -3.61030E-02  4.30152E-01 -8.76549E-06 -1.07974E+00 -1.44022E-02 -6.03477E-03  2.15996E-05  0.00000E+00  2.26736E-03 -1.76317E-03  0.00000E+00 -1.98618E-03
 THETA5        2.00318E+01 -3.02080E+01 -1.13500E+02 -3.61030E-02  5.45952E-01 -2.68252E-01  4.83447E-06  6.06310E-01 -8.77611E-04  6.70020E-03 -1.41096E-05  0.00000E+00  8.48233E-04  3.24914E-02  0.00000E+00 -3.01858E-04
 THETA6        1.85892E+02  4.00100E+01  3.99991E+02  4.30152E-01 -2.68252E-01  9.07201E-01 -1.80022E-05 -2.22630E+00 -2.50461E-02 -1.16925E-02  4.59655E-05  0.00000E+00  5.64964E-03 -1.73055E-02  0.00000E+00 -3.28754E-03
 THETA7       -4.48775E-03 -8.51847E-04 -7.95663E-03 -8.76549E-06  4.83447E-06 -1.80022E-05  3.65443E-10  4.50396E-05  5.61030E-07  2.74248E-07 -9.06753E-10  0.00000E+00 -1.10386E-07  2.92372E-07  0.00000E+00  5.06589E-08
 THETA8       -5.39907E+02 -1.04196E+02 -9.83633E+02 -1.07974E+00  6.06310E-01 -2.22630E+00  4.50396E-05  5.55381E+00  6.81908E-02  3.31014E-02 -1.12238E-04  0.00000E+00 -1.37089E-02  3.70802E-02  0.00000E+00  6.54245E-03
 THETA9       -1.32917E+01 -1.51044E+00 -1.12405E+01 -1.44022E-02 -8.77611E-04 -2.50461E-02  5.61030E-07  6.81908E-02  1.25512E-03  5.32847E-04 -1.21945E-06  0.00000E+00 -1.56034E-04 -2.28329E-04  0.00000E+00 -5.94298E-05
 THETA10      -5.96515E-01 -4.81676E-01 -5.16612E+00 -6.03477E-03  6.70020E-03 -1.16925E-02  2.74248E-07  3.31014E-02  5.32847E-04  6.45902E-04 -5.85146E-07  0.00000E+00 -4.89977E-05  4.24207E-04  0.00000E+00  1.42237E-04
 SIGMA(1,1)    8.02844E-03  1.89909E-03  2.02494E-02  2.15996E-05 -1.41096E-05  4.59655E-05 -9.06753E-10 -1.12238E-04 -1.21945E-06 -5.85146E-07  2.33602E-09  0.00000E+00  3.02796E-07 -9.32397E-07  0.00000E+00 -2.01084E-07
 SIGMA(2,1)    0.00000E+00  0.00000E+00  0.00000E+00  0.00000E+00  0.00000E+00  0.00000E+00  0.00000E+00  0.00000E+00  0.00000E+00  0.00000E+00  0.00000E+00  0.00000E+00  0.00000E+00  0.00000E+00  0.00000E+00  0.00000E+00
 SIGMA(2,2)    5.74359E-02 -6.32501E-02  2.47703E+00  2.26736E-03  8.48233E-04  5.64964E-03 -1.10386E-07 -1.37089E-02 -1.56034E-04 -4.89977E-05  3.02796E-07  0.00000E+00  2.86355E-04 -2.68783E-04  0.00000E+00 -1.04089E-04
 OMEGA(1,1)    4.84117E+00 -1.21542E+00 -7.23689E+00 -1.76317E-03  3.24914E-02 -1.73055E-02  2.92372E-07  3.70802E-02 -2.28329E-04  4.24207E-04 -9.32397E-07  0.00000E+00 -2.68783E-04  6.05377E-03  0.00000E+00  2.36569E-04
 OMEGA(2,1)    0.00000E+00  0.00000E+00  0.00000E+00  0.00000E+00  0.00000E+00  0.00000E+00  0.00000E+00  0.00000E+00  0.00000E+00  0.00000E+00  0.00000E+00  0.00000E+00  0.00000E+00  0.00000E+00  0.00000E+00  0.00000E+00
 OMEGA(2,2)    8.64950E+00  1.14339E+00 -1.38872E+00 -1.98618E-03 -3.01858E-04 -3.28754E-03  5.06589E-08  6.54245E-03 -5.94298E-05  1.42237E-04 -2.01084E-07  0.00000E+00 -1.04089E-04  2.36569E-04  0.00000E+00  1.70950E-03
