TABLE NO.     1: First Order Conditional Estimation with Interaction: Problem=1 Subproblem=0 Superproblem1=0 Iteration1=0 Superproblem2=0 Iteration2=0
 NAME         THETA1       THETA2       THETA3       THETA4       THETA5       THETA6       THETA7       THETA8       THETA9       THETA10      SIGMA(1,1)   SIGMA(2,1)   SIGMA(2,2)   OMEGA(1,1)   OMEGA(2,1)   OMEGA(2,2)
 THETA1        6.29076E+02  8.17706E-01  3.19442E-01  3.40540E-01  4.30962E-02  3.10245E-01 -3.73178E-01 -3.64184E-01 -5.96397E-01 -3.73109E-02  2.64052E-01  0.00000E+00  5.39545E-03  9.89087E-02  0.00000E+00  3.32547E-01
 THETA2        8.17706E-01  8.43655E+01  4.97210E-01  3.77499E-01 -4.84596E-01  4.97911E-01 -5.28186E-01 -5.24074E-01 -5.05354E-01 -2.24650E-01  4.65737E-01  0.00000E+00 -4.43041E-02 -1.85160E-01  0.00000E+00  3.27789E-01
 THETA3        3.19442E-01  4.97210E-01  4.20114E+02  9.50296E-01 -3.65639E-01  9.99612E-01 -9.90724E-01 -9.93507E-01 -7.55227E-01 -4.83854E-01  9.97256E-01  0.00000E+00  3.48427E-01 -2.21397E-01  0.00000E+00 -7.99493E-02
 THETA4        3.40540E-01  3.77499E-01  9.50296E-01  4.77977E-01 -1.02225E-01  9.44849E-01 -9.59310E-01 -9.58557E-01 -8.50512E-01 -4.96787E-01  9.34975E-01  0.00000E+00  2.80324E-01 -4.74104E-02  0.00000E+00 -1.00503E-01
 THETA5        4.30962E-02 -4.84596E-01 -3.65639E-01 -1.02225E-01  7.38885E-01 -3.81166E-01  3.42265E-01  3.48195E-01 -3.35261E-02  3.56802E-01 -3.95093E-01  0.00000E+00  6.78399E-02  5.65170E-01  0.00000E+00 -9.88080E-03
 THETA6        3.10245E-01  4.97911E-01  9.99612E-01  9.44849E-01 -3.81166E-01  9.52471E-01 -9.88701E-01 -9.91829E-01 -7.42244E-01 -4.83028E-01  9.98487E-01  0.00000E+00  3.50523E-01 -2.33517E-01  0.00000E+00 -8.34806E-02
 THETA7       -3.73178E-01 -5.28186E-01 -9.90724E-01 -9.59310E-01  3.42265E-01 -9.88701E-01  1.91166E-05  9.99745E-01  8.28389E-01  5.64483E-01 -9.81388E-01  0.00000E+00 -3.41233E-01  1.96569E-01  0.00000E+00  6.40931E-02
 THETA8       -3.64184E-01 -5.24074E-01 -9.93507E-01 -9.58557E-01  3.48195E-01 -9.91829E-01  9.99745E-01  2.35665E+00  8.16749E-01  5.52673E-01 -9.85390E-01  0.00000E+00 -3.43761E-01  2.02224E-01  0.00000E+00  6.71446E-02
 THETA9       -5.96397E-01 -5.05354E-01 -7.55227E-01 -8.50512E-01 -3.35261E-02 -7.42244E-01  8.28389E-01  8.16749E-01  3.54276E-02  5.91804E-01 -7.12172E-01  0.00000E+00 -2.60271E-01 -8.28336E-02  0.00000E+00 -4.05722E-02
 THETA10      -3.73109E-02 -2.24650E-01 -4.83854E-01 -4.96787E-01  3.56802E-01 -4.83028E-01  5.64483E-01  5.52673E-01  5.91804E-01  2.54146E-02 -4.76368E-01  0.00000E+00 -1.13930E-01  2.14527E-01  0.00000E+00  1.35361E-01
 SIGMA(1,1)    2.64052E-01  4.65737E-01  9.97256E-01  9.34975E-01 -3.95093E-01  9.98487E-01 -9.81388E-01 -9.85390E-01 -7.12172E-01 -4.76368E-01  4.83324E-05  0.00000E+00  3.70220E-01 -2.47942E-01  0.00000E+00 -1.00625E-01
 SIGMA(2,1)    0.00000E+00  0.00000E+00  0.00000E+00  0.00000E+00  0.00000E+00  0.00000E+00  0.00000E+00  0.00000E+00  0.00000E+00  0.00000E+00  0.00000E+00  0.00000E+00  0.00000E+00  0.00000E+00  0.00000E+00  0.00000E+00
 SIGMA(2,2)    5.39545E-03 -4.43041E-02  3.48427E-01  2.80324E-01  6.78399E-02  3.50523E-01 -3.41233E-01 -3.43761E-01 -2.60271E-01 -1.13930E-01  3.70220E-01  0.00000E+00  1.69220E-02 -2.04144E-01  0.00000E+00 -1.48771E-01
 OMEGA(1,1)    9.89087E-02 -1.85160E-01 -2.21397E-01 -4.74104E-02  5.65170E-01 -2.33517E-01  1.96569E-01  2.02224E-01 -8.28336E-02  2.14527E-01 -2.47942E-01  0.00000E+00 -2.04144E-01  7.78060E-02  0.00000E+00  7.35377E-02
 OMEGA(2,1)    0.00000E+00  0.00000E+00  0.00000E+00  0.00000E+00  0.00000E+00  0.00000E+00  0.00000E+00  0.00000E+00  0.00000E+00  0.00000E+00  0.00000E+00  0.00000E+00  0.00000E+00  0.00000E+00  0.00000E+00  0.00000E+00
 OMEGA(2,2)    3.32547E-01  3.27789E-01 -7.99493E-02 -1.00503E-01 -9.88080E-03 -8.34806E-02  6.40931E-02  6.71446E-02 -4.05722E-02  1.35361E-01 -1.00625E-01  0.00000E+00 -1.48771E-01  7.35377E-02  0.00000E+00  4.13461E-02
