TABLE NO.     1: First Order Conditional Estimation with Interaction: Problem=1 Subproblem=0 Superproblem1=0 Iteration1=0 Superproblem2=0 Iteration2=0
 NAME         THETA1       THETA2       THETA3       THETA4       THETA5       THETA6       SIGMA(1,1)   SIGMA(2,1)   SIGMA(2,2)   OMEGA(1,1)   OMEGA(2,1)   OMEGA(2,2)   OMEGA(3,1)   OMEGA(3,2)   OMEGA(3,3)
 THETA1        1.41768E+00  1.37570E+01 -1.45994E+03 -1.53197E+04  1.35004E+04  2.46100E+04  6.08999E+03  0.00000E+00  1.88175E+06 -1.87038E+10  4.06615E+08 -2.41163E+09 -2.10440E+09 -6.48353E+09 -3.95387E+09
 THETA2        1.37570E+01  1.83669E+02 -1.18830E+04 -1.30145E+05 -1.98948E+05  1.42442E+05 -6.14239E+05  0.00000E+00 -5.99317E+07 -2.69842E+11  6.25019E+09 -3.52592E+10 -3.06780E+10 -9.46993E+10 -5.77287E+10
 THETA3       -1.45994E+03 -1.18830E+04  2.00296E+06  1.95100E+07 -1.77507E+07 -3.52277E+07 -2.42874E+07  0.00000E+00 -6.02447E+09  4.30997E+13 -2.24468E+12  7.16129E+12  5.95694E+12  1.89374E+13  1.14749E+13
 THETA4       -1.53197E+04 -1.30145E+05  1.95100E+07  2.30759E+08 -4.51885E+08 -3.99964E+08 -6.92104E+08  0.00000E+00 -1.10327E+11  4.50316E+14 -2.69752E+13  7.91493E+13  6.52332E+13  2.08646E+14  1.26270E+14
 THETA5        1.35004E+04 -1.98948E+05 -1.77507E+07 -4.51885E+08  5.80412E+09  1.23609E+09  6.98245E+09  0.00000E+00  4.19699E+11  1.84908E+15 -8.02516E+13  2.87470E+14  2.41835E+14  7.63174E+14  4.63139E+14
 THETA6        2.46100E+04  1.42442E+05 -3.52277E+07 -3.99964E+08  1.23609E+09  7.89881E+08  1.89931E+09  0.00000E+00  2.45755E+11 -5.80828E+14  3.87302E+13 -1.06925E+14 -8.74868E+13 -2.81171E+14 -1.69996E+14
 SIGMA(1,1)    6.08999E+03 -6.14239E+05 -2.42874E+07 -6.92104E+08  6.98245E+09  1.89931E+09  3.93372E+10  0.00000E+00  7.01960E+12 -1.13088E+16  9.07897E+14 -2.27039E+15 -1.83340E+15 -5.94418E+15 -3.58760E+15
 SIGMA(2,1)    0.00000E+00  0.00000E+00  0.00000E+00  0.00000E+00  0.00000E+00  0.00000E+00  0.00000E+00  0.00000E+00  0.00000E+00  0.00000E+00  0.00000E+00  0.00000E+00  0.00000E+00  0.00000E+00  0.00000E+00
 SIGMA(2,2)    1.88175E+06 -5.99317E+07 -6.02447E+09 -1.10327E+11  4.19699E+11  2.45755E+11  7.01960E+12  0.00000E+00  1.41587E+15 -2.91721E+18  2.18053E+17 -5.65839E+17 -4.59229E+17 -1.48394E+18 -8.96228E+17
 OMEGA(1,1)   -1.87038E+10 -2.69842E+11  4.30997E+13  4.50316E+14  1.84908E+15 -5.80828E+14 -1.13088E+16  0.00000E+00 -2.91721E+18  1.42861E+22 -1.01057E+21  2.70060E+21  2.20015E+21  7.09161E+21  4.28517E+21
 OMEGA(2,1)    4.06615E+08  6.25019E+09 -2.24468E+12 -2.69752E+13 -8.02516E+13  3.87302E+13  9.07897E+14  0.00000E+00  2.18053E+17 -1.01057E+21  7.38246E+19 -1.93904E+20 -1.57617E+20 -5.08797E+20 -3.07353E+20
 OMEGA(2,2)   -2.41163E+09 -3.52592E+10  7.16129E+12  7.91493E+13  2.87470E+14 -1.06925E+14 -2.27039E+15  0.00000E+00 -5.65839E+17  2.70060E+21 -1.93904E+20  5.14033E+20  4.18342E+20  1.34935E+21  8.15245E+20
 OMEGA(3,1)   -2.10440E+09 -3.06780E+10  5.95694E+12  6.52332E+13  2.41835E+14 -8.74868E+13 -1.83340E+15  0.00000E+00 -4.59229E+17  2.20015E+21 -1.57617E+20  4.18342E+20  3.40518E+20  1.09822E+21  6.63530E+20
 OMEGA(3,2)   -6.48353E+09 -9.46993E+10  1.89374E+13  2.08646E+14  7.63174E+14 -2.81171E+14 -5.94418E+15  0.00000E+00 -1.48394E+18  7.09161E+21 -5.08797E+20  1.34935E+21  1.09822E+21  3.54213E+21  2.14009E+21
 OMEGA(3,3)   -3.95387E+09 -5.77287E+10  1.14749E+13  1.26270E+14  4.63139E+14 -1.69996E+14 -3.58760E+15  0.00000E+00 -8.96228E+17  4.28517E+21 -3.07353E+20  8.15245E+20  6.63530E+20  2.14009E+21  1.29300E+21
