TABLE NO.     1: First Order Conditional Estimation with Interaction: Problem=1 Subproblem=0 Superproblem1=0 Iteration1=0 Superproblem2=0 Iteration2=0
 NAME         THETA1       THETA2       THETA3       THETA4       THETA5       THETA6       SIGMA(1,1)   SIGMA(2,1)   SIGMA(2,2)   OMEGA(1,1)   OMEGA(2,1)   OMEGA(2,2)   OMEGA(3,1)   OMEGA(3,2)   OMEGA(3,3)
 THETA1        2.64690E+26  2.39239E+25 -3.62483E+27 -2.02260E+28 -1.54921E+24  1.45616E+22  6.49004E+29  0.00000E+00 -1.99382E+30 -3.61861E+21  4.02277E+21 -6.36080E+20  6.71459E+20 -2.08090E+20  8.07469E+19
 THETA2        2.39239E+25  2.16235E+24 -3.27629E+26 -1.82812E+27 -1.40024E+23  1.31614E+21  5.86599E+28  0.00000E+00 -1.80210E+29 -3.27066E+20  3.63596E+20 -5.74918E+19  6.06895E+19 -1.88081E+19  7.29828E+18
 THETA3       -3.62483E+27 -3.27629E+26  4.96407E+28  2.76988E+29  2.12158E+25 -1.99416E+23 -8.88787E+30  0.00000E+00  2.73046E+31  4.95555E+22 -5.50903E+22  8.71088E+21 -9.19539E+21  2.84972E+21 -1.10580E+21
 THETA4       -2.02260E+28 -1.82812E+27  2.76988E+29  1.54555E+30  1.18381E+26 -1.11271E+24 -4.95930E+31  0.00000E+00  1.52356E+32  2.76513E+23 -3.07396E+23  4.86055E+22 -5.13089E+22  1.59010E+22 -6.17020E+21
 THETA5       -1.54921E+24 -1.40024E+23  2.12158E+25  1.18381E+26  9.06738E+21 -8.52277E+19 -3.83788E+27  0.00000E+00  1.17904E+28  2.11787E+19 -2.35435E+19  3.72221E+18 -3.92209E+18  1.21073E+18 -4.80129E+17
 THETA6        1.45616E+22  1.31614E+21 -1.99416E+23 -1.11271E+24 -8.52277E+19  8.01087E+17  3.57124E+25  0.00000E+00 -1.09713E+26 -1.99073E+17  2.21307E+17 -3.49930E+16  3.69378E+16 -1.14463E+16  4.44376E+15
 SIGMA(1,1)    6.49004E+29  5.86599E+28 -8.88787E+30 -4.95930E+31 -3.83788E+27  3.57124E+25  2.40358E+35  0.00000E+00 -7.38449E+35 -4.51482E+24  1.12393E+24  2.77166E+24 -4.63331E+25  4.32399E+25  4.58990E+25
 SIGMA(2,1)    0.00000E+00  0.00000E+00  0.00000E+00  0.00000E+00  0.00000E+00  0.00000E+00  0.00000E+00  0.00000E+00  0.00000E+00  0.00000E+00  0.00000E+00  0.00000E+00  0.00000E+00  0.00000E+00  0.00000E+00
 SIGMA(2,2)   -1.99382E+30 -1.80210E+29  2.73046E+31  1.52356E+32  1.17904E+28 -1.09713E+26 -7.38449E+35  0.00000E+00  2.26873E+36  1.38666E+25 -3.44675E+24 -8.51758E+24  1.42351E+26 -1.32847E+26 -1.41016E+26
 OMEGA(1,1)   -3.61861E+21 -3.27066E+20  4.95555E+22  2.76513E+23  2.11787E+19 -1.99073E+17 -4.51482E+24  0.00000E+00  1.38666E+25  2.69948E+17 -4.30372E+17  1.67959E+17 -5.19467E+16  2.73571E+16  2.51224E+15
 OMEGA(2,1)    4.02277E+21  3.63596E+20 -5.50903E+22 -3.07396E+23 -2.35435E+19  2.21307E+17  1.12393E+24  0.00000E+00 -3.44675E+24 -4.30372E+17  7.00246E+17 -2.80829E+17  8.32886E+16 -4.51443E+16 -5.19114E+15
 OMEGA(2,2)   -6.36080E+20 -5.74918E+19  8.71088E+21  4.86055E+22  3.72221E+18 -3.49930E+16  2.77166E+24  0.00000E+00 -8.51758E+24  1.67959E+17 -2.80829E+17  1.16579E+17 -3.27488E+16  1.84290E+16  2.65256E+15
 OMEGA(3,1)    6.71459E+20  6.06895E+19 -9.19539E+21 -5.13089E+22 -3.92209E+18  3.69378E+16 -4.63331E+25  0.00000E+00  1.42351E+26 -5.19467E+16  8.32886E+16 -3.27488E+16  1.96565E+16 -1.41474E+16 -9.84545E+15
 OMEGA(3,2)   -2.08090E+20 -1.88081E+19  2.84972E+21  1.59010E+22  1.21073E+18 -1.14463E+16  4.32399E+25  0.00000E+00 -1.32847E+26  2.73571E+16 -4.51443E+16  1.84290E+16 -1.41474E+16  1.10260E+16  8.92005E+15
 OMEGA(3,3)    8.07469E+19  7.29828E+18 -1.10580E+21 -6.17020E+21 -4.80129E+17  4.44376E+15  4.58990E+25  0.00000E+00 -1.41016E+26  2.51224E+15 -5.19114E+15  2.65256E+15 -9.84545E+15  8.92005E+15  9.13408E+15
