TABLE NO.     1: First Order Conditional Estimation with Interaction: Problem=1 Subproblem=0 Superproblem1=0 Iteration1=0 Superproblem2=0 Iteration2=0
 NAME         THETA1       THETA2       THETA3       THETA4       THETA5       THETA6       SIGMA(1,1)   SIGMA(2,1)   SIGMA(2,2)   OMEGA(1,1)   OMEGA(2,1)   OMEGA(2,2)   OMEGA(3,1)   OMEGA(3,2)   OMEGA(3,3)
 THETA1        1.92369E+09  6.16077E+06  1.28292E+10 -1.29472E+11  5.65718E+11  7.23878E+10  2.44784E+16  0.00000E+00 -1.32949E+18  1.67571E+16 -2.33544E+16  7.84600E+15 -9.02036E+14  3.00544E+15  3.24683E+14
 THETA2        6.16077E+06  9.68559E+04 -1.63071E+08 -4.14835E+08 -7.26091E+09 -8.92937E+08  6.66924E+13  0.00000E+00  1.33378E+16  2.29489E+12 -3.14198E+12  1.02722E+12 -8.64529E+10  3.82947E+11  3.40965E+10
 THETA3        1.28292E+10 -1.63071E+08  6.62600E+11 -8.62975E+11  2.94130E+13  3.66301E+12  1.15465E+17  0.00000E+00 -5.63155E+19  4.39694E+17 -6.12871E+17  2.05930E+17 -2.37158E+16  7.88972E+16  8.53438E+15
 THETA4       -1.29472E+11 -4.14835E+08 -8.62975E+11  8.71401E+12 -3.80536E+13 -4.86933E+12 -1.64727E+18  0.00000E+00  8.94121E+19 -1.12579E+18  1.56902E+18 -5.27118E+17  6.06018E+16 -2.01915E+17 -2.18132E+16
 THETA5        5.65718E+11 -7.26091E+09  2.94130E+13 -3.80536E+13  1.30566E+15  1.62599E+14  5.08478E+18  0.00000E+00 -2.49994E+21  1.95186E+19 -2.72062E+19  9.14154E+18 -1.05278E+18  3.50236E+18  3.78853E+17
 THETA6        7.23878E+10 -8.92937E+08  3.66301E+12 -4.86933E+12  1.62599E+14  2.02513E+13  6.54341E+17  0.00000E+00 -3.11303E+20  2.43035E+18 -3.38757E+18  1.13825E+18 -1.31087E+17  4.36095E+17  4.71728E+16
 SIGMA(1,1)    2.44784E+16  6.66924E+13  1.15465E+17 -1.64727E+18  5.08478E+18  6.54341E+17  1.04348E+25  0.00000E+00 -2.52891E+25  9.58654E+23 -1.33587E+24  4.48681E+23 -5.14793E+22  1.71843E+23  1.85515E+22
 SIGMA(2,1)    0.00000E+00  0.00000E+00  0.00000E+00  0.00000E+00  0.00000E+00  0.00000E+00  0.00000E+00  0.00000E+00  0.00000E+00  0.00000E+00  0.00000E+00  0.00000E+00  0.00000E+00  0.00000E+00  0.00000E+00
 SIGMA(2,2)   -1.32949E+18  1.33378E+16 -5.63155E+19  8.94121E+19 -2.49994E+21 -3.11303E+20 -2.52891E+25  0.00000E+00  6.08678E+27 -1.16156E+26  1.61864E+26 -5.43674E+25  6.23894E+24 -2.08224E+25 -2.24760E+24
 OMEGA(1,1)    1.67571E+16  2.29489E+12  4.39694E+17 -1.12579E+18  1.95186E+19  2.43035E+18  9.58654E+23  0.00000E+00 -1.16156E+26  2.90371E+25 -4.04568E+25  1.35854E+25 -1.55535E+24  5.20198E+24  5.60740E+23
 OMEGA(2,1)   -2.33544E+16 -3.14198E+12 -6.12871E+17  1.56902E+18 -2.72062E+19 -3.38757E+18 -1.33587E+24  0.00000E+00  1.61864E+26 -4.04568E+25  5.63677E+25 -1.89283E+25  2.16704E+24 -7.24782E+24 -7.81267E+23
 OMEGA(2,2)    7.84600E+15  1.02722E+12  2.05930E+17 -5.27118E+17  9.14154E+18  1.13825E+18  4.48681E+23  0.00000E+00 -5.43674E+25  1.35854E+25 -1.89283E+25  6.35613E+24 -7.27693E+23  2.43382E+24  2.62350E+23
 OMEGA(3,1)   -9.02036E+14 -8.64529E+10 -2.37158E+16  6.06018E+16 -1.05278E+18 -1.31087E+17 -5.14793E+22  0.00000E+00  6.23894E+24 -1.55535E+24  2.16704E+24 -7.27693E+23  8.33112E+22 -2.78640E+23 -3.00356E+22
 OMEGA(3,2)    3.00544E+15  3.82947E+11  7.88972E+16 -2.01915E+17  3.50236E+18  4.36095E+17  1.71843E+23  0.00000E+00 -2.08224E+25  5.20198E+24 -7.24782E+24  2.43382E+24 -2.78640E+23  9.31932E+23  1.00456E+23
 OMEGA(3,3)    3.24683E+14  3.40965E+10  8.53438E+15 -2.18132E+16  3.78853E+17  4.71728E+16  1.85515E+22  0.00000E+00 -2.24760E+24  5.60740E+23 -7.81267E+23  2.62350E+23 -3.00356E+22  1.00456E+23  1.08285E+22
