TABLE NO.     1: First Order Conditional Estimation with Interaction: Problem=1 Subproblem=0 Superproblem1=0 Iteration1=0 Superproblem2=0 Iteration2=0
 NAME         THETA1       THETA2       THETA3       THETA4       THETA5       THETA6       SIGMA(1,1)   SIGMA(2,1)   SIGMA(2,2)   OMEGA(1,1)   OMEGA(2,1)   OMEGA(2,2)   OMEGA(3,1)   OMEGA(3,2)   OMEGA(3,3)
 THETA1        1.54705E+03 -9.99999E-01  9.99989E-01  1.00000E+00 -9.99990E-01 -9.99986E-01 -9.94207E-01  0.00000E+00  9.94243E-01 -9.98079E-01 -9.98448E-01 -9.98979E-01 -9.98011E-01  9.97625E-01 -3.02804E-01
 THETA2       -9.99999E-01  3.87573E+02 -9.99988E-01 -9.99999E-01  9.99989E-01  9.99985E-01  9.94216E-01  0.00000E+00 -9.94252E-01  9.98079E-01  9.98448E-01  9.98980E-01  9.98014E-01 -9.97624E-01  3.02736E-01
 THETA3        9.99989E-01 -9.99988E-01  9.85798E+02  9.99989E-01 -1.00000E+00 -1.00000E+00 -9.94041E-01  0.00000E+00  9.94078E-01 -9.98186E-01 -9.98547E-01 -9.99056E-01 -9.97991E-01  9.97695E-01 -3.04488E-01
 THETA4        1.00000E+00 -9.99999E-01  9.99989E-01  2.29692E+01 -9.99989E-01 -9.99986E-01 -9.94208E-01  0.00000E+00  9.94244E-01 -9.98078E-01 -9.98447E-01 -9.98979E-01 -9.98011E-01  9.97624E-01 -3.02793E-01
 THETA5       -9.99990E-01  9.99989E-01 -1.00000E+00 -9.99989E-01  1.69749E+01  1.00000E+00  9.94048E-01  0.00000E+00 -9.94085E-01  9.98182E-01  9.98543E-01  9.99053E-01  9.97992E-01 -9.97693E-01  3.04424E-01
 THETA6       -9.99986E-01  9.99985E-01 -1.00000E+00 -9.99986E-01  1.00000E+00  4.20347E+01  9.94019E-01  0.00000E+00 -9.94056E-01  9.98197E-01  9.98557E-01  9.99063E-01  9.97987E-01 -9.97702E-01  3.04693E-01
 SIGMA(1,1)   -9.94207E-01  9.94216E-01 -9.94041E-01 -9.94208E-01  9.94048E-01  9.94019E-01  6.27634E-07  0.00000E+00 -1.00000E+00  9.87086E-01  9.88161E-01  9.90765E-01  9.96474E-01 -9.91099E-01  2.14423E-01
 SIGMA(2,1)    0.00000E+00  0.00000E+00  0.00000E+00  0.00000E+00  0.00000E+00  0.00000E+00  0.00000E+00  0.00000E+00  0.00000E+00  0.00000E+00  0.00000E+00  0.00000E+00  0.00000E+00  0.00000E+00  0.00000E+00
 SIGMA(2,2)    9.94243E-01 -9.94252E-01  9.94078E-01  9.94244E-01 -9.94085E-01 -9.94056E-01 -1.00000E+00  0.00000E+00  2.22404E-07 -9.87142E-01 -9.88214E-01 -9.90812E-01 -9.96499E-01  9.91141E-01 -2.14726E-01
 OMEGA(1,1)   -9.98079E-01  9.98079E-01 -9.98186E-01 -9.98078E-01  9.98182E-01  9.98197E-01  9.87086E-01  0.00000E+00 -9.87142E-01  1.89045E-01  9.99957E-01  9.99269E-01  9.94596E-01 -9.96818E-01  3.46897E-01
 OMEGA(2,1)   -9.98448E-01  9.98448E-01 -9.98547E-01 -9.98447E-01  9.98543E-01  9.98557E-01  9.88161E-01  0.00000E+00 -9.88214E-01  9.99957E-01  2.52656E-01  9.99579E-01  9.95487E-01 -9.97487E-01  3.44288E-01
 OMEGA(2,2)   -9.98979E-01  9.98980E-01 -9.99056E-01 -9.98979E-01  9.99053E-01  9.99063E-01  9.90765E-01  0.00000E+00 -9.90812E-01  9.99269E-01  9.99579E-01  4.92869E-01  9.97678E-01 -9.99072E-01  3.37752E-01
 OMEGA(3,1)   -9.98011E-01  9.98014E-01 -9.97991E-01 -9.98011E-01  9.97992E-01  9.97987E-01  9.96474E-01  0.00000E+00 -9.96499E-01  9.94596E-01  9.95487E-01  9.97678E-01  4.56757E-02 -9.98724E-01  2.95307E-01
 OMEGA(3,2)    9.97625E-01 -9.97624E-01  9.97695E-01  9.97624E-01 -9.97693E-01 -9.97702E-01 -9.91099E-01  0.00000E+00  9.91141E-01 -9.96818E-01 -9.97487E-01 -9.99072E-01 -9.98724E-01  3.65945E-01 -3.42539E-01
 OMEGA(3,3)   -3.02804E-01  3.02736E-01 -3.04488E-01 -3.02793E-01  3.04424E-01  3.04693E-01  2.14423E-01  0.00000E+00 -2.14726E-01  3.46897E-01  3.44288E-01  3.37752E-01  2.95307E-01 -3.42539E-01  4.72329E-02
