dmp.txt <- structure(
	.Data = list(
		"coefficients" = list(
			"fixed" = c("CMultStdev" = 0.517543891771193, "tvVmax" = 5285.3505500152, "tvKm" = 1554.38219262234, "tvV" = 42.7990211183715, "tvKa" = 1.04148320999919, "CEps" = 0.329795302328094)
			, "random" = list("Subject" = matrix(
				as.numeric(c(
					 -0.045272953430582,  -1.25200600156231,  0.023007004939872
					,  0.180467374596194,  0.318004735827534,  -0.978166430556309
					,  -0.563775343726065,  -0.0852596092709811,  0.109911538866913
					,  0.227346131415398,  -0.377850902604665,  0.208770294477667
					,  0.45521697308535,  0.367485280036707,  0.107606155372048
					,  0.544295975147959,  -0.561138898324927,  0.108257864466817
					,  0.510894125398523,  0.3813436552217,  0.198486979174697
					,  0.217122341064926,  0.0347228562927285,  0.769323569324969
					,  0.345072911516721,  0.336246431226741,  -0.068807077103307
					,  -0.832519356944852,  0.106573187057847,  -0.298721159489477
					,  0.354739863689994,  -1.22398942759287,  0.580569512122513
					,  -0.105428750405104,  0.504231810863125,  0.402889766481725
					,  0.306114337307633,  -0.62738048005234,  -0.546591661858375
					,  0.499955931868996,  0.331113487840199,  -0.72237992318535
					,  0.309709207726054,  -0.306354841651854,  -0.424015460185374
					,  0.149118540419028,  -0.263018762451811,  -0.0432364524769174
					,  -0.626289026640706,  -0.302791974771127,  -0.506466413320987
					,  0.304109181438239,  0.382434994043159,  -0.374053420936358
					,  0.460782076811124,  -0.0437790074097535,  -0.543242451012877
					,  -0.289352168744745,  -0.516467946600887,  0.459794403377698
					,  -0.0833777363574031,  0.213723924342251,  -0.172948860411936
					,  -0.131425870448232,  0.49156910650157,  -0.220969252493225
					,  -0.309825240829895,  -0.297389275099822,  0.507657131555085
					,  -0.663965259328169,  0.286103843784982,  -0.252713323458101
					,  -0.396717391726688,  0.743571590832908,  -0.0324061632074916
					,  0.0714471508648835,  0.407352849012843,  0.293218618979327
					,  0.25810157253612,  0.409339488934484,  0.627605100720768
					,  -0.271861404193006,  -0.0961803195942671,  -0.178876085800147
					,  0.240486566274572,  -0.250135451272924,  -0.31837418076038
					,  0.0177083741191065,  0.166498189988787,  0.0146379765134518
					,  0.360620579759292,  -0.266087893120297,  -0.480504289726876
					,  0.342632642744506,  0.0279903430522774,  0.312728192869182
					,  0.391346567214358,  -0.838071378353778,  -0.138576762379141
					,  -0.0473535872793643,  0.564376901174235,  -0.370045527832175
					,  0.472682874500979,  0.292864530812474,  -0.125933143900207
					,  0.119732238636233,  0.154539242337384,  0.498748811451348
					,  -0.355020838856093,  -0.124287402238627,  -1.30687199475596
					,  0.710470364427402,  -0.112594061052925,  -0.034366803208905
					,  -0.0336117906457435,  -0.325500962764351,  -0.160459071014152
					,  -0.167439552236842,  -0.275273862485805,  -0.034275836941174
					,  -0.93914776592962,  -1.37162937120935,  0.21033340266881
					,  0.48615442587521,  -0.163936535036661,  -1.49457166918818
					,  -0.944353211178692,  -0.207853115002886,  -0.425523366131452
					,  0.623146452027237,  -0.922298266442913,  0.46546676079898
					,  0.692560804732544,  0.643169584406057,  0.0877722045593995
					,  1.49557310764113,  -0.903315473920937,  0.174859270726255
					,  0.745983814973085,  0.243045029954708,  -0.114433153735239
					,  -0.412733377635284,  -0.00825609346962442,  1.98190218330734
					,  0.612959981320235,  0.65389947176612,  -0.160736369131811
					,  -0.837172123880633,  0.199472332827854,  -0.53500279881031
					,  0.407482245550074,  -1.58284062740608,  0.848384004446846
					,  -0.113406725710876,  0.536719928204338,  0.457169179561592
					,  0.0725663946862084,  -0.336194176448942,  -0.938858246934724
					,  0.806019802305626,  0.236455675220616,  -0.446840786639738
					,  0.716778738890261,  -0.78936323007098,  -0.343520899162106
					,  0.0785857720183657,  -0.628778296493457,  -0.333666748911079
					,  -0.677645677508988,  -0.276491081013719,  -0.643022706962968
					,  -0.253125219296293,  0.452644223294732,  -0.834166457178425
					,  0.440117974991003,  -0.298710201933174,  0.103947582614661
					,  -0.261541779188271,  0.257635651930059,  0.850207405982647
					))
				, nrow = 60, ncol = 3
				, dimnames = list(
					as.character(c( "1", "2", "3", "4", "5", "6", "7", "8", "9", "10"
					  , "11", "12", "13", "14", "15", "16", "17", "18", "19", "20"
					  , "21", "22", "23", "24", "25", "26", "27", "28", "29", "30"
					  , "31", "32", "33", "34", "35", "36", "37", "38", "39", "40"
					  , "41", "42", "43", "44", "45", "46", "47", "48", "49", "50"
					  , "51", "52", "53", "54", "55", "56", "57", "58", "59", "60"))
					, as.character(c("nVmax", "nKm", "nV"))
					)
				))
			)
		, "logLik" = c(-3182.23)
		, "nObs" = c(480)
		, "nSubj" = c(60)
		, "nParm" = c(12)
		, "returnCode" = c(1)
		, "omega" = matrix(
			as.numeric(c(0.4224311607985, 0.0202025687612694, 0.556382011441032, 0.0202025687612694, 0.188681041987729, -0.0581412415337033, 0.556382011441032, -0.0581412415337033, 0.911610573695738))
			, nrow = 3, ncol = 3
			, dimnames = list(
				as.character(c("nVmax", "nKm", "nV"))
				, as.character(c("nVmax", "nKm", "nV"))
				)
			)
		, "eta" = matrix(
			as.numeric(c(-0.0322106233968351, 0.00207190333611185, -0.0436353690713569, 0.216271174693664, 0.142972077443655, 0.482808071352026, 0.465049647557832, 0.378116486606515, 0.694843918698312, 0.284480710522794, 0.129514621145153, 0.272249380234555))
			, nrow = 3, ncol = 4
			, dimnames = list(
				as.character(c("nVmax", "nKm", "nV"))
				, as.character(c("mean", "var", "sd", "shrinkage"))
				)
			)
		, "eta_shrinkage" = list("Subject" = matrix(
			as.numeric(c(
				 0.321571515802933,  0.197417587465946,  0.554415191604579
				,  0.619777703707756,  0.644592902205536,  0.0824580965670303
				,  0.122142718679994,  0.347868843455734,  0.555385092053697
				,  0.474226712977517,  0.309217598416687,  0.592096378306051
				,  0.579611250668559,  0.866801238492595,  0.548061081147813
				,  0.861013496035032,  0.398509713991408,  0.748887382402585
				,  0.806718684277159,  0.746406042276401,  0.801095278669036
				,  0.361510893122421,  0.450363164917748,  0.839230410288859
				,  0.829673748875378,  0.650711137048567,  0.45584122933117
				,  0.439173229053586,  0.669376061005499,  0.30281257853097
				,  0.771303134630425,  0.0755997680616881,  0.603553016573094
				,  0.762581545395916,  0.679418278242058,  0.792303394638338
				,  0.668628465039371,  0.127740781324735,  0.206942771750124
				,  0.721367167348876,  0.779761448686044,  0.312235392154804
				,  0.881611843040868,  0.354120915317055,  0.348171971101789
				,  0.601634009721366,  0.334669247407143,  0.599025883382858
				,  0.310527366789106,  0.391105623298813,  0.116246841888392
				,  0.697136465598161,  0.615726829664444,  0.2062742840906
				,  0.623174157474694,  0.323105614173024,  0.682564118444928
				,  0.34143290636196,  0.612543279322928,  0.786298245291013
				,  0.253437397123112,  0.192703817036514,  0.238655292544816
				,  0.237351641192078,  0.243851849045738,  0.210493357408041
				,  0.235444465097031,  0.246333960248909,  0.242267842192113
				,  0.251259703296873,  0.236997487279221,  0.242228784138726
				,  0.257453152509888,  0.223251281331319,  0.246872848136867
				,  0.228435429003492,  0.223311509471265,  0.231558726178034
				,  0.228705305206568,  0.232314908105253,  0.23267889666326
				,  0.260919873790277,  0.24908262846225,  0.22970080369135
				,  0.22657117050438,  0.24646242770203,  0.246420465125155
				,  0.211967101873797,  0.234966855901537,  0.241084605745299
				,  0.233602388669468,  0.190055962847199,  0.257916629672781
				,  0.229172147111053,  0.244548842521942,  0.223457704645237
				,  0.239687626831087,  0.218364176178509,  0.230072774608424
				,  0.230803225192565,  0.228627029986992,  0.221143623973379
				,  0.23390222537786,  0.241017863173786,  0.233282188139799
				,  0.240737247624486,  0.235547606052139,  0.234114557572111
				,  0.226815436713794,  0.234576741179023,  0.218733571924882
				,  0.235187917191427,  0.24638760914642,  0.228904213175706
				,  0.249564233188231,  0.253628090946686,  0.215288559028415
				,  0.236660356344482,  0.219820995702519,  0.2329315994597
				,  0.540074064458029,  0.478811495172279,  0.508983891085931
				,  0.515543259256361,  0.543382354116069,  0.233398700246591
				,  0.274468077345232,  0.42515148982273,  0.506882109850962
				,  0.462355497873351,  0.418321966785258,  0.519996170651689
				,  0.504104304096011,  0.566871568095122,  0.503442722457574
				,  0.551193388196976,  0.518207423104275,  0.589940160142203
				,  0.555275265634374,  0.558928476328334,  0.626972902667003
				,  0.473328526444611,  0.44783393796834,  0.516395008156352
				,  0.591093496112525,  0.533181197584005,  0.524736375922312
				,  0.648542073822064,  0.553280666800241,  0.380842794324252
				,  0.562768193946876,  0.311019090879828,  0.497891292373547
				,  0.677194013245971,  0.527189357839419,  0.567723137859143
				,  0.530416159727025,  0.248909934024119,  0.348203482074096
				,  0.525932028013402,  0.572936814741889,  0.477253164460233
				,  0.606855221486327,  0.445218753939772,  0.45247918474353
				,  0.526815864017267,  0.394805087115062,  0.529531795795665
				,  0.447540587165729,  0.455481434804679,  0.441981301929533
				,  0.547710783848061,  0.51586291783015,  0.319601797142031
				,  0.511212593838835,  0.423621676091744,  0.710764451385222
				,  0.410156557505569,  0.623195524056658,  0.561440823913214
				))
			, nrow = 60, ncol = 3
			, dimnames = list(
				as.character(c( "1", "2", "3", "4", "5", "6", "7", "8", "9", "10"
				  , "11", "12", "13", "14", "15", "16", "17", "18", "19", "20"
				  , "21", "22", "23", "24", "25", "26", "27", "28", "29", "30"
				  , "31", "32", "33", "34", "35", "36", "37", "38", "39", "40"
				  , "41", "42", "43", "44", "45", "46", "47", "48", "49", "50"
				  , "51", "52", "53", "54", "55", "56", "57", "58", "59", "60"))
				, as.character(c("nVmax_shrinkage", "nKm_shrinkage", "nV_shrinkage"))
				)
			))
		, "sigma" = matrix(
			as.numeric(c(0.108764941437679))
			, nrow = 1, ncol = 1
			, dimnames = list(
				as.character(c("CEps"))
				, as.character(c("CEps"))
				)
			)
		, "method" = "FOCE-ELS"
		, "varFix" = matrix(
			as.numeric(c(0.000714076286125806, -4.23078473216872, -1.70305041258656, -0.00572272290789991, 0.000242507359779928, -0.000397137720612444, -4.23078473216872, 781786.334120905, 306800.49705231, -544.527276467622, -16.047280180927, 16.116160200688, -1.70305041258656, 306800.49705231, 129964.066796338, -347.634724481364, -9.77634006524796, 6.84003929357175, -0.00572272290789991, -544.527276467622, -347.634724481364, 7.09259483151444, 0.116031819499836, -0.0166756557229892, 0.000242507359779928, -16.047280180927, -9.77634006524796, 0.116031819499836, 0.00754960883985836, -0.00103706403340595, -0.000397137720612444, 16.116160200688, 6.84003929357175, -0.0166756557229892, -0.00103706403340595, 0.00378376358030913))
			, nrow = 6, ncol = 6
			, dimnames = list(
				as.character(c("CMultStdev", "tvVmax", "tvKm", "tvV", "tvKa", "CEps"))
				, as.character(c("CMultStdev", "tvVmax", "tvKm", "tvV", "tvKa", "CEps"))
				)
			)
		, "omegaSE" = matrix(
			as.numeric(c(0.132975093112944, 0.0386202644086128, 0.186016490015923, 0.0386202644086128, 0.0459994594712409, 0.0546608864771319, 0.186016490015923, 0.0546608864771319, 0.269853109956707))
			, nrow = 3, ncol = 3, byrow = TRUE
			, dimnames = list(
				as.character(c("nVmax", "nKm", "nV"))
				, as.character(c("nVmax", "nKm", "nV"))
				)
			)
		, "Covariance" = matrix(
			as.numeric(c(0.00071407629, -4.2307847, -1.7030504, -0.0057227229, 0.00024250736, -0.00039713772, -0.00075520114, 0.00013977866, 0.00036671105, -0.0010462389, -4.7532733e-005, -0.0013172893, -4.2307847, 781786.33,  306800.5, -544.52728, -16.04728,  16.11616, 86.589529, -1.0416449, -4.9855398, 116.31254, -2.9967267, 144.83001, -1.7030504,  306800.5, 129964.07, -347.63472, -9.7763401, 6.8400393, 34.223774, -0.73376458, -2.3329443, 44.465085, -1.420204, 53.983915, -0.0057227229, -544.52728, -347.63472, 7.0925948, 0.11603182, -0.016675656, -0.089991734, 0.0082099485, -0.0053575434, -0.11083517, 0.0051834812, -0.12894352, 0.00024250736, -16.04728, -9.7763401, 0.11603182, 0.0075496088, -0.001037064, -0.0031159794, 0.00028420562, 0.00078714092, -0.0029623277, 0.00021311458, -0.0024314961, -0.00039713772,  16.11616, 6.8400393, -0.016675656, -0.001037064, 0.0037837636, 0.0019458622, -0.00045195206, -0.00087928331, 0.0020653367, -0.00028780433, 0.0015976978, -0.00075520114, 86.589529, 34.223774, -0.089991734, -0.0031159794, 0.0019458622, 0.017682375, -0.00086632542, -0.0011421364, 0.023731511, -0.00089929167, 0.030038548, 0.00013977866, -1.0416449, -0.73376458, 0.0082099485, 0.00028420562, -0.00045195206, -0.00086632542, 0.0014915248, 0.00025430412, -0.0017928223, 0.0018527644, -0.0031304974, 0.00036671105, -4.9855398, -2.3329443, -0.0053575434, 0.00078714092, -0.00087928331, -0.0011421364, 0.00025430412, 0.0021159503, -0.0013700869, -0.000352152, -0.0013670244, -0.0010462389, 116.31254, 44.465085, -0.11083517, -0.0029623277, 0.0020653367, 0.023731511, -0.0017928223, -0.0013700869, 0.034602135, -0.0021628836, 0.047729855, -4.7532733e-005, -2.9967267, -1.420204, 0.0051834812, 0.00021311458, -0.00028780433, -0.00089929167, 0.0018527644, -0.000352152, -0.0021628836, 0.0029878125, -0.0045024234, -0.0013172893, 144.83001, 53.983915, -0.12894352, -0.0024314961, 0.0015976978, 0.030038548, -0.0031304974, -0.0013670244, 0.047729855, -0.0045024234, 0.072820701))
			, nrow = 12, ncol = 12
			, dimnames = list(
				as.character(c("CMultStdev", "tvVmax", "tvKm", "tvV", "tvKa", "stdev0", "nVmax-nVmax", "nKm-nVmax", "nKm-nKm", "nV-nVmax", "nV-nKm", "nV-nV"))
				, as.character(c("CMultStdev", "tvVmax", "tvKm", "tvV", "tvKa", "stdev0", "nVmax-nVmax", "nKm-nVmax", "nKm-nKm", "nV-nVmax", "nV-nKm", "nV-nV"))
				)
			)
		, "Correlation" = matrix(
			as.numeric(c(0.026722206, -0.17906248, -0.17678424, -0.080413291, 0.10444566, -0.24160551, -0.21252989, 0.13544199, 0.29833139, -0.21047821, -0.032541967, -0.18267598, -0.17906248, 884.18682, 0.9624992, -0.23124536, -0.20887919, 0.2963163, 0.73646317, -0.030504253, -0.12257882, 0.70718175, -0.06200496, 0.60699777, -0.17678424, 0.9624992, 360.50529, -0.36208366, -0.31210622, 0.30845013, 0.71391409, -0.052702335, -0.14068247, 0.66306489, -0.07207131, 0.55491352, -0.080413291, -0.23124536, -0.36208366, 2.6631926, 0.5014323, -0.1017931, -0.25411467, 0.079822001, -0.043733113, -0.22372966, 0.035607565, -0.17941945, 0.10444566, -0.20887919, -0.31210622, 0.5014323, 0.086888485, -0.19403557, -0.26968826, 0.084694497, 0.19694163, -0.18328184, 0.04487188, -0.10370123, -0.24160551, 0.2963163, 0.30845013, -0.1017931, -0.19403557, 0.061512304, 0.23789197, -0.19024582, -0.31075212, 0.18050009, -0.085597023, 0.096250991, -0.21252989, 0.73646317, 0.71391409, -0.25411467, -0.26968826, 0.23789197, 0.13297509, -0.1686924, -0.18672177, 0.95940869, -0.1237239, 0.83710745, 0.13544199, -0.030504253, -0.052702335, 0.079822001, 0.084694497, -0.19024582, -0.1686924, 0.038620264, 0.14314804, -0.24955745, 0.87766398, -0.30037977, 0.29833139, -0.12257882, -0.14068247, -0.043733113, 0.19694163, -0.31075212, -0.18672177, 0.14314804, 0.045999459, -0.1601194, -0.14005569, -0.11012759, -0.21047821, 0.70718175, 0.66306489, -0.22372966, -0.18328184, 0.18050009, 0.95940869, -0.24955745, -0.1601194, 0.18601649, -0.21271839, 0.95084832, -0.032541967, -0.06200496, -0.07207131, 0.035607565, 0.04487188, -0.085597023, -0.1237239, 0.87766398, -0.14005569, -0.21271839, 0.054660886, -0.30524055, -0.18267598, 0.60699777, 0.55491352, -0.17941945, -0.10370123, 0.096250991, 0.83710745, -0.30037977, -0.11012759, 0.95084832, -0.30524055, 0.26985311))
			, nrow = 12, ncol = 12
			, dimnames = list(
				as.character(c("CMultStdev", "tvVmax", "tvKm", "tvV", "tvKa", "stdev0", "nVmax-nVmax", "nKm-nVmax", "nKm-nKm", "nV-nVmax", "nV-nKm", "nV-nV"))
				, as.character(c("CMultStdev", "tvVmax", "tvKm", "tvV", "tvKa", "stdev0", "nVmax-nVmax", "nKm-nVmax", "nKm-nKm", "nV-nVmax", "nV-nKm", "nV-nV"))
				)
			)
		, "Inverse" = matrix(
			as.numeric(c(1825.4713, -0.0070963623, 0.040876217,  5.214928, -71.482008, 104.24892, 122.91751, -967.80226, 27.987762, -223.76144, 706.68258, 119.96624, -0.0070963623, 3.0984377e-005, -7.0508541e-005, -0.0011538884, -0.0076301725, -0.011728599, 0.10675244, -0.08133677, -0.0055244698, -0.14838231, 0.033941644, 0.040196424, 0.040876217, -7.0508541e-005, 0.00018014906, 0.0032528722, 0.017336225, 0.011561944, -0.24754622, 0.0730145, 0.031781465, 0.29455589, -0.0045091777, -0.073988598,  5.214928, -0.0011538884, 0.0032528722, 0.28149348, -3.1718383, 0.53710413, -3.2406416, -8.6038038, 4.4455951, 3.1499023, 7.0989008, -0.21675321, -71.482008, -0.0076301725, 0.017336225, -3.1718383, 220.48123, 4.2563401, 168.32658, 115.12236, -92.877895, -138.58059, -111.63801, 20.382626, 104.24892, -0.011728599, 0.011561944, 0.53710413, 4.2563401, 352.19676, -70.80206, 109.15644, 102.14996, 37.269966, 11.404177,  22.09982, 122.91751, 0.10675244, -0.24754622, -3.2406416, 168.32658, -70.80206, 3877.3569, -1966.1074, 266.27064, -4754.8285, 1193.3838, 1486.2305, -967.80226, -0.08133677, 0.0730145, -8.6038038, 115.12236, 109.15644, -1966.1074, 6599.3844, -1312.5282, 2939.7464, -4335.7385, -1048.4828, 27.987762, -0.0055244698, 0.031781465, 4.4455951, -92.877895, 102.14996, 266.27064, -1312.5282, 886.06144, -411.7176, 977.04494, 171.10234, -223.76144, -0.14838231, 0.29455589, 3.1499023, -138.58059, 37.269966, -4754.8285, 2939.7464, -411.7176, 6356.8248, -1918.5087, -2132.3093, 706.68258, 0.033941644, -0.0045091777, 7.0989008, -111.63801, 11.404177, 1193.3838, -4335.7385, 977.04494, -1918.5087, 3290.7399, 757.83134, 119.96624, 0.040196424, -0.073988598, -0.21675321, 20.382626,  22.09982, 1486.2305, -1048.4828, 171.10234, -2132.3093, 757.83134, 780.15165))
			, nrow = 12, ncol = 12
			, dimnames = list(
				as.character(c("CMultStdev", "tvVmax", "tvKm", "tvV", "tvKa", "stdev0", "nVmax-nVmax", "nKm-nVmax", "nKm-nKm", "nV-nVmax", "nV-nKm", "nV-nV"))
				, as.character(c("CMultStdev", "tvVmax", "tvKm", "tvV", "tvKa", "stdev0", "nVmax-nVmax", "nKm-nVmax", "nKm-nKm", "nV-nVmax", "nV-nKm", "nV-nV"))
				)
			)
		, "LLTable" = data.frame(
			id = as.character(c( "1", "2", "3", "4", "5", "6", "7", "8", "9", "10", "11", "12", "13", "14", "15", "16", "17", "18", "19", "20", "21", "22", "23", "24", "25", "26", "27", "28", "29", "30", "31", "32", "33", "34", "35", "36", "37", "38", "39", "40", "41", "42", "43", "44", "45", "46", "47", "48", "49", "50", "51", "52", "53", "54", "55", "56", "57", "58", "59", "60"))
			, "LL" = c(-47.02248, -60.461731,  -52.3189, -52.677584, -48.45381, -51.699011, -50.296976, -48.689654, -47.239032, -53.818791, -46.089542, -54.80053, -51.474825, -54.219224, -49.863743, -61.637452, -55.715082, -50.818703, -53.635665, -50.459012, -51.306223, -45.546322, -50.387405, -66.873809,  -54.8239, -53.054126, -47.151614, -58.710716, -52.077099, -49.271981, -51.557711, -57.517772, -50.90319, -53.579024, -49.686218, -53.86955, -48.254345, -61.01736, -51.652195, -53.165362, -51.714472, -62.72448, -56.766482, -47.840141, -55.097364, -51.240311, -47.198696, -48.075366, -55.584195, -52.583624, -61.211597, -46.551145, -53.808196, -51.145349, -50.780253, -50.470372, -63.431773, -52.436926, -65.037404, -56.736407)
			) # end of LLTable
		, "residuals" = data.frame(
			  ID1 = as.character(c(  "",   "",   "",   "",   "",   "",   "",   "",   "",   "",   "",   "",   "",   "",   "",   "",   "",   "",   "",   "",   "",   "",   "",   "",   "",   "",   "",   "",   "",   "",   "",   "",   "",   "",   "",   "",   "",   "",   "",   "",   "",   "",   "",   "",   "",   "",   "",   "",   "",   "",   "",   "",   "",   "",   "",   "",   "",   "",   "",   "",   "",   "",   "",   "",   "",   "",   "",   "",   "",   "",   "",   "",   "",   "",   "",   "",   "",   "",   "",   "",   "",   "",   "",   "",   "",   "",   "",   "",   "",   "",   "",   "",   "",   "",   "",   "",   "",   "",   "",   "",   "",   "",   "",   "",   "",   "",   "",   "",   "",   "",   "",   "",   "",   "",   "",   "",   "",   "",   "",   "",   "",   "",   "",   "",   "",   "",   "",   "",   "",   "",   "",   "",   "",   "",   "",   "",   "",   "",   "",   "",   "",   "",   "",   "",   "",   "",   "",   "",   "",   "",   "",   "",   "",   "",   "",   "",   "",   "",   "",   "",   "",   "",   "",   "",   "",   "",   "",   "",   "",   "",   "",   "",   "",   "",   "",   "",   "",   "",   "",   "",   "",   "",   "",   "",   "",   "",   "",   "",   "",   "",   "",   "",   "",   "",   "",   "",   "",   "",   "",   "",   "",   "",   "",   "",   "",   "",   "",   "",   "",   "",   "",   "",   "",   "",   "",   "",   "",   "",   "",   "",   "",   "",   "",   "",   "",   "",   "",   "",   "",   "",   "",   "",   "",   "",   "",   "",   "",   "",   "",   "",   "",   "",   "",   "",   "",   "",   "",   "",   "",   "",   "",   "",   "",   "",   "",   "",   "",   "",   "",   "",   "",   "",   "",   "",   "",   "",   "",   "",   "",   "",   "",   "",   "",   "",   "",   "",   "",   "",   "",   "",   "",   "",   "",   "",   "",   "",   "",   "",   "",   "",   "",   "",   "",   "",   "",   "",   "",   "",   "",   "",   "",   "",   "",   "",   "",   "",   "",   "",   "",   "",   "",   "",   "",   "",   "",   "",   "",   "",   "",   "",   "",   "",   "",   "",   "",   "",   "",   "",   "",   "",   "",   "",   "",   "",   "",   "",   "",   "",   "",   "",   "",   "",   "",   "",   "",   "",   "",   "",   "",   "",   "",   "",   "",   "",   "",   "",   "",   "",   "",   "",   "",   "",   "",   "",   "",   "",   "",   "",   "",   "",   "",   "",   "",   "",   "",   "",   "",   "",   "",   "",   "",   "",   "",   "",   "",   "",   "",   "",   "",   "",   "",   "",   "",   "",   "",   "",   "",   "",   "",   "",   "",   "",   "",   "",   "",   "",   "",   "",   "",   "",   "",   "",   "",   "",   "",   "",   "",   "",   "",   "",   "",   "",   "",   "",   "",   "",   "",   "",   "",   "",   "",   "",   "",   "",   "",   "",   "",   "",   "",   "",   "",   "",   "",   "",   "",   "",   "",   "",   "",   "",   "",   "",   "",   "",   "",   "",   "",   "",   "",   "",   "",   "",   "",   "",   "",   "",   "",   "",   "",   "",   "",   "",   "",   "",   "",   "",   "",   "",   "",   ""))
			, ID2 = as.character(c(  "",   "",   "",   "",   "",   "",   "",   "",   "",   "",   "",   "",   "",   "",   "",   "",   "",   "",   "",   "",   "",   "",   "",   "",   "",   "",   "",   "",   "",   "",   "",   "",   "",   "",   "",   "",   "",   "",   "",   "",   "",   "",   "",   "",   "",   "",   "",   "",   "",   "",   "",   "",   "",   "",   "",   "",   "",   "",   "",   "",   "",   "",   "",   "",   "",   "",   "",   "",   "",   "",   "",   "",   "",   "",   "",   "",   "",   "",   "",   "",   "",   "",   "",   "",   "",   "",   "",   "",   "",   "",   "",   "",   "",   "",   "",   "",   "",   "",   "",   "",   "",   "",   "",   "",   "",   "",   "",   "",   "",   "",   "",   "",   "",   "",   "",   "",   "",   "",   "",   "",   "",   "",   "",   "",   "",   "",   "",   "",   "",   "",   "",   "",   "",   "",   "",   "",   "",   "",   "",   "",   "",   "",   "",   "",   "",   "",   "",   "",   "",   "",   "",   "",   "",   "",   "",   "",   "",   "",   "",   "",   "",   "",   "",   "",   "",   "",   "",   "",   "",   "",   "",   "",   "",   "",   "",   "",   "",   "",   "",   "",   "",   "",   "",   "",   "",   "",   "",   "",   "",   "",   "",   "",   "",   "",   "",   "",   "",   "",   "",   "",   "",   "",   "",   "",   "",   "",   "",   "",   "",   "",   "",   "",   "",   "",   "",   "",   "",   "",   "",   "",   "",   "",   "",   "",   "",   "",   "",   "",   "",   "",   "",   "",   "",   "",   "",   "",   "",   "",   "",   "",   "",   "",   "",   "",   "",   "",   "",   "",   "",   "",   "",   "",   "",   "",   "",   "",   "",   "",   "",   "",   "",   "",   "",   "",   "",   "",   "",   "",   "",   "",   "",   "",   "",   "",   "",   "",   "",   "",   "",   "",   "",   "",   "",   "",   "",   "",   "",   "",   "",   "",   "",   "",   "",   "",   "",   "",   "",   "",   "",   "",   "",   "",   "",   "",   "",   "",   "",   "",   "",   "",   "",   "",   "",   "",   "",   "",   "",   "",   "",   "",   "",   "",   "",   "",   "",   "",   "",   "",   "",   "",   "",   "",   "",   "",   "",   "",   "",   "",   "",   "",   "",   "",   "",   "",   "",   "",   "",   "",   "",   "",   "",   "",   "",   "",   "",   "",   "",   "",   "",   "",   "",   "",   "",   "",   "",   "",   "",   "",   "",   "",   "",   "",   "",   "",   "",   "",   "",   "",   "",   "",   "",   "",   "",   "",   "",   "",   "",   "",   "",   "",   "",   "",   "",   "",   "",   "",   "",   "",   "",   "",   "",   "",   "",   "",   "",   "",   "",   "",   "",   "",   "",   "",   "",   "",   "",   "",   "",   "",   "",   "",   "",   "",   "",   "",   "",   "",   "",   "",   "",   "",   "",   "",   "",   "",   "",   "",   "",   "",   "",   "",   "",   "",   "",   "",   "",   "",   "",   "",   "",   "",   "",   "",   "",   "",   "",   "",   "",   "",   "",   "",   "",   "",   "",   "",   "",   "",   "",   "",   "",   "",   "",   "",   "",   "",   "",   "",   "",   "",   "",   ""))
			, ID3 = as.character(c(  "",   "",   "",   "",   "",   "",   "",   "",   "",   "",   "",   "",   "",   "",   "",   "",   "",   "",   "",   "",   "",   "",   "",   "",   "",   "",   "",   "",   "",   "",   "",   "",   "",   "",   "",   "",   "",   "",   "",   "",   "",   "",   "",   "",   "",   "",   "",   "",   "",   "",   "",   "",   "",   "",   "",   "",   "",   "",   "",   "",   "",   "",   "",   "",   "",   "",   "",   "",   "",   "",   "",   "",   "",   "",   "",   "",   "",   "",   "",   "",   "",   "",   "",   "",   "",   "",   "",   "",   "",   "",   "",   "",   "",   "",   "",   "",   "",   "",   "",   "",   "",   "",   "",   "",   "",   "",   "",   "",   "",   "",   "",   "",   "",   "",   "",   "",   "",   "",   "",   "",   "",   "",   "",   "",   "",   "",   "",   "",   "",   "",   "",   "",   "",   "",   "",   "",   "",   "",   "",   "",   "",   "",   "",   "",   "",   "",   "",   "",   "",   "",   "",   "",   "",   "",   "",   "",   "",   "",   "",   "",   "",   "",   "",   "",   "",   "",   "",   "",   "",   "",   "",   "",   "",   "",   "",   "",   "",   "",   "",   "",   "",   "",   "",   "",   "",   "",   "",   "",   "",   "",   "",   "",   "",   "",   "",   "",   "",   "",   "",   "",   "",   "",   "",   "",   "",   "",   "",   "",   "",   "",   "",   "",   "",   "",   "",   "",   "",   "",   "",   "",   "",   "",   "",   "",   "",   "",   "",   "",   "",   "",   "",   "",   "",   "",   "",   "",   "",   "",   "",   "",   "",   "",   "",   "",   "",   "",   "",   "",   "",   "",   "",   "",   "",   "",   "",   "",   "",   "",   "",   "",   "",   "",   "",   "",   "",   "",   "",   "",   "",   "",   "",   "",   "",   "",   "",   "",   "",   "",   "",   "",   "",   "",   "",   "",   "",   "",   "",   "",   "",   "",   "",   "",   "",   "",   "",   "",   "",   "",   "",   "",   "",   "",   "",   "",   "",   "",   "",   "",   "",   "",   "",   "",   "",   "",   "",   "",   "",   "",   "",   "",   "",   "",   "",   "",   "",   "",   "",   "",   "",   "",   "",   "",   "",   "",   "",   "",   "",   "",   "",   "",   "",   "",   "",   "",   "",   "",   "",   "",   "",   "",   "",   "",   "",   "",   "",   "",   "",   "",   "",   "",   "",   "",   "",   "",   "",   "",   "",   "",   "",   "",   "",   "",   "",   "",   "",   "",   "",   "",   "",   "",   "",   "",   "",   "",   "",   "",   "",   "",   "",   "",   "",   "",   "",   "",   "",   "",   "",   "",   "",   "",   "",   "",   "",   "",   "",   "",   "",   "",   "",   "",   "",   "",   "",   "",   "",   "",   "",   "",   "",   "",   "",   "",   "",   "",   "",   "",   "",   "",   "",   "",   "",   "",   "",   "",   "",   "",   "",   "",   "",   "",   "",   "",   "",   "",   "",   "",   "",   "",   "",   "",   "",   "",   "",   "",   "",   "",   "",   "",   "",   "",   "",   "",   "",   "",   "",   "",   "",   "",   "",   "",   "",   "",   "",   "",   "",   "",   "",   "",   "",   ""))
			, ID4 = as.character(c(  "",   "",   "",   "",   "",   "",   "",   "",   "",   "",   "",   "",   "",   "",   "",   "",   "",   "",   "",   "",   "",   "",   "",   "",   "",   "",   "",   "",   "",   "",   "",   "",   "",   "",   "",   "",   "",   "",   "",   "",   "",   "",   "",   "",   "",   "",   "",   "",   "",   "",   "",   "",   "",   "",   "",   "",   "",   "",   "",   "",   "",   "",   "",   "",   "",   "",   "",   "",   "",   "",   "",   "",   "",   "",   "",   "",   "",   "",   "",   "",   "",   "",   "",   "",   "",   "",   "",   "",   "",   "",   "",   "",   "",   "",   "",   "",   "",   "",   "",   "",   "",   "",   "",   "",   "",   "",   "",   "",   "",   "",   "",   "",   "",   "",   "",   "",   "",   "",   "",   "",   "",   "",   "",   "",   "",   "",   "",   "",   "",   "",   "",   "",   "",   "",   "",   "",   "",   "",   "",   "",   "",   "",   "",   "",   "",   "",   "",   "",   "",   "",   "",   "",   "",   "",   "",   "",   "",   "",   "",   "",   "",   "",   "",   "",   "",   "",   "",   "",   "",   "",   "",   "",   "",   "",   "",   "",   "",   "",   "",   "",   "",   "",   "",   "",   "",   "",   "",   "",   "",   "",   "",   "",   "",   "",   "",   "",   "",   "",   "",   "",   "",   "",   "",   "",   "",   "",   "",   "",   "",   "",   "",   "",   "",   "",   "",   "",   "",   "",   "",   "",   "",   "",   "",   "",   "",   "",   "",   "",   "",   "",   "",   "",   "",   "",   "",   "",   "",   "",   "",   "",   "",   "",   "",   "",   "",   "",   "",   "",   "",   "",   "",   "",   "",   "",   "",   "",   "",   "",   "",   "",   "",   "",   "",   "",   "",   "",   "",   "",   "",   "",   "",   "",   "",   "",   "",   "",   "",   "",   "",   "",   "",   "",   "",   "",   "",   "",   "",   "",   "",   "",   "",   "",   "",   "",   "",   "",   "",   "",   "",   "",   "",   "",   "",   "",   "",   "",   "",   "",   "",   "",   "",   "",   "",   "",   "",   "",   "",   "",   "",   "",   "",   "",   "",   "",   "",   "",   "",   "",   "",   "",   "",   "",   "",   "",   "",   "",   "",   "",   "",   "",   "",   "",   "",   "",   "",   "",   "",   "",   "",   "",   "",   "",   "",   "",   "",   "",   "",   "",   "",   "",   "",   "",   "",   "",   "",   "",   "",   "",   "",   "",   "",   "",   "",   "",   "",   "",   "",   "",   "",   "",   "",   "",   "",   "",   "",   "",   "",   "",   "",   "",   "",   "",   "",   "",   "",   "",   "",   "",   "",   "",   "",   "",   "",   "",   "",   "",   "",   "",   "",   "",   "",   "",   "",   "",   "",   "",   "",   "",   "",   "",   "",   "",   "",   "",   "",   "",   "",   "",   "",   "",   "",   "",   "",   "",   "",   "",   "",   "",   "",   "",   "",   "",   "",   "",   "",   "",   "",   "",   "",   "",   "",   "",   "",   "",   "",   "",   "",   "",   "",   "",   "",   "",   "",   "",   "",   "",   "",   "",   "",   "",   "",   "",   "",   "",   "",   "",   "",   "",   "",   ""))
			, ID5 = as.character(c( "1",  "1",  "1",  "1",  "1",  "1",  "1",  "1",  "2",  "2",  "2",  "2",  "2",  "2",  "2",  "2",  "3",  "3",  "3",  "3",  "3",  "3",  "3",  "3",  "4",  "4",  "4",  "4",  "4",  "4",  "4",  "4",  "5",  "5",  "5",  "5",  "5",  "5",  "5",  "5",  "6",  "6",  "6",  "6",  "6",  "6",  "6",  "6",  "7",  "7",  "7",  "7",  "7",  "7",  "7",  "7",  "8",  "8",  "8",  "8",  "8",  "8",  "8",  "8",  "9",  "9",  "9",  "9",  "9",  "9",  "9",  "9", "10", "10", "10", "10", "10", "10", "10", "10", "11", "11", "11", "11", "11", "11", "11", "11", "12", "12", "12", "12", "12", "12", "12", "12", "13", "13", "13", "13", "13", "13", "13", "13", "14", "14", "14", "14", "14", "14", "14", "14", "15", "15", "15", "15", "15", "15", "15", "15", "16", "16", "16", "16", "16", "16", "16", "16", "17", "17", "17", "17", "17", "17", "17", "17", "18", "18", "18", "18", "18", "18", "18", "18", "19", "19", "19", "19", "19", "19", "19", "19", "20", "20", "20", "20", "20", "20", "20", "20", "21", "21", "21", "21", "21", "21", "21", "21", "22", "22", "22", "22", "22", "22", "22", "22", "23", "23", "23", "23", "23", "23", "23", "23", "24", "24", "24", "24", "24", "24", "24", "24", "25", "25", "25", "25", "25", "25", "25", "25", "26", "26", "26", "26", "26", "26", "26", "26", "27", "27", "27", "27", "27", "27", "27", "27", "28", "28", "28", "28", "28", "28", "28", "28", "29", "29", "29", "29", "29", "29", "29", "29", "30", "30", "30", "30", "30", "30", "30", "30", "31", "31", "31", "31", "31", "31", "31", "31", "32", "32", "32", "32", "32", "32", "32", "32", "33", "33", "33", "33", "33", "33", "33", "33", "34", "34", "34", "34", "34", "34", "34", "34", "35", "35", "35", "35", "35", "35", "35", "35", "36", "36", "36", "36", "36", "36", "36", "36", "37", "37", "37", "37", "37", "37", "37", "37", "38", "38", "38", "38", "38", "38", "38", "38", "39", "39", "39", "39", "39", "39", "39", "39", "40", "40", "40", "40", "40", "40", "40", "40", "41", "41", "41", "41", "41", "41", "41", "41", "42", "42", "42", "42", "42", "42", "42", "42", "43", "43", "43", "43", "43", "43", "43", "43", "44", "44", "44", "44", "44", "44", "44", "44", "45", "45", "45", "45", "45", "45", "45", "45", "46", "46", "46", "46", "46", "46", "46", "46", "47", "47", "47", "47", "47", "47", "47", "47", "48", "48", "48", "48", "48", "48", "48", "48", "49", "49", "49", "49", "49", "49", "49", "49", "50", "50", "50", "50", "50", "50", "50", "50", "51", "51", "51", "51", "51", "51", "51", "51", "52", "52", "52", "52", "52", "52", "52", "52", "53", "53", "53", "53", "53", "53", "53", "53", "54", "54", "54", "54", "54", "54", "54", "54", "55", "55", "55", "55", "55", "55", "55", "55", "56", "56", "56", "56", "56", "56", "56", "56", "57", "57", "57", "57", "57", "57", "57", "57", "58", "58", "58", "58", "58", "58", "58", "58", "59", "59", "59", "59", "59", "59", "59", "59", "60", "60", "60", "60", "60", "60", "60", "60"))
			, IVAR = c(0.64, 1.99, 6.43, 12.03, 22.28, 48.91, 80.15, 138.94, 0.51, 2.49, 6.29, 11.18, 25.51, 43.72, 84.69, 123.55, 0.48, 2, 6.04, 11.31, 22.67, 47.36, 103.04, 108, 0.53, 2.07, 6.67, 11.64, 24.9, 49.3, 90.93, 135.41, 0.56, 2.15, 7.03, 12.69, 21.12, 45.33, 84.94, 114.45, 0.47, 2.01, 5.48, 12.19, 22.48, 57.28, 103.13, 131.43, 0.52, 2.37, 5.63, 11.46, 27.7, 44.98, 94.03, 115.38, 0.48, 1.94, 6.3, 11.79, 22.82, 54.9, 93.96, 117.86, 0.5, 2.15, 5.96, 11.95, 22.42, 46.47, 96.58, 113.14, 0.53, 1.72, 6.19, 10.29, 23.29, 45.53, 89.94, 119.32, 0.41, 2.25, 5.08, 11.46, 21.47, 44.53, 118.28, 120.21, 0.44, 1.7, 6.28, 11.98, 23.25, 43.74, 82.73, 107.77, 0.55, 1.88, 5.22, 14.47, 25.04, 46.87, 106.72, 131.12, 0.47, 2.49, 5.85, 10.41, 23.66, 49.01, 120.92, 121.28, 0.52, 1.98, 5.8, 11.96, 25.97, 59.07, 106.39, 135.41, 0.44, 2.21, 6.13, 10.36, 25.28, 47.24, 111.14, 111.15, 0.48, 1.82, 5.89, 12.49, 22.31, 52.16, 85.08, 108.06, 0.58, 1.81, 6.25, 11.55, 25, 56.83, 112.51, 116.09, 0.4, 2.57, 6.41, 12.67, 23.97, 50.51, 94.43, 125.16, 0.48, 1.74, 6.62, 13.97, 23.27, 42.35, 102.37, 119.46, 0.42, 2, 5.63, 11.6, 21.38, 57.48, 92.87, 102.2, 0.51, 2.05, 5.44, 8.99, 22.51, 50.82, 95.43, 118.83, 0.53, 1.78, 6.7, 11.99, 25.76, 53.23, 98.17, 109.91, 0.56, 1.64, 5.68, 11.7, 23.6, 53.16, 97.32, 124.99, 0.5, 1.95, 6.43, 13.46, 18.87, 50.83, 99.67, 115, 0.55, 1.92, 5.83, 13.07, 28.5, 49.31, 92.03, 106.55, 0.48, 1.82, 5.85, 12.48, 22.04, 62.56, 97.51, 134.36, 0.4, 2.15, 5.26, 13.16, 24.97, 46.08, 109.59, 111.87, 0.47, 1.81, 5.61, 13.19, 25.06, 53.08, 92.33, 124.6, 0.51, 1.73, 7.17, 12.16, 25.91, 52.81, 95.52, 116.39, 0.55, 1.8, 7.31, 11.55, 28.32, 55.84, 96.8, 127, 0.45, 2.07, 6.66, 12.12, 22.93, 44.95, 95.66, 133.54, 0.48, 1.98, 5.27, 12.61, 27.35, 55.75, 99.54, 104.15, 0.52, 2.09, 5.79, 12.21, 22.01, 51.37, 92.91, 102.57, 0.48, 2.29, 5.8, 12.91, 26.38, 48.02, 92.68, 113.81, 0.54, 1.8, 6.15, 11.66, 19.14, 41.69, 105.21, 117.73, 0.54, 2.42, 6.95, 12.84, 24.93, 47.08, 112.41, 127.37, 0.44, 1.97, 4.95, 11.77, 18.52, 54.74, 90.09, 114.95, 0.49, 2.13, 6.42, 12.7, 22.66, 41.88, 92.34, 123.38, 0.46, 1.99, 5.34, 11.99, 24.31, 47.3, 94.44, 143.14, 0.54, 2.24, 5.47, 12.2, 26.94, 47.73, 77.59, 124.21, 0.41, 1.84, 6.85, 12.76, 26.77, 49.49, 94.95, 109.41, 0.59, 2.01, 5.59, 13.08, 26.72, 58.02, 90.38, 115.4, 0.48, 1.93, 5.78, 11.65, 27.72, 44.77, 92.34, 128.09, 0.56, 1.85, 5.7, 12.65, 26.57, 46.81, 83.21, 142.37, 0.58, 1.86, 5.96, 10.06, 25.41, 56.4, 81.5, 111, 0.47, 1.87, 4.9, 12.62, 20.59, 47.88, 101.86, 117.65, 0.55, 1.99, 5.62, 12.8, 22.98, 57.31, 95.82, 130.68, 0.51, 1.48, 5.23, 11.5, 24.58, 37.98, 105.69, 112.96, 0.46, 1.71, 5.19, 12.07, 25.25, 38.92, 86.83, 126.6, 0.48, 2.48, 6.8, 12.74, 24.01, 49.36, 89.46, 127.78, 0.58, 2.23, 5.53, 10.21, 23.74, 50.16, 105.18, 109.89, 0.52, 2.05, 6.76, 11.97, 23.16, 42.8, 91.16, 115.73, 0.63, 2.55, 5.9, 10.81, 19.7, 50.54, 86.08, 150.8, 0.46, 2.02, 8.78, 10.74, 24.75, 42.97, 99.4, 109.97, 0.5, 1.94, 5.33, 12.01, 26.5, 56.29, 83.69, 117.04, 0.56, 1.79, 4.66, 10.93, 21.79, 48.23, 92.2, 122.81, 0.48, 2.08, 5.78, 13.52, 22.29, 49.42, 87.87, 122.52, 0.5, 1.69, 5.91, 13.5, 25.69, 48.69, 85.21, 134.88, 0.5, 1.91, 7.07, 11.11, 24.74, 54.56, 101.96, 116.37)
