dmp.txt <- structure(
	.Data = list(
		"coefficients" = list(
			"fixed" = c("CMultStdev" = 0.592978133463812, "tvVmax" = 4298.65120694446, "tvKm" = 2665.79971771791, "tvV" = 63.1527261878642, "tvKa" = 1.00573155299126, "CEps" = 0.362234423962106)
			, "random" = list("Subject" = matrix(
				as.numeric(c(
					 0.278842292467135,  -0.120671192432506,  -0.00269154263454705
					,  0.393448020992135,  0.772551716262183,  0.421734401239909
					,  -0.2647168481215,  0.342584950706347,  0.758034937730895
					,  0.190768807890645,  0.122407507655581,  0.208065790569388
					,  0.325680690092695,  0.330270771713577,  0.367027459092499
					,  -0.0382178292954743,  0.203084436952311,  0.804053192645169
					,  0.694079926644596,  0.574781330062996,  0.512549520988407
					,  0.531049313160817,  0.227392009359954,  -0.206230653349126
					,  0.260805946293616,  0.359291740459546,  0.170562413001215
					,  0.0406998103106997,  0.307744876397139,  0.223050970222638
					,  0.427101791034713,  -0.743317651004595,  0.488213730748315
					,  0.390982999456407,  0.554861421890849,  0.457797906750962
					,  0.570707761184991,  -0.442064939748204,  -0.124457806607661
					,  0.401041359874424,  0.577154839778481,  -0.402020484003785
					,  0.272759792829569,  0.275420530094605,  0.0772121508505515
					,  0.313980521932281,  0.298185442710963,  0.568168368269997
					,  0.00153865192679032,  0.0298800649934498,  -0.29837397749529
					,  0.904592083384265,  0.43201159957478,  0.0895657456676341
					,  0.474504239248406,  0.336565361426974,  -0.0770045047802012
					,  0.0743402159958179,  -0.273903445289287,  0.189712578013457
					,  -0.520462271325882,  -0.258468320002573,  -0.65339148481553
					,  -0.493771195188445,  0.0278272118138106,  0.0617413007426998
					,  -0.755920348801305,  -0.711960594862418,  0.00750206433501245
					,  -0.943796653891352,  -0.24361219789973,  -0.674659541950494
					,  -0.714656594641145,  0.405182256372645,  -0.410090982703609
					,  -0.214460148594398,  -0.0479725176287102,  -0.150980636508431
					,  -0.0945388737943306,  0.0172692685189779,  0.245340111341275
					,  -0.69906417210653,  -0.479091233925305,  -0.479330695972287
					,  -0.113327902680656,  -0.615222413653188,  -0.671810472777918
					,  -0.543243777125973,  -0.315306264898258,  -0.48174963282675
					,  0.0311928626418017,  -0.832465654828441,  -0.760237222169686
					,  -0.0630784958885326,  -0.300207494852455,  -0.0252465817508857
					,  -0.00406203063365993,  -1.25025709782366,  -0.689921542272982
					,  -0.336787777186117,  0.176967454675433,  -0.769405793473802
					,  0.195197515075847,  -0.437965147306904,  -0.649280194208967
					,  -0.317047238714379,  -0.402904684621363,  0.0583608335954669
					,  -0.889669905620396,  -0.606778950589066,  -1.7517560795968
					,  0.291625904926069,  -0.444491412676841,  -0.492039864675717
					,  -0.382336406908008,  -0.701002432388228,  -0.529238808661039
					,  -0.588075659799822,  -0.630007602919515,  -0.373780795623724
					,  -1.25254142398913,  -0.249429473243152,  -0.554800356626507
					,  -0.0744553454073265,  -0.370135579715884,  -0.435410732140486
					,  -1.26874008215313,  -0.435540656096364,  -0.364278976881309
					,  -0.318717879455149,  -0.93338671637394,  -0.302385789273526
					,  -0.3209497713331,  -0.182068809881852,  -0.408037553439705
					,  0.00315983779671272,  -0.608208168598611,  0.23284177254671
					,  0.149409113868721,  -0.323164050350149,  -0.539857811307594
					,  -0.793370977405037,  -0.578166298945443,  0.0385497557245831
					,  -0.300743202363737,  -0.131684601399334,  -0.688497155711521
					,  -0.276806752807539,  -0.277872879604335,  -0.568299518448091
					,  -0.328987533806128,  -1.34688961694822,  -0.140596671504001
					,  -0.278775534265518,  -0.237074644508541,  -0.300510941699073
					,  -0.404927312363856,  -0.894464766542567,  -1.00592594316549
					,  -0.16153839560058,  -0.263295807736835,  -0.802171046355523
					,  -0.146179074631948,  -0.565938603120418,  -0.374369197776353
					,  -0.486559221981439,  -0.576506761737782,  -0.349464704592075
					,  -0.511657282183638,  -0.578355985361001,  -1.13649917373214
					,  -0.326506734716059,  -0.334651026592064,  -0.915643211226917
					,  -0.367524024578641,  -0.613167292090374,  -0.0738715497603669
					,  -0.568107121243542,  -0.249298744851412,  -0.281291528592014
					))
				, nrow = 60, ncol = 3
				, dimnames = list(
					as.character(c( "1", "2", "3", "4", "5", "6", "7", "8", "9", "10"
					  , "11", "12", "13", "14", "15", "16", "17", "18", "19", "20"
					  , "21", "22", "23", "24", "25", "26", "27", "28", "29", "30"
					  , "31", "32", "33", "34", "35", "36", "37", "38", "39", "40"
					  , "41", "42", "43", "44", "45", "46", "47", "48", "49", "50"
					  , "51", "52", "53", "54", "55", "56", "57", "58", "59", "60"))
					, as.character(c("nVmax", "nKm", "nV"))
					)
				))
			)
		, "logLik" = c(-3283.86)
		, "nObs" = c(480)
		, "nSubj" = c(60)
		, "nParm" = c(12)
		, "returnCode" = c(3)
		, "omega" = matrix(
			as.numeric(c(0.304938542497705, -0.02625029779411, 0.111257157987778, -0.02625029779411, 0.35589101479318, 0.196342312658471, 0.111257157987778, 0.196342312658471, 0.548101875977055))
			, nrow = 3, ncol = 3
			, dimnames = list(
				as.character(c("nVmax", "nKm", "nV"))
				, as.character(c("nVmax", "nKm", "nV"))
				)
			)
		, "eta" = matrix(
			as.numeric(c(0.243886518596477, -0.399945450328786, -0.445905658937996, 0.103970774948842, 0.148559936499307, 0.108097802731889, 0.32244499522995, 0.385434737016926, 0.328782302948149, 0.416085203601839, 0.353911009231094, 0.555903051663785))
			, nrow = 3, ncol = 4
			, dimnames = list(
				as.character(c("nVmax", "nKm", "nV"))
				, as.character(c("mean", "var", "sd", "shrinkage"))
				)
			)
		, "eta_shrinkage" = list("Subject" = matrix(
			as.numeric(c(
				 0.312883029886447,  0.588577698440858,  0.395550465753702
				,  0.535152695377075,  0.596238854460955,  0.608900631558525
				,  0.166740433876934,  0.411842499319679,  0.594426550785038
				,  0.351514825693551,  0.386947581420842,  0.436113167867506
				,  0.399708448942393,  0.707301314441819,  0.492939372694008
				,  0.647746230366157,  0.552159068348799,  0.689452772542082
				,  0.679709493165786,  0.615174240059091,  0.641330624635026
				,  0.350115598491563,  0.408471936493596,  0.605148641530669
				,  0.617301006574339,  0.496166378748746,  0.403388027438169
				,  0.526066755218956,  0.544809095043267,  0.411083046507342
				,  0.6173902072536,  0.17361650035207,  0.445869068031058
				,  0.628415266460024,  0.545066068581064,  0.631544082521757
				,  0.582201873500283,  0.153795418105456,  0.257123268425128
				,  0.556853303941686,  0.646512463065811,  0.326016573914553
				,  0.679217819140835,  0.420419347770133,  0.409065739087275
				,  0.489833773094323,  0.438958022292563,  0.617317350895557
				,  0.338397096493337,  0.386216983867196,  0.162987296425145
				,  0.665979950621523,  0.484044042500899,  0.344657724107726
				,  0.485697855846126,  0.367614298648066,  0.576474031887073
				,  0.382645709091832,  0.488744833136431,  0.55417707631912
				,  0.136093861261459,  0.132570362294706,  0.122265910165955
				,  0.125274668516709,  0.130474799664509,  0.128229388602628
				,  0.12758376191962,  0.131206478581717,  0.128928480240085
				,  0.126577643344743,  0.126976596909215,  0.124395701606238
				,  0.1307950581795,  0.140378062423691,  0.130074620915541
				,  0.141907418697019,  0.130581146987476,  0.134067313394426
				,  0.133112173828717,  0.127004789749407,  0.135483639234251
				,  0.136782720268154,  0.127073935915475,  0.138714609524313
				,  0.130877296369159,  0.128992138723484,  0.131184189360312
				,  0.125242846564319,  0.127313330071016,  0.127831947113953
				,  0.131550850535618,  0.114042794524957,  0.131425675368653
				,  0.13492803358892,  0.128738546517239,  0.126183402371799
				,  0.12647906843128,  0.121230169581134,  0.122750828335854
				,  0.124339625848898,  0.131757948345593,  0.121219761087627
				,  0.14736486836977,  0.129067683587686,  0.126316999675266
				,  0.128757527851838,  0.125365024274904,  0.129254190017959
				,  0.120763436530047,  0.122023402249589,  0.133055298615677
				,  0.131097569803913,  0.126188739235995,  0.126923531132359
				,  0.126292330017273,  0.134384880767268,  0.129940112589234
				,  0.124859301440847,  0.123803142570578,  0.128679807305729
				,  0.501181912354657,  0.56076319951921,  0.446169038424487
				,  0.470831642067645,  0.485735761053738,  0.493118344449394
				,  0.356999623683153,  0.45419888394798,  0.47997087934924
				,  0.420655618678788,  0.444434761277562,  0.45631976215086
				,  0.438820120302548,  0.525586368857364,  0.46697814972
				,  0.566586541359257,  0.51457649059896,  0.494717143541915
				,  0.499809373853996,  0.492149629850365,  0.515013690410231
				,  0.45318666612867,  0.434637730581651,  0.577194583847133
				,  0.522498269477307,  0.469392552866978,  0.480407910903831
				,  0.51063830689499,  0.484187253018896,  0.440710457106134
				,  0.499742112478639,  0.378686528522285,  0.441278284690425
				,  0.523185866103416,  0.472842857729702,  0.504508722104192
				,  0.478294740956536,  0.332926613408863,  0.393267771058215
				,  0.475510755377696,  0.500781905764864,  0.481024013800642
				,  0.540184687449424,  0.451503222895733,  0.456016988520735
				,  0.469553615686163,  0.445371590762306,  0.488855423424168
				,  0.413620299123486,  0.447468008525108,  0.662502474299714
				,  0.48771798280675,  0.461154515608012,  0.438012184911356
				,  0.456196272559691,  0.443612449030611,  0.547743481010374
				,  0.437895762102081,  0.524377936577158,  0.503424862911309
				))
			, nrow = 60, ncol = 3
			, dimnames = list(
				as.character(c( "1", "2", "3", "4", "5", "6", "7", "8", "9", "10"
				  , "11", "12", "13", "14", "15", "16", "17", "18", "19", "20"
				  , "21", "22", "23", "24", "25", "26", "27", "28", "29", "30"
				  , "31", "32", "33", "34", "35", "36", "37", "38", "39", "40"
				  , "41", "42", "43", "44", "45", "46", "47", "48", "49", "50"
				  , "51", "52", "53", "54", "55", "56", "57", "58", "59", "60"))
				, as.character(c("nVmax_shrinkage", "nKm_shrinkage", "nV_shrinkage"))
				)
			))
		, "sigma" = matrix(
			as.numeric(c(0.131213777903159))
			, nrow = 1, ncol = 1
			, dimnames = list(
				as.character(c("CEps"))
				, as.character(c("CEps"))
				)
			)
		, "method" = "FOCE-ELS"
		, "varFix" = matrix(
			as.numeric(c(0.00347498685389064, -0.821787959946617, -0.129927163636176, -0.0258770521368883, -0.000628316171466097, -0.00565785612265621, -0.821787959946617, 633.355896302423, 85.2977897613141, 14.4562574392408, 0.996044720422684, 1.54873054610199, -0.129927163636176, 85.2977897613141, 467.287294223789, -7.4868401269639, 0.265527116681038, 2.66636791700579, -0.0258770521368883, 14.4562574392408, -7.4868401269639, 0.575181369227973, 0.02338929891547, -0.0105794124870576, -0.000628316171466097, 0.996044720422684, 0.265527116681038, 0.02338929891547, 0.00406011856926525, -0.000653557901471788, -0.00565785612265621, 1.54873054610199, 2.66636791700579, -0.0105794124870576, -0.000653557901471788, 0.0294949515834815))
			, nrow = 6, ncol = 6
			, dimnames = list(
				as.character(c("CMultStdev", "tvVmax", "tvKm", "tvV", "tvKa", "CEps"))
				, as.character(c("CMultStdev", "tvVmax", "tvKm", "tvV", "tvKa", "CEps"))
				)
			)
		, "omegaSE" = matrix(
			as.numeric(c(0.313103146118584, 0.128833020121839, 0.351753973881063, 0.128833020121839, 0.165528180557703, 0.113156811716144, 0.351753973881063, 0.113156811716144, 0.521689804131451))
			, nrow = 3, ncol = 3, byrow = TRUE
			, dimnames = list(
				as.character(c("nVmax", "nKm", "nV"))
				, as.character(c("nVmax", "nKm", "nV"))
				)
			)
		, "Covariance" = matrix(
			as.numeric(c(0.0034749869, -0.82178796, -0.12992716, -0.025877052, -0.00062831617, -0.0056578561, -0.010956626, 0.0056697037, -0.0041052354, -0.010958119, 0.0053371457, -0.0147141, -0.82178796,  633.3559,  85.29779, 14.456257, 0.99604472, 1.5487305, 3.2491789, -1.1874368,  2.117923, 3.6793531, -0.67873593, 5.1743531, -0.12992716,  85.29779, 467.28729, -7.4868401, 0.26552712, 2.6663679, 4.8176745, -1.6262798, 2.3720086, 5.4336766, -1.0376887, 7.9521996, -0.025877052, 14.456257, -7.4868401, 0.57518137, 0.023389299, -0.010579412, -0.0029646167, -0.0048333706, 0.0023019975, -0.008257803, -0.008100515, -0.018589505, -0.00062831617, 0.99604472, 0.26552712, 0.023389299, 0.0040601186, -0.0006535579, 7.2541224e-005, 0.00040216627, 0.00048893066, 0.00011386292, 0.00024126012, 0.00017556378, -0.0056578561, 1.5487305, 2.6663679, -0.010579412, -0.0006535579, 0.029494952, 0.052916753, -0.020451126, 0.025766698, 0.059134323, -0.013987728, 0.086166318, -0.010956626, 3.2491789, 4.8176745, -0.0029646167, 7.2541224e-005, 0.052916753, 0.09803358, -0.037006505, 0.047469505, 0.1090544, -0.02518571, 0.15959703, 0.0056697037, -1.1874368, -1.6262798, -0.0048333706, 0.00040216627, -0.020451126, -0.037006505, 0.016597947, -0.016454486, -0.039718197, 0.013031906, -0.056279281, -0.0041052354,  2.117923, 2.3720086, 0.0023019975, 0.00048893066, 0.025766698, 0.047469505, -0.016454486, 0.027399579, 0.054980791, -0.0083137104, 0.081836858, -0.010958119, 3.6793531, 5.4336766, -0.008257803, 0.00011386292, 0.059134323, 0.1090544, -0.039718197, 0.054980791, 0.12373086, -0.025061615, 0.18210839, 0.0053371457, -0.67873593, -1.0376887, -0.008100515, 0.00024126012, -0.013987728, -0.02518571, 0.013031906, -0.0083137104, -0.025061615, 0.012804464, -0.033269708, -0.0147141, 5.1743531, 7.9521996, -0.018589505, 0.00017556378, 0.086166318, 0.15959703, -0.056279281, 0.081836858, 0.18210839, -0.033269708, 0.27216025))
			, nrow = 12, ncol = 12
			, dimnames = list(
				as.character(c("CMultStdev", "tvVmax", "tvKm", "tvV", "tvKa", "stdev0", "nVmax-nVmax", "nKm-nVmax", "nKm-nKm", "nV-nVmax", "nV-nKm", "nV-nV"))
				, as.character(c("CMultStdev", "tvVmax", "tvKm", "tvV", "tvKa", "stdev0", "nVmax-nVmax", "nKm-nVmax", "nKm-nKm", "nV-nVmax", "nV-nKm", "nV-nV"))
				)
			)
		, "Correlation" = matrix(
			as.numeric(c(0.058949019, -0.55393561, -0.10196037, -0.57880972, -0.16727548, -0.558858, -0.59362588, 0.74654603, -0.42071649, -0.52847008, 0.80011383, -0.47845904, -0.55393561, 25.166563, 0.15679127, 0.75740743, 0.62113438, 0.35832583, 0.41234647, -0.36623463, 0.50841028, 0.41563159, -0.23833961, 0.39411214, -0.10196037, 0.15679127, 21.616829, -0.45667177, 0.19277359, 0.71821463, 0.71180008, -0.58395057, 0.66290658, 0.71459963, -0.42422319, 0.70515232, -0.57880972, 0.75740743, -0.45667177, 0.75840713, 0.48400009, -0.081224174, -0.012484717, -0.049467561, 0.018337093, -0.030954451, -0.094390769, -0.046984333, -0.16727548, 0.62113438, 0.19277359, 0.48400009, 0.06371906, -0.059722897, 0.0036360353, 0.048990187, 0.046356002, 0.0050801199, 0.033460735, 0.0052814506, -0.558858, 0.35832583, 0.71821463, -0.081224174, -0.059722897, 0.17174094, 0.98408342, -0.92430688, 0.90638556, 0.97887395, -0.71976818, 0.96172597, -0.59362588, 0.41234647, 0.71180008, -0.012484717, 0.0036360353, 0.98408342, 0.31310315, -0.91740996, 0.91591534, 0.99018591, -0.71086324, 0.97706854, 0.74654603, -0.36623463, -0.58395057, -0.049467561, 0.048990187, -0.92430688, -0.91740996, 0.12883302, -0.7715875, -0.8764423, 0.89392287, -0.83735382, -0.42071649, 0.50841028, 0.66290658, 0.018337093, 0.046356002, 0.90638556, 0.91591534, -0.7715875, 0.16552818, 0.94427834, -0.44385616, 0.94768642, -0.52847008, 0.41563159, 0.71459963, -0.030954451, 0.0050801199, 0.97887395, 0.99018591, -0.8764423, 0.94427834, 0.35175397, -0.62963569, 0.99238138, 0.80011383, -0.23833961, -0.42422319, -0.094390769, 0.033460735, -0.71976818, -0.71086324, 0.89392287, -0.44385616, -0.62963569, 0.11315681, -0.56358048, -0.47845904, 0.39411214, 0.70515232, -0.046984333, 0.0052814506, 0.96172597, 0.97706854, -0.83735382, 0.94768642, 0.99238138, -0.56358048, 0.5216898))
			, nrow = 12, ncol = 12
			, dimnames = list(
				as.character(c("CMultStdev", "tvVmax", "tvKm", "tvV", "tvKa", "stdev0", "nVmax-nVmax", "nKm-nVmax", "nKm-nKm", "nV-nVmax", "nV-nKm", "nV-nV"))
				, as.character(c("CMultStdev", "tvVmax", "tvKm", "tvV", "tvKa", "stdev0", "nVmax-nVmax", "nKm-nVmax", "nKm-nKm", "nV-nVmax", "nV-nKm", "nV-nV"))
				)
			)
		, "Inverse" = matrix(
			as.numeric(c(4316.3828, -6.8111136, 6.6932586, 459.25853, -605.16601, 82.971994, 83.123232, -1156.1196, 79.332901, 97.883162, -253.51901, -235.38007, -6.8111136, 0.051502722, -0.045196064, -2.277974,  1.893614, -3.2807831, 0.039815398, 3.7642754, -2.0186769, -1.2776139, -4.0105105, 2.5817281, 6.6932586, -0.045196064, 0.078202234, 2.8051533, -8.6564823, 1.6531753, -4.4990542, -4.0466035, 1.1959278, 0.24688019, 1.6558551, 0.089064048, 459.25853, -2.277974, 2.8051533, 126.80667, -250.95396,  143.1726, -81.00396, -207.75466, 50.988978, 31.512706, 131.61108, -66.119062, -605.16601,  1.893614, -8.6564823, -250.95396, 1719.1871, 283.13451, 822.00761,  52.76522, -79.19859, 95.478501, 495.19513, -374.33711, 82.971994, -3.2807831, 1.6531753,  143.1726, 283.13451, 2509.0511, 337.50743, -71.155356, -327.6578, -482.97534, 1292.8674, -399.10887, 83.123232, 0.039815398, -4.4990542, -81.00396, 822.00761, 337.50743, 2579.4051, -546.44709, -472.75359, -567.23001, 1915.4094, -847.46171, -1156.1196, 3.7642754, -4.0466035, -207.75466,  52.76522, -71.155356, -546.44709, 3395.0789,  1040.721, -423.22686, -2901.0924, 630.58285, 79.332901, -2.0186769, 1.1959278, 50.988978, -79.19859, -327.6578, -472.75359,  1040.721, 1271.8458, -292.30747, -1480.0693, 239.65528, 97.883162, -1.2776139, 0.24688019, 31.512706, 95.478501, -482.97534, -567.23001, -423.22686, -292.30747, 1852.3366, 378.72868, -682.76651, -253.51901, -4.0105105, 1.6558551, 131.61108, 495.19513, 1292.8674, 1915.4094, -2901.0924, -1480.0693, 378.72868, 4555.5329, -1361.1004, -235.38007, 2.5817281, 0.089064048, -66.119062, -374.33711, -399.10887, -847.46171, 630.58285, 239.65528, -682.76651, -1361.1004,  907.1071))
			, nrow = 12, ncol = 12
			, dimnames = list(
				as.character(c("CMultStdev", "tvVmax", "tvKm", "tvV", "tvKa", "stdev0", "nVmax-nVmax", "nKm-nVmax", "nKm-nKm", "nV-nVmax", "nV-nKm", "nV-nV"))
				, as.character(c("CMultStdev", "tvVmax", "tvKm", "tvV", "tvKa", "stdev0", "nVmax-nVmax", "nKm-nVmax", "nKm-nKm", "nV-nVmax", "nV-nKm", "nV-nV"))
				)
			)
		, "LLTable" = data.frame(
			id = as.character(c( "1", "2", "3", "4", "5", "6", "7", "8", "9", "10", "11", "12", "13", "14", "15", "16", "17", "18", "19", "20", "21", "22", "23", "24", "25", "26", "27", "28", "29", "30", "31", "32", "33", "34", "35", "36", "37", "38", "39", "40", "41", "42", "43", "44", "45", "46", "47", "48", "49", "50", "51", "52", "53", "54", "55", "56", "57", "58", "59", "60"))
			, "LL" = c(-47.389501, -60.095915, -54.649903, -54.336357, -50.029019, -80.902164, -52.436235, -50.23965, -49.090517, -55.582966, -48.599438, -56.627911, -53.061869, -53.993279, -50.977924, -60.291919, -57.111926, -53.060058, -54.977923, -52.013937, -52.77739, -45.701144, -51.875985, -65.233491, -55.874678, -54.988748, -48.78689, -59.733278, -53.715357, -51.134482, -52.988493, -60.60821, -52.55908, -55.010543, -51.585951, -55.072566, -49.821698, -61.560985, -53.835061, -54.617542, -53.261125, -62.880524, -56.476916, -50.548603, -56.433058, -53.040198, -49.464418, -50.101751, -56.973608, -54.340171, -60.147753, -48.582373, -54.806103, -52.594926, -52.215544, -51.056341, -62.543486, -53.974288, -63.712126, -57.754866)
			) # end of LLTable
		, "residuals" = data.frame(
			  ID1 = as.character(c(  "",   "",   "",   "",   "",   "",   "",   "",   "",   "",   "",   "",   "",   "",   "",   "",   "",   "",   "",   "",   "",   "",   "",   "",   "",   "",   "",   "",   "",   "",   "",   "",   "",   "",   "",   "",   "",   "",   "",   "",   "",   "",   "",   "",   "",   "",   "",   "",   "",   "",   "",   "",   "",   "",   "",   "",   "",   "",   "",   "",   "",   "",   "",   "",   "",   "",   "",   "",   "",   "",   "",   "",   "",   "",   "",   "",   "",   "",   "",   "",   "",   "",   "",   "",   "",   "",   "",   "",   "",   "",   "",   "",   "",   "",   "",   "",   "",   "",   "",   "",   "",   "",   "",   "",   "",   "",   "",   "",   "",   "",   "",   "",   "",   "",   "",   "",   "",   "",   "",   "",   "",   "",   "",   "",   "",   "",   "",   "",   "",   "",   "",   "",   "",   "",   "",   "",   "",   "",   "",   "",   "",   "",   "",   "",   "",   "",   "",   "",   "",   "",   "",   "",   "",   "",   "",   "",   "",   "",   "",   "",   "",   "",   "",   "",   "",   "",   "",   "",   "",   "",   "",   "",   "",   "",   "",   "",   "",   "",   "",   "",   "",   "",   "",   "",   "",   "",   "",   "",   "",   "",   "",   "",   "",   "",   "",   "",   "",   "",   "",   "",   "",   "",   "",   "",   "",   "",   "",   "",   "",   "",   "",   "",   "",   "",   "",   "",   "",   "",   "",   "",   "",   "",   "",   "",   "",   "",   "",   "",   "",   "",   "",   "",   "",   "",   "",   "",   "",   "",   "",   "",   "",   "",   "",   "",   "",   "",   "",   "",   "",   "",   "",   "",   "",   "",   "",   "",   "",   "",   "",   "",   "",   "",   "",   "",   "",   "",   "",   "",   "",   "",   "",   "",   "",   "",   "",   "",   "",   "",   "",   "",   "",   "",   "",   "",   "",   "",   "",   "",   "",   "",   "",   "",   "",   "",   "",   "",   "",   "",   "",   "",   "",   "",   "",   "",   "",   "",   "",   "",   "",   "",   "",   "",   "",   "",   "",   "",   "",   "",   "",   "",   "",   "",   "",   "",   "",   "",   "",   "",   "",   "",   "",   "",   "",   "",   "",   "",   "",   "",   "",   "",   "",   "",   "",   "",   "",   "",   "",   "",   "",   "",   "",   "",   "",   "",   "",   "",   "",   "",   "",   "",   "",   "",   "",   "",   "",   "",   "",   "",   "",   "",   "",   "",   "",   "",   "",   "",   "",   "",   "",   "",   "",   "",   "",   "",   "",   "",   "",   "",   "",   "",   "",   "",   "",   "",   "",   "",   "",   "",   "",   "",   "",   "",   "",   "",   "",   "",   "",   "",   "",   "",   "",   "",   "",   "",   "",   "",   "",   "",   "",   "",   "",   "",   "",   "",   "",   "",   "",   "",   "",   "",   "",   "",   "",   "",   "",   "",   "",   "",   "",   "",   "",   "",   "",   "",   "",   "",   "",   "",   "",   "",   "",   "",   "",   "",   "",   "",   "",   "",   "",   "",   "",   "",   "",   "",   "",   "",   "",   "",   "",   "",   "",   "",   "",   "",   "",   "",   "",   "",   "",   ""))
			, ID2 = as.character(c(  "",   "",   "",   "",   "",   "",   "",   "",   "",   "",   "",   "",   "",   "",   "",   "",   "",   "",   "",   "",   "",   "",   "",   "",   "",   "",   "",   "",   "",   "",   "",   "",   "",   "",   "",   "",   "",   "",   "",   "",   "",   "",   "",   "",   "",   "",   "",   "",   "",   "",   "",   "",   "",   "",   "",   "",   "",   "",   "",   "",   "",   "",   "",   "",   "",   "",   "",   "",   "",   "",   "",   "",   "",   "",   "",   "",   "",   "",   "",   "",   "",   "",   "",   "",   "",   "",   "",   "",   "",   "",   "",   "",   "",   "",   "",   "",   "",   "",   "",   "",   "",   "",   "",   "",   "",   "",   "",   "",   "",   "",   "",   "",   "",   "",   "",   "",   "",   "",   "",   "",   "",   "",   "",   "",   "",   "",   "",   "",   "",   "",   "",   "",   "",   "",   "",   "",   "",   "",   "",   "",   "",   "",   "",   "",   "",   "",   "",   "",   "",   "",   "",   "",   "",   "",   "",   "",   "",   "",   "",   "",   "",   "",   "",   "",   "",   "",   "",   "",   "",   "",   "",   "",   "",   "",   "",   "",   "",   "",   "",   "",   "",   "",   "",   "",   "",   "",   "",   "",   "",   "",   "",   "",   "",   "",   "",   "",   "",   "",   "",   "",   "",   "",   "",   "",   "",   "",   "",   "",   "",   "",   "",   "",   "",   "",   "",   "",   "",   "",   "",   "",   "",   "",   "",   "",   "",   "",   "",   "",   "",   "",   "",   "",   "",   "",   "",   "",   "",   "",   "",   "",   "",   "",   "",   "",   "",   "",   "",   "",   "",   "",   "",   "",   "",   "",   "",   "",   "",   "",   "",   "",   "",   "",   "",   "",   "",   "",   "",   "",   "",   "",   "",   "",   "",   "",   "",   "",   "",   "",   "",   "",   "",   "",   "",   "",   "",   "",   "",   "",   "",   "",   "",   "",   "",   "",   "",   "",   "",   "",   "",   "",   "",   "",   "",   "",   "",   "",   "",   "",   "",   "",   "",   "",   "",   "",   "",   "",   "",   "",   "",   "",   "",   "",   "",   "",   "",   "",   "",   "",   "",   "",   "",   "",   "",   "",   "",   "",   "",   "",   "",   "",   "",   "",   "",   "",   "",   "",   "",   "",   "",   "",   "",   "",   "",   "",   "",   "",   "",   "",   "",   "",   "",   "",   "",   "",   "",   "",   "",   "",   "",   "",   "",   "",   "",   "",   "",   "",   "",   "",   "",   "",   "",   "",   "",   "",   "",   "",   "",   "",   "",   "",   "",   "",   "",   "",   "",   "",   "",   "",   "",   "",   "",   "",   "",   "",   "",   "",   "",   "",   "",   "",   "",   "",   "",   "",   "",   "",   "",   "",   "",   "",   "",   "",   "",   "",   "",   "",   "",   "",   "",   "",   "",   "",   "",   "",   "",   "",   "",   "",   "",   "",   "",   "",   "",   "",   "",   "",   "",   "",   "",   "",   "",   "",   "",   "",   "",   "",   "",   "",   "",   "",   "",   "",   "",   "",   "",   "",   "",   "",   "",   "",   "",   "",   "",   "",   "",   "",   "",   "",   "",   ""))
			, ID3 = as.character(c(  "",   "",   "",   "",   "",   "",   "",   "",   "",   "",   "",   "",   "",   "",   "",   "",   "",   "",   "",   "",   "",   "",   "",   "",   "",   "",   "",   "",   "",   "",   "",   "",   "",   "",   "",   "",   "",   "",   "",   "",   "",   "",   "",   "",   "",   "",   "",   "",   "",   "",   "",   "",   "",   "",   "",   "",   "",   "",   "",   "",   "",   "",   "",   "",   "",   "",   "",   "",   "",   "",   "",   "",   "",   "",   "",   "",   "",   "",   "",   "",   "",   "",   "",   "",   "",   "",   "",   "",   "",   "",   "",   "",   "",   "",   "",   "",   "",   "",   "",   "",   "",   "",   "",   "",   "",   "",   "",   "",   "",   "",   "",   "",   "",   "",   "",   "",   "",   "",   "",   "",   "",   "",   "",   "",   "",   "",   "",   "",   "",   "",   "",   "",   "",   "",   "",   "",   "",   "",   "",   "",   "",   "",   "",   "",   "",   "",   "",   "",   "",   "",   "",   "",   "",   "",   "",   "",   "",   "",   "",   "",   "",   "",   "",   "",   "",   "",   "",   "",   "",   "",   "",   "",   "",   "",   "",   "",   "",   "",   "",   "",   "",   "",   "",   "",   "",   "",   "",   "",   "",   "",   "",   "",   "",   "",   "",   "",   "",   "",   "",   "",   "",   "",   "",   "",   "",   "",   "",   "",   "",   "",   "",   "",   "",   "",   "",   "",   "",   "",   "",   "",   "",   "",   "",   "",   "",   "",   "",   "",   "",   "",   "",   "",   "",   "",   "",   "",   "",   "",   "",   "",   "",   "",   "",   "",   "",   "",   "",   "",   "",   "",   "",   "",   "",   "",   "",   "",   "",   "",   "",   "",   "",   "",   "",   "",   "",   "",   "",   "",   "",   "",   "",   "",   "",   "",   "",   "",   "",   "",   "",   "",   "",   "",   "",   "",   "",   "",   "",   "",   "",   "",   "",   "",   "",   "",   "",   "",   "",   "",   "",   "",   "",   "",   "",   "",   "",   "",   "",   "",   "",   "",   "",   "",   "",   "",   "",   "",   "",   "",   "",   "",   "",   "",   "",   "",   "",   "",   "",   "",   "",   "",   "",   "",   "",   "",   "",   "",   "",   "",   "",   "",   "",   "",   "",   "",   "",   "",   "",   "",   "",   "",   "",   "",   "",   "",   "",   "",   "",   "",   "",   "",   "",   "",   "",   "",   "",   "",   "",   "",   "",   "",   "",   "",   "",   "",   "",   "",   "",   "",   "",   "",   "",   "",   "",   "",   "",   "",   "",   "",   "",   "",   "",   "",   "",   "",   "",   "",   "",   "",   "",   "",   "",   "",   "",   "",   "",   "",   "",   "",   "",   "",   "",   "",   "",   "",   "",   "",   "",   "",   "",   "",   "",   "",   "",   "",   "",   "",   "",   "",   "",   "",   "",   "",   "",   "",   "",   "",   "",   "",   "",   "",   "",   "",   "",   "",   "",   "",   "",   "",   "",   "",   "",   "",   "",   "",   "",   "",   "",   "",   "",   "",   "",   "",   "",   "",   "",   "",   "",   "",   "",   "",   "",   "",   "",   "",   "",   "",   "",   "",   "",   ""))
			, ID4 = as.character(c(  "",   "",   "",   "",   "",   "",   "",   "",   "",   "",   "",   "",   "",   "",   "",   "",   "",   "",   "",   "",   "",   "",   "",   "",   "",   "",   "",   "",   "",   "",   "",   "",   "",   "",   "",   "",   "",   "",   "",   "",   "",   "",   "",   "",   "",   "",   "",   "",   "",   "",   "",   "",   "",   "",   "",   "",   "",   "",   "",   "",   "",   "",   "",   "",   "",   "",   "",   "",   "",   "",   "",   "",   "",   "",   "",   "",   "",   "",   "",   "",   "",   "",   "",   "",   "",   "",   "",   "",   "",   "",   "",   "",   "",   "",   "",   "",   "",   "",   "",   "",   "",   "",   "",   "",   "",   "",   "",   "",   "",   "",   "",   "",   "",   "",   "",   "",   "",   "",   "",   "",   "",   "",   "",   "",   "",   "",   "",   "",   "",   "",   "",   "",   "",   "",   "",   "",   "",   "",   "",   "",   "",   "",   "",   "",   "",   "",   "",   "",   "",   "",   "",   "",   "",   "",   "",   "",   "",   "",   "",   "",   "",   "",   "",   "",   "",   "",   "",   "",   "",   "",   "",   "",   "",   "",   "",   "",   "",   "",   "",   "",   "",   "",   "",   "",   "",   "",   "",   "",   "",   "",   "",   "",   "",   "",   "",   "",   "",   "",   "",   "",   "",   "",   "",   "",   "",   "",   "",   "",   "",   "",   "",   "",   "",   "",   "",   "",   "",   "",   "",   "",   "",   "",   "",   "",   "",   "",   "",   "",   "",   "",   "",   "",   "",   "",   "",   "",   "",   "",   "",   "",   "",   "",   "",   "",   "",   "",   "",   "",   "",   "",   "",   "",   "",   "",   "",   "",   "",   "",   "",   "",   "",   "",   "",   "",   "",   "",   "",   "",   "",   "",   "",   "",   "",   "",   "",   "",   "",   "",   "",   "",   "",   "",   "",   "",   "",   "",   "",   "",   "",   "",   "",   "",   "",   "",   "",   "",   "",   "",   "",   "",   "",   "",   "",   "",   "",   "",   "",   "",   "",   "",   "",   "",   "",   "",   "",   "",   "",   "",   "",   "",   "",   "",   "",   "",   "",   "",   "",   "",   "",   "",   "",   "",   "",   "",   "",   "",   "",   "",   "",   "",   "",   "",   "",   "",   "",   "",   "",   "",   "",   "",   "",   "",   "",   "",   "",   "",   "",   "",   "",   "",   "",   "",   "",   "",   "",   "",   "",   "",   "",   "",   "",   "",   "",   "",   "",   "",   "",   "",   "",   "",   "",   "",   "",   "",   "",   "",   "",   "",   "",   "",   "",   "",   "",   "",   "",   "",   "",   "",   "",   "",   "",   "",   "",   "",   "",   "",   "",   "",   "",   "",   "",   "",   "",   "",   "",   "",   "",   "",   "",   "",   "",   "",   "",   "",   "",   "",   "",   "",   "",   "",   "",   "",   "",   "",   "",   "",   "",   "",   "",   "",   "",   "",   "",   "",   "",   "",   "",   "",   "",   "",   "",   "",   "",   "",   "",   "",   "",   "",   "",   "",   "",   "",   "",   "",   "",   "",   "",   "",   "",   "",   "",   "",   "",   "",   "",   "",   "",   "",   "",   ""))
			, ID5 = as.character(c( "1",  "1",  "1",  "1",  "1",  "1",  "1",  "1",  "2",  "2",  "2",  "2",  "2",  "2",  "2",  "2",  "3",  "3",  "3",  "3",  "3",  "3",  "3",  "3",  "4",  "4",  "4",  "4",  "4",  "4",  "4",  "4",  "5",  "5",  "5",  "5",  "5",  "5",  "5",  "5",  "6",  "6",  "6",  "6",  "6",  "6",  "6",  "6",  "7",  "7",  "7",  "7",  "7",  "7",  "7",  "7",  "8",  "8",  "8",  "8",  "8",  "8",  "8",  "8",  "9",  "9",  "9",  "9",  "9",  "9",  "9",  "9", "10", "10", "10", "10", "10", "10", "10", "10", "11", "11", "11", "11", "11", "11", "11", "11", "12", "12", "12", "12", "12", "12", "12", "12", "13", "13", "13", "13", "13", "13", "13", "13", "14", "14", "14", "14", "14", "14", "14", "14", "15", "15", "15", "15", "15", "15", "15", "15", "16", "16", "16", "16", "16", "16", "16", "16", "17", "17", "17", "17", "17", "17", "17", "17", "18", "18", "18", "18", "18", "18", "18", "18", "19", "19", "19", "19", "19", "19", "19", "19", "20", "20", "20", "20", "20", "20", "20", "20", "21", "21", "21", "21", "21", "21", "21", "21", "22", "22", "22", "22", "22", "22", "22", "22", "23", "23", "23", "23", "23", "23", "23", "23", "24", "24", "24", "24", "24", "24", "24", "24", "25", "25", "25", "25", "25", "25", "25", "25", "26", "26", "26", "26", "26", "26", "26", "26", "27", "27", "27", "27", "27", "27", "27", "27", "28", "28", "28", "28", "28", "28", "28", "28", "29", "29", "29", "29", "29", "29", "29", "29", "30", "30", "30", "30", "30", "30", "30", "30", "31", "31", "31", "31", "31", "31", "31", "31", "32", "32", "32", "32", "32", "32", "32", "32", "33", "33", "33", "33", "33", "33", "33", "33", "34", "34", "34", "34", "34", "34", "34", "34", "35", "35", "35", "35", "35", "35", "35", "35", "36", "36", "36", "36", "36", "36", "36", "36", "37", "37", "37", "37", "37", "37", "37", "37", "38", "38", "38", "38", "38", "38", "38", "38", "39", "39", "39", "39", "39", "39", "39", "39", "40", "40", "40", "40", "40", "40", "40", "40", "41", "41", "41", "41", "41", "41", "41", "41", "42", "42", "42", "42", "42", "42", "42", "42", "43", "43", "43", "43", "43", "43", "43", "43", "44", "44", "44", "44", "44", "44", "44", "44", "45", "45", "45", "45", "45", "45", "45", "45", "46", "46", "46", "46", "46", "46", "46", "46", "47", "47", "47", "47", "47", "47", "47", "47", "48", "48", "48", "48", "48", "48", "48", "48", "49", "49", "49", "49", "49", "49", "49", "49", "50", "50", "50", "50", "50", "50", "50", "50", "51", "51", "51", "51", "51", "51", "51", "51", "52", "52", "52", "52", "52", "52", "52", "52", "53", "53", "53", "53", "53", "53", "53", "53", "54", "54", "54", "54", "54", "54", "54", "54", "55", "55", "55", "55", "55", "55", "55", "55", "56", "56", "56", "56", "56", "56", "56", "56", "57", "57", "57", "57", "57", "57", "57", "57", "58", "58", "58", "58", "58", "58", "58", "58", "59", "59", "59", "59", "59", "59", "59", "59", "60", "60", "60", "60", "60", "60", "60", "60"))
			, IVAR = c(0.64, 1.99, 6.43, 12.03, 22.28, 48.91, 80.15, 138.94, 0.51, 2.49, 6.29, 11.18, 25.51, 43.72, 84.69, 123.55, 0.48, 2, 6.04, 11.31, 22.67, 47.36, 103.04, 108, 0.53, 2.07, 6.67, 11.64, 24.9, 49.3, 90.93, 135.41, 0.56, 2.15, 7.03, 12.69, 21.12, 45.33, 84.94, 114.45, 0.47, 2.01, 5.48, 12.19, 22.48, 57.28, 103.13, 131.43, 0.52, 2.37, 5.63, 11.46, 27.7, 44.98, 94.03, 115.38, 0.48, 1.94, 6.3, 11.79, 22.82, 54.9, 93.96, 117.86, 0.5, 2.15, 5.96, 11.95, 22.42, 46.47, 96.58, 113.14, 0.53, 1.72, 6.19, 10.29, 23.29, 45.53, 89.94, 119.32, 0.41, 2.25, 5.08, 11.46, 21.47, 44.53, 118.28, 120.21, 0.44, 1.7, 6.28, 11.98, 23.25, 43.74, 82.73, 107.77, 0.55, 1.88, 5.22, 14.47, 25.04, 46.87, 106.72, 131.12, 0.47, 2.49, 5.85, 10.41, 23.66, 49.01, 120.92, 121.28, 0.52, 1.98, 5.8, 11.96, 25.97, 59.07, 106.39, 135.41, 0.44, 2.21, 6.13, 10.36, 25.28, 47.24, 111.14, 111.15, 0.48, 1.82, 5.89, 12.49, 22.31, 52.16, 85.08, 108.06, 0.58, 1.81, 6.25, 11.55, 25, 56.83, 112.51, 116.09, 0.4, 2.57, 6.41, 12.67, 23.97, 50.51, 94.43, 125.16, 0.48, 1.74, 6.62, 13.97, 23.27, 42.35, 102.37, 119.46, 0.42, 2, 5.63, 11.6, 21.38, 57.48, 92.87, 102.2, 0.51, 2.05, 5.44, 8.99, 22.51, 50.82, 95.43, 118.83, 0.53, 1.78, 6.7, 11.99, 25.76, 53.23, 98.17, 109.91, 0.56, 1.64, 5.68, 11.7, 23.6, 53.16, 97.32, 124.99, 0.5, 1.95, 6.43, 13.46, 18.87, 50.83, 99.67, 115, 0.55, 1.92, 5.83, 13.07, 28.5, 49.31, 92.03, 106.55, 0.48, 1.82, 5.85, 12.48, 22.04, 62.56, 97.51, 134.36, 0.4, 2.15, 5.26, 13.16, 24.97, 46.08, 109.59, 111.87, 0.47, 1.81, 5.61, 13.19, 25.06, 53.08, 92.33, 124.6, 0.51, 1.73, 7.17, 12.16, 25.91, 52.81, 95.52, 116.39, 0.55, 1.8, 7.31, 11.55, 28.32, 55.84, 96.8, 127, 0.45, 2.07, 6.66, 12.12, 22.93, 44.95, 95.66, 133.54, 0.48, 1.98, 5.27, 12.61, 27.35, 55.75, 99.54, 104.15, 0.52, 2.09, 5.79, 12.21, 22.01, 51.37, 92.91, 102.57, 0.48, 2.29, 5.8, 12.91, 26.38, 48.02, 92.68, 113.81, 0.54, 1.8, 6.15, 11.66, 19.14, 41.69, 105.21, 117.73, 0.54, 2.42, 6.95, 12.84, 24.93, 47.08, 112.41, 127.37, 0.44, 1.97, 4.95, 11.77, 18.52, 54.74, 90.09, 114.95, 0.49, 2.13, 6.42, 12.7, 22.66, 41.88, 92.34, 123.38, 0.46, 1.99, 5.34, 11.99, 24.31, 47.3, 94.44, 143.14, 0.54, 2.24, 5.47, 12.2, 26.94, 47.73, 77.59, 124.21, 0.41, 1.84, 6.85, 12.76, 26.77, 49.49, 94.95, 109.41, 0.59, 2.01, 5.59, 13.08, 26.72, 58.02, 90.38, 115.4, 0.48, 1.93, 5.78, 11.65, 27.72, 44.77, 92.34, 128.09, 0.56, 1.85, 5.7, 12.65, 26.57, 46.81, 83.21, 142.37, 0.58, 1.86, 5.96, 10.06, 25.41, 56.4, 81.5, 111, 0.47, 1.87, 4.9, 12.62, 20.59, 47.88, 101.86, 117.65, 0.55, 1.99, 5.62, 12.8, 22.98, 57.31, 95.82, 130.68, 0.51, 1.48, 5.23, 11.5, 24.58, 37.98, 105.69, 112.96, 0.46, 1.71, 5.19, 12.07, 25.25, 38.92, 86.83, 126.6, 0.48, 2.48, 6.8, 12.74, 24.01, 49.36, 89.46, 127.78, 0.58, 2.23, 5.53, 10.21, 23.74, 50.16, 105.18, 109.89, 0.52, 2.05, 6.76, 11.97, 23.16, 42.8, 91.16, 115.73, 0.63, 2.55, 5.9, 10.81, 19.7, 50.54, 86.08, 150.8, 0.46, 2.02, 8.78, 10.74, 24.75, 42.97, 99.4, 109.97, 0.5, 1.94, 5.33, 12.01, 26.5, 56.29, 83.69, 117.04, 0.56, 1.79, 4.66, 10.93, 21.79, 48.23, 92.2, 122.81, 0.48, 2.08, 5.78, 13.52, 22.29, 49.42, 87.87, 122.52, 0.5, 1.69, 5.91, 13.5, 25.69, 48.69, 85.21, 134.88, 0.5, 1.91, 7.07, 11.11, 24.74, 54.56, 101.96, 116.37)
