dmp.txt <- structure(
	.Data = list(
		"coefficients" = list(
			"fixed" = c("CMultStdev" = 0.493469586157967, "tvVmax" = 1963.28938023167, "tvKm" = 2855.07267626832, "tvV" = 12.8367118181915, "tvKa" = 1.0909919042898, "CEps" = 0.502759148054378)
			, "random" = list("Subject" = matrix(
				as.numeric(c(
					 0.0108531043146805,  -0.29975941248995,  0.0623426105354832
					,  0.538847959597756,  -0.213400502764562,  0.000466323730400082
					,  -0.0112198894869113,  0.559696006977861,  -0.249813870977695
					,  0.153979615164748,  -0.0760802047094042,  -0.0753406954638956
					,  -0.0401324366215465,  0.143649423388791,  -0.987937556216025
					,  0.0706263514211758,  -0.712638837704271,  -0.00377613213891584
					,  -0.442689116410272,  0.106374865674956,  0.139451021974903
					,  0.470841499968748,  0.069305651909582,  0.471411435504174
					,  0.553805548565007,  0.640543894312971,  0.0698712106442734
					,  0.144106835433158,  -0.657618054030377,  0.433414386210333
					,  -0.720497994122356,  0.492185639616036,  -0.791557571576366
					,  0.298467820869273,  0.20107233585245,  0.582977332439727
					,  -0.255912967225239,  -0.588353369638653,  0.52341048998443
					,  0.346283675350014,  -0.0204812307604981,  -0.489283225768095
					,  -0.246217098193957,  0.278131868451381,  0.651258143362476
					,  -0.0942687596787521,  0.168162743156474,  0.330056364712309
					,  0.348214759313657,  0.146079503339632,  -0.764598661676176
					,  -0.374181039281415,  0.0868302376454181,  -0.914895688425172
					,  -0.295051324020629,  0.15685774707373,  0.321561981382571
					,  -0.484768172847359,  -0.851800031849258,  0.230660661720457
					,  -0.173056399184218,  -0.193676262460916,  0.107311915391383
					,  0.54716604625163,  -0.276525025613517,  0.0246563688737925
					,  0.060512475620954,  0.5469570202804,  -0.341782330162622
					,  0.159580185544183,  -0.133024331657956,  -0.172689481461942
					,  0.0149646975493318,  0.151364722018773,  -0.853597675399814
					,  0.0191541397035949,  -0.582021652297944,  0.0202089303859017
					,  -0.322777581038801,  -0.0515687576295971,  -0.0845553998133938
					,  0.447593973742219,  0.0683695990790135,  0.473837162683741
					,  0.399468247723773,  0.641488877626291,  0.0405798710704133
					,  0.285548966164832,  -0.657131171720266,  0.406439358576623
					,  -0.680592183554881,  0.373969364446193,  -0.579029143258984
					,  0.323095547243292,  0.183469499445345,  0.457639787910685
					,  -0.267497413106633,  -0.589558591141173,  0.393744888652171
					,  0.0594211853414885,  0.086245448121343,  -0.451333340088696
					,  -0.167044851547263,  0.214611466206875,  0.530335122689064
					,  -0.0465468135556692,  0.244734086084835,  0.219509906104707
					,  0.226004684472949,  0.152719558691823,  -0.744661003051669
					,  -0.278925141649291,  0.201492896335959,  -0.72774900862745
					,  -0.257566897246572,  0.130123434185148,  0.0911705914646876
					,  -0.339409015166108,  -0.714000162280369,  0.144495308292924
					,  -0.84803693954683,  -0.0918832276700512,  0.325846232389059
					,  1.04261825409861,  -0.560742398487678,  0.0949559103110846
					,  0.279439036287656,  0.980280369047261,  -0.780078039285867
					,  0.324128294784328,  -0.501827870934557,  -0.553676198048604
					,  0.191493506656456,  0.305848126231507,  -1.23904233808626
					,  -0.103608077579743,  -0.773855808139665,  0.130215839806653
					,  -0.305351110512249,  -0.574150646479347,  -0.640269755737943
					,  0.765311314243922,  0.105508025352924,  0.875321670237973
					,  0.261805705835797,  1.18073397469995,  0.000459456349661838
					,  0.983881674237045,  -1.09311083128942,  0.668790745899942
					,  -1.07400907763982,  0.304619068686168,  -0.639058723744198
					,  0.674234570237093,  0.301546928415685,  0.455247481789368
					,  -0.502382818806324,  -1.03467718606949,  0.284611346344525
					,  -0.705826010098816,  0.450024048857993,  -0.697213009430037
					,  -0.120105369108563,  0.204706877668482,  0.603905057601178
					,  0.0789946124181995,  0.692547466713216,  0.0740823375458405
					,  0.0931379785307576,  0.30431465852009,  -1.20915782030028
					,  -0.263109361602149,  0.713155065035869,  -0.957189179111177
					,  -0.346927044691456,  0.195966863392964,  -0.559773393236612
					,  -0.269284764149742,  -0.992024514784436,  -0.0573623614083379
					))
				, nrow = 60, ncol = 3
				, dimnames = list(
					as.character(c( "1", "2", "3", "4", "5", "6", "7", "8", "9", "10"
					  , "11", "12", "13", "14", "15", "16", "17", "18", "19", "20"
					  , "21", "22", "23", "24", "25", "26", "27", "28", "29", "30"
					  , "31", "32", "33", "34", "35", "36", "37", "38", "39", "40"
					  , "41", "42", "43", "44", "45", "46", "47", "48", "49", "50"
					  , "51", "52", "53", "54", "55", "56", "57", "58", "59", "60"))
					, as.character(c("nVmax", "nKm", "nV"))
					)
				))
			)
		, "logLik" = c(-3874.97)
		, "nObs" = c(420)
		, "nSubj" = c(60)
		, "nParm" = c(12)
		, "returnCode" = c(1)
		, "omega" = matrix(
			as.numeric(c(0.228622916230312, 0.187374774448313, 0.267002925225711, 0.187374774448313, 0.170990465108838, 0.261260584935347, 0.267002925225711, 0.261260584935347, 0.542656898569963))
			, nrow = 3, ncol = 3
			, dimnames = list(
				as.character(c("nVmax", "nKm", "nV"))
				, as.character(c("nVmax", "nKm", "nV"))
				)
			)
		, "eta" = matrix(
			as.numeric(c(-0.0143412465746452, -0.0206389049789901, -0.0591000229625401, 0.182156707535426, 0.139385422479275, 0.390107244852128, 0.426798204700331, 0.373343571632451, 0.624585658538625, 0.107388035385419, 0.097135180124355, 0.152129854070609))
			, nrow = 3, ncol = 4
			, dimnames = list(
				as.character(c("nVmax", "nKm", "nV"))
				, as.character(c("mean", "var", "sd", "shrinkage"))
				)
			)
		, "eta_shrinkage" = list("Subject" = matrix(
			as.numeric(c(
				 0.100571098815051,  0.143361430937526,  0.213002154019782
				,  0.275498595188036,  0.132976554803246,  0.195643490753599
				,  0.208976711475655,  0.272597371220186,  0.0952150279590593
				,  0.220534102189871,  0.143994324540073,  0.136733069962864
				,  0.201312747547174,  0.220844982233408,  0.118949480042638
				,  0.181623385851253,  0.0638856333112537,  0.19607450076051
				,  0.11532426424065,  0.127772837024345,  0.0879024633918747
				,  0.262119234111898,  0.192050493039801,  0.265423893968566
				,  0.236039743962813,  0.280816031477808,  0.191680870583315
				,  0.25454435901439,  0.0522822624422588,  0.256426505222694
				,  0.101462830720488,  0.242940258478313,  0.108581421535584
				,  0.253431572409169,  0.222684762851541,  0.25416526608904
				,  0.104656048888156,  0.0437369748993924,  0.23384177747144
				,  0.0934809194501078,  0.221591442466556,  0.0726889017831707
				,  0.142641296007999,  0.219020023444741,  0.266338009355899
				,  0.189355916439925,  0.237106656307692,  0.208769746491991
				,  0.215849227383812,  0.221303310444302,  0.0387283995691422
				,  0.122614531661989,  0.231050444485344,  0.105228547730488
				,  0.12709667295088,  0.213666430274732,  0.136310177348215
				,  0.117382900036439,  0.0953375332345761,  0.192262950747908
				,  0.121628093796316,  0.169898569494201,  0.199464432103697
				,  0.236415126486992,  0.132292620026592,  0.182806631038272
				,  0.195213885642918,  0.231086797971684,  0.134498081759437
				,  0.19651406758623,  0.15022235015116,  0.145998143537849
				,  0.185588869574479,  0.202301950399574,  0.10679758126859
				,  0.167210996045092,  0.118237266349212,  0.187655235293936
				,  0.150304470988914,  0.118411285626407,  0.085272690593371
				,  0.229458570549889,  0.194946494746605,  0.23663357183207
				,  0.178606329941187,  0.231026759081515,  0.175160261308504
				,  0.2211907594909,  0.103101236209958,  0.219557289777211
				,  0.105437005287766,  0.195785353431103,  0.119474082519222
				,  0.209938849040821,  0.175396523616951,  0.195404002163003
				,  0.151230825681976,  0.115317789560438,  0.180243210869991
				,  0.0831931382618241,  0.196556428995867,  0.13129396870964
				,  0.165327163497071,  0.176568093508642,  0.215897658048903
				,  0.176855110587988,  0.221485037340739,  0.176759135897468
				,  0.180798912145547,  0.20476152484841,  0.0987273049116177
				,  0.151863092948866,  0.21605503303873,  0.108817702780706
				,  0.159488679223767,  0.193906847884054,  0.112942937455847
				,  0.153683385848283,  0.107320806401305,  0.161837175361305
				,  0.196701352501028,  0.388430595286821,  0.299188751648318
				,  0.315201914534261,  0.173444998100909,  0.253486684709306
				,  0.277630936948411,  0.299625886716253,  0.266954462902655
				,  0.257271619699829,  0.220895908980255,  0.21922033278455
				,  0.261854464414306,  0.274088740779927,  0.383139878606553
				,  0.19912627122391,  0.402772891404017,  0.271768140592367
				,  0.404023272898935,  0.130231639582761,  0.0739974485763437
				,  0.307263260358376,  0.319136902450277,  0.341914976211258
				,  0.142982549326544,  0.283932754509926,  0.22248748673963
				,  0.331777165512448,  0.398513344501163,  0.275520093722799
				,  0.392829311601537,  0.182704001601707,  0.406570559116042
				,  0.238989853943423,  0.165094435023459,  0.165197665932804
				,  0.36065970221819,  0.392089266550396,  0.158097985427853
				,  0.0670410642511437,  0.278093236145715,  0.38995486792996
				,  0.41632985615006,  0.169305142418535,  0.219497093166475
				,  0.236813230608793,  0.379705522427613,  0.18607995022184
				,  0.177318731581615,  0.278592240797763,  0.395739131452119
				,  0.41374124372572,  0.401883897743732,  0.39339950930409
				,  0.316649282105152,  0.24836933323729,  0.101760082098316
				,  0.38859437184091,  0.394053911985111,  0.162459932509415
				))
			, nrow = 60, ncol = 3
			, dimnames = list(
				as.character(c( "1", "2", "3", "4", "5", "6", "7", "8", "9", "10"
				  , "11", "12", "13", "14", "15", "16", "17", "18", "19", "20"
				  , "21", "22", "23", "24", "25", "26", "27", "28", "29", "30"
				  , "31", "32", "33", "34", "35", "36", "37", "38", "39", "40"
				  , "41", "42", "43", "44", "45", "46", "47", "48", "49", "50"
				  , "51", "52", "53", "54", "55", "56", "57", "58", "59", "60"))
				, as.character(c("nVmax_shrinkage", "nKm_shrinkage", "nV_shrinkage"))
				)
			))
		, "sigma" = matrix(
			as.numeric(c(0.252766760952364))
			, nrow = 1, ncol = 1
			, dimnames = list(
				as.character(c("CEps"))
				, as.character(c("CEps"))
				)
			)
		, "method" = "FOCE-ELS"
		, "varFix" = matrix(
			as.numeric(c(0.000968103683300266, -3.31103765410934, -12.022401445502, 0.0195005064180826, 0.000849593425241574, 0.00945445518537959, -3.31103765410934, 316997.569605622, 844044.700708313, -124.611294142352, -23.647390150099, -16.6642637347851, -12.022401445502, 844044.700708313, 2392640.01331112, -414.055819901884, -64.1334193956869, -229.97701296273, 0.0195005064180826, -124.611294142352, -414.055819901884, 1.24933059233141, 0.0395615937228625, -0.723703987538226, 0.000849593425241574, -23.647390150099, -64.1334193956869, 0.0395615937228625, 0.00868340799860621, 0.0380739855862324, 0.00945445518537959, -16.6642637347851, -229.97701296273, -0.723703987538226, 0.0380739855862324, 14.2630197914254))
			, nrow = 6, ncol = 6
			, dimnames = list(
				as.character(c("CMultStdev", "tvVmax", "tvKm", "tvV", "tvKa", "CEps"))
				, as.character(c("CMultStdev", "tvVmax", "tvKm", "tvV", "tvKa", "CEps"))
				)
			)
		, "omegaSE" = matrix(
			as.numeric(c(0.207930123463956, 0.106429675819458, 0.363289761432985, 0.106429675819458, 0.054645531011187, 0.156164359338218, 0.363289761432985, 0.156164359338218, 0.709860122085701))
			, nrow = 3, ncol = 3, byrow = TRUE
			, dimnames = list(
				as.character(c("nVmax", "nKm", "nV"))
				, as.character(c("nVmax", "nKm", "nV"))
				)
			)
		, "Covariance" = matrix(
			as.numeric(c(0.00096810368, -3.3110377, -12.022401, 0.019500506, 0.00084959343, 0.0094544552, -0.0015405509, -0.00094067472, -0.00027486982, -0.0024197561, -0.0012983211, -0.0038308831, -3.3110377, 316997.57,  844044.7, -124.61129, -23.64739, -16.664264,  98.78115, 49.280698, 3.1217058, 145.73374, 46.523493, 247.39069, -12.022401,  844044.7,   2392640, -414.05582, -64.133419, -229.97701, 249.16284, 125.24126, 8.8571041, 346.48057, 99.413393, 581.14269, 0.019500506, -124.61129, -414.05582, 1.2493306, 0.039561594, -0.72370399, -0.080010383, -0.036021705, 0.009344644, -0.14011985, -0.058521624, -0.23667925, 0.00084959343, -23.64739, -64.133419, 0.039561594, 0.008683408, 0.038073986, -0.010107608, -0.0050083792, -0.0010869438, -0.015056195, -0.0062549839, -0.023601502, 0.0094544552, -16.664264, -229.97701, -0.72370399, 0.038073986,  14.26302, 0.0013022903, 0.010814652, -0.04184874, 0.010181182, 0.030194441, -0.014805832, -0.0015405509,  98.78115, 249.16284, -0.080010383, -0.010107608, 0.0013022903, 0.043234936, 0.019831558, 0.0027192542, 0.071407079, 0.023938158, 0.12668538, -0.00094067472, 49.280698, 125.24126, -0.036021705, -0.0050083792, 0.010814652, 0.019831558, 0.011327276, 0.0021803089, 0.03027401, 0.01394583, 0.04994314, -0.00027486982, 3.1217058, 8.8571041, 0.009344644, -0.0010869438, -0.04184874, 0.0027192542, 0.0021803089, 0.0029861341, 0.0038105003, 0.0021059021, 0.0066970242, -0.0024197561, 145.73374, 346.48057, -0.14011985, -0.015056195, 0.010181182, 0.071407079, 0.03027401, 0.0038105003, 0.13197945, 0.042425564, 0.25033915, -0.0012983211, 46.523493, 99.413393, -0.058521624, -0.0062549839, 0.030194441, 0.023938158, 0.01394583, 0.0021059021, 0.042425564, 0.024387307, 0.072292669, -0.0038308831, 247.39069, 581.14269, -0.23667925, -0.023601502, -0.014805832, 0.12668538, 0.04994314, 0.0066970242, 0.25033915, 0.072292669, 0.50390139))
			, nrow = 12, ncol = 12
			, dimnames = list(
				as.character(c("CMultStdev", "tvVmax", "tvKm", "tvV", "tvKa", "stdev0", "nVmax-nVmax", "nKm-nVmax", "nKm-nKm", "nV-nVmax", "nV-nKm", "nV-nV"))
				, as.character(c("CMultStdev", "tvVmax", "tvKm", "tvV", "tvKa", "stdev0", "nVmax-nVmax", "nKm-nVmax", "nKm-nKm", "nV-nVmax", "nV-nKm", "nV-nV"))
				)
			)
		, "Correlation" = matrix(
			as.numeric(c(0.031114365, -0.18900584, -0.24979953, 0.56072028, 0.29302529, 0.08045811, -0.238121, -0.28406374, -0.16166331, -0.21407083, -0.26720172, -0.17344636, -0.18900584, 563.02537, 0.96916741, -0.19801165, -0.45072344, -0.0078370465, 0.84377897, 0.82240576, 0.10146339, 0.71249033, 0.52913005, 0.61898854, -0.24979953, 0.96916741, 1546.8161, -0.23948677, -0.44493914, -0.039367697, 0.77468862, 0.76075707, 0.10478483, 0.61657661, 0.4115516, 0.52926274, 0.56072028, -0.19801165, -0.23948677, 1.1177346, 0.37983063, -0.17144173, -0.34426292, -0.30280485, 0.15299225, -0.3450705, -0.33527082, -0.29829688, 0.29302529, -0.45072344, -0.44493914, 0.37983063, 0.093184806, 0.1081876, -0.52165802, -0.50499766, -0.2134555, -0.44475103, -0.42983242, -0.35679747, 0.08045811, -0.0078370465, -0.039367697, -0.17144173, 0.1081876, 3.7766413, 0.0016583823, 0.026905686, -0.20277854, 0.0074206048, 0.051196389, -0.0055227361, -0.238121, 0.84377897, 0.77468862, -0.34426292, -0.52165802, 0.0016583823, 0.20793012, 0.89614168, 0.23931932, 0.94530227, 0.7372103, 0.85829449, -0.28406374, 0.82240576, 0.76075707, -0.30280485, -0.50499766, 0.026905686, 0.89614168, 0.10642968, 0.37488722, 0.78298609, 0.83907295, 0.66105916, -0.16166331, 0.10146339, 0.10478483, 0.15299225, -0.2134555, -0.20277854, 0.23931932, 0.37488722, 0.054645531, 0.19194385, 0.24677525, 0.17264517, -0.21407083, 0.71249033, 0.61657661, -0.3450705, -0.44475103, 0.0074206048, 0.94530227, 0.78298609, 0.19194385, 0.36328976, 0.74781219, 0.9707398, -0.26720172, 0.52913005, 0.4115516, -0.33527082, -0.42983242, 0.051196389, 0.7372103, 0.83907295, 0.24677525, 0.74781219, 0.15616436, 0.65213807, -0.17344636, 0.61898854, 0.52926274, -0.29829688, -0.35679747, -0.0055227361, 0.85829449, 0.66105916, 0.17264517, 0.9707398, 0.65213807, 0.70986012))
			, nrow = 12, ncol = 12
			, dimnames = list(
				as.character(c("CMultStdev", "tvVmax", "tvKm", "tvV", "tvKa", "stdev0", "nVmax-nVmax", "nKm-nVmax", "nKm-nKm", "nV-nVmax", "nV-nKm", "nV-nV"))
				, as.character(c("CMultStdev", "tvVmax", "tvKm", "tvV", "tvKa", "stdev0", "nVmax-nVmax", "nKm-nVmax", "nKm-nKm", "nV-nVmax", "nV-nKm", "nV-nV"))
				)
			)
		, "Inverse" = matrix(
			as.numeric(c( 1884.594, -0.070248558, 0.039371623, -28.991732, 15.125611, -1.7317386, -346.25971, -4.6007782, 286.94297, 288.48559,  54.33972, -76.971148, -0.070248558, 0.00014833515, -4.4926541e-005, -0.0076441355, 0.0097279611, -0.00034043815, 0.15319293, -0.16725872, 0.10861642, -0.20444972, 0.024309347, 0.050012413, 0.039371623, -4.4926541e-005, 1.6618035e-005, 0.0019386539, 0.00073663153, 0.00016466751, -0.069093138, 0.0049156082, -0.0074014978, 0.082208092, 0.010065968, -0.021162856, -28.991732, -0.0076441355, 0.0019386539, 2.0938323, -5.3768389, 0.095694014, -5.9413955,  13.35481, -18.028266, 10.437452, -2.7953495, -2.3435253, 15.125611, 0.0097279611, 0.00073663153, -5.3768389, 196.75535, -0.51793661, 102.76197, -156.60047,  94.75561, -21.938099, 60.309479, -8.1626147, -1.7317386, -0.00034043815, 0.00016466751, 0.095694014, -0.51793661, 0.083954203, 0.98516543, -2.7494278, 1.2500947, -0.44055134, 0.88268144, 0.087660939, -346.25971, 0.15319293, -0.069093138, -5.9413955, 102.76197, 0.98516543, 2877.5822, -2006.1847,  166.9078, -2437.3546, 854.22363, 565.39367, -4.6007782, -0.16725872, 0.0049156082,  13.35481, -156.60047, -2.7494278, -2006.1847, 3384.6157, -940.40815, 1374.5732, -1250.7254, -246.77305, 286.94297, 0.10861642, -0.0074014978, -18.028266,  94.75561, 1.2500947,  166.9078, -940.40815, 833.66572, -58.508609, 268.62008, -15.906567, 288.48559, -0.20444972, 0.082208092, 10.437452, -21.938099, -0.44055134, -2437.3546, 1374.5732, -58.508609, 2516.6843, -729.9614, -656.6358,  54.33972, 0.024309347, 0.010065968, -2.7953495, 60.309479, 0.88268144, 854.22363, -1250.7254, 268.62008, -729.9614, 619.97644, 157.74133, -76.971148, 0.050012413, -0.021162856, -2.3435253, -8.1626147, 0.087660939, 565.39367, -246.77305, -15.906567, -656.6358, 157.74133, 185.88416))
			, nrow = 12, ncol = 12
			, dimnames = list(
				as.character(c("CMultStdev", "tvVmax", "tvKm", "tvV", "tvKa", "stdev0", "nVmax-nVmax", "nKm-nVmax", "nKm-nKm", "nV-nVmax", "nV-nKm", "nV-nV"))
				, as.character(c("CMultStdev", "tvVmax", "tvKm", "tvV", "tvKa", "stdev0", "nVmax-nVmax", "nKm-nVmax", "nKm-nKm", "nV-nVmax", "nV-nKm", "nV-nV"))
				)
			)
		, "LLTable" = data.frame(
			id = as.character(c( "1", "2", "3", "4", "5", "6", "7", "8", "9", "10", "11", "12", "13", "14", "15", "16", "17", "18", "19", "20", "21", "22", "23", "24", "25", "26", "27", "28", "29", "30", "31", "32", "33", "34", "35", "36", "37", "38", "39", "40", "41", "42", "43", "44", "45", "46", "47", "48", "49", "50", "51", "52", "53", "54", "55", "56", "57", "58", "59", "60"))
			, "LL" = c(-63.981969, -64.367195, -63.436587, -60.339834, -67.27109, -64.220186,  -62.5445, -60.958903, -66.046586, -61.719143, -64.568633, -62.96449,  -65.1363, -63.36395, -74.805725, -61.841339, -73.160688, -63.495334, -69.481666, -61.00674, -61.871529, -61.231606, -62.823322, -61.607611, -59.933935, -63.990467, -61.682806, -65.186556, -73.135691, -62.255464, -72.97006, -60.413656, -70.458381, -61.769199, -61.865536, -58.589934, -67.223061, -71.853824, -59.362405, -59.404962, -64.391834, -72.435539, -64.486336, -61.706606, -59.27022, -64.555694, -64.079374, -60.590054, -60.713177, -61.583379, -72.153492, -67.518161, -63.71822, -72.39597, -65.297043, -64.729958, -60.373369, -68.447078, -72.840303, -61.343377)
			) # end of LLTable
		, "residuals" = data.frame(
			  ID1 = as.character(c(  "",   "",   "",   "",   "",   "",   "",   "",   "",   "",   "",   "",   "",   "",   "",   "",   "",   "",   "",   "",   "",   "",   "",   "",   "",   "",   "",   "",   "",   "",   "",   "",   "",   "",   "",   "",   "",   "",   "",   "",   "",   "",   "",   "",   "",   "",   "",   "",   "",   "",   "",   "",   "",   "",   "",   "",   "",   "",   "",   "",   "",   "",   "",   "",   "",   "",   "",   "",   "",   "",   "",   "",   "",   "",   "",   "",   "",   "",   "",   "",   "",   "",   "",   "",   "",   "",   "",   "",   "",   "",   "",   "",   "",   "",   "",   "",   "",   "",   "",   "",   "",   "",   "",   "",   "",   "",   "",   "",   "",   "",   "",   "",   "",   "",   "",   "",   "",   "",   "",   "",   "",   "",   "",   "",   "",   "",   "",   "",   "",   "",   "",   "",   "",   "",   "",   "",   "",   "",   "",   "",   "",   "",   "",   "",   "",   "",   "",   "",   "",   "",   "",   "",   "",   "",   "",   "",   "",   "",   "",   "",   "",   "",   "",   "",   "",   "",   "",   "",   "",   "",   "",   "",   "",   "",   "",   "",   "",   "",   "",   "",   "",   "",   "",   "",   "",   "",   "",   "",   "",   "",   "",   "",   "",   "",   "",   "",   "",   "",   "",   "",   "",   "",   "",   "",   "",   "",   "",   "",   "",   "",   "",   "",   "",   "",   "",   "",   "",   "",   "",   "",   "",   "",   "",   "",   "",   "",   "",   "",   "",   "",   "",   "",   "",   "",   "",   "",   "",   "",   "",   "",   "",   "",   "",   "",   "",   "",   "",   "",   "",   "",   "",   "",   "",   "",   "",   "",   "",   "",   "",   "",   "",   "",   "",   "",   "",   "",   "",   "",   "",   "",   "",   "",   "",   "",   "",   "",   "",   "",   "",   "",   "",   "",   "",   "",   "",   "",   "",   "",   "",   "",   "",   "",   "",   "",   "",   "",   "",   "",   "",   "",   "",   "",   "",   "",   "",   "",   "",   "",   "",   "",   "",   "",   "",   "",   "",   "",   "",   "",   "",   "",   "",   "",   "",   "",   "",   "",   "",   "",   "",   "",   "",   "",   "",   "",   "",   "",   "",   "",   "",   "",   "",   "",   "",   "",   "",   "",   "",   "",   "",   "",   "",   "",   "",   "",   "",   "",   "",   "",   "",   "",   "",   "",   "",   "",   "",   "",   "",   "",   "",   "",   "",   "",   "",   "",   "",   "",   "",   "",   "",   "",   "",   "",   "",   "",   "",   "",   "",   "",   "",   "",   "",   "",   "",   "",   "",   "",   "",   "",   "",   "",   "",   "",   "",   "",   "",   "",   "",   "",   "",   "",   "",   "",   "",   "",   "",   "",   "",   "",   "",   ""))
			, ID2 = as.character(c(  "",   "",   "",   "",   "",   "",   "",   "",   "",   "",   "",   "",   "",   "",   "",   "",   "",   "",   "",   "",   "",   "",   "",   "",   "",   "",   "",   "",   "",   "",   "",   "",   "",   "",   "",   "",   "",   "",   "",   "",   "",   "",   "",   "",   "",   "",   "",   "",   "",   "",   "",   "",   "",   "",   "",   "",   "",   "",   "",   "",   "",   "",   "",   "",   "",   "",   "",   "",   "",   "",   "",   "",   "",   "",   "",   "",   "",   "",   "",   "",   "",   "",   "",   "",   "",   "",   "",   "",   "",   "",   "",   "",   "",   "",   "",   "",   "",   "",   "",   "",   "",   "",   "",   "",   "",   "",   "",   "",   "",   "",   "",   "",   "",   "",   "",   "",   "",   "",   "",   "",   "",   "",   "",   "",   "",   "",   "",   "",   "",   "",   "",   "",   "",   "",   "",   "",   "",   "",   "",   "",   "",   "",   "",   "",   "",   "",   "",   "",   "",   "",   "",   "",   "",   "",   "",   "",   "",   "",   "",   "",   "",   "",   "",   "",   "",   "",   "",   "",   "",   "",   "",   "",   "",   "",   "",   "",   "",   "",   "",   "",   "",   "",   "",   "",   "",   "",   "",   "",   "",   "",   "",   "",   "",   "",   "",   "",   "",   "",   "",   "",   "",   "",   "",   "",   "",   "",   "",   "",   "",   "",   "",   "",   "",   "",   "",   "",   "",   "",   "",   "",   "",   "",   "",   "",   "",   "",   "",   "",   "",   "",   "",   "",   "",   "",   "",   "",   "",   "",   "",   "",   "",   "",   "",   "",   "",   "",   "",   "",   "",   "",   "",   "",   "",   "",   "",   "",   "",   "",   "",   "",   "",   "",   "",   "",   "",   "",   "",   "",   "",   "",   "",   "",   "",   "",   "",   "",   "",   "",   "",   "",   "",   "",   "",   "",   "",   "",   "",   "",   "",   "",   "",   "",   "",   "",   "",   "",   "",   "",   "",   "",   "",   "",   "",   "",   "",   "",   "",   "",   "",   "",   "",   "",   "",   "",   "",   "",   "",   "",   "",   "",   "",   "",   "",   "",   "",   "",   "",   "",   "",   "",   "",   "",   "",   "",   "",   "",   "",   "",   "",   "",   "",   "",   "",   "",   "",   "",   "",   "",   "",   "",   "",   "",   "",   "",   "",   "",   "",   "",   "",   "",   "",   "",   "",   "",   "",   "",   "",   "",   "",   "",   "",   "",   "",   "",   "",   "",   "",   "",   "",   "",   "",   "",   "",   "",   "",   "",   "",   "",   "",   "",   "",   "",   "",   "",   "",   "",   "",   "",   "",   "",   "",   "",   "",   "",   "",   "",   "",   "",   "",   "",   "",   "",   "",   "",   "",   "",   "",   "",   "",   ""))
			, ID3 = as.character(c(  "",   "",   "",   "",   "",   "",   "",   "",   "",   "",   "",   "",   "",   "",   "",   "",   "",   "",   "",   "",   "",   "",   "",   "",   "",   "",   "",   "",   "",   "",   "",   "",   "",   "",   "",   "",   "",   "",   "",   "",   "",   "",   "",   "",   "",   "",   "",   "",   "",   "",   "",   "",   "",   "",   "",   "",   "",   "",   "",   "",   "",   "",   "",   "",   "",   "",   "",   "",   "",   "",   "",   "",   "",   "",   "",   "",   "",   "",   "",   "",   "",   "",   "",   "",   "",   "",   "",   "",   "",   "",   "",   "",   "",   "",   "",   "",   "",   "",   "",   "",   "",   "",   "",   "",   "",   "",   "",   "",   "",   "",   "",   "",   "",   "",   "",   "",   "",   "",   "",   "",   "",   "",   "",   "",   "",   "",   "",   "",   "",   "",   "",   "",   "",   "",   "",   "",   "",   "",   "",   "",   "",   "",   "",   "",   "",   "",   "",   "",   "",   "",   "",   "",   "",   "",   "",   "",   "",   "",   "",   "",   "",   "",   "",   "",   "",   "",   "",   "",   "",   "",   "",   "",   "",   "",   "",   "",   "",   "",   "",   "",   "",   "",   "",   "",   "",   "",   "",   "",   "",   "",   "",   "",   "",   "",   "",   "",   "",   "",   "",   "",   "",   "",   "",   "",   "",   "",   "",   "",   "",   "",   "",   "",   "",   "",   "",   "",   "",   "",   "",   "",   "",   "",   "",   "",   "",   "",   "",   "",   "",   "",   "",   "",   "",   "",   "",   "",   "",   "",   "",   "",   "",   "",   "",   "",   "",   "",   "",   "",   "",   "",   "",   "",   "",   "",   "",   "",   "",   "",   "",   "",   "",   "",   "",   "",   "",   "",   "",   "",   "",   "",   "",   "",   "",   "",   "",   "",   "",   "",   "",   "",   "",   "",   "",   "",   "",   "",   "",   "",   "",   "",   "",   "",   "",   "",   "",   "",   "",   "",   "",   "",   "",   "",   "",   "",   "",   "",   "",   "",   "",   "",   "",   "",   "",   "",   "",   "",   "",   "",   "",   "",   "",   "",   "",   "",   "",   "",   "",   "",   "",   "",   "",   "",   "",   "",   "",   "",   "",   "",   "",   "",   "",   "",   "",   "",   "",   "",   "",   "",   "",   "",   "",   "",   "",   "",   "",   "",   "",   "",   "",   "",   "",   "",   "",   "",   "",   "",   "",   "",   "",   "",   "",   "",   "",   "",   "",   "",   "",   "",   "",   "",   "",   "",   "",   "",   "",   "",   "",   "",   "",   "",   "",   "",   "",   "",   "",   "",   "",   "",   "",   "",   "",   "",   "",   "",   "",   "",   "",   "",   "",   "",   "",   "",   "",   "",   "",   "",   "",   "",   "",   ""))
			, ID4 = as.character(c(  "",   "",   "",   "",   "",   "",   "",   "",   "",   "",   "",   "",   "",   "",   "",   "",   "",   "",   "",   "",   "",   "",   "",   "",   "",   "",   "",   "",   "",   "",   "",   "",   "",   "",   "",   "",   "",   "",   "",   "",   "",   "",   "",   "",   "",   "",   "",   "",   "",   "",   "",   "",   "",   "",   "",   "",   "",   "",   "",   "",   "",   "",   "",   "",   "",   "",   "",   "",   "",   "",   "",   "",   "",   "",   "",   "",   "",   "",   "",   "",   "",   "",   "",   "",   "",   "",   "",   "",   "",   "",   "",   "",   "",   "",   "",   "",   "",   "",   "",   "",   "",   "",   "",   "",   "",   "",   "",   "",   "",   "",   "",   "",   "",   "",   "",   "",   "",   "",   "",   "",   "",   "",   "",   "",   "",   "",   "",   "",   "",   "",   "",   "",   "",   "",   "",   "",   "",   "",   "",   "",   "",   "",   "",   "",   "",   "",   "",   "",   "",   "",   "",   "",   "",   "",   "",   "",   "",   "",   "",   "",   "",   "",   "",   "",   "",   "",   "",   "",   "",   "",   "",   "",   "",   "",   "",   "",   "",   "",   "",   "",   "",   "",   "",   "",   "",   "",   "",   "",   "",   "",   "",   "",   "",   "",   "",   "",   "",   "",   "",   "",   "",   "",   "",   "",   "",   "",   "",   "",   "",   "",   "",   "",   "",   "",   "",   "",   "",   "",   "",   "",   "",   "",   "",   "",   "",   "",   "",   "",   "",   "",   "",   "",   "",   "",   "",   "",   "",   "",   "",   "",   "",   "",   "",   "",   "",   "",   "",   "",   "",   "",   "",   "",   "",   "",   "",   "",   "",   "",   "",   "",   "",   "",   "",   "",   "",   "",   "",   "",   "",   "",   "",   "",   "",   "",   "",   "",   "",   "",   "",   "",   "",   "",   "",   "",   "",   "",   "",   "",   "",   "",   "",   "",   "",   "",   "",   "",   "",   "",   "",   "",   "",   "",   "",   "",   "",   "",   "",   "",   "",   "",   "",   "",   "",   "",   "",   "",   "",   "",   "",   "",   "",   "",   "",   "",   "",   "",   "",   "",   "",   "",   "",   "",   "",   "",   "",   "",   "",   "",   "",   "",   "",   "",   "",   "",   "",   "",   "",   "",   "",   "",   "",   "",   "",   "",   "",   "",   "",   "",   "",   "",   "",   "",   "",   "",   "",   "",   "",   "",   "",   "",   "",   "",   "",   "",   "",   "",   "",   "",   "",   "",   "",   "",   "",   "",   "",   "",   "",   "",   "",   "",   "",   "",   "",   "",   "",   "",   "",   "",   "",   "",   "",   "",   "",   "",   "",   "",   "",   "",   "",   "",   "",   "",   "",   "",   "",   "",   "",   "",   "",   ""))
			, ID5 = as.character(c( "1",  "1",  "1",  "1",  "1",  "1",  "1",  "2",  "2",  "2",  "2",  "2",  "2",  "2",  "3",  "3",  "3",  "3",  "3",  "3",  "3",  "4",  "4",  "4",  "4",  "4",  "4",  "4",  "5",  "5",  "5",  "5",  "5",  "5",  "5",  "6",  "6",  "6",  "6",  "6",  "6",  "6",  "7",  "7",  "7",  "7",  "7",  "7",  "7",  "8",  "8",  "8",  "8",  "8",  "8",  "8",  "9",  "9",  "9",  "9",  "9",  "9",  "9", "10", "10", "10", "10", "10", "10", "10", "11", "11", "11", "11", "11", "11", "11", "12", "12", "12", "12", "12", "12", "12", "13", "13", "13", "13", "13", "13", "13", "14", "14", "14", "14", "14", "14", "14", "15", "15", "15", "15", "15", "15", "15", "16", "16", "16", "16", "16", "16", "16", "17", "17", "17", "17", "17", "17", "17", "18", "18", "18", "18", "18", "18", "18", "19", "19", "19", "19", "19", "19", "19", "20", "20", "20", "20", "20", "20", "20", "21", "21", "21", "21", "21", "21", "21", "22", "22", "22", "22", "22", "22", "22", "23", "23", "23", "23", "23", "23", "23", "24", "24", "24", "24", "24", "24", "24", "25", "25", "25", "25", "25", "25", "25", "26", "26", "26", "26", "26", "26", "26", "27", "27", "27", "27", "27", "27", "27", "28", "28", "28", "28", "28", "28", "28", "29", "29", "29", "29", "29", "29", "29", "30", "30", "30", "30", "30", "30", "30", "31", "31", "31", "31", "31", "31", "31", "32", "32", "32", "32", "32", "32", "32", "33", "33", "33", "33", "33", "33", "33", "34", "34", "34", "34", "34", "34", "34", "35", "35", "35", "35", "35", "35", "35", "36", "36", "36", "36", "36", "36", "36", "37", "37", "37", "37", "37", "37", "37", "38", "38", "38", "38", "38", "38", "38", "39", "39", "39", "39", "39", "39", "39", "40", "40", "40", "40", "40", "40", "40", "41", "41", "41", "41", "41", "41", "41", "42", "42", "42", "42", "42", "42", "42", "43", "43", "43", "43", "43", "43", "43", "44", "44", "44", "44", "44", "44", "44", "45", "45", "45", "45", "45", "45", "45", "46", "46", "46", "46", "46", "46", "46", "47", "47", "47", "47", "47", "47", "47", "48", "48", "48", "48", "48", "48", "48", "49", "49", "49", "49", "49", "49", "49", "50", "50", "50", "50", "50", "50", "50", "51", "51", "51", "51", "51", "51", "51", "52", "52", "52", "52", "52", "52", "52", "53", "53", "53", "53", "53", "53", "53", "54", "54", "54", "54", "54", "54", "54", "55", "55", "55", "55", "55", "55", "55", "56", "56", "56", "56", "56", "56", "56", "57", "57", "57", "57", "57", "57", "57", "58", "58", "58", "58", "58", "58", "58", "59", "59", "59", "59", "59", "59", "59", "60", "60", "60", "60", "60", "60", "60"))
			, IVAR = c(0.64, 1.99, 6.43, 12.03, 22.28, 48.91, 80.15, 0.58, 2.03, 7.46, 12.58, 22.36, 51.02, 87.44, 0.44, 2.06, 5.74, 12, 24.18, 45.25, 90.69, 0.49, 2.25, 5.15, 12.73, 24.81, 53.38, 93.12, 0.52, 2.05, 5.68, 13.54, 26.95, 51.48, 112.51, 0.53, 1.76, 5.67, 10.62, 22.89, 45.11, 96.41, 0.46, 2.03, 5.62, 14.32, 25.78, 52.57, 99.76, 0.59, 1.88, 5.73, 13.85, 22.49, 47.01, 92.3, 0.48, 1.94, 6.3, 11.79, 22.82, 54.9, 93.96, 0.49, 1.98, 6.44, 11.91, 23.91, 44.84, 92.94, 0.5, 1.89, 6.33, 10.31, 24.75, 41.16, 93.15, 0.47, 1.87, 5.97, 9.91, 27, 40.64, 91.65, 0.45, 1.86, 7.39, 12.02, 21.1, 40.74, 100.42, 0.5, 1.94, 5.47, 10.34, 21.55, 53.05, 90.22, 0.44, 2.41, 6.26, 11.72, 26.68, 52.45, 90.24, 0.62, 1.95, 5.2, 11.83, 24.5, 60.46, 97.02, 0.52, 1.98, 5.8, 11.96, 25.97, 59.07, 106.39, 0.56, 1.77, 6.62, 12.27, 20.72, 50.57, 94.49, 0.58, 1.85, 5.75, 10.94, 23.58, 49.97, 89.23, 0.54, 1.77, 5.4, 13.86, 21.68, 50.02, 92.41, 0.52, 2.37, 7.03, 11.61, 19.1, 61.62, 102.62, 0.53, 2, 6.31, 11.8, 25.03, 46.12, 83.71, 0.55, 2.33, 5.82, 10.59, 25.59, 47.79, 80.72, 0.5, 1.88, 5.8, 10.69, 28.74, 46.44, 81.76, 0.51, 2.05, 5.44, 8.99, 22.51, 50.82, 95.43, 0.5, 2.12, 5.33, 13.39, 23.99, 51.52, 106.46, 0.51, 1.83, 6.74, 9.82, 22.73, 46.79, 94.42, 0.55, 2.03, 6.25, 11.92, 23.41, 51.46, 107.66, 0.39, 2.12, 6.23, 11.5, 26.39, 46.17, 93.31, 0.54, 2.38, 6.16, 11.5, 21.31, 46.44, 87.39, 0.49, 2.08, 5.51, 15.64, 24.38, 53.74, 76.36, 0.54, 1.75, 6.58, 12.49, 23.04, 54.8, 89.5, 0.47, 1.81, 5.61, 13.19, 25.06, 53.08, 92.33, 0.52, 2.05, 5.2, 14.34, 24.32, 51.82, 105.62, 0.5, 1.94, 6.56, 10.81, 29.23, 46.19, 113.27, 0.58, 2.02, 6.35, 10.83, 24.79, 53.28, 96.96, 0.48, 1.87, 5.98, 13.35, 22.87, 47.42, 84.35, 0.53, 2.28, 6.97, 13.02, 19.91, 50.37, 100.48, 0.48, 2.03, 5.5, 12.84, 23.23, 41.03, 92.54, 0.57, 1.93, 6.46, 13.19, 24.01, 46.34, 91.05, 0.54, 1.8, 6.15, 11.66, 19.14, 41.69, 105.21, 0.49, 2.17, 7.25, 13.91, 25.68, 49.86, 94.17, 0.59, 2.12, 5.34, 11.81, 19.81, 47.07, 74.08, 0.57, 1.88, 5.75, 11.8, 25.52, 51.37, 101.61, 0.47, 1.75, 5.77, 12.34, 22.1, 47.67, 85.42, 0.5, 2.03, 5.91, 11.8, 28.63, 51.8, 107.29, 0.46, 2.03, 6.73, 11.93, 19.4, 49.68, 79.35, 0.46, 2.28, 6.38, 13.38, 24.75, 47.47, 87.52, 0.59, 2.01, 5.59, 13.08, 26.72, 58.02, 90.38, 0.48, 1.92, 5.78, 11.57, 23.3, 55.44, 89.53, 0.48, 2.13, 6.71, 11.11, 22.81, 50.58, 106.28, 0.49, 1.73, 7.12, 13.85, 22.35, 47.69, 80.51, 0.53, 2.35, 5.09, 11.1, 22.51, 44.84, 78.34, 0.53, 1.72, 5.99, 12.73, 23.53, 52.48, 95.75, 0.47, 2.13, 5.75, 14.33, 23.96, 52.27, 97.99, 0.37, 1.74, 5.75, 12.29, 18.99, 52.85, 90.37, 0.46, 1.71, 5.19, 12.07, 25.25, 38.92, 86.83, 0.53, 1.91, 7.45, 13.59, 25.47, 48.02, 98.72, 0.47, 2.13, 6.96, 13.37, 22.13, 40.83, 94.95, 0.52, 2.29, 5.26, 12.45, 24.57, 54.09, 95.73)
			, TAD = c(0.64, 1.99, 6.43, 12.03, 22.28, 48.91, 80.15, 0.58, 2.03, 7.46, 12.58, 22.36, 51.02, 87.44, 0.44, 2.06, 5.74, 12, 24.18, 45.25, 90.69, 0.49, 2.25, 5.15, 12.73, 24.81, 53.38, 93.12, 0.52, 2.05, 5.68, 13.54, 26.95, 51.48, 112.51, 0.53, 1.76, 5.67, 10.62, 22.89, 45.11, 96.41, 0.46, 2.03, 5.62, 14.32, 25.78, 52.57, 99.76, 0.59, 1.88, 5.73, 13.85, 22.49, 47.01, 92.3, 0.48, 1.94, 6.3, 11.79, 22.82, 54.9, 93.96, 0.49, 1.98, 6.44, 11.91, 23.91, 44.84, 92.94, 0.5, 1.89, 6.33, 10.31, 24.75, 41.16, 93.15, 0.47, 1.87, 5.97, 9.91, 27, 40.64, 91.65, 0.45, 1.86, 7.39, 12.02, 21.1, 40.74, 100.42, 0.5, 1.94, 5.47, 10.34, 21.55, 53.05, 90.22, 0.44, 2.41, 6.26, 11.72, 26.68, 52.45, 90.24, 0.62, 1.95, 5.2, 11.83, 24.5, 60.46, 97.02, 0.52, 1.98, 5.8, 11.96, 25.97, 59.07, 106.39, 0.56, 1.77, 6.62, 12.27, 20.72, 50.57, 94.49, 0.58, 1.85, 5.75, 10.94, 23.58, 49.97, 89.23, 0.54, 1.77, 5.4, 13.86, 21.68, 50.02, 92.41, 0.52, 2.37, 7.03, 11.61, 19.1, 61.62, 102.62, 0.53, 2, 6.31, 11.8, 25.03, 46.12, 83.71, 0.55, 2.33, 5.82, 10.59, 25.59, 47.79, 80.72, 0.5, 1.88, 5.8, 10.69, 28.74, 46.44, 81.76, 0.51, 2.05, 5.44, 8.99, 22.51, 50.82, 95.43, 0.5, 2.12, 5.33, 13.39, 23.99, 51.52, 106.46, 0.51, 1.83, 6.74, 9.82, 22.73, 46.79, 94.42, 0.55, 2.03, 6.25, 11.92, 23.41, 51.46, 107.66, 0.39, 2.12, 6.23, 11.5, 26.39, 46.17, 93.31, 0.54, 2.38, 6.16, 11.5, 21.31, 46.44, 87.39, 0.49, 2.08, 5.51, 15.64, 24.38, 53.74, 76.36, 0.54, 1.75, 6.58, 12.49, 23.04, 54.8, 89.5, 0.47, 1.81, 5.61, 13.19, 25.06, 53.08, 92.33, 0.52, 2.05, 5.2, 14.34, 24.32, 51.82, 105.62, 0.5, 1.94, 6.56, 10.81, 29.23, 46.19, 113.27, 0.58, 2.02, 6.35, 10.83, 24.79, 53.28, 96.96, 0.48, 1.87, 5.98, 13.35, 22.87, 47.42, 84.35, 0.53, 2.28, 6.97, 13.02, 19.91, 50.37, 100.48, 0.48, 2.03, 5.5, 12.84, 23.23, 41.03, 92.54, 0.57, 1.93, 6.46, 13.19, 24.01, 46.34, 91.05, 0.54, 1.8, 6.15, 11.66, 19.14, 41.69, 105.21, 0.49, 2.17, 7.25, 13.91, 25.68, 49.86, 94.17, 0.59, 2.12, 5.34, 11.81, 19.81, 47.07, 74.08, 0.57, 1.88, 5.75, 11.8, 25.52, 51.37, 101.61, 0.47, 1.75, 5.77, 12.34, 22.1, 47.67, 85.42, 0.5, 2.03, 5.91, 11.8, 28.63, 51.8, 107.29, 0.46, 2.03, 6.73, 11.93, 19.4, 49.68, 79.35, 0.46, 2.28, 6.38, 13.38, 24.75, 47.47, 87.52, 0.59, 2.01, 5.59, 13.08, 26.72, 58.02, 90.38, 0.48, 1.92, 5.78, 11.57, 23.3, 55.44, 89.53, 0.48, 2.13, 6.71, 11.11, 22.81, 50.58, 106.28, 0.49, 1.73, 7.12, 13.85, 22.35, 47.69, 80.51, 0.53, 2.35, 5.09, 11.1, 22.51, 44.84, 78.34, 0.53, 1.72, 5.99, 12.73, 23.53, 52.48, 95.75, 0.47, 2.13, 5.75, 14.33, 23.96, 52.27, 97.99, 0.37, 1.74, 5.75, 12.29, 18.99, 52.85, 90.37, 0.46, 1.71, 5.19, 12.07, 25.25, 38.92, 86.83, 0.53, 1.91, 7.45, 13.59, 25.47, 48.02, 98.72, 0.47, 2.13, 6.96, 13.37, 22.13, 40.83, 94.95, 0.52, 2.29, 5.26, 12.45, 24.57, 54.09, 95.73)
