TABLE NO.     1: First Order Conditional Estimation with Interaction: Problem=1 Subproblem=0 Superproblem1=0 Iteration1=0 Superproblem2=0 Iteration2=0
 NAME         THETA1       THETA2       THETA3       THETA4       THETA5       THETA6       THETA7       THETA8       SIGMA(1,1)   SIGMA(2,1)   SIGMA(2,2)   OMEGA(1,1)   OMEGA(2,1)   OMEGA(2,2)   OMEGA(3,1)   OMEGA(3,2)   OMEGA(3,3)
 THETA1        8.26617E+04  2.93887E+04 -4.57166E+01 -4.03960E+00 -2.28077E+02 -9.78553E-02  1.68731E-03  8.27441E-01 -1.11954E+04  0.00000E+00  2.34761E-01  4.07166E+00  0.00000E+00 -1.68939E+01  0.00000E+00  0.00000E+00  2.50710E+00
 THETA2        2.93887E+04  1.19898E+04  2.31762E+01 -2.77184E+00 -9.27375E+01 -3.94250E-02  6.49800E-04  7.81196E-01 -4.77985E+03  0.00000E+00  1.55722E-01  1.64355E+00  0.00000E+00 -6.55565E+00  0.00000E+00  0.00000E+00  9.31687E-01
 THETA3       -4.57166E+01  2.31762E+01  2.50191E+01  1.65635E-01 -3.49456E-01 -1.71117E-03  7.92870E-06  4.55471E-01 -2.64714E+00  0.00000E+00 -2.02057E-02  2.41121E-03  0.00000E+00 -7.90975E-02  0.00000E+00  0.00000E+00 -3.60434E-03
 THETA4       -4.03960E+00 -2.77184E+00  1.65635E-01  2.39620E-02  1.54574E-02 -3.60581E-05  1.16453E-07  3.46935E-03  3.74836E-01  0.00000E+00  1.89021E-04 -6.61827E-04  0.00000E+00  8.50054E-04  0.00000E+00  0.00000E+00 -1.70021E-04
 THETA5       -2.28077E+02 -9.27375E+01 -3.49456E-01  1.54574E-02  8.05299E-01  3.21294E-04 -5.28514E-06  1.13697E-02  4.35538E+01  0.00000E+00 -2.62338E-03 -1.43469E-02  0.00000E+00  5.77165E-02  0.00000E+00  0.00000E+00 -6.53821E-03
 THETA6       -9.78553E-02 -3.94250E-02 -1.71117E-03 -3.60581E-05  3.21294E-04  3.93987E-07 -2.60843E-09  2.56839E-06  1.51120E-02  0.00000E+00 -3.94423E-06 -4.20861E-06  0.00000E+00  3.47753E-05  0.00000E+00  0.00000E+00 -1.42713E-07
 THETA7        1.68731E-03  6.49800E-04  7.92870E-06  1.16453E-07 -5.28514E-06 -2.60843E-09  4.17218E-11  2.94576E-07 -2.66418E-04  0.00000E+00 -1.14635E-08  9.48701E-08  0.00000E+00 -3.82286E-07  0.00000E+00  0.00000E+00  4.76616E-08
 THETA8        8.27441E-01  7.81196E-01  4.55471E-01  3.46935E-03  1.13697E-02  2.56839E-06  2.94576E-07  3.07463E-02  1.86508E+00  0.00000E+00 -2.75239E-03  2.14320E-04  0.00000E+00  1.58567E-03  0.00000E+00  0.00000E+00 -6.83141E-05
 SIGMA(1,1)   -1.11954E+04 -4.77985E+03 -2.64714E+00  3.74836E-01  4.35538E+01  1.51120E-02 -2.66418E-04  1.86508E+00  2.62406E+03  0.00000E+00 -2.59595E-01 -7.26537E-01  0.00000E+00  2.71618E+00  0.00000E+00  0.00000E+00 -5.41434E-01
 SIGMA(2,1)    0.00000E+00  0.00000E+00  0.00000E+00  0.00000E+00  0.00000E+00  0.00000E+00  0.00000E+00  0.00000E+00  0.00000E+00  0.00000E+00  0.00000E+00  0.00000E+00  0.00000E+00  0.00000E+00  0.00000E+00  0.00000E+00  0.00000E+00
 SIGMA(2,2)    2.34761E-01  1.55722E-01 -2.02057E-02  1.89021E-04 -2.62338E-03 -3.94423E-06 -1.14635E-08 -2.75239E-03 -2.59595E-01  0.00000E+00  2.93872E-04 -1.49690E-05  0.00000E+00 -3.37234E-04  0.00000E+00  0.00000E+00  1.30220E-05
 OMEGA(1,1)    4.07166E+00  1.64355E+00  2.41121E-03 -6.61827E-04 -1.43469E-02 -4.20861E-06  9.48701E-08  2.14320E-04 -7.26537E-01  0.00000E+00 -1.49690E-05  4.77932E-04  0.00000E+00 -8.52610E-04  0.00000E+00  0.00000E+00  8.57008E-05
 OMEGA(2,1)    0.00000E+00  0.00000E+00  0.00000E+00  0.00000E+00  0.00000E+00  0.00000E+00  0.00000E+00  0.00000E+00  0.00000E+00  0.00000E+00  0.00000E+00  0.00000E+00  0.00000E+00  0.00000E+00  0.00000E+00  0.00000E+00  0.00000E+00
 OMEGA(2,2)   -1.68939E+01 -6.55565E+00 -7.90975E-02  8.50054E-04  5.77165E-02  3.47753E-05 -3.82286E-07  1.58567E-03  2.71618E+00  0.00000E+00 -3.37234E-04 -8.52610E-04  0.00000E+00  1.03266E-02  0.00000E+00  0.00000E+00  2.09903E-05
 OMEGA(3,1)    0.00000E+00  0.00000E+00  0.00000E+00  0.00000E+00  0.00000E+00  0.00000E+00  0.00000E+00  0.00000E+00  0.00000E+00  0.00000E+00  0.00000E+00  0.00000E+00  0.00000E+00  0.00000E+00  0.00000E+00  0.00000E+00  0.00000E+00
 OMEGA(3,2)    0.00000E+00  0.00000E+00  0.00000E+00  0.00000E+00  0.00000E+00  0.00000E+00  0.00000E+00  0.00000E+00  0.00000E+00  0.00000E+00  0.00000E+00  0.00000E+00  0.00000E+00  0.00000E+00  0.00000E+00  0.00000E+00  0.00000E+00
 OMEGA(3,3)    2.50710E+00  9.31687E-01 -3.60434E-03 -1.70021E-04 -6.53821E-03 -1.42713E-07  4.76616E-08 -6.83141E-05 -5.41434E-01  0.00000E+00  1.30220E-05  8.57008E-05  0.00000E+00  2.09903E-05  0.00000E+00  0.00000E+00  1.80091E-03
