TABLE NO.     1: First Order Conditional Estimation with Interaction: Problem=1 Subproblem=0 Superproblem1=0 Iteration1=0 Superproblem2=0 Iteration2=0
 NAME         THETA1       THETA2       THETA3       THETA4       THETA5       THETA6       THETA7       THETA8       SIGMA(1,1)   SIGMA(2,1)   SIGMA(2,2)   OMEGA(1,1)   OMEGA(2,1)   OMEGA(2,2)   OMEGA(3,1)   OMEGA(3,2)   OMEGA(3,3)
 THETA1        5.45735E+00 -2.42857E+00  2.27664E+01  4.02073E+03 -3.07335E+03  6.65634E+05 -5.51234E+08  1.04455E+04  8.03834E+00  0.00000E+00  6.08401E+04 -1.93049E+02  0.00000E+00  1.17446E+01  0.00000E+00  0.00000E+00 -5.02133E+01
 THETA2       -2.42857E+00  1.33480E+01  8.45216E+01  1.92724E+03  7.77405E+02 -9.74442E+04  3.31828E+07 -1.05655E+04  3.51655E+00  0.00000E+00 -8.94894E+04  1.74777E+02  0.00000E+00 -9.71810E+00  0.00000E+00  0.00000E+00  5.82882E+01
 THETA3        2.27664E+01  8.45216E+01  1.23867E+03  4.99043E+04 -2.27498E+04  1.55917E+07 -3.18642E+09  2.17844E+04  2.20051E+02  0.00000E+00  2.70988E+05 -6.35688E+02  0.00000E+00  5.40554E+02  0.00000E+00  0.00000E+00 -2.10214E+02
 THETA4        4.02073E+03  1.92724E+03  4.99043E+04  4.13647E+06 -2.50124E+06  6.72253E+08 -4.62320E+11  6.16051E+06  9.49317E+03  0.00000E+00  3.12923E+07 -1.21021E+05  0.00000E+00  1.29909E+04  0.00000E+00  0.00000E+00 -2.89669E+04
 THETA5       -3.07335E+03  7.77405E+02 -2.27498E+04 -2.50124E+06  1.82929E+06 -5.31162E+08  3.10902E+11 -5.90843E+06 -6.58371E+03  0.00000E+00 -3.77482E+07  1.11510E+05  0.00000E+00 -1.33040E+04  0.00000E+00  0.00000E+00  3.00041E+04
 THETA6        6.65634E+05 -9.74442E+04  1.55917E+07  6.72253E+08 -5.31162E+08  3.92378E+11 -5.02036E+13  1.82992E+09  4.69306E+06  0.00000E+00  2.00272E+10 -3.62092E+07  0.00000E+00  1.57090E+07  0.00000E+00  0.00000E+00 -1.31191E+07
 THETA7       -5.51234E+08  3.31828E+07 -3.18642E+09 -4.62320E+11  3.10902E+11 -5.02036E+13  6.07087E+16 -9.09457E+11 -6.95584E+08  0.00000E+00 -4.16107E+12  1.70437E+10  0.00000E+00 -1.57492E+08  0.00000E+00  0.00000E+00  3.93403E+09
 THETA8        1.04455E+04 -1.05655E+04  2.17844E+04  6.16051E+06 -5.90843E+06  1.82992E+09 -9.09457E+11  2.42274E+07  1.95782E+04  0.00000E+00  1.75383E+08 -4.42224E+05  0.00000E+00  5.50001E+04  0.00000E+00  0.00000E+00 -1.29375E+05
 SIGMA(1,1)    8.03834E+00  3.51655E+00  2.20051E+02  9.49317E+03 -6.58371E+03  4.69306E+06 -6.95584E+08  1.95782E+04  5.79815E+01  0.00000E+00  2.12604E+05 -3.99727E+02  0.00000E+00  1.82941E+02  0.00000E+00  0.00000E+00 -1.40395E+02
 SIGMA(2,1)    0.00000E+00  0.00000E+00  0.00000E+00  0.00000E+00  0.00000E+00  0.00000E+00  0.00000E+00  0.00000E+00  0.00000E+00  0.00000E+00  0.00000E+00  0.00000E+00  0.00000E+00  0.00000E+00  0.00000E+00  0.00000E+00  0.00000E+00
 SIGMA(2,2)    6.08401E+04 -8.94894E+04  2.70988E+05  3.12923E+07 -3.77482E+07  2.00272E+10 -4.16107E+12  1.75383E+08  2.12604E+05  0.00000E+00  1.59805E+09 -3.22583E+06  0.00000E+00  7.88237E+05  0.00000E+00  0.00000E+00 -1.07759E+06
 OMEGA(1,1)   -1.93049E+02  1.74777E+02 -6.35688E+02 -1.21021E+05  1.11510E+05 -3.62092E+07  1.70437E+10 -4.42224E+05 -3.99727E+02  0.00000E+00 -3.22583E+06  1.35262E+04  0.00000E+00 -1.32125E+03  0.00000E+00  0.00000E+00  2.28145E+03
 OMEGA(2,1)    0.00000E+00  0.00000E+00  0.00000E+00  0.00000E+00  0.00000E+00  0.00000E+00  0.00000E+00  0.00000E+00  0.00000E+00  0.00000E+00  0.00000E+00  0.00000E+00  0.00000E+00  0.00000E+00  0.00000E+00  0.00000E+00  0.00000E+00
 OMEGA(2,2)    1.17446E+01 -9.71810E+00  5.40554E+02  1.29909E+04 -1.33040E+04  1.57090E+07 -1.57492E+08  5.50001E+04  1.82941E+02  0.00000E+00  7.88237E+05 -1.32125E+03  0.00000E+00  9.07954E+02  0.00000E+00  0.00000E+00 -4.61968E+02
 OMEGA(3,1)    0.00000E+00  0.00000E+00  0.00000E+00  0.00000E+00  0.00000E+00  0.00000E+00  0.00000E+00  0.00000E+00  0.00000E+00  0.00000E+00  0.00000E+00  0.00000E+00  0.00000E+00  0.00000E+00  0.00000E+00  0.00000E+00  0.00000E+00
 OMEGA(3,2)    0.00000E+00  0.00000E+00  0.00000E+00  0.00000E+00  0.00000E+00  0.00000E+00  0.00000E+00  0.00000E+00  0.00000E+00  0.00000E+00  0.00000E+00  0.00000E+00  0.00000E+00  0.00000E+00  0.00000E+00  0.00000E+00  0.00000E+00
 OMEGA(3,3)   -5.02133E+01  5.82882E+01 -2.10214E+02 -2.89669E+04  3.00041E+04 -1.31191E+07  3.93403E+09 -1.29375E+05 -1.40395E+02  0.00000E+00 -1.07759E+06  2.28145E+03  0.00000E+00 -4.61968E+02  0.00000E+00  0.00000E+00  1.49514E+03
