TABLE NO.     1: First Order Conditional Estimation with Interaction: Problem=1 Subproblem=0 Superproblem1=0 Iteration1=0 Superproblem2=0 Iteration2=0
 NAME         THETA1       THETA2       THETA3       THETA4       THETA5       THETA6       THETA7       THETA8       SIGMA(1,1)   SIGMA(2,1)   SIGMA(2,2)   OMEGA(1,1)   OMEGA(2,1)   OMEGA(2,2)   OMEGA(3,1)   OMEGA(3,2)   OMEGA(3,3)
 THETA1        2.87509E+02  9.33517E-01 -3.17897E-02 -9.07663E-02 -8.83997E-01 -5.42240E-01  9.08577E-01  1.64130E-02 -7.60154E-01  0.00000E+00  4.76316E-02  6.47793E-01  0.00000E+00 -5.78228E-01  0.00000E+00  0.00000E+00  2.05482E-01
 THETA2        9.33517E-01  1.09498E+02  4.23156E-02 -1.63531E-01 -9.43780E-01 -5.73620E-01  9.18739E-01  4.06872E-02 -8.52162E-01  0.00000E+00  8.29595E-02  6.86585E-01  0.00000E+00 -5.89157E-01  0.00000E+00  0.00000E+00  2.00502E-01
 THETA3       -3.17897E-02  4.23156E-02  5.00191E+00  2.13922E-01 -7.78535E-02 -5.45024E-01  2.45406E-01  5.19312E-01 -1.03313E-02  0.00000E+00 -2.35646E-01  2.20504E-02  0.00000E+00 -1.55614E-01  0.00000E+00  0.00000E+00 -1.69803E-02
 THETA4       -9.07663E-02 -1.63531E-01  2.13922E-01  1.54797E-01  1.11274E-01 -3.71108E-01  1.16468E-01  1.27817E-01  4.72708E-02  0.00000E+00  7.12311E-02 -1.95569E-01  0.00000E+00  5.40389E-02  0.00000E+00  0.00000E+00 -2.58819E-02
 THETA5       -8.83997E-01 -9.43780E-01 -7.78535E-02  1.11274E-01  8.97384E-01  5.70405E-01 -9.11793E-01  7.22562E-02  9.47460E-01  0.00000E+00 -1.70531E-01 -7.31301E-01  0.00000E+00  6.32911E-01  0.00000E+00  0.00000E+00 -1.71686E-01
 THETA6       -5.42240E-01 -5.73620E-01 -5.45024E-01 -3.71108E-01  5.70405E-01  6.27684E-04 -6.43363E-01  2.33358E-02  4.69998E-01  0.00000E+00 -3.66557E-01 -3.06701E-01  0.00000E+00  5.45194E-01  0.00000E+00  0.00000E+00 -5.35767E-03
 THETA7        9.08577E-01  9.18739E-01  2.45406E-01  1.16468E-01 -9.11793E-01 -6.43363E-01  6.45924E-06  2.60087E-01 -8.05185E-01  0.00000E+00 -1.03528E-01  6.71839E-01  0.00000E+00 -5.82409E-01  0.00000E+00  0.00000E+00  1.73877E-01
 THETA8        1.64130E-02  4.06872E-02  5.19312E-01  1.27817E-01  7.22562E-02  2.33358E-02  2.60087E-01  1.75346E-01  2.07642E-01  0.00000E+00 -9.15660E-01  5.59092E-02  0.00000E+00  8.89890E-02  0.00000E+00  0.00000E+00 -9.18054E-03
 SIGMA(1,1)   -7.60154E-01 -8.52162E-01 -1.03313E-02  4.72708E-02  9.47460E-01  4.69998E-01 -8.05185E-01  2.07642E-01  5.12256E+01  0.00000E+00 -2.95618E-01 -6.48766E-01  0.00000E+00  5.21786E-01  0.00000E+00  0.00000E+00 -2.49065E-01
 SIGMA(2,1)    0.00000E+00  0.00000E+00  0.00000E+00  0.00000E+00  0.00000E+00  0.00000E+00  0.00000E+00  0.00000E+00  0.00000E+00  0.00000E+00  0.00000E+00  0.00000E+00  0.00000E+00  0.00000E+00  0.00000E+00  0.00000E+00  0.00000E+00
 SIGMA(2,2)    4.76316E-02  8.29595E-02 -2.35646E-01  7.12311E-02 -1.70531E-01 -3.66557E-01 -1.03528E-01 -9.15660E-01 -2.95618E-01  0.00000E+00  1.71427E-02 -3.99421E-02  0.00000E+00 -1.93586E-01  0.00000E+00  0.00000E+00  1.79001E-02
 OMEGA(1,1)    6.47793E-01  6.86585E-01  2.20504E-02 -1.95569E-01 -7.31301E-01 -3.06701E-01  6.71839E-01  5.59092E-02 -6.48766E-01  0.00000E+00 -3.99421E-02  2.18617E-02  0.00000E+00 -3.83786E-01  0.00000E+00  0.00000E+00  9.23754E-02
 OMEGA(2,1)    0.00000E+00  0.00000E+00  0.00000E+00  0.00000E+00  0.00000E+00  0.00000E+00  0.00000E+00  0.00000E+00  0.00000E+00  0.00000E+00  0.00000E+00  0.00000E+00  0.00000E+00  0.00000E+00  0.00000E+00  0.00000E+00  0.00000E+00
 OMEGA(2,2)   -5.78228E-01 -5.89157E-01 -1.55614E-01  5.40389E-02  6.32911E-01  5.45194E-01 -5.82409E-01  8.89890E-02  5.21786E-01  0.00000E+00 -1.93586E-01 -3.83786E-01  0.00000E+00  1.01620E-01  0.00000E+00  0.00000E+00  4.86738E-03
 OMEGA(3,1)    0.00000E+00  0.00000E+00  0.00000E+00  0.00000E+00  0.00000E+00  0.00000E+00  0.00000E+00  0.00000E+00  0.00000E+00  0.00000E+00  0.00000E+00  0.00000E+00  0.00000E+00  0.00000E+00  0.00000E+00  0.00000E+00  0.00000E+00
 OMEGA(3,2)    0.00000E+00  0.00000E+00  0.00000E+00  0.00000E+00  0.00000E+00  0.00000E+00  0.00000E+00  0.00000E+00  0.00000E+00  0.00000E+00  0.00000E+00  0.00000E+00  0.00000E+00  0.00000E+00  0.00000E+00  0.00000E+00  0.00000E+00
 OMEGA(3,3)    2.05482E-01  2.00502E-01 -1.69803E-02 -2.58819E-02 -1.71686E-01 -5.35767E-03  1.73877E-01 -9.18054E-03 -2.49065E-01  0.00000E+00  1.79001E-02  9.23754E-02  0.00000E+00  4.86738E-03  0.00000E+00  0.00000E+00  4.24371E-02
