TABLE NO.     1: First Order Conditional Estimation with Interaction: Problem=1 Subproblem=0 Superproblem1=0 Iteration1=0 Superproblem2=0 Iteration2=0
 NAME         THETA1       THETA2       THETA3       THETA4       THETA5       THETA6       SIGMA(1,1)   SIGMA(2,1)   SIGMA(2,2)   OMEGA(1,1)   OMEGA(2,1)   OMEGA(2,2)   OMEGA(3,1)   OMEGA(3,2)   OMEGA(3,3)   OMEGA(4,1)   OMEGA(4,2)   OMEGA(4,3)   OMEGA(4,4)
 THETA1        4.70093E-01 -9.97502E-01 -9.87204E-03 -8.08542E-04 -7.70882E-04 -8.46624E-04  5.90744E-04  0.00000E+00  2.43192E-06  1.18108E-02  0.00000E+00  2.65705E-02  0.00000E+00  0.00000E+00  2.63446E-02  0.00000E+00  0.00000E+00  0.00000E+00  6.26772E-03
 THETA2       -9.97502E-01  2.12429E+00  2.11155E-02  1.71507E-03  1.63237E-03  1.80142E-03 -1.25815E-03  0.00000E+00 -5.11968E-06 -2.89477E-02  0.00000E+00 -6.51552E-02  0.00000E+00  0.00000E+00 -6.46919E-02  0.00000E+00  0.00000E+00  0.00000E+00 -1.85503E-02
 THETA3       -9.87204E-03  2.11155E-02  2.11039E-04  1.69639E-05  1.61107E-05  1.78877E-05 -1.25091E-05  0.00000E+00 -5.01495E-08 -3.35629E-04  0.00000E+00 -7.55592E-04  0.00000E+00  0.00000E+00 -7.51137E-04  0.00000E+00  0.00000E+00  0.00000E+00 -2.46092E-04
 THETA4       -8.08542E-04  1.71507E-03  1.69639E-05  1.39104E-06  1.32660E-06  1.45576E-06 -1.01562E-06  0.00000E+00 -4.18900E-09 -1.97914E-05  0.00000E+00 -4.45442E-05  0.00000E+00  0.00000E+00 -4.41618E-05  0.00000E+00  0.00000E+00  0.00000E+00 -1.05449E-05
 THETA5       -7.70882E-04  1.63237E-03  1.61107E-05  1.32660E-06  1.26626E-06  1.38613E-06 -9.66552E-07  0.00000E+00 -4.01031E-09 -1.73311E-05  0.00000E+00 -3.90000E-05  0.00000E+00  0.00000E+00 -3.86305E-05  0.00000E+00  0.00000E+00  0.00000E+00 -8.06154E-06
 THETA6       -8.46624E-04  1.80142E-03  1.78877E-05  1.45576E-06  1.38613E-06  1.52794E-06 -1.06691E-06  0.00000E+00 -4.35340E-09 -2.37915E-05  0.00000E+00 -5.35444E-05  0.00000E+00  0.00000E+00 -5.31481E-05  0.00000E+00  0.00000E+00  0.00000E+00 -1.47020E-05
 SIGMA(1,1)    5.90744E-04 -1.25815E-03 -1.25091E-05 -1.01562E-06 -9.66552E-07 -1.06691E-06  7.45235E-07  0.00000E+00  3.03037E-09  1.72842E-05  0.00000E+00  3.88995E-05  0.00000E+00  0.00000E+00  3.86240E-05  0.00000E+00  0.00000E+00  0.00000E+00  1.10846E-05
 SIGMA(2,1)    0.00000E+00  0.00000E+00  0.00000E+00  0.00000E+00  0.00000E+00  0.00000E+00  0.00000E+00  0.00000E+00  0.00000E+00  0.00000E+00  0.00000E+00  0.00000E+00  0.00000E+00  0.00000E+00  0.00000E+00  0.00000E+00  0.00000E+00  0.00000E+00  0.00000E+00
 SIGMA(2,2)    2.43192E-06 -5.11968E-06 -5.01495E-08 -4.18900E-09 -4.01031E-09 -4.35340E-09  3.03037E-09  0.00000E+00  1.28278E-11  3.81608E-08  0.00000E+00  8.58157E-08  0.00000E+00  0.00000E+00  8.46068E-08  0.00000E+00  0.00000E+00  0.00000E+00  4.50305E-09
 OMEGA(1,1)    1.18108E-02 -2.89477E-02 -3.35629E-04 -1.97914E-05 -1.73311E-05 -2.37915E-05  1.72842E-05  0.00000E+00  3.81608E-08  2.44373E-03  0.00000E+00  5.49974E-03  0.00000E+00  0.00000E+00  5.49740E-03  0.00000E+00  0.00000E+00  0.00000E+00  2.74972E-03
 OMEGA(2,1)    0.00000E+00  0.00000E+00  0.00000E+00  0.00000E+00  0.00000E+00  0.00000E+00  0.00000E+00  0.00000E+00  0.00000E+00  0.00000E+00  0.00000E+00  0.00000E+00  0.00000E+00  0.00000E+00  0.00000E+00  0.00000E+00  0.00000E+00  0.00000E+00  0.00000E+00
 OMEGA(2,2)    2.65705E-02 -6.51552E-02 -7.55592E-04 -4.45442E-05 -3.90000E-05 -5.35444E-05  3.88995E-05  0.00000E+00  8.58157E-08  5.49974E-03  0.00000E+00  1.23999E-02  0.00000E+00  0.00000E+00  1.24028E-02  0.00000E+00  0.00000E+00  0.00000E+00  6.63411E-03
 OMEGA(3,1)    0.00000E+00  0.00000E+00  0.00000E+00  0.00000E+00  0.00000E+00  0.00000E+00  0.00000E+00  0.00000E+00  0.00000E+00  0.00000E+00  0.00000E+00  0.00000E+00  0.00000E+00  0.00000E+00  0.00000E+00  0.00000E+00  0.00000E+00  0.00000E+00  0.00000E+00
 OMEGA(3,2)    0.00000E+00  0.00000E+00  0.00000E+00  0.00000E+00  0.00000E+00  0.00000E+00  0.00000E+00  0.00000E+00  0.00000E+00  0.00000E+00  0.00000E+00  0.00000E+00  0.00000E+00  0.00000E+00  0.00000E+00  0.00000E+00  0.00000E+00  0.00000E+00  0.00000E+00
 OMEGA(3,3)    2.63446E-02 -6.46919E-02 -7.51137E-04 -4.41618E-05 -3.86305E-05 -5.31481E-05  3.86240E-05  0.00000E+00  8.46068E-08  5.49740E-03  0.00000E+00  1.24028E-02  0.00000E+00  0.00000E+00  1.24087E-02  0.00000E+00  0.00000E+00  0.00000E+00  6.79815E-03
 OMEGA(4,1)    0.00000E+00  0.00000E+00  0.00000E+00  0.00000E+00  0.00000E+00  0.00000E+00  0.00000E+00  0.00000E+00  0.00000E+00  0.00000E+00  0.00000E+00  0.00000E+00  0.00000E+00  0.00000E+00  0.00000E+00  0.00000E+00  0.00000E+00  0.00000E+00  0.00000E+00
 OMEGA(4,2)    0.00000E+00  0.00000E+00  0.00000E+00  0.00000E+00  0.00000E+00  0.00000E+00  0.00000E+00  0.00000E+00  0.00000E+00  0.00000E+00  0.00000E+00  0.00000E+00  0.00000E+00  0.00000E+00  0.00000E+00  0.00000E+00  0.00000E+00  0.00000E+00  0.00000E+00
 OMEGA(4,3)    0.00000E+00  0.00000E+00  0.00000E+00  0.00000E+00  0.00000E+00  0.00000E+00  0.00000E+00  0.00000E+00  0.00000E+00  0.00000E+00  0.00000E+00  0.00000E+00  0.00000E+00  0.00000E+00  0.00000E+00  0.00000E+00  0.00000E+00  0.00000E+00  0.00000E+00
 OMEGA(4,4)    6.26772E-03 -1.85503E-02 -2.46092E-04 -1.05449E-05 -8.06154E-06 -1.47020E-05  1.10846E-05  0.00000E+00  4.50305E-09  2.74972E-03  0.00000E+00  6.63411E-03  0.00000E+00  0.00000E+00  6.79815E-03  0.00000E+00  0.00000E+00  0.00000E+00  1.21148E-02
