TABLE NO.     1: First Order Conditional Estimation with Interaction: Problem=1 Subproblem=0 Superproblem1=0 Iteration1=0 Superproblem2=0 Iteration2=0
 NAME         THETA1       THETA2       THETA3       THETA4       THETA5       THETA6       SIGMA(1,1)   SIGMA(2,1)   SIGMA(2,2)   OMEGA(1,1)   OMEGA(2,1)   OMEGA(2,2)   OMEGA(3,1)   OMEGA(3,2)   OMEGA(3,3)   OMEGA(4,1)   OMEGA(4,2)   OMEGA(4,3)   OMEGA(4,4)
 THETA1        7.50555E+07  4.43197E+05 -4.38088E+08  1.18140E+10  2.62229E+10 -5.41960E+09 -7.01102E+09  0.00000E+00  5.99608E+11 -2.19979E+07  0.00000E+00  6.69014E+06  0.00000E+00  0.00000E+00 -4.99214E+06  0.00000E+00  0.00000E+00  0.00000E+00  1.29908E+05
 THETA2        4.43197E+05  6.97370E+04 -1.21277E+06 -3.35465E+08 -7.52235E+08  1.57266E+08  2.63011E+08  0.00000E+00 -3.69609E+10  1.55250E+06  0.00000E+00 -4.94081E+05  0.00000E+00  0.00000E+00 -3.22105E+04  0.00000E+00  0.00000E+00  0.00000E+00  7.52077E+03
 THETA3       -4.38088E+08 -1.21277E+06  2.58519E+09 -7.72278E+10 -1.71574E+11  3.54968E+10  4.72417E+10  0.00000E+00 -4.33320E+12  1.62111E+08  0.00000E+00 -4.97669E+07  0.00000E+00  0.00000E+00  2.89261E+07  0.00000E+00  0.00000E+00  0.00000E+00 -6.17466E+05
 THETA4        1.18140E+10 -3.35465E+08 -7.72278E+10  6.93609E+12  1.54376E+13 -3.20360E+12  5.39054E+12  0.00000E+00 -4.65645E+14 -1.91467E+10  0.00000E+00  5.44912E+09  0.00000E+00  0.00000E+00 -8.67729E+09  0.00000E+00  0.00000E+00  0.00000E+00  2.11124E+08
 THETA5        2.62229E+10 -7.52235E+08 -1.71574E+11  1.54376E+13  3.43600E+13 -7.13052E+12  1.19115E+13  0.00000E+00 -1.02803E+15 -4.26042E+10  0.00000E+00  1.21338E+10  0.00000E+00  0.00000E+00 -1.92357E+10  0.00000E+00  0.00000E+00  0.00000E+00  4.67361E+08
 THETA6       -5.41960E+09  1.57266E+08  3.54968E+10 -3.20360E+12 -7.13052E+12  1.47978E+12 -2.46058E+12  0.00000E+00  2.12397E+14  8.82978E+09  0.00000E+00 -2.51599E+09  0.00000E+00  0.00000E+00  3.97993E+09  0.00000E+00  0.00000E+00  0.00000E+00 -9.66188E+07
 SIGMA(1,1)   -7.01102E+09  2.63011E+08  4.72417E+10  5.39054E+12  1.19115E+13 -2.46058E+12  3.20512E+13  0.00000E+00 -3.39573E+15  4.92078E+08  0.00000E+00 -2.42617E+09  0.00000E+00  0.00000E+00 -2.75128E+10  0.00000E+00  0.00000E+00  0.00000E+00  8.69253E+08
 SIGMA(2,1)    0.00000E+00  0.00000E+00  0.00000E+00  0.00000E+00  0.00000E+00  0.00000E+00  0.00000E+00  0.00000E+00  0.00000E+00  0.00000E+00  0.00000E+00  0.00000E+00  0.00000E+00  0.00000E+00  0.00000E+00  0.00000E+00  0.00000E+00  0.00000E+00  0.00000E+00
 SIGMA(2,2)    5.99608E+11 -3.69609E+10 -4.33320E+12 -4.65645E+14 -1.02803E+15  2.12397E+14 -3.39573E+15  0.00000E+00  3.99630E+17 -3.52866E+12  0.00000E+00  1.30230E+12  0.00000E+00  0.00000E+00  2.60264E+12  0.00000E+00  0.00000E+00  0.00000E+00 -9.35293E+10
 OMEGA(1,1)   -2.19979E+07  1.55250E+06  1.62111E+08 -1.91467E+10 -4.26042E+10  8.82978E+09  4.92078E+08  0.00000E+00 -3.52866E+12  2.49067E+09  0.00000E+00 -7.29334E+08  0.00000E+00  0.00000E+00  3.12240E+08  0.00000E+00  0.00000E+00  0.00000E+00 -1.73424E+06
 OMEGA(2,1)    0.00000E+00  0.00000E+00  0.00000E+00  0.00000E+00  0.00000E+00  0.00000E+00  0.00000E+00  0.00000E+00  0.00000E+00  0.00000E+00  0.00000E+00  0.00000E+00  0.00000E+00  0.00000E+00  0.00000E+00  0.00000E+00  0.00000E+00  0.00000E+00  0.00000E+00
 OMEGA(2,2)    6.69014E+06 -4.94081E+05 -4.97669E+07  5.44912E+09  1.21338E+10 -2.51599E+09 -2.42617E+09  0.00000E+00  1.30230E+12 -7.29334E+08  0.00000E+00  2.14921E+08  0.00000E+00  0.00000E+00 -8.94715E+07  0.00000E+00  0.00000E+00  0.00000E+00  4.53741E+05
 OMEGA(3,1)    0.00000E+00  0.00000E+00  0.00000E+00  0.00000E+00  0.00000E+00  0.00000E+00  0.00000E+00  0.00000E+00  0.00000E+00  0.00000E+00  0.00000E+00  0.00000E+00  0.00000E+00  0.00000E+00  0.00000E+00  0.00000E+00  0.00000E+00  0.00000E+00  0.00000E+00
 OMEGA(3,2)    0.00000E+00  0.00000E+00  0.00000E+00  0.00000E+00  0.00000E+00  0.00000E+00  0.00000E+00  0.00000E+00  0.00000E+00  0.00000E+00  0.00000E+00  0.00000E+00  0.00000E+00  0.00000E+00  0.00000E+00  0.00000E+00  0.00000E+00  0.00000E+00  0.00000E+00
 OMEGA(3,3)   -4.99214E+06 -3.22105E+04  2.89261E+07 -8.67729E+09 -1.92357E+10  3.97993E+09 -2.75128E+10  0.00000E+00  2.60264E+12  3.12240E+08  0.00000E+00 -8.94715E+07  0.00000E+00  0.00000E+00  6.42212E+07  0.00000E+00  0.00000E+00  0.00000E+00 -1.01195E+06
 OMEGA(4,1)    0.00000E+00  0.00000E+00  0.00000E+00  0.00000E+00  0.00000E+00  0.00000E+00  0.00000E+00  0.00000E+00  0.00000E+00  0.00000E+00  0.00000E+00  0.00000E+00  0.00000E+00  0.00000E+00  0.00000E+00  0.00000E+00  0.00000E+00  0.00000E+00  0.00000E+00
 OMEGA(4,2)    0.00000E+00  0.00000E+00  0.00000E+00  0.00000E+00  0.00000E+00  0.00000E+00  0.00000E+00  0.00000E+00  0.00000E+00  0.00000E+00  0.00000E+00  0.00000E+00  0.00000E+00  0.00000E+00  0.00000E+00  0.00000E+00  0.00000E+00  0.00000E+00  0.00000E+00
 OMEGA(4,3)    0.00000E+00  0.00000E+00  0.00000E+00  0.00000E+00  0.00000E+00  0.00000E+00  0.00000E+00  0.00000E+00  0.00000E+00  0.00000E+00  0.00000E+00  0.00000E+00  0.00000E+00  0.00000E+00  0.00000E+00  0.00000E+00  0.00000E+00  0.00000E+00  0.00000E+00
 OMEGA(4,4)    1.29908E+05  7.52077E+03 -6.17466E+05  2.11124E+08  4.67361E+08 -9.66188E+07  8.69253E+08  0.00000E+00 -9.35293E+10 -1.73424E+06  0.00000E+00  4.53741E+05  0.00000E+00  0.00000E+00 -1.01195E+06  0.00000E+00  0.00000E+00  0.00000E+00  2.65847E+04
