TABLE NO.     1: First Order Conditional Estimation with Interaction: Problem=1 Subproblem=0 Superproblem1=0 Iteration1=0 Superproblem2=0 Iteration2=0
 NAME         THETA1       THETA2       THETA3       THETA4       THETA5       THETA6       SIGMA(1,1)   SIGMA(2,1)   SIGMA(2,2)   OMEGA(1,1)   OMEGA(2,1)   OMEGA(2,2)   OMEGA(3,1)   OMEGA(3,2)   OMEGA(3,3)   OMEGA(4,1)   OMEGA(4,2)   OMEGA(4,3)   OMEGA(4,4)
 THETA1        6.14457E+02  9.21136E-01  9.54549E-03  7.64436E-02  1.06578E-01  1.45025E-01 -1.94746E-02  0.00000E+00  5.02966E-02 -1.15107E-01  0.00000E+00  6.75795E-02  0.00000E+00  0.00000E+00  2.32919E-01  0.00000E+00  0.00000E+00  0.00000E+00 -3.02858E-02
 THETA2        9.21136E-01  2.46438E+02  1.31106E-02  3.68087E-02  6.04624E-02  1.25763E-01 -5.21225E-02  0.00000E+00  9.32649E-02 -1.75050E-01  0.00000E+00  1.44473E-02  0.00000E+00  0.00000E+00  1.83178E-01  0.00000E+00  0.00000E+00  0.00000E+00 -1.35444E-02
 THETA3        9.54549E-03  1.31106E-02  8.48708E+00  9.23113E-01 -3.01065E-01  7.66394E-01  1.97671E-01  0.00000E+00 -7.47446E-02  1.81714E-01  0.00000E+00 -1.28285E-01  0.00000E+00  0.00000E+00 -2.35328E-01  0.00000E+00  0.00000E+00  0.00000E+00  3.10909E-01
 THETA4        7.64436E-02  3.68087E-02  9.23113E-01  1.80884E-01  3.71062E-02  9.13888E-01  2.43918E-01  0.00000E+00 -8.50633E-02  2.54565E-01  0.00000E+00 -1.18425E-01  0.00000E+00  0.00000E+00 -2.42810E-01  0.00000E+00  0.00000E+00  0.00000E+00  2.54213E-01
 THETA5        1.06578E-01  6.04624E-02 -3.01065E-01  3.71062E-02  5.56287E-01  3.58772E-01  5.59278E-02  0.00000E+00  6.17085E-02  2.32058E-01  0.00000E+00 -1.09377E-01  0.00000E+00  0.00000E+00  3.01586E-02  0.00000E+00  0.00000E+00  0.00000E+00 -1.03518E-01
 THETA6        1.45025E-01  1.25763E-01  7.66394E-01  9.13888E-01  3.58772E-01  3.80495E-01  2.85426E-01  0.00000E+00 -4.68027E-02  3.24559E-01  0.00000E+00 -2.07551E-01  0.00000E+00  0.00000E+00 -2.01353E-01  0.00000E+00  0.00000E+00  0.00000E+00  2.57709E-01
 SIGMA(1,1)   -1.94746E-02 -5.21225E-02  1.97671E-01  2.43918E-01  5.59278E-02  2.85426E-01  6.22714E-04  0.00000E+00 -2.85134E-01  1.88263E-01  0.00000E+00 -2.67174E-01  0.00000E+00  0.00000E+00  2.30910E-01  0.00000E+00  0.00000E+00  0.00000E+00  1.67150E-01
 SIGMA(2,1)    0.00000E+00  0.00000E+00  0.00000E+00  0.00000E+00  0.00000E+00  0.00000E+00  0.00000E+00  0.00000E+00  0.00000E+00  0.00000E+00  0.00000E+00  0.00000E+00  0.00000E+00  0.00000E+00  0.00000E+00  0.00000E+00  0.00000E+00  0.00000E+00  0.00000E+00
 SIGMA(2,2)    5.02966E-02  9.32649E-02 -7.47446E-02 -8.50633E-02  6.17085E-02 -4.68027E-02 -2.85134E-01  0.00000E+00  1.65675E-02 -1.62514E-02  0.00000E+00  6.89023E-02  0.00000E+00  0.00000E+00 -2.94941E-01  0.00000E+00  0.00000E+00  0.00000E+00 -4.07323E-01
 OMEGA(1,1)   -1.15107E-01 -1.75050E-01  1.81714E-01  2.54565E-01  2.32058E-01  3.24559E-01  1.88263E-01  0.00000E+00 -1.62514E-02  4.00395E-02  0.00000E+00 -3.40930E-01  0.00000E+00  0.00000E+00 -7.37522E-03  0.00000E+00  0.00000E+00  0.00000E+00  4.55819E-02
 OMEGA(2,1)    0.00000E+00  0.00000E+00  0.00000E+00  0.00000E+00  0.00000E+00  0.00000E+00  0.00000E+00  0.00000E+00  0.00000E+00  0.00000E+00  0.00000E+00  0.00000E+00  0.00000E+00  0.00000E+00  0.00000E+00  0.00000E+00  0.00000E+00  0.00000E+00  0.00000E+00
 OMEGA(2,2)    6.75795E-02  1.44473E-02 -1.28285E-01 -1.18425E-01 -1.09377E-01 -2.07551E-01 -2.67174E-01  0.00000E+00  6.89023E-02 -3.40930E-01  0.00000E+00  8.88213E-02  0.00000E+00  0.00000E+00 -1.80463E-01  0.00000E+00  0.00000E+00  0.00000E+00 -2.73288E-01
 OMEGA(3,1)    0.00000E+00  0.00000E+00  0.00000E+00  0.00000E+00  0.00000E+00  0.00000E+00  0.00000E+00  0.00000E+00  0.00000E+00  0.00000E+00  0.00000E+00  0.00000E+00  0.00000E+00  0.00000E+00  0.00000E+00  0.00000E+00  0.00000E+00  0.00000E+00  0.00000E+00
 OMEGA(3,2)    0.00000E+00  0.00000E+00  0.00000E+00  0.00000E+00  0.00000E+00  0.00000E+00  0.00000E+00  0.00000E+00  0.00000E+00  0.00000E+00  0.00000E+00  0.00000E+00  0.00000E+00  0.00000E+00  0.00000E+00  0.00000E+00  0.00000E+00  0.00000E+00  0.00000E+00
 OMEGA(3,3)    2.32919E-01  1.83178E-01 -2.35328E-01 -2.42810E-01  3.01586E-02 -2.01353E-01  2.30910E-01  0.00000E+00 -2.94941E-01 -7.37522E-03  0.00000E+00 -1.80463E-01  0.00000E+00  0.00000E+00  3.94947E-02  0.00000E+00  0.00000E+00  0.00000E+00  3.62112E-01
 OMEGA(4,1)    0.00000E+00  0.00000E+00  0.00000E+00  0.00000E+00  0.00000E+00  0.00000E+00  0.00000E+00  0.00000E+00  0.00000E+00  0.00000E+00  0.00000E+00  0.00000E+00  0.00000E+00  0.00000E+00  0.00000E+00  0.00000E+00  0.00000E+00  0.00000E+00  0.00000E+00
 OMEGA(4,2)    0.00000E+00  0.00000E+00  0.00000E+00  0.00000E+00  0.00000E+00  0.00000E+00  0.00000E+00  0.00000E+00  0.00000E+00  0.00000E+00  0.00000E+00  0.00000E+00  0.00000E+00  0.00000E+00  0.00000E+00  0.00000E+00  0.00000E+00  0.00000E+00  0.00000E+00
 OMEGA(4,3)    0.00000E+00  0.00000E+00  0.00000E+00  0.00000E+00  0.00000E+00  0.00000E+00  0.00000E+00  0.00000E+00  0.00000E+00  0.00000E+00  0.00000E+00  0.00000E+00  0.00000E+00  0.00000E+00  0.00000E+00  0.00000E+00  0.00000E+00  0.00000E+00  0.00000E+00
 OMEGA(4,4)   -3.02858E-02 -1.35444E-02  3.10909E-01  2.54213E-01 -1.03518E-01  2.57709E-01  1.67150E-01  0.00000E+00 -4.07323E-01  4.55819E-02  0.00000E+00 -2.73288E-01  0.00000E+00  0.00000E+00  3.62112E-01  0.00000E+00  0.00000E+00  0.00000E+00  9.91496E-02
