TABLE NO.     1: First Order Conditional Estimation with Interaction: Problem=1 Subproblem=0 Superproblem1=0 Iteration1=0 Superproblem2=0 Iteration2=0
 NAME         THETA1       THETA2       THETA3       THETA4       THETA5       THETA6       SIGMA(1,1)   SIGMA(2,1)   SIGMA(2,2)   OMEGA(1,1)   OMEGA(2,1)   OMEGA(2,2)   OMEGA(3,1)   OMEGA(3,2)   OMEGA(3,3)   OMEGA(4,1)   OMEGA(4,2)   OMEGA(4,3)   OMEGA(4,4)
 THETA1        1.43271E+03  9.85032E-01 -2.97686E-02  1.94006E-02  2.66776E-01  2.81991E-01  2.02348E-01  0.00000E+00  1.07872E-01 -3.46890E-01  0.00000E+00 -2.15525E-01  0.00000E+00  0.00000E+00  5.13395E-01  0.00000E+00  0.00000E+00  0.00000E+00  2.48959E-02
 THETA2        9.85032E-01  5.69644E+02 -3.14757E-02  1.55635E-02  2.71840E-01  2.86081E-01  2.24645E-01  0.00000E+00  8.18659E-02 -3.08863E-01  0.00000E+00 -2.53056E-01  0.00000E+00  0.00000E+00  4.80826E-01  0.00000E+00  0.00000E+00  0.00000E+00  4.50081E-02
 THETA3       -2.97686E-02 -3.14757E-02  1.84502E+01  9.47721E-01 -5.00594E-01  6.92885E-01 -1.63733E-02  0.00000E+00 -2.89086E-02  7.79259E-02  0.00000E+00  5.83494E-02  0.00000E+00  0.00000E+00 -2.07163E-01  0.00000E+00  0.00000E+00  0.00000E+00  4.71957E-01
 THETA4        1.94006E-02  1.55635E-02  9.47721E-01  2.61213E-01 -2.47067E-01  8.45510E-01  2.24486E-02  0.00000E+00  1.73289E-02  8.73899E-02  0.00000E+00  3.08711E-02  0.00000E+00  0.00000E+00 -2.16283E-01  0.00000E+00  0.00000E+00  0.00000E+00  4.99882E-01
 THETA5        2.66776E-01  2.71840E-01 -5.00594E-01 -2.47067E-01  7.38268E-01  2.63090E-01  6.19835E-02  0.00000E+00  2.11534E-01  2.00296E-02  0.00000E+00 -2.12977E-01  0.00000E+00  0.00000E+00  8.86565E-02  0.00000E+00  0.00000E+00  0.00000E+00 -1.98100E-01
 THETA6        2.81991E-01  2.86081E-01  6.92885E-01  8.45510E-01  2.63090E-01  7.35480E-01  5.53099E-02  0.00000E+00  1.53732E-01  7.87163E-02  0.00000E+00 -1.37944E-01  0.00000E+00  0.00000E+00 -1.03102E-01  0.00000E+00  0.00000E+00  0.00000E+00  3.66943E-01
 SIGMA(1,1)    2.02348E-01  2.24645E-01 -1.63733E-02  2.24486E-02  6.19835E-02  5.53099E-02  4.54676E-02  0.00000E+00  1.87591E-01 -8.51457E-02  0.00000E+00 -3.29378E-01  0.00000E+00  0.00000E+00  2.05588E-01  0.00000E+00  0.00000E+00  0.00000E+00  1.97303E-01
 SIGMA(2,1)    0.00000E+00  0.00000E+00  0.00000E+00  0.00000E+00  0.00000E+00  0.00000E+00  0.00000E+00  0.00000E+00  0.00000E+00  0.00000E+00  0.00000E+00  0.00000E+00  0.00000E+00  0.00000E+00  0.00000E+00  0.00000E+00  0.00000E+00  0.00000E+00  0.00000E+00
 SIGMA(2,2)    1.07872E-01  8.18659E-02 -2.89086E-02  1.73289E-02  2.11534E-01  1.53732E-01  1.87591E-01  0.00000E+00  1.56670E-02  7.05621E-02  0.00000E+00 -3.09463E-01  0.00000E+00  0.00000E+00  4.24675E-02  0.00000E+00  0.00000E+00  0.00000E+00 -2.06028E-01
 OMEGA(1,1)   -3.46890E-01 -3.08863E-01  7.79259E-02  8.73899E-02  2.00296E-02  7.87163E-02 -8.51457E-02  0.00000E+00  7.05621E-02  2.66502E-02  0.00000E+00 -6.11511E-01  0.00000E+00  0.00000E+00 -1.70127E-01  0.00000E+00  0.00000E+00  0.00000E+00  5.09462E-02
 OMEGA(2,1)    0.00000E+00  0.00000E+00  0.00000E+00  0.00000E+00  0.00000E+00  0.00000E+00  0.00000E+00  0.00000E+00  0.00000E+00  0.00000E+00  0.00000E+00  0.00000E+00  0.00000E+00  0.00000E+00  0.00000E+00  0.00000E+00  0.00000E+00  0.00000E+00  0.00000E+00
 OMEGA(2,2)   -2.15525E-01 -2.53056E-01  5.83494E-02  3.08711E-02 -2.12977E-01 -1.37944E-01 -3.29378E-01  0.00000E+00 -3.09463E-01 -6.11511E-01  0.00000E+00  7.46493E-02  0.00000E+00  0.00000E+00 -1.71757E-01  0.00000E+00  0.00000E+00  0.00000E+00  6.85026E-03
 OMEGA(3,1)    0.00000E+00  0.00000E+00  0.00000E+00  0.00000E+00  0.00000E+00  0.00000E+00  0.00000E+00  0.00000E+00  0.00000E+00  0.00000E+00  0.00000E+00  0.00000E+00  0.00000E+00  0.00000E+00  0.00000E+00  0.00000E+00  0.00000E+00  0.00000E+00  0.00000E+00
 OMEGA(3,2)    0.00000E+00  0.00000E+00  0.00000E+00  0.00000E+00  0.00000E+00  0.00000E+00  0.00000E+00  0.00000E+00  0.00000E+00  0.00000E+00  0.00000E+00  0.00000E+00  0.00000E+00  0.00000E+00  0.00000E+00  0.00000E+00  0.00000E+00  0.00000E+00  0.00000E+00
 OMEGA(3,3)    5.13395E-01  4.80826E-01 -2.07163E-01 -2.16283E-01  8.86565E-02 -1.03102E-01  2.05588E-01  0.00000E+00  4.24675E-02 -1.70127E-01  0.00000E+00 -1.71757E-01  0.00000E+00  0.00000E+00  3.84213E-02  0.00000E+00  0.00000E+00  0.00000E+00 -1.24111E-01
 OMEGA(4,1)    0.00000E+00  0.00000E+00  0.00000E+00  0.00000E+00  0.00000E+00  0.00000E+00  0.00000E+00  0.00000E+00  0.00000E+00  0.00000E+00  0.00000E+00  0.00000E+00  0.00000E+00  0.00000E+00  0.00000E+00  0.00000E+00  0.00000E+00  0.00000E+00  0.00000E+00
 OMEGA(4,2)    0.00000E+00  0.00000E+00  0.00000E+00  0.00000E+00  0.00000E+00  0.00000E+00  0.00000E+00  0.00000E+00  0.00000E+00  0.00000E+00  0.00000E+00  0.00000E+00  0.00000E+00  0.00000E+00  0.00000E+00  0.00000E+00  0.00000E+00  0.00000E+00  0.00000E+00
 OMEGA(4,3)    0.00000E+00  0.00000E+00  0.00000E+00  0.00000E+00  0.00000E+00  0.00000E+00  0.00000E+00  0.00000E+00  0.00000E+00  0.00000E+00  0.00000E+00  0.00000E+00  0.00000E+00  0.00000E+00  0.00000E+00  0.00000E+00  0.00000E+00  0.00000E+00  0.00000E+00
 OMEGA(4,4)    2.48959E-02  4.50081E-02  4.71957E-01  4.99882E-01 -1.98100E-01  3.66943E-01  1.97303E-01  0.00000E+00 -2.06028E-01  5.09462E-02  0.00000E+00  6.85026E-03  0.00000E+00  0.00000E+00 -1.24111E-01  0.00000E+00  0.00000E+00  0.00000E+00  9.23685E-02
