TABLE NO.     1: First Order Conditional Estimation with Interaction: Problem=1 Subproblem=0 Superproblem1=0 Iteration1=0 Superproblem2=0 Iteration2=0
 NAME         THETA1       THETA2       THETA3       THETA4       THETA5       THETA6       SIGMA(1,1)   SIGMA(2,1)   SIGMA(2,2)   OMEGA(1,1)   OMEGA(2,1)   OMEGA(2,2)   OMEGA(3,1)   OMEGA(3,2)   OMEGA(3,3)   OMEGA(4,1)   OMEGA(4,2)   OMEGA(4,3)   OMEGA(4,4)
 THETA1        2.13709E-05 -5.16633E-05  4.90982E-05 -1.82164E-02 -1.86480E-03  4.41991E-03  2.45361E-02  0.00000E+00 -7.47073E-02  5.63897E-02  0.00000E+00  9.43069E-05  0.00000E+00  0.00000E+00 -4.79142E-02  0.00000E+00  0.00000E+00  0.00000E+00  3.04728E-03
 THETA2       -5.16633E-05  1.36624E-04  6.42639E-04  7.24740E-02  2.20550E-02 -3.96781E-02 -5.56656E-02  0.00000E+00  2.25376E-01 -2.68713E-02  0.00000E+00  3.05739E-02  0.00000E+00  0.00000E+00  8.26796E-02  0.00000E+00  0.00000E+00  0.00000E+00 -1.23799E-02
 THETA3        4.90982E-05  6.42639E-04  3.08368E-01 -3.95635E+00  4.84660E+00 -5.64714E+00  9.24077E-01  0.00000E+00  3.00351E+00  3.56053E+00  0.00000E+00  1.16572E+00  0.00000E+00  0.00000E+00  6.13948E-01  0.00000E+00  0.00000E+00  0.00000E+00  4.86850E-01
 THETA4       -1.82164E-02  7.24740E-02 -3.95635E+00  6.43780E+02  3.25304E+01 -1.36777E+02 -1.56638E+02  0.00000E+00  1.49156E+02 -1.19977E+02  0.00000E+00 -1.10625E+02  0.00000E+00  0.00000E+00  2.18103E+01  0.00000E+00  0.00000E+00  0.00000E+00 -7.51218E+01
 THETA5       -1.86480E-03  2.20550E-02  4.84660E+00  3.25304E+01  9.36594E+01 -1.22895E+02 -9.51728E+00  0.00000E+00  7.12814E+01  4.51274E+01  0.00000E+00  5.63014E+00  0.00000E+00  0.00000E+00  1.54122E+01  0.00000E+00  0.00000E+00  0.00000E+00  2.59882E+00
 THETA6        4.41991E-03 -3.96781E-02 -5.64714E+00 -1.36777E+02 -1.22895E+02  1.80233E+02  3.61554E+01  0.00000E+00 -1.47109E+02 -5.91171E+01  0.00000E+00  7.96947E+00  0.00000E+00  0.00000E+00 -8.49622E+00  0.00000E+00  0.00000E+00  0.00000E+00  5.57381E+00
 SIGMA(1,1)    2.45361E-02 -5.56656E-02  9.24077E-01 -1.56638E+02 -9.51728E+00  3.61554E+01  7.71464E+02  0.00000E+00 -3.04751E+02  7.40269E+02  0.00000E+00  3.11588E+02  0.00000E+00  0.00000E+00 -1.40413E+02  0.00000E+00  0.00000E+00  0.00000E+00 -8.58452E+01
 SIGMA(2,1)    0.00000E+00  0.00000E+00  0.00000E+00  0.00000E+00  0.00000E+00  0.00000E+00  0.00000E+00  0.00000E+00  0.00000E+00  0.00000E+00  0.00000E+00  0.00000E+00  0.00000E+00  0.00000E+00  0.00000E+00  0.00000E+00  0.00000E+00  0.00000E+00  0.00000E+00
 SIGMA(2,2)   -7.47073E-02  2.25376E-01  3.00351E+00  1.49156E+02  7.12814E+01 -1.47109E+02 -3.04751E+02  0.00000E+00  5.60912E+03  6.29727E+02  0.00000E+00  4.74228E+02  0.00000E+00  0.00000E+00  2.10955E+02  0.00000E+00  0.00000E+00  0.00000E+00  2.39593E+02
 OMEGA(1,1)    5.63897E-02 -2.68713E-02  3.56053E+00 -1.19977E+02  4.51274E+01 -5.91171E+01  7.40269E+02  0.00000E+00  6.29727E+02  4.70196E+03  0.00000E+00  1.36491E+03  0.00000E+00  0.00000E+00 -1.04748E+02  0.00000E+00  0.00000E+00  0.00000E+00 -6.81566E+01
 OMEGA(2,1)    0.00000E+00  0.00000E+00  0.00000E+00  0.00000E+00  0.00000E+00  0.00000E+00  0.00000E+00  0.00000E+00  0.00000E+00  0.00000E+00  0.00000E+00  0.00000E+00  0.00000E+00  0.00000E+00  0.00000E+00  0.00000E+00  0.00000E+00  0.00000E+00  0.00000E+00
 OMEGA(2,2)    9.43069E-05  3.05739E-02  1.16572E+00 -1.10625E+02  5.63014E+00  7.96947E+00  3.11588E+02  0.00000E+00  4.74228E+02  1.36491E+03  0.00000E+00  6.50777E+02  0.00000E+00  0.00000E+00  3.02542E+01  0.00000E+00  0.00000E+00  0.00000E+00 -1.21970E+01
 OMEGA(3,1)    0.00000E+00  0.00000E+00  0.00000E+00  0.00000E+00  0.00000E+00  0.00000E+00  0.00000E+00  0.00000E+00  0.00000E+00  0.00000E+00  0.00000E+00  0.00000E+00  0.00000E+00  0.00000E+00  0.00000E+00  0.00000E+00  0.00000E+00  0.00000E+00  0.00000E+00
 OMEGA(3,2)    0.00000E+00  0.00000E+00  0.00000E+00  0.00000E+00  0.00000E+00  0.00000E+00  0.00000E+00  0.00000E+00  0.00000E+00  0.00000E+00  0.00000E+00  0.00000E+00  0.00000E+00  0.00000E+00  0.00000E+00  0.00000E+00  0.00000E+00  0.00000E+00  0.00000E+00
 OMEGA(3,3)   -4.79142E-02  8.26796E-02  6.13948E-01  2.18103E+01  1.54122E+01 -8.49622E+00 -1.40413E+02  0.00000E+00  2.10955E+02 -1.04748E+02  0.00000E+00  3.02542E+01  0.00000E+00  0.00000E+00  1.09408E+03  0.00000E+00  0.00000E+00  0.00000E+00  3.49333E+01
 OMEGA(4,1)    0.00000E+00  0.00000E+00  0.00000E+00  0.00000E+00  0.00000E+00  0.00000E+00  0.00000E+00  0.00000E+00  0.00000E+00  0.00000E+00  0.00000E+00  0.00000E+00  0.00000E+00  0.00000E+00  0.00000E+00  0.00000E+00  0.00000E+00  0.00000E+00  0.00000E+00
 OMEGA(4,2)    0.00000E+00  0.00000E+00  0.00000E+00  0.00000E+00  0.00000E+00  0.00000E+00  0.00000E+00  0.00000E+00  0.00000E+00  0.00000E+00  0.00000E+00  0.00000E+00  0.00000E+00  0.00000E+00  0.00000E+00  0.00000E+00  0.00000E+00  0.00000E+00  0.00000E+00
 OMEGA(4,3)    0.00000E+00  0.00000E+00  0.00000E+00  0.00000E+00  0.00000E+00  0.00000E+00  0.00000E+00  0.00000E+00  0.00000E+00  0.00000E+00  0.00000E+00  0.00000E+00  0.00000E+00  0.00000E+00  0.00000E+00  0.00000E+00  0.00000E+00  0.00000E+00  0.00000E+00
 OMEGA(4,4)    3.04728E-03 -1.23799E-02  4.86850E-01 -7.51218E+01  2.59882E+00  5.57381E+00 -8.58452E+01  0.00000E+00  2.39593E+02 -6.81566E+01  0.00000E+00 -1.21970E+01  0.00000E+00  0.00000E+00  3.49333E+01  0.00000E+00  0.00000E+00  0.00000E+00  1.87178E+02
