TABLE NO.     1: First Order Conditional Estimation with Interaction: Problem=1 Subproblem=0 Superproblem1=0 Iteration1=0 Superproblem2=0 Iteration2=0
 NAME         THETA1       THETA2       THETA3       THETA4       THETA5       THETA6       SIGMA(1,1)   SIGMA(2,1)   SIGMA(2,2)   OMEGA(1,1)   OMEGA(2,1)   OMEGA(2,2)   OMEGA(3,1)   OMEGA(3,2)   OMEGA(3,3)   OMEGA(4,1)   OMEGA(4,2)   OMEGA(4,3)   OMEGA(4,4)
 THETA1        6.91214E+12 -7.51168E+12 -8.18221E+12 -4.11314E+15  3.53937E+15  1.34840E+16  3.09993E+12  0.00000E+00 -2.95809E+14 -8.94109E+10  0.00000E+00 -1.26644E+10  0.00000E+00  0.00000E+00 -1.57130E+11  0.00000E+00  0.00000E+00  0.00000E+00  7.10883E+09
 THETA2       -7.51168E+12  8.16329E+12  8.88960E+12  4.46986E+15 -3.84629E+15 -1.46536E+16 -3.36588E+12  0.00000E+00  3.21195E+14  9.71492E+10  0.00000E+00  1.38303E+10  0.00000E+00  0.00000E+00  1.70637E+11  0.00000E+00  0.00000E+00  0.00000E+00 -7.72162E+09
 THETA3       -8.18221E+12  8.88960E+12  9.75448E+12  4.87005E+15 -4.19197E+15 -1.59587E+16 -3.77437E+12  0.00000E+00  3.59882E+14  1.06372E+11  0.00000E+00  1.30113E+10  0.00000E+00  0.00000E+00  1.89626E+11  0.00000E+00  0.00000E+00  0.00000E+00 -8.52814E+09
 THETA4       -4.11314E+15  4.46986E+15  4.87005E+15  2.44758E+18 -2.10618E+18 -8.02373E+18 -1.84968E+15  0.00000E+00  1.76485E+17  5.32141E+13  0.00000E+00  7.49874E+12  0.00000E+00  0.00000E+00  9.35702E+13  0.00000E+00  0.00000E+00  0.00000E+00 -4.23232E+12
 THETA5        3.53937E+15 -3.84629E+15 -4.19197E+15 -2.10618E+18  1.81242E+18  6.90440E+18  1.60093E+15  0.00000E+00 -1.52729E+17 -4.58032E+13  0.00000E+00 -6.40955E+12  0.00000E+00  0.00000E+00 -8.05982E+13  0.00000E+00  0.00000E+00  0.00000E+00  3.64447E+12
 THETA6        1.34840E+16 -1.46536E+16 -1.59587E+16 -8.02373E+18  6.90440E+18  2.63043E+19  6.04558E+15  0.00000E+00 -5.76922E+17 -1.74400E+14  0.00000E+00 -2.47902E+13  0.00000E+00  0.00000E+00 -3.06373E+14  0.00000E+00  0.00000E+00  0.00000E+00  1.38630E+13
 SIGMA(1,1)    3.09993E+12 -3.36588E+12 -3.77437E+12 -1.84968E+15  1.60093E+15  6.04558E+15  2.55638E+13  0.00000E+00 -2.83535E+15 -5.47478E+10  0.00000E+00 -4.61323E+09  0.00000E+00  0.00000E+00 -9.62501E+10  0.00000E+00  0.00000E+00  0.00000E+00  4.28277E+09
 SIGMA(2,1)    0.00000E+00  0.00000E+00  0.00000E+00  0.00000E+00  0.00000E+00  0.00000E+00  0.00000E+00  0.00000E+00  0.00000E+00  0.00000E+00  0.00000E+00  0.00000E+00  0.00000E+00  0.00000E+00  0.00000E+00  0.00000E+00  0.00000E+00  0.00000E+00  0.00000E+00
 SIGMA(2,2)   -2.95809E+14  3.21195E+14  3.59882E+14  1.76485E+17 -1.52729E+17 -5.76922E+17 -2.83535E+15  0.00000E+00  3.58801E+17  5.79839E+12  0.00000E+00  2.28351E+12  0.00000E+00  0.00000E+00  7.66594E+12  0.00000E+00  0.00000E+00  0.00000E+00 -3.84048E+11
 OMEGA(1,1)   -8.94109E+10  9.71492E+10  1.06372E+11  5.32141E+13 -4.58032E+13 -1.74400E+14 -5.47478E+10  0.00000E+00  5.79839E+12  1.38604E+09  0.00000E+00  4.89707E+08  0.00000E+00  0.00000E+00  1.62917E+09  0.00000E+00  0.00000E+00  0.00000E+00 -8.00717E+07
 OMEGA(2,1)    0.00000E+00  0.00000E+00  0.00000E+00  0.00000E+00  0.00000E+00  0.00000E+00  0.00000E+00  0.00000E+00  0.00000E+00  0.00000E+00  0.00000E+00  0.00000E+00  0.00000E+00  0.00000E+00  0.00000E+00  0.00000E+00  0.00000E+00  0.00000E+00  0.00000E+00
 OMEGA(2,2)   -1.26644E+10  1.38303E+10  1.30113E+10  7.49874E+12 -6.40955E+12 -2.47902E+13 -4.61323E+09  0.00000E+00  2.28351E+12  4.89707E+08  0.00000E+00  8.00472E+08  0.00000E+00  0.00000E+00 -6.94113E+08  0.00000E+00  0.00000E+00  0.00000E+00  1.43738E+07
 OMEGA(3,1)    0.00000E+00  0.00000E+00  0.00000E+00  0.00000E+00  0.00000E+00  0.00000E+00  0.00000E+00  0.00000E+00  0.00000E+00  0.00000E+00  0.00000E+00  0.00000E+00  0.00000E+00  0.00000E+00  0.00000E+00  0.00000E+00  0.00000E+00  0.00000E+00  0.00000E+00
 OMEGA(3,2)    0.00000E+00  0.00000E+00  0.00000E+00  0.00000E+00  0.00000E+00  0.00000E+00  0.00000E+00  0.00000E+00  0.00000E+00  0.00000E+00  0.00000E+00  0.00000E+00  0.00000E+00  0.00000E+00  0.00000E+00  0.00000E+00  0.00000E+00  0.00000E+00  0.00000E+00
 OMEGA(3,3)   -1.57130E+11  1.70637E+11  1.89626E+11  9.35702E+13 -8.05982E+13 -3.06373E+14 -9.62501E+10  0.00000E+00  7.66594E+12  1.62917E+09  0.00000E+00 -6.94113E+08  0.00000E+00  0.00000E+00  4.86772E+09  0.00000E+00  0.00000E+00  0.00000E+00 -1.98833E+08
 OMEGA(4,1)    0.00000E+00  0.00000E+00  0.00000E+00  0.00000E+00  0.00000E+00  0.00000E+00  0.00000E+00  0.00000E+00  0.00000E+00  0.00000E+00  0.00000E+00  0.00000E+00  0.00000E+00  0.00000E+00  0.00000E+00  0.00000E+00  0.00000E+00  0.00000E+00  0.00000E+00
 OMEGA(4,2)    0.00000E+00  0.00000E+00  0.00000E+00  0.00000E+00  0.00000E+00  0.00000E+00  0.00000E+00  0.00000E+00  0.00000E+00  0.00000E+00  0.00000E+00  0.00000E+00  0.00000E+00  0.00000E+00  0.00000E+00  0.00000E+00  0.00000E+00  0.00000E+00  0.00000E+00
 OMEGA(4,3)    0.00000E+00  0.00000E+00  0.00000E+00  0.00000E+00  0.00000E+00  0.00000E+00  0.00000E+00  0.00000E+00  0.00000E+00  0.00000E+00  0.00000E+00  0.00000E+00  0.00000E+00  0.00000E+00  0.00000E+00  0.00000E+00  0.00000E+00  0.00000E+00  0.00000E+00
 OMEGA(4,4)    7.10883E+09 -7.72162E+09 -8.52814E+09 -4.23232E+12  3.64447E+12  1.38630E+13  4.28277E+09  0.00000E+00 -3.84048E+11 -8.00717E+07  0.00000E+00  1.43738E+07  0.00000E+00  0.00000E+00 -1.98833E+08  0.00000E+00  0.00000E+00  0.00000E+00  8.40816E+06
