TABLE NO.     1: First Order Conditional Estimation with Interaction: Problem=1 Subproblem=0 Superproblem1=0 Iteration1=0 Superproblem2=0 Iteration2=0
 NAME         THETA1       THETA2       THETA3       THETA4       THETA5       THETA6       SIGMA(1,1)   SIGMA(2,1)   SIGMA(2,2)   OMEGA(1,1)   OMEGA(2,1)   OMEGA(2,2)   OMEGA(3,1)   OMEGA(3,2)   OMEGA(3,3)   OMEGA(4,1)   OMEGA(4,2)   OMEGA(4,3)   OMEGA(4,4)
 THETA1        2.25661E-05 -5.06245E-05  1.07376E-03 -5.09618E-02  4.80727E-03 -1.05927E-03  3.95197E-01  0.00000E+00  1.80397E-03 -1.85571E-02  0.00000E+00 -9.11135E-03  0.00000E+00  0.00000E+00 -3.99926E-02  0.00000E+00  0.00000E+00  0.00000E+00  5.01666E-03
 THETA2       -5.06245E-05  1.40893E-04 -2.05148E-04  1.12776E-01  1.23280E-02 -5.44454E-02  2.61501E+00  0.00000E+00 -3.97482E-02  7.78796E-02  0.00000E+00  2.32361E-02  0.00000E+00  0.00000E+00  1.69291E-02  0.00000E+00  0.00000E+00  0.00000E+00  5.76674E-03
 THETA3        1.07376E-03 -2.05148E-04  1.12539E+00 -2.19706E+01  9.10518E+00 -1.53040E+01  8.62275E+02  0.00000E+00 -9.62698E+00  1.66938E-01  0.00000E+00  1.99491E+00  0.00000E+00  0.00000E+00 -9.27040E+00  0.00000E+00  0.00000E+00  0.00000E+00  1.11925E+00
 THETA4       -5.09618E-02  1.12776E-01 -2.19706E+01  1.04330E+03 -1.06999E+02 -2.12501E+01 -7.72297E+03  0.00000E+00  4.24353E+02  5.00358E+01  0.00000E+00 -7.71904E+01  0.00000E+00  0.00000E+00  1.08371E+02  0.00000E+00  0.00000E+00  0.00000E+00  5.54992E+01
 THETA5        4.80727E-03  1.23280E-02  9.10518E+00 -1.06999E+02  8.60775E+01 -1.63795E+02  8.51556E+03  0.00000E+00 -5.22489E+01  2.93872E+00  0.00000E+00  1.33067E+01  0.00000E+00  0.00000E+00 -9.97632E+01  0.00000E+00  0.00000E+00  0.00000E+00  2.57021E+01
 THETA6       -1.05927E-03 -5.44454E-02 -1.53040E+01 -2.12501E+01 -1.63795E+02  3.88878E+02 -1.88846E+04  0.00000E+00 -3.43861E+00 -5.67515E+01  0.00000E+00 -6.10343E+00  0.00000E+00  0.00000E+00  2.29278E+02  0.00000E+00  0.00000E+00  0.00000E+00 -7.85380E+01
 SIGMA(1,1)    3.95197E-01  2.61501E+00  8.62275E+02 -7.72297E+03  8.51556E+03 -1.88846E+04  4.32828E+06  0.00000E+00  2.59170E+04  5.04676E+02  0.00000E+00  5.25406E+03  0.00000E+00  0.00000E+00 -2.61490E+04  0.00000E+00  0.00000E+00  0.00000E+00  6.68700E+03
 SIGMA(2,1)    0.00000E+00  0.00000E+00  0.00000E+00  0.00000E+00  0.00000E+00  0.00000E+00  0.00000E+00  0.00000E+00  0.00000E+00  0.00000E+00  0.00000E+00  0.00000E+00  0.00000E+00  0.00000E+00  0.00000E+00  0.00000E+00  0.00000E+00  0.00000E+00  0.00000E+00
 SIGMA(2,2)    1.80397E-03 -3.97482E-02 -9.62698E+00  4.24353E+02 -5.22489E+01 -3.43861E+00  2.59170E+04  0.00000E+00  5.07240E+03 -1.66840E+01  0.00000E+00  4.83354E+01  0.00000E+00  0.00000E+00  3.03210E+02  0.00000E+00  0.00000E+00  0.00000E+00  3.17894E+02
 OMEGA(1,1)   -1.85571E-02  7.78796E-02  1.66938E-01  5.00358E+01  2.93872E+00 -5.67515E+01  5.04676E+02  0.00000E+00 -1.66840E+01  8.54716E+02  0.00000E+00  1.13495E+02  0.00000E+00  0.00000E+00 -6.51084E+01  0.00000E+00  0.00000E+00  0.00000E+00  4.91025E+01
 OMEGA(2,1)    0.00000E+00  0.00000E+00  0.00000E+00  0.00000E+00  0.00000E+00  0.00000E+00  0.00000E+00  0.00000E+00  0.00000E+00  0.00000E+00  0.00000E+00  0.00000E+00  0.00000E+00  0.00000E+00  0.00000E+00  0.00000E+00  0.00000E+00  0.00000E+00  0.00000E+00
 OMEGA(2,2)   -9.11135E-03  2.32361E-02  1.99491E+00 -7.71904E+01  1.33067E+01 -6.10343E+00  5.25406E+03  0.00000E+00  4.83354E+01  1.13495E+02  0.00000E+00  1.78260E+02  0.00000E+00  0.00000E+00  3.72393E+01  0.00000E+00  0.00000E+00  0.00000E+00  2.94994E+01
 OMEGA(3,1)    0.00000E+00  0.00000E+00  0.00000E+00  0.00000E+00  0.00000E+00  0.00000E+00  0.00000E+00  0.00000E+00  0.00000E+00  0.00000E+00  0.00000E+00  0.00000E+00  0.00000E+00  0.00000E+00  0.00000E+00  0.00000E+00  0.00000E+00  0.00000E+00  0.00000E+00
 OMEGA(3,2)    0.00000E+00  0.00000E+00  0.00000E+00  0.00000E+00  0.00000E+00  0.00000E+00  0.00000E+00  0.00000E+00  0.00000E+00  0.00000E+00  0.00000E+00  0.00000E+00  0.00000E+00  0.00000E+00  0.00000E+00  0.00000E+00  0.00000E+00  0.00000E+00  0.00000E+00
 OMEGA(3,3)   -3.99926E-02  1.69291E-02 -9.27040E+00  1.08371E+02 -9.97632E+01  2.29278E+02 -2.61490E+04  0.00000E+00  3.03210E+02 -6.51084E+01  0.00000E+00  3.72393E+01  0.00000E+00  0.00000E+00  1.25022E+03  0.00000E+00  0.00000E+00  0.00000E+00 -2.17103E+02
 OMEGA(4,1)    0.00000E+00  0.00000E+00  0.00000E+00  0.00000E+00  0.00000E+00  0.00000E+00  0.00000E+00  0.00000E+00  0.00000E+00  0.00000E+00  0.00000E+00  0.00000E+00  0.00000E+00  0.00000E+00  0.00000E+00  0.00000E+00  0.00000E+00  0.00000E+00  0.00000E+00
 OMEGA(4,2)    0.00000E+00  0.00000E+00  0.00000E+00  0.00000E+00  0.00000E+00  0.00000E+00  0.00000E+00  0.00000E+00  0.00000E+00  0.00000E+00  0.00000E+00  0.00000E+00  0.00000E+00  0.00000E+00  0.00000E+00  0.00000E+00  0.00000E+00  0.00000E+00  0.00000E+00
 OMEGA(4,3)    0.00000E+00  0.00000E+00  0.00000E+00  0.00000E+00  0.00000E+00  0.00000E+00  0.00000E+00  0.00000E+00  0.00000E+00  0.00000E+00  0.00000E+00  0.00000E+00  0.00000E+00  0.00000E+00  0.00000E+00  0.00000E+00  0.00000E+00  0.00000E+00  0.00000E+00
 OMEGA(4,4)    5.01666E-03  5.76674E-03  1.11925E+00  5.54992E+01  2.57021E+01 -7.85380E+01  6.68700E+03  0.00000E+00  3.17894E+02  4.91025E+01  0.00000E+00  2.94994E+01  0.00000E+00  0.00000E+00 -2.17103E+02  0.00000E+00  0.00000E+00  0.00000E+00  1.92183E+02
