TABLE NO.     1: First Order Conditional Estimation with Interaction: Problem=1 Subproblem=0 Superproblem1=0 Iteration1=0 Superproblem2=0 Iteration2=0
 NAME         THETA1       THETA2       THETA3       THETA4       THETA5       THETA6       SIGMA(1,1)   SIGMA(2,1)   SIGMA(2,2)   OMEGA(1,1)   OMEGA(2,1)   OMEGA(2,2)   OMEGA(3,1)   OMEGA(3,2)   OMEGA(3,3)   OMEGA(4,1)   OMEGA(4,2)   OMEGA(4,3)   OMEGA(4,4)
 THETA1        6.85633E-01 -9.98194E-01 -9.91137E-01 -9.99864E-01 -9.99158E-01 -9.98954E-01  9.98070E-01  0.00000E+00  9.90332E-01  3.48467E-01  0.00000E+00  3.48015E-01  0.00000E+00  0.00000E+00  3.44934E-01  0.00000E+00  0.00000E+00  0.00000E+00  8.30539E-02
 THETA2       -9.98194E-01  1.45749E+00  9.97275E-01  9.97713E-01  9.95292E-01  9.99896E-01 -9.99954E-01  0.00000E+00 -9.80754E-01 -4.01773E-01  0.00000E+00 -4.01452E-01  0.00000E+00  0.00000E+00 -3.98455E-01  0.00000E+00  0.00000E+00  0.00000E+00 -1.15634E-01
 THETA3       -9.91137E-01  9.97275E-01  1.45272E-02  9.90093E-01  9.85537E-01  9.96143E-01 -9.97464E-01  0.00000E+00 -9.63849E-01 -4.67361E-01  0.00000E+00 -4.67087E-01  0.00000E+00  0.00000E+00 -4.64167E-01  0.00000E+00  0.00000E+00  0.00000E+00 -1.53907E-01
 THETA4       -9.99864E-01  9.97713E-01  9.90093E-01  1.17942E-03  9.99562E-01  9.98547E-01 -9.97500E-01  0.00000E+00 -9.91663E-01 -3.39455E-01  0.00000E+00 -3.39166E-01  0.00000E+00  0.00000E+00 -3.36135E-01  0.00000E+00  0.00000E+00  0.00000E+00 -8.12297E-02
 THETA5       -9.99158E-01  9.95292E-01  9.85537E-01  9.99562E-01  1.12528E-03  9.96529E-01 -9.94986E-01  0.00000E+00 -9.95038E-01 -3.11557E-01  0.00000E+00 -3.11239E-01  0.00000E+00  0.00000E+00 -3.08180E-01  0.00000E+00  0.00000E+00  0.00000E+00 -6.50876E-02
 THETA6       -9.98954E-01  9.99896E-01  9.96143E-01  9.98547E-01  9.96529E-01  1.23610E-03 -9.99839E-01  0.00000E+00 -9.83332E-01 -3.89351E-01  0.00000E+00 -3.89002E-01  0.00000E+00  0.00000E+00 -3.85986E-01  0.00000E+00  0.00000E+00  0.00000E+00 -1.08060E-01
 SIGMA(1,1)    9.98070E-01 -9.99954E-01 -9.97464E-01 -9.97500E-01 -9.94986E-01 -9.99839E-01  8.63270E-04  0.00000E+00  9.80106E-01  4.05019E-01  0.00000E+00  4.04658E-01  0.00000E+00  0.00000E+00  4.01649E-01  0.00000E+00  0.00000E+00  0.00000E+00  1.16658E-01
 SIGMA(2,1)    0.00000E+00  0.00000E+00  0.00000E+00  0.00000E+00  0.00000E+00  0.00000E+00  0.00000E+00  0.00000E+00  0.00000E+00  0.00000E+00  0.00000E+00  0.00000E+00  0.00000E+00  0.00000E+00  0.00000E+00  0.00000E+00  0.00000E+00  0.00000E+00  0.00000E+00
 SIGMA(2,2)    9.90332E-01 -9.80754E-01 -9.63849E-01 -9.91663E-01 -9.95038E-01 -9.83332E-01  9.80106E-01  0.00000E+00  3.58159E-06  2.15534E-01  0.00000E+00  2.15170E-01  0.00000E+00  0.00000E+00  2.12063E-01  0.00000E+00  0.00000E+00  0.00000E+00  1.14228E-02
 OMEGA(1,1)    3.48467E-01 -4.01773E-01 -4.67361E-01 -3.39455E-01 -3.11557E-01 -3.89351E-01  4.05019E-01  0.00000E+00  2.15534E-01  4.94341E-02  0.00000E+00  9.99094E-01  0.00000E+00  0.00000E+00  9.98313E-01  0.00000E+00  0.00000E+00  0.00000E+00  5.05364E-01
 OMEGA(2,1)    0.00000E+00  0.00000E+00  0.00000E+00  0.00000E+00  0.00000E+00  0.00000E+00  0.00000E+00  0.00000E+00  0.00000E+00  0.00000E+00  0.00000E+00  0.00000E+00  0.00000E+00  0.00000E+00  0.00000E+00  0.00000E+00  0.00000E+00  0.00000E+00  0.00000E+00
 OMEGA(2,2)    3.48015E-01 -4.01452E-01 -4.67087E-01 -3.39166E-01 -3.11239E-01 -3.89002E-01  4.04658E-01  0.00000E+00  2.15170E-01  9.99094E-01  0.00000E+00  1.11355E-01  0.00000E+00  0.00000E+00  9.99875E-01  0.00000E+00  0.00000E+00  0.00000E+00  5.41272E-01
 OMEGA(3,1)    0.00000E+00  0.00000E+00  0.00000E+00  0.00000E+00  0.00000E+00  0.00000E+00  0.00000E+00  0.00000E+00  0.00000E+00  0.00000E+00  0.00000E+00  0.00000E+00  0.00000E+00  0.00000E+00  0.00000E+00  0.00000E+00  0.00000E+00  0.00000E+00  0.00000E+00
 OMEGA(3,2)    0.00000E+00  0.00000E+00  0.00000E+00  0.00000E+00  0.00000E+00  0.00000E+00  0.00000E+00  0.00000E+00  0.00000E+00  0.00000E+00  0.00000E+00  0.00000E+00  0.00000E+00  0.00000E+00  0.00000E+00  0.00000E+00  0.00000E+00  0.00000E+00  0.00000E+00
 OMEGA(3,3)    3.44934E-01 -3.98455E-01 -4.64167E-01 -3.36135E-01 -3.08180E-01 -3.85986E-01  4.01649E-01  0.00000E+00  2.12063E-01  9.98313E-01  0.00000E+00  9.99875E-01  0.00000E+00  0.00000E+00  1.11394E-01  0.00000E+00  0.00000E+00  0.00000E+00  5.54459E-01
 OMEGA(4,1)    0.00000E+00  0.00000E+00  0.00000E+00  0.00000E+00  0.00000E+00  0.00000E+00  0.00000E+00  0.00000E+00  0.00000E+00  0.00000E+00  0.00000E+00  0.00000E+00  0.00000E+00  0.00000E+00  0.00000E+00  0.00000E+00  0.00000E+00  0.00000E+00  0.00000E+00
 OMEGA(4,2)    0.00000E+00  0.00000E+00  0.00000E+00  0.00000E+00  0.00000E+00  0.00000E+00  0.00000E+00  0.00000E+00  0.00000E+00  0.00000E+00  0.00000E+00  0.00000E+00  0.00000E+00  0.00000E+00  0.00000E+00  0.00000E+00  0.00000E+00  0.00000E+00  0.00000E+00
 OMEGA(4,3)    0.00000E+00  0.00000E+00  0.00000E+00  0.00000E+00  0.00000E+00  0.00000E+00  0.00000E+00  0.00000E+00  0.00000E+00  0.00000E+00  0.00000E+00  0.00000E+00  0.00000E+00  0.00000E+00  0.00000E+00  0.00000E+00  0.00000E+00  0.00000E+00  0.00000E+00
 OMEGA(4,4)    8.30539E-02 -1.15634E-01 -1.53907E-01 -8.12297E-02 -6.50876E-02 -1.08060E-01  1.16658E-01  0.00000E+00  1.14228E-02  5.05364E-01  0.00000E+00  5.41272E-01  0.00000E+00  0.00000E+00  5.54459E-01  0.00000E+00  0.00000E+00  0.00000E+00  1.10067E-01
