dmp.txt <- structure(
	.Data = list(
		"coefficients" = list(
			"fixed" = c("CMultStdev" = 0.529835579944401, "tvVmax" = 923.385714840359, "tvKm" = 1456.30751904652, "tvV" = 14.5163817694301, "tvKa" = 1.06332605253233, "K12" = 1.67751773262914, "K21" = 3.42357704515736, "K13" = 0.0669431335604424, "K31" = 0.0233356842329124, "CEps" = 0.499997561560534)
			, "random" = list("Subject" = matrix(
				as.numeric(c(
					 0.0878274141469214,  0.70109959640517,  -0.84036624594061
					,  0.108528868676209,  -1.04421558677394,  -0.0390020240232424
					,  0.790219842643722,  0.312622579730167,  0.24943407103957
					,  -0.828228455827369,  0.0451332625251812,  -0.296825976945064
					,  0.430119257698538,  -0.713561424718218,  0.293071039404679
					,  -0.322200196592333,  0.631321631720469,  0.311269033802913
					,  -0.437763316619188,  0.812258915053512,  -0.749725017381683
					,  0.0685561023944465,  -0.314935337834662,  0.740987742175974
					,  -0.44395055779849,  -0.939349880537758,  -0.127227585530392
					,  0.459809241972714,  0.0466223108896335,  -0.0280242309489
					,  -0.0922402953623618,  0.480811280064922,  0.725625252922853
					,  -0.65019889579881,  0.107106525450102,  0.256292947987378
					,  -0.767912136426026,  0.463059477539904,  0.722621999134791
					,  0.676723962144397,  0.447775537465618,  0.336487552238767
					,  0.594302107398628,  -0.0182459549992644,  -0.224353130129837
					,  0.588134319853606,  0.362208305183839,  0.431818895004911
					,  -0.585214236823569,  0.16375075912147,  -0.230238482247397
					,  -0.32299138000464,  0.808076751738062,  0.483653673951972
					,  0.623768083094243,  -0.0052449584115796,  -0.45167547859925
					,  0.684135856846221,  -0.461052239332552,  0.14945567506141
					))
				, nrow = 60, ncol = 1
				, dimnames = list(
					as.character(c( "1", "2", "3", "4", "5", "6", "7", "8", "9", "10"
					  , "11", "12", "13", "14", "15", "16", "17", "18", "19", "20"
					  , "21", "22", "23", "24", "25", "26", "27", "28", "29", "30"
					  , "31", "32", "33", "34", "35", "36", "37", "38", "39", "40"
					  , "41", "42", "43", "44", "45", "46", "47", "48", "49", "50"
					  , "51", "52", "53", "54", "55", "56", "57", "58", "59", "60"))
					, as.character(c("nVmax"))
					)
				))
			)
		, "logLik" = c(-3536.97)
		, "nObs" = c(420)
		, "nSubj" = c(60)
		, "nParm" = c(11)
		, "returnCode" = c(3)
		, "omega" = matrix(
			as.numeric(c(0.498098270209284))
			, nrow = 1, ncol = 1
			, dimnames = list(
				as.character(c("nVmax"))
				, as.character(c("nVmax"))
				)
			)
		, "eta" = matrix(
			as.numeric(c(0.0709991141145963, 0.257735993835008, 0.507677056636409, 0.280666940850101))
			, nrow = 1, ncol = 4
			, dimnames = list(
				as.character(c("nVmax"))
				, as.character(c("mean", "var", "sd", "shrinkage"))
				)
			)
		, "eta_shrinkage" = list("Subject" = matrix(
			as.numeric(c(
				 0.381968331141051,  0.133746960069795,  0.815369732490475
				,  0.325777037566052,  0.83499449869037,  0.41304944318729
				,  0.105023349985258,  0.249632385156509,  0.260194817211479
				,  0.807997815114736,  0.382806939437842,  0.573957332452129
				,  0.204177159427317,  0.762349628285426,  0.248646079871176
				,  0.535965556362999,  0.123954871725903,  0.242760837140561
				,  0.641225495914238,  0.110812948805523,  0.740676744814921
				,  0.384711370846268,  0.602034913037311,  0.128657083741843
				,  0.628434789328825,  0.81345844729278,  0.464331348855587
				,  0.170165723559269,  0.368344780284798,  0.431843962130724
				,  0.474406959366919,  0.183593555971436,  0.121124161336942
				,  0.698782744714011,  0.287729308030941,  0.252314007328988
				,  0.800069094327316,  0.181893048140693,  0.134811190701835
				,  0.139018808468567,  0.191759238203527,  0.22861480420014
				,  0.183656941507243,  0.372115692338794,  0.543326474398744
				,  0.135149187226469,  0.254569733959626,  0.210229150594875
				,  0.690790258283207,  0.306162812883704,  0.479840030281742
				,  0.609812336281923,  0.125663440558388,  0.176934503976293
				,  0.13837075330826,  0.399511191430916,  0.674242776029814
				,  0.127816043767983,  0.655509833446342,  0.299663717561013
				))
			, nrow = 60, ncol = 1
			, dimnames = list(
				as.character(c( "1", "2", "3", "4", "5", "6", "7", "8", "9", "10"
				  , "11", "12", "13", "14", "15", "16", "17", "18", "19", "20"
				  , "21", "22", "23", "24", "25", "26", "27", "28", "29", "30"
				  , "31", "32", "33", "34", "35", "36", "37", "38", "39", "40"
				  , "41", "42", "43", "44", "45", "46", "47", "48", "49", "50"
				  , "51", "52", "53", "54", "55", "56", "57", "58", "59", "60"))
				, as.character(c("nVmax_shrinkage"))
				)
			))
		, "sigma" = matrix(
			as.numeric(c(0.24999756156648))
			, nrow = 1, ncol = 1
			, dimnames = list(
				as.character(c("CEps"))
				, as.character(c("CEps"))
				)
			)
		, "method" = "FOCE-ELS"
		, "varFix" = matrix(
			as.numeric(c(0.000525999968966213, -0.196104967448511, -0.768942740418853, -0.00616767090037023, -0.00154741653320621, -0.000201212750974344, 0.00235214922134086, 4.79639352551302e-005, -8.32434650540761e-006, 0.00573373640168343, -0.196104967448511, 2242.30667164241, 3810.87008125794, 4.08942635578683, 1.18432106079201, -0.825367168770399, -2.7284496809493, -0.0663353545560884, -0.0206881998506982, -45.0834420652155, -0.768942740418853, 3810.87008125794, 35028.454698682, 21.7982894697303, 3.6598416535592, -7.4012788037049, -4.56326413282157, -0.096566248985882, 0.00548390105137159, -348.761396164151, -0.00616767090037023, 4.08942635578683, 21.7982894697303, 0.460503826427548, 0.0563213249961619, 0.0209314520773971, -0.1129464335323, -0.00201962902565469, 0.000631638261479017, -0.00237447526351668, -0.00154741653320621, 1.18432106079201, 3.6598416535592, 0.0563213249961619, 0.0124460040250985, 0.00278855320338195, -0.0183401582208139, -0.000337395267859396, 8.51620774654879e-005, -0.0033325691030327, -0.000201212750974344, -0.825367168770399, -7.4012788037049, 0.0209314520773971, 0.00278855320338195, 0.00356743151319575, -0.00728130528947287, -0.000148084321196256, 3.85618500382788e-005, 0.0890157210136934, 0.00235214922134086, -2.7284496809493, -4.56326413282157, -0.1129464335323, -0.0183401582208139, -0.00728130528947287, 0.0699044906205421, 0.00163619579644926, 6.10484011824497e-006, 0.0465493669045301, 4.79639352551302e-005, -0.0663353545560884, -0.096566248985882, -0.00201962902565469, -0.000337395267859396, -0.000148084321196256, 0.00163619579644926, 4.14419713535367e-005, 2.19915777315837e-006, 0.00156563540227262, -8.32434650540761e-006, -0.0206881998506982, 0.00548390105137159, 0.000631638261479017, 8.51620774654879e-005, 3.85618500382788e-005, 6.10484011824497e-006, 2.19915777315837e-006, 3.87102208476546e-006, 0.000805694062562209, 0.00573373640168343, -45.0834420652155, -348.761396164151, -0.00237447526351668, -0.0033325691030327, 0.0890157210136934, 0.0465493669045301, 0.00156563540227262, 0.000805694062562209, 3.82989392512427))
			, nrow = 10, ncol = 10
			, dimnames = list(
				as.character(c("CMultStdev", "tvVmax", "tvKm", "tvV", "tvKa", "K12", "K21", "K13", "K31", "CEps"))
				, as.character(c("CMultStdev", "tvVmax", "tvKm", "tvV", "tvKa", "K12", "K21", "K13", "K31", "CEps"))
				)
			)
		, "omegaSE" = matrix(
			as.numeric(c(0.0437138805741445))
			, nrow = 1, ncol = 1, byrow = TRUE
			, dimnames = list(
				as.character(c("nVmax"))
				, as.character(c("nVmax"))
				)
			)
		, "Covariance" = matrix(
			as.numeric(c(0.00052599997, -0.19610497, -0.76894274, -0.0061676709, -0.0015474165, -0.00020121275, 0.0023521492, 4.7963935e-005, -8.3243465e-006, 0.0057337364, -0.00017507155, -0.19610497, 2242.3067, 3810.8701, 4.0894264, 1.1843211, -0.82536717, -2.7284497, -0.066335355, -0.0206882, -45.083442, -0.62851274, -0.76894274, 3810.8701, 35028.455, 21.798289, 3.6598417, -7.4012788, -4.5632641, -0.096566249, 0.0054839011, -348.7614, 1.2600157, -0.0061676709, 4.0894264, 21.798289, 0.46050383, 0.056321325, 0.020931452, -0.11294643, -0.002019629, 0.00063163826, -0.0023744753, 0.011224768, -0.0015474165, 1.1843211, 3.6598417, 0.056321325, 0.012446004, 0.0027885532, -0.018340158, -0.00033739527, 8.5162077e-005, -0.0033325691, 0.0017168673, -0.00020121275, -0.82536717, -7.4012788, 0.020931452, 0.0027885532, 0.0035674315, -0.0072813053, -0.00014808432, 3.856185e-005, 0.089015721, 0.00075702588, 0.0023521492, -2.7284497, -4.5632641, -0.11294643, -0.018340158, -0.0072813053, 0.069904491, 0.0016361958, 6.1048401e-006, 0.046549367, -0.00033410955, 4.7963935e-005, -0.066335355, -0.096566249, -0.002019629, -0.00033739527, -0.00014808432, 0.0016361958, 4.1441971e-005, 2.1991578e-006, 0.0015656354, 2.1195075e-005, -8.3243465e-006, -0.0206882, 0.0054839011, 0.00063163826, 8.5162077e-005, 3.856185e-005, 6.1048401e-006, 2.1991578e-006, 3.8710221e-006, 0.00080569406, 7.0890555e-005, 0.0057337364, -45.083442, -348.7614, -0.0023744753, -0.0033325691, 0.089015721, 0.046549367, 0.0015656354, 0.00080569406, 3.8298939, 0.0069084537, -0.00017507155, -0.62851274, 1.2600157, 0.011224768, 0.0017168673, 0.00075702588, -0.00033410955, 2.1195075e-005, 7.0890555e-005, 0.0069084537, 0.0019109034))
			, nrow = 11, ncol = 11
			, dimnames = list(
				as.character(c("CMultStdev", "tvVmax", "tvKm", "tvV", "tvKa", "K12", "K21", "K13", "K31", "stdev0", "nVmax-nVmax"))
				, as.character(c("CMultStdev", "tvVmax", "tvKm", "tvV", "tvKa", "K12", "K21", "K13", "K31", "stdev0", "nVmax-nVmax"))
				)
			)
		, "Correlation" = matrix(
			as.numeric(c(0.022934689, -0.18057109, -0.17913921, -0.39628872, -0.60478276, -0.14688749, 0.38789973, 0.32486412, -0.18447795, 0.12774723, -0.17462377, -0.18057109, 47.353001, 0.42999772, 0.12726186, 0.22418522, -0.29182458, -0.21792944, -0.21760925, -0.22205593, -0.48649254, -0.30363177, -0.17913921, 0.42999772,  187.1589, 0.17163083, 0.17528181, -0.66209217, -0.092217338, -0.080148365, 0.014892455, -0.95219204, 0.15400901, -0.39628872, 0.12726186, 0.17163083, 0.67860432, 0.74394576, 0.51642221, -0.62951106, -0.46231159, 0.47308479, -0.0017879594, 0.37839153, -0.60478276, 0.22418522, 0.17528181, 0.74394576, 0.11156166, 0.41849102, -0.62177832, -0.46979005, 0.38798814, -0.015264087, 0.35204842, -0.14688749, -0.29182458, -0.66209217, 0.51642221, 0.41849102, 0.059727979, -0.46108276, -0.38513328, 0.32814608, 0.76154491, 0.28994361, 0.38789973, -0.21792944, -0.092217338, -0.62951106, -0.62177832, -0.46108276, 0.26439457, 0.96130795, 0.011735698, 0.089963816, -0.02890793, 0.32486412, -0.21760925, -0.080148365, -0.46231159, -0.46979005, -0.38513328, 0.96130795, 0.0064375439, 0.17362944, 0.12427308, 0.075317414, -0.18447795, -0.22205593, 0.014892455, 0.47308479, 0.38798814, 0.32814608, 0.011735698, 0.17362944, 0.0019674913, 0.20924928, 0.82424475, 0.12774723, -0.48649254, -0.95219204, -0.0017879594, -0.015264087, 0.76154491, 0.089963816, 0.12427308, 0.20924928, 1.9570115, 0.080754758, -0.17462377, -0.30363177, 0.15400901, 0.37839153, 0.35204842, 0.28994361, -0.02890793, 0.075317414, 0.82424475, 0.080754758, 0.043713881))
			, nrow = 11, ncol = 11
			, dimnames = list(
				as.character(c("CMultStdev", "tvVmax", "tvKm", "tvV", "tvKa", "K12", "K21", "K13", "K31", "stdev0", "nVmax-nVmax"))
				, as.character(c("CMultStdev", "tvVmax", "tvKm", "tvV", "tvKa", "K12", "K21", "K13", "K31", "stdev0", "nVmax-nVmax"))
				)
			)
		, "Inverse" = matrix(
			as.numeric(c(3377.3219, -0.082264933, -0.5813389, 19.640103, 616.31215, -216.21572, 219.98264, -7114.3608, 2402.9086, -54.212909, 306.47037, -0.082264933, 0.0008125647, 1.5875204e-005, 0.0091393647, -0.14975926, -0.35355839, -0.057967537, 0.95918277, -6.2990845, 0.019761016, 0.61165545, -0.5813389, 1.5875204e-005, 0.0015313787, -0.076076079, -0.35158651, 0.60017618, -0.19707195,  3.086598, 6.8662366, 0.12827648, -1.319979, 19.640103, 0.0091393647, -0.076076079, 16.792308, 2.6721542, -188.07537,  37.72184, -1388.9385, -1902.2176, -2.1885496, 128.91847, 616.31215, -0.14975926, -0.35158651, 2.6721542, 409.78143, -28.39183, 217.50111, -5772.5768,  709.5796, -34.235898, 65.921898, -216.21572, -0.35355839, 0.60017618, -188.07537, -28.39183, 5326.2909, 1.3757773, 13416.925, 28764.351, -80.277754, -2437.084, 219.98264, -0.057967537, -0.19707195,  37.72184, 217.50111, 1.3757773, 595.87626, -20272.787, 6101.3551, -18.806632, -115.81975, -7114.3608, 0.95918277,  3.086598, -1388.9385, -5772.5768, 13416.925, -20272.787, 788486.46, -259402.96, -41.734151,  3142.311, 2402.9086, -6.2990845, 6.8662366, -1902.2176,  709.5796, 28764.351, 6101.3551, -259402.96, 1460656.4, -295.23169, -56414.242, -54.212909, 0.019761016, 0.12827648, -2.1885496, -34.235898, -80.277754, -18.806632, -41.734151, -295.23169, 14.492175, -51.898477, 306.47037, 0.61165545, -1.319979, 128.91847, 65.921898, -2437.084, -115.81975,  3142.311, -56414.242, -51.898477, 3997.2903))
			, nrow = 11, ncol = 11
			, dimnames = list(
				as.character(c("CMultStdev", "tvVmax", "tvKm", "tvV", "tvKa", "K12", "K21", "K13", "K31", "stdev0", "nVmax-nVmax"))
				, as.character(c("CMultStdev", "tvVmax", "tvKm", "tvV", "tvKa", "K12", "K21", "K13", "K31", "stdev0", "nVmax-nVmax"))
				)
			)
		, "LLTable" = data.frame(
			id = as.character(c( "1", "2", "3", "4", "5", "6", "7", "8", "9", "10", "11", "12", "13", "14", "15", "16", "17", "18", "19", "20", "21", "22", "23", "24", "25", "26", "27", "28", "29", "30", "31", "32", "33", "34", "35", "36", "37", "38", "39", "40", "41", "42", "43", "44", "45", "46", "47", "48", "49", "50", "51", "52", "53", "54", "55", "56", "57", "58", "59", "60"))
			, "LL" = c(-57.003798, -58.595162, -60.073658, -61.424101, -60.761461, -57.986872, -56.378234, -58.999576, -57.725729, -62.42162, -58.685538, -59.377124, -57.135951, -60.801413, -56.128515, -57.872093, -58.486316, -57.954866, -63.478447, -56.179884, -62.217194, -57.481077, -60.229773, -56.200997, -59.611054, -61.206553, -56.836726, -57.810484, -72.299746, -60.622696, -59.264683, -57.231791, -57.562767, -59.124756, -59.441338, -56.354046, -62.024854, -56.84848, -57.529715, -57.240428, -58.08438, -56.493702, -58.012474, -64.885306, -57.910503, -56.174159,  -57.6746, -57.033769, -60.761292, -62.78211, -57.855457, -60.742525, -56.708583, -57.375921, -57.065417, -56.478428, -62.506534, -56.258549, -59.738205, -57.821986)
			) # end of LLTable
		, "residuals" = data.frame(
			  ID1 = as.character(c(  "",   "",   "",   "",   "",   "",   "",   "",   "",   "",   "",   "",   "",   "",   "",   "",   "",   "",   "",   "",   "",   "",   "",   "",   "",   "",   "",   "",   "",   "",   "",   "",   "",   "",   "",   "",   "",   "",   "",   "",   "",   "",   "",   "",   "",   "",   "",   "",   "",   "",   "",   "",   "",   "",   "",   "",   "",   "",   "",   "",   "",   "",   "",   "",   "",   "",   "",   "",   "",   "",   "",   "",   "",   "",   "",   "",   "",   "",   "",   "",   "",   "",   "",   "",   "",   "",   "",   "",   "",   "",   "",   "",   "",   "",   "",   "",   "",   "",   "",   "",   "",   "",   "",   "",   "",   "",   "",   "",   "",   "",   "",   "",   "",   "",   "",   "",   "",   "",   "",   "",   "",   "",   "",   "",   "",   "",   "",   "",   "",   "",   "",   "",   "",   "",   "",   "",   "",   "",   "",   "",   "",   "",   "",   "",   "",   "",   "",   "",   "",   "",   "",   "",   "",   "",   "",   "",   "",   "",   "",   "",   "",   "",   "",   "",   "",   "",   "",   "",   "",   "",   "",   "",   "",   "",   "",   "",   "",   "",   "",   "",   "",   "",   "",   "",   "",   "",   "",   "",   "",   "",   "",   "",   "",   "",   "",   "",   "",   "",   "",   "",   "",   "",   "",   "",   "",   "",   "",   "",   "",   "",   "",   "",   "",   "",   "",   "",   "",   "",   "",   "",   "",   "",   "",   "",   "",   "",   "",   "",   "",   "",   "",   "",   "",   "",   "",   "",   "",   "",   "",   "",   "",   "",   "",   "",   "",   "",   "",   "",   "",   "",   "",   "",   "",   "",   "",   "",   "",   "",   "",   "",   "",   "",   "",   "",   "",   "",   "",   "",   "",   "",   "",   "",   "",   "",   "",   "",   "",   "",   "",   "",   "",   "",   "",   "",   "",   "",   "",   "",   "",   "",   "",   "",   "",   "",   "",   "",   "",   "",   "",   "",   "",   "",   "",   "",   "",   "",   "",   "",   "",   "",   "",   "",   "",   "",   "",   "",   "",   "",   "",   "",   "",   "",   "",   "",   "",   "",   "",   "",   "",   "",   "",   "",   "",   "",   "",   "",   "",   "",   "",   "",   "",   "",   "",   "",   "",   "",   "",   "",   "",   "",   "",   "",   "",   "",   "",   "",   "",   "",   "",   "",   "",   "",   "",   "",   "",   "",   "",   "",   "",   "",   "",   "",   "",   "",   "",   "",   "",   "",   "",   "",   "",   "",   "",   "",   "",   "",   "",   "",   "",   "",   "",   "",   "",   "",   "",   "",   "",   "",   "",   "",   "",   "",   "",   "",   "",   "",   "",   "",   "",   "",   "",   "",   "",   "",   "",   "",   "",   "",   "",   ""))
			, ID2 = as.character(c(  "",   "",   "",   "",   "",   "",   "",   "",   "",   "",   "",   "",   "",   "",   "",   "",   "",   "",   "",   "",   "",   "",   "",   "",   "",   "",   "",   "",   "",   "",   "",   "",   "",   "",   "",   "",   "",   "",   "",   "",   "",   "",   "",   "",   "",   "",   "",   "",   "",   "",   "",   "",   "",   "",   "",   "",   "",   "",   "",   "",   "",   "",   "",   "",   "",   "",   "",   "",   "",   "",   "",   "",   "",   "",   "",   "",   "",   "",   "",   "",   "",   "",   "",   "",   "",   "",   "",   "",   "",   "",   "",   "",   "",   "",   "",   "",   "",   "",   "",   "",   "",   "",   "",   "",   "",   "",   "",   "",   "",   "",   "",   "",   "",   "",   "",   "",   "",   "",   "",   "",   "",   "",   "",   "",   "",   "",   "",   "",   "",   "",   "",   "",   "",   "",   "",   "",   "",   "",   "",   "",   "",   "",   "",   "",   "",   "",   "",   "",   "",   "",   "",   "",   "",   "",   "",   "",   "",   "",   "",   "",   "",   "",   "",   "",   "",   "",   "",   "",   "",   "",   "",   "",   "",   "",   "",   "",   "",   "",   "",   "",   "",   "",   "",   "",   "",   "",   "",   "",   "",   "",   "",   "",   "",   "",   "",   "",   "",   "",   "",   "",   "",   "",   "",   "",   "",   "",   "",   "",   "",   "",   "",   "",   "",   "",   "",   "",   "",   "",   "",   "",   "",   "",   "",   "",   "",   "",   "",   "",   "",   "",   "",   "",   "",   "",   "",   "",   "",   "",   "",   "",   "",   "",   "",   "",   "",   "",   "",   "",   "",   "",   "",   "",   "",   "",   "",   "",   "",   "",   "",   "",   "",   "",   "",   "",   "",   "",   "",   "",   "",   "",   "",   "",   "",   "",   "",   "",   "",   "",   "",   "",   "",   "",   "",   "",   "",   "",   "",   "",   "",   "",   "",   "",   "",   "",   "",   "",   "",   "",   "",   "",   "",   "",   "",   "",   "",   "",   "",   "",   "",   "",   "",   "",   "",   "",   "",   "",   "",   "",   "",   "",   "",   "",   "",   "",   "",   "",   "",   "",   "",   "",   "",   "",   "",   "",   "",   "",   "",   "",   "",   "",   "",   "",   "",   "",   "",   "",   "",   "",   "",   "",   "",   "",   "",   "",   "",   "",   "",   "",   "",   "",   "",   "",   "",   "",   "",   "",   "",   "",   "",   "",   "",   "",   "",   "",   "",   "",   "",   "",   "",   "",   "",   "",   "",   "",   "",   "",   "",   "",   "",   "",   "",   "",   "",   "",   "",   "",   "",   "",   "",   "",   "",   "",   "",   "",   "",   "",   "",   "",   "",   "",   "",   "",   "",   "",   "",   "",   "",   "",   "",   ""))
			, ID3 = as.character(c(  "",   "",   "",   "",   "",   "",   "",   "",   "",   "",   "",   "",   "",   "",   "",   "",   "",   "",   "",   "",   "",   "",   "",   "",   "",   "",   "",   "",   "",   "",   "",   "",   "",   "",   "",   "",   "",   "",   "",   "",   "",   "",   "",   "",   "",   "",   "",   "",   "",   "",   "",   "",   "",   "",   "",   "",   "",   "",   "",   "",   "",   "",   "",   "",   "",   "",   "",   "",   "",   "",   "",   "",   "",   "",   "",   "",   "",   "",   "",   "",   "",   "",   "",   "",   "",   "",   "",   "",   "",   "",   "",   "",   "",   "",   "",   "",   "",   "",   "",   "",   "",   "",   "",   "",   "",   "",   "",   "",   "",   "",   "",   "",   "",   "",   "",   "",   "",   "",   "",   "",   "",   "",   "",   "",   "",   "",   "",   "",   "",   "",   "",   "",   "",   "",   "",   "",   "",   "",   "",   "",   "",   "",   "",   "",   "",   "",   "",   "",   "",   "",   "",   "",   "",   "",   "",   "",   "",   "",   "",   "",   "",   "",   "",   "",   "",   "",   "",   "",   "",   "",   "",   "",   "",   "",   "",   "",   "",   "",   "",   "",   "",   "",   "",   "",   "",   "",   "",   "",   "",   "",   "",   "",   "",   "",   "",   "",   "",   "",   "",   "",   "",   "",   "",   "",   "",   "",   "",   "",   "",   "",   "",   "",   "",   "",   "",   "",   "",   "",   "",   "",   "",   "",   "",   "",   "",   "",   "",   "",   "",   "",   "",   "",   "",   "",   "",   "",   "",   "",   "",   "",   "",   "",   "",   "",   "",   "",   "",   "",   "",   "",   "",   "",   "",   "",   "",   "",   "",   "",   "",   "",   "",   "",   "",   "",   "",   "",   "",   "",   "",   "",   "",   "",   "",   "",   "",   "",   "",   "",   "",   "",   "",   "",   "",   "",   "",   "",   "",   "",   "",   "",   "",   "",   "",   "",   "",   "",   "",   "",   "",   "",   "",   "",   "",   "",   "",   "",   "",   "",   "",   "",   "",   "",   "",   "",   "",   "",   "",   "",   "",   "",   "",   "",   "",   "",   "",   "",   "",   "",   "",   "",   "",   "",   "",   "",   "",   "",   "",   "",   "",   "",   "",   "",   "",   "",   "",   "",   "",   "",   "",   "",   "",   "",   "",   "",   "",   "",   "",   "",   "",   "",   "",   "",   "",   "",   "",   "",   "",   "",   "",   "",   "",   "",   "",   "",   "",   "",   "",   "",   "",   "",   "",   "",   "",   "",   "",   "",   "",   "",   "",   "",   "",   "",   "",   "",   "",   "",   "",   "",   "",   "",   "",   "",   "",   "",   "",   "",   "",   "",   "",   "",   "",   "",   "",   "",   "",   "",   "",   "",   "",   ""))
			, ID4 = as.character(c(  "",   "",   "",   "",   "",   "",   "",   "",   "",   "",   "",   "",   "",   "",   "",   "",   "",   "",   "",   "",   "",   "",   "",   "",   "",   "",   "",   "",   "",   "",   "",   "",   "",   "",   "",   "",   "",   "",   "",   "",   "",   "",   "",   "",   "",   "",   "",   "",   "",   "",   "",   "",   "",   "",   "",   "",   "",   "",   "",   "",   "",   "",   "",   "",   "",   "",   "",   "",   "",   "",   "",   "",   "",   "",   "",   "",   "",   "",   "",   "",   "",   "",   "",   "",   "",   "",   "",   "",   "",   "",   "",   "",   "",   "",   "",   "",   "",   "",   "",   "",   "",   "",   "",   "",   "",   "",   "",   "",   "",   "",   "",   "",   "",   "",   "",   "",   "",   "",   "",   "",   "",   "",   "",   "",   "",   "",   "",   "",   "",   "",   "",   "",   "",   "",   "",   "",   "",   "",   "",   "",   "",   "",   "",   "",   "",   "",   "",   "",   "",   "",   "",   "",   "",   "",   "",   "",   "",   "",   "",   "",   "",   "",   "",   "",   "",   "",   "",   "",   "",   "",   "",   "",   "",   "",   "",   "",   "",   "",   "",   "",   "",   "",   "",   "",   "",   "",   "",   "",   "",   "",   "",   "",   "",   "",   "",   "",   "",   "",   "",   "",   "",   "",   "",   "",   "",   "",   "",   "",   "",   "",   "",   "",   "",   "",   "",   "",   "",   "",   "",   "",   "",   "",   "",   "",   "",   "",   "",   "",   "",   "",   "",   "",   "",   "",   "",   "",   "",   "",   "",   "",   "",   "",   "",   "",   "",   "",   "",   "",   "",   "",   "",   "",   "",   "",   "",   "",   "",   "",   "",   "",   "",   "",   "",   "",   "",   "",   "",   "",   "",   "",   "",   "",   "",   "",   "",   "",   "",   "",   "",   "",   "",   "",   "",   "",   "",   "",   "",   "",   "",   "",   "",   "",   "",   "",   "",   "",   "",   "",   "",   "",   "",   "",   "",   "",   "",   "",   "",   "",   "",   "",   "",   "",   "",   "",   "",   "",   "",   "",   "",   "",   "",   "",   "",   "",   "",   "",   "",   "",   "",   "",   "",   "",   "",   "",   "",   "",   "",   "",   "",   "",   "",   "",   "",   "",   "",   "",   "",   "",   "",   "",   "",   "",   "",   "",   "",   "",   "",   "",   "",   "",   "",   "",   "",   "",   "",   "",   "",   "",   "",   "",   "",   "",   "",   "",   "",   "",   "",   "",   "",   "",   "",   "",   "",   "",   "",   "",   "",   "",   "",   "",   "",   "",   "",   "",   "",   "",   "",   "",   "",   "",   "",   "",   "",   "",   "",   "",   "",   "",   "",   "",   "",   "",   "",   "",   "",   "",   "",   "",   "",   ""))
			, ID5 = as.character(c( "1",  "1",  "1",  "1",  "1",  "1",  "1",  "2",  "2",  "2",  "2",  "2",  "2",  "2",  "3",  "3",  "3",  "3",  "3",  "3",  "3",  "4",  "4",  "4",  "4",  "4",  "4",  "4",  "5",  "5",  "5",  "5",  "5",  "5",  "5",  "6",  "6",  "6",  "6",  "6",  "6",  "6",  "7",  "7",  "7",  "7",  "7",  "7",  "7",  "8",  "8",  "8",  "8",  "8",  "8",  "8",  "9",  "9",  "9",  "9",  "9",  "9",  "9", "10", "10", "10", "10", "10", "10", "10", "11", "11", "11", "11", "11", "11", "11", "12", "12", "12", "12", "12", "12", "12", "13", "13", "13", "13", "13", "13", "13", "14", "14", "14", "14", "14", "14", "14", "15", "15", "15", "15", "15", "15", "15", "16", "16", "16", "16", "16", "16", "16", "17", "17", "17", "17", "17", "17", "17", "18", "18", "18", "18", "18", "18", "18", "19", "19", "19", "19", "19", "19", "19", "20", "20", "20", "20", "20", "20", "20", "21", "21", "21", "21", "21", "21", "21", "22", "22", "22", "22", "22", "22", "22", "23", "23", "23", "23", "23", "23", "23", "24", "24", "24", "24", "24", "24", "24", "25", "25", "25", "25", "25", "25", "25", "26", "26", "26", "26", "26", "26", "26", "27", "27", "27", "27", "27", "27", "27", "28", "28", "28", "28", "28", "28", "28", "29", "29", "29", "29", "29", "29", "29", "30", "30", "30", "30", "30", "30", "30", "31", "31", "31", "31", "31", "31", "31", "32", "32", "32", "32", "32", "32", "32", "33", "33", "33", "33", "33", "33", "33", "34", "34", "34", "34", "34", "34", "34", "35", "35", "35", "35", "35", "35", "35", "36", "36", "36", "36", "36", "36", "36", "37", "37", "37", "37", "37", "37", "37", "38", "38", "38", "38", "38", "38", "38", "39", "39", "39", "39", "39", "39", "39", "40", "40", "40", "40", "40", "40", "40", "41", "41", "41", "41", "41", "41", "41", "42", "42", "42", "42", "42", "42", "42", "43", "43", "43", "43", "43", "43", "43", "44", "44", "44", "44", "44", "44", "44", "45", "45", "45", "45", "45", "45", "45", "46", "46", "46", "46", "46", "46", "46", "47", "47", "47", "47", "47", "47", "47", "48", "48", "48", "48", "48", "48", "48", "49", "49", "49", "49", "49", "49", "49", "50", "50", "50", "50", "50", "50", "50", "51", "51", "51", "51", "51", "51", "51", "52", "52", "52", "52", "52", "52", "52", "53", "53", "53", "53", "53", "53", "53", "54", "54", "54", "54", "54", "54", "54", "55", "55", "55", "55", "55", "55", "55", "56", "56", "56", "56", "56", "56", "56", "57", "57", "57", "57", "57", "57", "57", "58", "58", "58", "58", "58", "58", "58", "59", "59", "59", "59", "59", "59", "59", "60", "60", "60", "60", "60", "60", "60"))
			, IVAR = c(0.64, 1.99, 6.43, 12.03, 22.28, 48.91, 80.15, 0.58, 2.03, 7.46, 12.58, 22.36, 51.02, 87.44, 0.44, 2.06, 5.74, 12, 24.18, 45.25, 90.69, 0.49, 2.25, 5.15, 12.73, 24.81, 53.38, 93.12, 0.52, 2.05, 5.68, 13.54, 26.95, 51.48, 112.51, 0.53, 1.76, 5.67, 10.62, 22.89, 45.11, 96.41, 0.46, 2.03, 5.62, 14.32, 25.78, 52.57, 99.76, 0.59, 1.88, 5.73, 13.85, 22.49, 47.01, 92.3, 0.48, 1.94, 6.3, 11.79, 22.82, 54.9, 93.96, 0.49, 1.98, 6.44, 11.91, 23.91, 44.84, 92.94, 0.5, 1.89, 6.33, 10.31, 24.75, 41.16, 93.15, 0.47, 1.87, 5.97, 9.91, 27, 40.64, 91.65, 0.45, 1.86, 7.39, 12.02, 21.1, 40.74, 100.42, 0.5, 1.94, 5.47, 10.34, 21.55, 53.05, 90.22, 0.44, 2.41, 6.26, 11.72, 26.68, 52.45, 90.24, 0.62, 1.95, 5.2, 11.83, 24.5, 60.46, 97.02, 0.52, 1.98, 5.8, 11.96, 25.97, 59.07, 106.39, 0.56, 1.77, 6.62, 12.27, 20.72, 50.57, 94.49, 0.58, 1.85, 5.75, 10.94, 23.58, 49.97, 89.23, 0.54, 1.77, 5.4, 13.86, 21.68, 50.02, 92.41, 0.52, 2.37, 7.03, 11.61, 19.1, 61.62, 102.62, 0.53, 2, 6.31, 11.8, 25.03, 46.12, 83.71, 0.55, 2.33, 5.82, 10.59, 25.59, 47.79, 80.72, 0.5, 1.88, 5.8, 10.69, 28.74, 46.44, 81.76, 0.51, 2.05, 5.44, 8.99, 22.51, 50.82, 95.43, 0.5, 2.12, 5.33, 13.39, 23.99, 51.52, 106.46, 0.51, 1.83, 6.74, 9.82, 22.73, 46.79, 94.42, 0.55, 2.03, 6.25, 11.92, 23.41, 51.46, 107.66, 0.39, 2.12, 6.23, 11.5, 26.39, 46.17, 93.31, 0.54, 2.38, 6.16, 11.5, 21.31, 46.44, 87.39, 0.49, 2.08, 5.51, 15.64, 24.38, 53.74, 76.36, 0.54, 1.75, 6.58, 12.49, 23.04, 54.8, 89.5, 0.47, 1.81, 5.61, 13.19, 25.06, 53.08, 92.33, 0.52, 2.05, 5.2, 14.34, 24.32, 51.82, 105.62, 0.5, 1.94, 6.56, 10.81, 29.23, 46.19, 113.27, 0.58, 2.02, 6.35, 10.83, 24.79, 53.28, 96.96, 0.48, 1.87, 5.98, 13.35, 22.87, 47.42, 84.35, 0.53, 2.28, 6.97, 13.02, 19.91, 50.37, 100.48, 0.48, 2.03, 5.5, 12.84, 23.23, 41.03, 92.54, 0.57, 1.93, 6.46, 13.19, 24.01, 46.34, 91.05, 0.54, 1.8, 6.15, 11.66, 19.14, 41.69, 105.21, 0.49, 2.17, 7.25, 13.91, 25.68, 49.86, 94.17, 0.59, 2.12, 5.34, 11.81, 19.81, 47.07, 74.08, 0.57, 1.88, 5.75, 11.8, 25.52, 51.37, 101.61, 0.47, 1.75, 5.77, 12.34, 22.1, 47.67, 85.42, 0.5, 2.03, 5.91, 11.8, 28.63, 51.8, 107.29, 0.46, 2.03, 6.73, 11.93, 19.4, 49.68, 79.35, 0.46, 2.28, 6.38, 13.38, 24.75, 47.47, 87.52, 0.59, 2.01, 5.59, 13.08, 26.72, 58.02, 90.38, 0.48, 1.92, 5.78, 11.57, 23.3, 55.44, 89.53, 0.48, 2.13, 6.71, 11.11, 22.81, 50.58, 106.28, 0.49, 1.73, 7.12, 13.85, 22.35, 47.69, 80.51, 0.53, 2.35, 5.09, 11.1, 22.51, 44.84, 78.34, 0.53, 1.72, 5.99, 12.73, 23.53, 52.48, 95.75, 0.47, 2.13, 5.75, 14.33, 23.96, 52.27, 97.99, 0.37, 1.74, 5.75, 12.29, 18.99, 52.85, 90.37, 0.46, 1.71, 5.19, 12.07, 25.25, 38.92, 86.83, 0.53, 1.91, 7.45, 13.59, 25.47, 48.02, 98.72, 0.47, 2.13, 6.96, 13.37, 22.13, 40.83, 94.95, 0.52, 2.29, 5.26, 12.45, 24.57, 54.09, 95.73)
			, TAD = c(0.64, 1.99, 6.43, 12.03, 22.28, 48.91, 80.15, 0.58, 2.03, 7.46, 12.58, 22.36, 51.02, 87.44, 0.44, 2.06, 5.74, 12, 24.18, 45.25, 90.69, 0.49, 2.25, 5.15, 12.73, 24.81, 53.38, 93.12, 0.52, 2.05, 5.68, 13.54, 26.95, 51.48, 112.51, 0.53, 1.76, 5.67, 10.62, 22.89, 45.11, 96.41, 0.46, 2.03, 5.62, 14.32, 25.78, 52.57, 99.76, 0.59, 1.88, 5.73, 13.85, 22.49, 47.01, 92.3, 0.48, 1.94, 6.3, 11.79, 22.82, 54.9, 93.96, 0.49, 1.98, 6.44, 11.91, 23.91, 44.84, 92.94, 0.5, 1.89, 6.33, 10.31, 24.75, 41.16, 93.15, 0.47, 1.87, 5.97, 9.91, 27, 40.64, 91.65, 0.45, 1.86, 7.39, 12.02, 21.1, 40.74, 100.42, 0.5, 1.94, 5.47, 10.34, 21.55, 53.05, 90.22, 0.44, 2.41, 6.26, 11.72, 26.68, 52.45, 90.24, 0.62, 1.95, 5.2, 11.83, 24.5, 60.46, 97.02, 0.52, 1.98, 5.8, 11.96, 25.97, 59.07, 106.39, 0.56, 1.77, 6.62, 12.27, 20.72, 50.57, 94.49, 0.58, 1.85, 5.75, 10.94, 23.58, 49.97, 89.23, 0.54, 1.77, 5.4, 13.86, 21.68, 50.02, 92.41, 0.52, 2.37, 7.03, 11.61, 19.1, 61.62, 102.62, 0.53, 2, 6.31, 11.8, 25.03, 46.12, 83.71, 0.55, 2.33, 5.82, 10.59, 25.59, 47.79, 80.72, 0.5, 1.88, 5.8, 10.69, 28.74, 46.44, 81.76, 0.51, 2.05, 5.44, 8.99, 22.51, 50.82, 95.43, 0.5, 2.12, 5.33, 13.39, 23.99, 51.52, 106.46, 0.51, 1.83, 6.74, 9.82, 22.73, 46.79, 94.42, 0.55, 2.03, 6.25, 11.92, 23.41, 51.46, 107.66, 0.39, 2.12, 6.23, 11.5, 26.39, 46.17, 93.31, 0.54, 2.38, 6.16, 11.5, 21.31, 46.44, 87.39, 0.49, 2.08, 5.51, 15.64, 24.38, 53.74, 76.36, 0.54, 1.75, 6.58, 12.49, 23.04, 54.8, 89.5, 0.47, 1.81, 5.61, 13.19, 25.06, 53.08, 92.33, 0.52, 2.05, 5.2, 14.34, 24.32, 51.82, 105.62, 0.5, 1.94, 6.56, 10.81, 29.23, 46.19, 113.27, 0.58, 2.02, 6.35, 10.83, 24.79, 53.28, 96.96, 0.48, 1.87, 5.98, 13.35, 22.87, 47.42, 84.35, 0.53, 2.28, 6.97, 13.02, 19.91, 50.37, 100.48, 0.48, 2.03, 5.5, 12.84, 23.23, 41.03, 92.54, 0.57, 1.93, 6.46, 13.19, 24.01, 46.34, 91.05, 0.54, 1.8, 6.15, 11.66, 19.14, 41.69, 105.21, 0.49, 2.17, 7.25, 13.91, 25.68, 49.86, 94.17, 0.59, 2.12, 5.34, 11.81, 19.81, 47.07, 74.08, 0.57, 1.88, 5.75, 11.8, 25.52, 51.37, 101.61, 0.47, 1.75, 5.77, 12.34, 22.1, 47.67, 85.42, 0.5, 2.03, 5.91, 11.8, 28.63, 51.8, 107.29, 0.46, 2.03, 6.73, 11.93, 19.4, 49.68, 79.35, 0.46, 2.28, 6.38, 13.38, 24.75, 47.47, 87.52, 0.59, 2.01, 5.59, 13.08, 26.72, 58.02, 90.38, 0.48, 1.92, 5.78, 11.57, 23.3, 55.44, 89.53, 0.48, 2.13, 6.71, 11.11, 22.81, 50.58, 106.28, 0.49, 1.73, 7.12, 13.85, 22.35, 47.69, 80.51, 0.53, 2.35, 5.09, 11.1, 22.51, 44.84, 78.34, 0.53, 1.72, 5.99, 12.73, 23.53, 52.48, 95.75, 0.47, 2.13, 5.75, 14.33, 23.96, 52.27, 97.99, 0.37, 1.74, 5.75, 12.29, 18.99, 52.85, 90.37, 0.46, 1.71, 5.19, 12.07, 25.25, 38.92, 86.83, 0.53, 1.91, 7.45, 13.59, 25.47, 48.02, 98.72, 0.47, 2.13, 6.96, 13.37, 22.13, 40.83, 94.95, 0.52, 2.29, 5.26, 12.45, 24.57, 54.09, 95.73)
			, PRED = c(   2495.2,   3824.54,   3479.56,   2717.47,   1872.28,   1102.06,   850.556,   2361.66,   3836.79,   3319.48,   2656.36,   1867.65,   1075.89,   811.956,   2000.06,   3845.42,   3590.33,   2720.87,   1768.33,   1153.82,   795.699,   2138.15,   3889.88,   3685.32,   2640.07,   1736.54,   1049.23,   783.856,   2216.01,    3842.6,   3600.02,   2554.83,   1637.49,   1070.49,   696.514,    2241.2,   3735.51,   3601.64,   2884.62,   1837.53,   1155.98,   768.197,    2056.6,   3836.79,   3609.72,   2476.92,   1689.99,   1058.09,    752.65,   2384.71,   3786.13,   3591.95,   2523.39,   1860.16,   1127.83,   787.824,   2111.39,   3807.97,   3500.28,   2744.84,   1841.45,   1033.33,   779.818,   2138.15,   3821.34,   3477.98,    2731.1,   1782.35,    1160.2,   784.725,    2164.5,   3789.92,   3495.49,   2923.49,   1739.51,   1223.71,   783.711,   2084.21,   3782.27,   3553.23,   2974.82,   1635.33,    1233.7,    790.99,   2028.56,   3778.35,    3330.1,    2718.6,   1943.49,   1231.75,   749.631,    2164.5,   3807.97,   3633.93,   2919.69,    1915.7,   1052.81,   798.019,   2000.06,   3915.42,   3506.68,   2752.91,   1649.27,   1059.43,    797.92,   2451.94,    3811.4,   3677.33,   2740.25,   1752.02,   982.039,   765.338,   2216.01,   3821.34,   3580.65,   2725.41,    1681.2,   993.979,    722.91,   2314.53,    3740.1,   3449.46,   2690.53,   1967.59,   1081.27,   777.285,   2361.66,   3774.37,   3588.72,   2845.32,   1799.81,   1088.62,    802.94,      2266,    3740.1,   3645.21,   2522.39,   1907.81,      1088,    787.29,   2216.01,   3909.94,   3385.34,   2765.65,   2077.24,   972.461,   739.663,    2241.2,   3827.69,   3498.69,   2743.69,   1725.73,    1140.7,   831.294,   2290.44,   3903.88,   3577.42,   2888.35,   1698.89,   1116.98,   847.412,    2164.5,   3786.13,   3580.65,   2875.95,   1564.22,   1136.01,   841.737,   2190.45,    3842.6,   3638.76,   3098.06,   1859.02,   1078.27,   772.819,    2164.5,    3861.3,   3656.47,   2570.27,   1778.17,   1070.02,   722.603,   2190.45,   3766.21,   3430.57,   2986.55,   1846.51,   1130.96,   777.619,   2290.44,   3836.79,   3508.28,   2729.96,   1808.95,   1070.72,   717.354,    1850.4,    3861.3,   3511.48,   2778.49,   1662.14,   1139.96,    782.94,      2266,   3911.36,   3522.69,   2778.49,   1930.42,   1136.01,   812.211,   2138.15,   3850.91,   3627.47,   2353.82,    1758.1,   1045.38,   872.116,      2266,   3730.84,   3455.78,   2666.21,   1829.18,   1034.35,   801.593,   2084.21,   3757.78,   3611.33,   2591.11,   1724.27,   1052.48,   787.679,   2216.01,    3842.6,   3677.33,   2474.98,   1761.15,   1066.56,     726.3,    2164.5,   3807.97,   3458.94,   2861.18,   1545.53,   1139.67,     693.3,   2361.66,   3833.81,    3492.3,   2858.73,   1737.53,   1050.31,   765.618,   2111.39,   3782.27,   3551.62,   2574.42,   1838.64,   1122.08,   827.919,    2241.2,   3895.43,   3394.64,   2609.03,   2020.98,    1083.7,   749.357,   2111.39,   3836.79,   3629.09,   2628.22,   1818.73,   1226.18,    786.66,   2338.26,   3804.48,    3474.8,   2591.11,   1777.13,   1137.47,   793.929,      2266,   3753.46,   3524.29,   2759.85,   2074.39,   1213.81,   728.111,   2138.15,    3873.2,   3351.45,   2517.38,   1694.66,   1089.98,   778.813,   2384.71,    3861.3,   3654.87,   2742.54,   2027.77,   1126.98,   885.715,   2338.26,   3786.13,   3588.72,   2743.69,   1702.19,   1071.77,   744.221,   2084.21,   3730.84,   3585.49,   2682.75,    1882.8,   1118.63,   822.331,    2164.5,   3836.79,    3562.9,   2743.69,   1568.49,   1066.79,   718.968,    2056.6,   3836.79,   3432.14,   2728.82,   2056.06,   1092.23,   855.009,    2056.6,   3895.43,   3487.52,   2571.31,   1739.51,   1121.38,    811.55,   2384.71,   3830.78,   3614.56,   2602.68,   1647.51,   1003.36,   797.228,   2111.39,   3800.93,   3583.87,   2770.31,   1814.91,    1027.9,   801.444,   2111.39,   3863.77,   3435.28,   2824.77,   1842.01,   1081.15,   723.393,   2138.15,   3721.29,   3371.43,   2523.39,   1868.22,   1118.35,   848.568,    2241.2,   3906.98,   3694.88,   2825.97,   1859.02,    1160.2,   860.703,    2241.2,   3716.41,   3550.01,   2640.07,   1802.49,    1059.1,   771.306,   2084.21,   3863.77,   3588.72,   2475.95,   1779.73,   1061.45,   760.817,   1786.94,   3726.11,   3588.72,   2688.31,   2085.11,      1055,   797.278,    2056.6,   3711.45,   3678.93,   2712.95,   1715.07,   1268.79,   815.066,    2241.2,   3797.32,   3320.99,   2549.72,   1704.56,   1113.86,   757.437,   2084.21,   3863.77,    3396.2,   2572.35,   1881.04,   1230.02,   775.095,   2216.01,    3897.2,   3667.72,    2670.6,    1748.5,   1041.69,     771.4)
