dmp.txt <- structure(
	.Data = list(
		"coefficients" = list(
			"fixed" = c("CMultStdev" = 0.483821595701991, "tvVmax" = 4277.54631694624, "tvKm" = 1152.90001324671, "tvV" = 33.9733860432197, "tvKa" = 0.783615095381818, "K12" = 2.14147002561991, "K21" = 2.01901258796626, "dVdWT" = 0.982855229668543, "CEps" = 0.513558887142323)
			, "random" = list("Subject" = matrix(
				as.numeric(c(
					 0.383728829161973,  -0.540796824224799,  -0.119422667696626
					,  -0.549613041947031,  -0.15702351930918,  -0.145712038981262
					,  -0.0389830743427807,  -0.0448293797491618,  -0.313634587882428
					,  -0.367836667446313,  -0.240214658514899,  0.0431651960505351
					,  0.285275900610817,  0.212503388453208,  0.495355209825364
					,  0.239323291825591,  0.16091420991971,  -0.311588261810363
					,  -0.0388537044163456,  0.194641120436572,  -0.396572879341249
					,  -0.317278052241021,  0.946147042562851,  0.052308628557572
					,  0.0275848193724614,  -0.0029021327394084,  -0.405773777955242
					,  0.200482678445727,  0.212886672562705,  -0.00140240993796545
					,  -0.28048349441648,  0.440251868724486,  -0.211466689701167
					,  -0.263426929614721,  -0.306321290678853,  -0.0604844987858831
					,  -0.11507279655692,  -0.00478847761805131,  0.368273808139773
					,  -0.207604588305393,  0.220927684941795,  -0.37520166448334
					,  -0.151857176370188,  0.273067397959487,  0.25378589959463
					,  0.146835465926761,  0.0975640667625875,  0.400203820978833
					,  0.572186461155374,  0.0558423204548661,  0.277090940480369
					,  0.00235416522934143,  -0.573409689996021,  -0.429023712650244
					,  0.00843954390312008,  -0.0314851766744189,  0.266251577190897
					,  -0.0510549173427379,  -0.0761667378496143,  0.0145007943066567
					,  -0.367859921915352,  0.0332961004029014,  -0.584205418520223
					,  -0.229713866131468,  0.301813981986284,  -0.187886374157133
					,  0.693144679074922,  0.241155327974,  0.154397253579674
					,  -0.0255864766649403,  -0.476370125582174,  -0.0402933284480947
					,  -0.585925924058652,  -0.130297113959756,  -0.489919292761491
					,  0.307414805426403,  -0.450135179302024,  -0.255173875982132
					,  0.295853142847607,  0.0183861949204081,  0.0989669511440112
					,  -0.476838677939086,  -0.302762423431622,  0.103879358251494
					,  0.318810494991513,  0.445801231263504,  -0.136034688677571
					,  0.0986016833332986,  -0.103253391014387,  -0.00369311245682356
					,  -0.166670862587693,  0.55700289511305,  -0.631703527292652
					,  -0.415689073279205,  -0.273177733909155,  0.0787104257729277
					,  0.298503022387632,  -0.227177374188907,  0.44091895750166
					,  -0.226094539317158,  -0.382406851627169,  -0.09799451969017
					,  0.1513739704454,  0.644908087405804,  0.0461310611870882
					,  -0.596624387610939,  0.0144920567600886,  0.453878394339742
					,  0.105730310473734,  0.0177283362056319,  -0.707598746947004
					,  -0.0176612680862269,  0.0437626849907287,  0.717246750091265
					,  -0.4329066887783,  0.249600481693143,  -0.120225780552796
					,  0.55740729862367,  -0.0712184349335608,  0.106428733391692
					,  -0.25691498253459,  0.301525018623891,  -0.10325364975315
					,  0.384425971635731,  0.160942886133868,  0.282095220525535
					,  0.0391142719019364,  0.0641862266407525,  0.203615790823908
					,  0.213826559885003,  0.0779602986836924,  0.018837000760721
					,  -0.0762399152080199,  -0.135820588296042,  -0.399649053218335
					,  -0.08706161653596,  -0.27507786109602,  0.049265398753095
					,  0.0951659094745942,  -0.0579119980145846,  0.266929519646706
					,  -0.125485735910727,  -0.550353525177886,  0.0885519630897284
					,  0.0556614581840868,  0.0137900226051838,  0.216535965705232
					,  -0.0527520216639067,  -0.125098182721335,  -0.0465063919003013
					,  0.23092168698178,  -0.174509038854327,  0.122509058067391
					,  0.15273059761167,  -0.0990042256927259,  0.109553392517624
					,  0.0562267058533291,  -0.203494043693139,  -0.188403288131687
					,  -0.160049529550476,  -0.243796375254686,  0.162848837540777
					,  0.119709792413538,  -0.159103578284306,  -0.0485553124158331
					,  -0.437102965719866,  0.0643134945168917,  -0.212566547076465
					,  -0.31276764148308,  -0.197846032809547,  -0.0106397882382951
					,  -0.0181354603205024,  0.391631056457671,  0.30636521188677
					,  -0.155982599653043,  0.0522527255529196,  -0.138479607043236
					,  0.0525354394099232,  0.143720443634565,  0.0216619199961806
					,  0.0725490799374928,  -0.15965854812169,  -0.863378191817211
					,  0.280675904745802,  0.285800431475576,  0.427967245081386
					,  0.359844516360623,  -0.369047854033281,  0.268951134804353
					,  -0.624731489062585,  -0.639450807716926,  0.180416388872693
					,  -0.0306577209567314,  0.622794451926797,  -0.188009772681373
					,  0.222776445043454,  0.429256141995836,  -0.487523164994897
					,  -0.242946406623751,  -0.0594563975803708,  -0.450673539107405
					,  -1.43005466012838,  0.227963266629409,  0.0223146760782734
					,  0.927992004915003,  0.726520425713761,  -0.649989397835503
					,  0.225900480531371,  -0.106541570666298,  0.271035196862112
					,  0.588445162420466,  0.295603600058431,  -0.444814364993531
					,  -0.0494878827780781,  -0.73792534532721,  -0.544280819784304
					,  -0.886844809782864,  -0.676638875853863,  0.791394546476696
					,  -0.806891248622122,  -0.0239580403708092,  -0.28413887044558
					,  0.673288023141201,  0.0603017280110812,  0.318906487581068
					,  -0.880265775794326,  0.352895791043616,  0.340150314178938
					,  0.164165499360057,  -1.00888715920107,  0.137007684286897
					,  -0.14338326775986,  0.0940804692152177,  -0.28129813412874
					,  0.273792218931074,  -0.0171467188787613,  0.13892213198884
					,  -0.0462723652196952,  0.21680830016718,  0.0559815591242949
					))
				, nrow = 60, ncol = 4
				, dimnames = list(
					as.character(c( "1", "2", "3", "4", "5", "6", "7", "8", "9", "10"
					  , "11", "12", "13", "14", "15", "16", "17", "18", "19", "20"
					  , "21", "22", "23", "24", "25", "26", "27", "28", "29", "30"
					  , "31", "32", "33", "34", "35", "36", "37", "38", "39", "40"
					  , "41", "42", "43", "44", "45", "46", "47", "48", "49", "50"
					  , "51", "52", "53", "54", "55", "56", "57", "58", "59", "60"))
					, as.character(c("nVmax", "nKm", "nV", "nKa"))
					)
				))
			)
		, "logLik" = c(-3194.2)
		, "nObs" = c(480)
		, "nSubj" = c(60)
		, "nParm" = c(13)
		, "returnCode" = c(3)
		, "omega" = matrix(
			as.numeric(c(0.136752327653805, 0, 0, 0, 0, 0.16697664027345, 0, 0, 0, 0, 0.125879656619617, 0, 0, 0, 0, 0.462482490449126))
			, nrow = 4, ncol = 4
			, dimnames = list(
				as.character(c("nVmax", "nKm", "nV", "nKa"))
				, as.character(c("nVmax", "nKm", "nV", "nKa"))
				)
			)
		, "eta" = matrix(
			as.numeric(c(-0.00463987860076739, -0.0269625718037431, -0.00888586184562297, -0.0513308648884701, 0.0885909671273269, 0.121504466712043, 0.038977358076372, 0.238469455839645, 0.297642347671374, 0.348574908322505, 0.197426842340073, 0.488333345000774, 0.195127002079495, 0.146962226567711, 0.443547081365945, 0.281926775886846))
			, nrow = 4, ncol = 4
			, dimnames = list(
				as.character(c("nVmax", "nKm", "nV", "nKa"))
				, as.character(c("mean", "var", "sd", "shrinkage"))
				)
			)
		, "eta_shrinkage" = list("Subject" = matrix(
			as.numeric(c(
				 0.268933168943668,  0.402172078288312,  0.241028373357222
				,  0.411298817171713,  0.401755863716415,  0.347283324482364
				,  0.433363802293706,  0.39567734514467,  0.397442091707865
				,  0.358547591185779,  0.357135768621021,  0.357237604420763
				,  0.253131932130436,  0.26773904419662,  0.279368024592998
				,  0.386461668791387,  0.259485991612668,  0.348518963302655
				,  0.405610308247886,  0.372565876245384,  0.424851427981397
				,  0.31139944521385,  0.264302608012309,  0.331653328579214
				,  0.399380737245658,  0.38949360272621,  0.350478703589888
				,  0.323519657792777,  0.31556157764211,  0.356892240657593
				,  0.376804700752864,  0.399410546442257,  0.301161802029448
				,  0.314695633652391,  0.272469982473039,  0.377493417018527
				,  0.390206400174813,  0.305153894316597,  0.406499683287094
				,  0.32875899070888,  0.255917980470844,  0.339403470904135
				,  0.383528186485573,  0.415965088779791,  0.33371256785207
				,  0.233213371902978,  0.377903181181655,  0.40291180309263
				,  0.320379187695865,  0.364535463523458,  0.269900642335522
				,  0.344412366061112,  0.440823322729321,  0.457668917396745
				,  0.320921775245542,  0.416248197152397,  0.315108291408316
				,  0.390898737501563,  0.369280189636448,  0.368761480057609
				,  0.241348784495925,  0.254493663488484,  0.229229852767334
				,  0.242221556849714,  0.241354124780929,  0.20942985480404
				,  0.248209595698239,  0.262618468023466,  0.247132919744675
				,  0.267833540447036,  0.243592145674809,  0.223887428463416
				,  0.268613295980684,  0.238758567083876,  0.247430781179607
				,  0.214738308751507,  0.217744408712682,  0.254991199725065
				,  0.249777549721157,  0.215719800708978,  0.304222468240432
				,  0.292811016533798,  0.296260300192109,  0.213657034894071
				,  0.220371534428416,  0.233202586545369,  0.263833837139138
				,  0.203522773014118,  0.228874096023931,  0.221720707514353
				,  0.232068223353825,  0.211730139324225,  0.239032835295787
				,  0.230895381999517,  0.228166238344232,  0.240523962814395
				,  0.26152167906575,  0.238260162678709,  0.205189564224227
				,  0.230406248585736,  0.225372471149803,  0.256965862504241
				,  0.234606762207161,  0.23194505511467,  0.226849242643457
				,  0.279111555173405,  0.215375668888343,  0.217270280209239
				,  0.316867580793999,  0.245605780890965,  0.237346748305176
				,  0.219834804696099,  0.258674162270021,  0.253453308791365
				,  0.20126806715258,  0.266937031235585,  0.218562718647203
				,  0.240946888809624,  0.218209584777831,  0.22741237696624
				,  0.726812137657844,  0.727452080765653,  0.672251952708884
				,  0.716442243691431,  0.685444820131364,  0.674347095085782
				,  0.669694240661908,  0.672458889580712,  0.700957274960563
				,  0.709059729839559,  0.693805534853698,  0.680086035738408
				,  0.752439760977093,  0.758921730201543,  0.690319634551596
				,  0.656145058661455,  0.691107009613347,  0.702396212996548
				,  0.666055756853583,  0.663689656999739,  0.723785618309677
				,  0.712282784008314,  0.74979477625615,  0.663924059967162
				,  0.664825321915173,  0.675105765372749,  0.701864016726334
				,  0.657533976531048,  0.675921133043396,  0.67606632440711
				,  0.689134845968651,  0.646027243355327,  0.7037824301156
				,  0.715840572478689,  0.70460186734792,  0.678935249333041
				,  0.674129052427293,  0.674705832235677,  0.644503429529753
				,  0.67874172910706,  0.676391463458742,  0.719790740982052
				,  0.684044620766741,  0.646228160195193,  0.681458790282513
				,  0.735968822626499,  0.66492530731086,  0.644352978084555
				,  0.741576500616647,  0.674131205094873,  0.71618811253139
				,  0.67590301078294,  0.742128729750753,  0.694903229960035
				,  0.676329218151563,  0.670380709521167,  0.669035273676638
				,  0.672044245236319,  0.669933829764818,  0.673138475728886
				,  0.494595017209385,  0.461826511575063,  0.334157034990001
				,  0.531388132824132,  0.541876812695556,  0.529065283006553
				,  0.549582035830407,  0.409532386003145,  0.522074375929743
				,  0.380088977575819,  0.373225414110152,  0.463228477128758
				,  0.463835051729592,  0.571966399530294,  0.421324177281454
				,  0.482804770036987,  0.525108085698634,  0.39769536167776
				,  0.429788817363704,  0.425163154532577,  0.412612872866304
				,  0.309056826271064,  0.49702571994458,  0.451686701376294
				,  0.671967701560243,  0.645168777005118,  0.373407896353072
				,  0.466321278331002,  0.422647882751471,  0.501839463887013
				,  0.605828789378778,  0.493479715000553,  0.390842655803639
				,  0.45957065011617,  0.359366150119639,  0.379100387943487
				,  0.369404300001234,  0.353786760699596,  0.621107109925041
				,  0.342407529710027,  0.462890262789108,  0.404294638372657
				,  0.651298893696116,  0.46420223474788,  0.532305135430637
				,  0.346660826987774,  0.512116196195726,  0.537463607310547
				,  0.489519545881721,  0.315837031429777,  0.483546080473784
				,  0.454321858104333,  0.49468325412141,  0.46679753807581
				,  0.488563962386513,  0.470461793379508,  0.485306208213277
				,  0.455861876616794,  0.486127284238163,  0.463508140044868
				))
			, nrow = 60, ncol = 4
			, dimnames = list(
				as.character(c( "1", "2", "3", "4", "5", "6", "7", "8", "9", "10"
				  , "11", "12", "13", "14", "15", "16", "17", "18", "19", "20"
				  , "21", "22", "23", "24", "25", "26", "27", "28", "29", "30"
				  , "31", "32", "33", "34", "35", "36", "37", "38", "39", "40"
				  , "41", "42", "43", "44", "45", "46", "47", "48", "49", "50"
				  , "51", "52", "53", "54", "55", "56", "57", "58", "59", "60"))
				, as.character(c("nVmax_shrinkage", "nKm_shrinkage", "nV_shrinkage", "nKa_shrinkage"))
				)
			))
		, "sigma" = matrix(
			as.numeric(c(0.263742730562861))
			, nrow = 1, ncol = 1
			, dimnames = list(
				as.character(c("CEps"))
				, as.character(c("CEps"))
				)
			)
		, "method" = "FOCE-ELS"
		, "varFix" = matrix(
			as.numeric(c(0.00121602438657892, -2.5721377653583, -2.42805207318829, 0.0518633881189675, 0.00125772277590482, -0.00110724387044703, 0.000196725241690651, -0.000317152330872593, -1.35884657844018e-005, -2.5721377653583, 457668.032680447, 147854.447476359, 2091.18408171269, -46.965360486082, -316.956740722372, -29.0194244989552, -4.25104707997407, -9.06903286766275, -2.42805207318829, 147854.447476359, 60363.613950875, 396.656423365097, -17.7440172810099, -93.2165083484677, -17.5090351351804, 7.37181615125842, -4.14514919569404, 0.0518633881189675, 2091.18408171269, 396.656423365097, 286.839523637765, 2.14470851584026, -32.8446647705589, 1.06646658366877, 0.140781341242237, -0.0867012765308746, 0.00125772277590482, -46.965360486082, -17.7440172810099, 2.14470851584026, 0.0425039135313126, -0.228114994372593, 0.0309121345572476, -0.0145751537141052, -9.00657714560071e-005, -0.00110724387044703, -316.956740722372, -93.2165083484677, -32.8446647705589, -0.228114994372593, 4.10181534378334, 0.105002794465388, -0.139522170733234, 0.00921587504559518, 0.000196725241690651, -29.0194244989552, -17.5090351351804, 1.06646658366877, 0.0309121345572476, 0.105002794465388, 0.223439877141244, -0.0881857534512524, -0.0050655059718804, -0.000317152330872593, -4.25104707997407, 7.37181615125842, 0.140781341242237, -0.0145751537141052, -0.139522170733234, -0.0881857534512524, 0.15394109433803, -0.00449659960018999, -1.35884657844018e-005, -9.06903286766275, -4.14514919569404, -0.0867012765308746, -9.00657714560071e-005, 0.00921587504559518, -0.0050655059718804, -0.00449659960018999, 0.00399107352360982))
			, nrow = 9, ncol = 9
			, dimnames = list(
				as.character(c("CMultStdev", "tvVmax", "tvKm", "tvV", "tvKa", "K12", "K21", "dVdWT", "CEps"))
				, as.character(c("CMultStdev", "tvVmax", "tvKm", "tvV", "tvKa", "K12", "K21", "dVdWT", "CEps"))
				)
			)
		, "omegaSE" = matrix(
			as.numeric(c(0.0662902828113944, 0, 0, 0, 0, 0.0520040903527297, 0, 0, 0, 0, 0.136131076881827, 0, 0, 0, 0, 0.224761708686438))
			, nrow = 4, ncol = 4, byrow = TRUE
			, dimnames = list(
				as.character(c("nVmax", "nKm", "nV", "nKa"))
				, as.character(c("nVmax", "nKm", "nV", "nKa"))
				)
			)
		, "Covariance" = matrix(
			as.numeric(c(0.0012160244, -2.5721378, -2.4280521, 0.051863388, 0.0012577228, -0.0011072439, 0.00019672524, -0.00031715233, -1.3588466e-005, -0.00020605211,         0, -0.00016642765,         0,         0, 0.00010992819,         0,         0,         0, 0.000744437, -2.5721378, 457668.03, 147854.45, 2091.1841, -46.96536, -316.95674, -29.019424, -4.2510471, -9.0690329, -10.828184,         0, 1.1647788,         0,         0, 23.208342,         0,         0,         0, 36.932826, -2.4280521, 147854.45, 60363.614, 396.65642, -17.744017, -93.216508, -17.509035, 7.3718162, -4.1451492, -2.0630012,         0, 1.9143839,         0,         0, 6.1233719,         0,         0,         0, 10.917838, 0.051863388, 2091.1841, 396.65642, 286.83952, 2.1447085, -32.844665, 1.0664666, 0.14078134, -0.086701277, -0.019244387,         0, 0.073570509,         0,         0, 0.025851942,         0,         0,         0,  1.621984, 0.0012577228, -46.96536, -17.744017, 2.1447085, 0.042503914, -0.22811499, 0.030912135, -0.014575154, -9.0065771e-005, 0.0018811163,         0, 0.00028716995,         0,         0, -0.0071651351,         0,         0,         0, 0.019876413, -0.0011072439, -316.95674, -93.216508, -32.844665, -0.22811499, 4.1018153, 0.10500279, -0.13952217, 0.009215875, 0.0045467049,         0, -0.017535204,         0,         0, -0.026733024,         0,         0,         0, -0.19330066, 0.00019672524, -29.019424, -17.509035, 1.0664666, 0.030912135, 0.10500279, 0.22343988, -0.088185753, -0.005065506, 0.0073299534,         0, -0.004374685,         0,         0, -0.033227281,         0,         0,         0, 0.0010791039, -0.00031715233, -4.2510471, 7.3718162, 0.14078134, -0.014575154, -0.13952217, -0.088185753, 0.15394109, -0.0044965996, 0.0053637478,         0, 0.0038282555,         0,         0, -0.0083570233,         0,         0,         0, -0.020409809, -1.3588466e-005, -9.0690329, -4.1451492, -0.086701277, -9.0065771e-005, 0.009215875, -0.005065506, -0.0044965996, 0.0039910735, -0.00067083056,         0, -0.00085801095,         0,         0, 0.0015102659,         0,         0,         0, -0.00010303766, -0.00020605211, -10.828184, -2.0630012, -0.019244387, 0.0018811163, 0.0045467049, 0.0073299534, 0.0053637478, -0.00067083056, 0.0043944016,         0, 0.00065442471,         0,         0, -0.007494484,         0,         0,         0, 0.00034599892,         0,         0,         0,         0,         0,         0,         0,         0,         0,         0,         0,         0,         0,         0,         0,         0,         0,         0,         0, -0.00016642765, 1.1647788, 1.9143839, 0.073570509, 0.00028716995, -0.017535204, -0.004374685, 0.0038282555, -0.00085801095, 0.00065442471,         0, 0.0027044254,         0,         0, -0.0012958828,         0,         0,         0, -0.00062237133,         0,         0,         0,         0,         0,         0,         0,         0,         0,         0,         0,         0,         0,         0,         0,         0,         0,         0,         0,         0,         0,         0,         0,         0,         0,         0,         0,         0,         0,         0,         0,         0,         0,         0,         0,         0,         0,         0, 0.00010992819, 23.208342, 6.1233719, 0.025851942, -0.0071651351, -0.026733024, -0.033227281, -0.0083570233, 0.0015102659, -0.007494484,         0, -0.0012958828,         0,         0, 0.01853167,         0,         0,         0, -0.0014309496,         0,         0,         0,         0,         0,         0,         0,         0,         0,         0,         0,         0,         0,         0,         0,         0,         0,         0,         0,         0,         0,         0,         0,         0,         0,         0,         0,         0,         0,         0,         0,         0,         0,         0,         0,         0,         0,         0,         0,         0,         0,         0,         0,         0,         0,         0,         0,         0,         0,         0,         0,         0,         0,         0,         0,         0,         0, 0.000744437, 36.932826, 10.917838,  1.621984, 0.019876413, -0.19330066, 0.0010791039, -0.020409809, -0.00010303766, 0.00034599892,         0, -0.00062237133,         0,         0, -0.0014309496,         0,         0,         0, 0.050517826))
			, nrow = 19, ncol = 19
			, dimnames = list(
				as.character(c("CMultStdev", "tvVmax", "tvKm", "tvV", "tvKa", "K12", "K21", "dVdWT", "stdev0", "nVmax-nVmax", "nKm-nVmax", "nKm-nKm", "nV-nVmax", "nV-nKm", "nV-nV", "nKa-nVmax", "nKa-nKm", "nKa-nV", "nKa-nKa"))
				, as.character(c("CMultStdev", "tvVmax", "tvKm", "tvV", "tvKa", "K12", "K21", "dVdWT", "stdev0", "nVmax-nVmax", "nKm-nVmax", "nKm-nKm", "nV-nVmax", "nV-nKm", "nV-nV", "nKa-nVmax", "nKa-nKm", "nKa-nV", "nKa-nKa"))
				)
			)
		, "Correlation" = matrix(
			as.numeric(c(0.034871541, -0.10903045, -0.2833996, 0.087815312, 0.17494411, -0.015677763, 0.01193462, -0.023180323, -0.0061681428, -0.089136596,         0, -0.091773402,         0,         0, 0.023156913,         0,         0,         0, 0.094980506, -0.10903045, 676.51166, 0.8895523, 0.18251454, -0.33673473, -0.2313325, -0.090747185, -0.016015605, -0.21219777, -0.2414518,         0, 0.033107825,         0,         0, 0.25200638,         0,         0,         0, 0.24289296, -0.2833996, 0.8895523, 245.69008, 0.095325124, -0.35030785, -0.18733424, -0.15076282, 0.076473258, -0.26705929, -0.12666656,         0, 0.14983177,         0,         0, 0.18308204,         0,         0,         0, 0.19770912, 0.087815312, 0.18251454, 0.095325124, 16.936337, 0.61423466, -0.95754079, 0.13321325, 0.021185968, -0.081032853, -0.017140943,         0, 0.083530823,         0,         0, 0.01121286,         0,         0,         0, 0.42609334, 0.17494411, -0.33673473, -0.35030785, 0.61423466, 0.20616477, -0.54632531, 0.31720074, -0.18018615, -0.0069151316, 0.13764211,         0, 0.026784714,         0,         0, -0.25530108,         0,         0,         0, 0.42894462, -0.015677763, -0.2313325, -0.18733424, -0.95754079, -0.54632531, 2.0252939, 0.10968127, -0.17558115, 0.072028382, 0.033865605,         0, -0.16648889,         0,         0, -0.096962266,         0,         0,         0, -0.42464201, 0.01193462, -0.090747185, -0.15076282, 0.13321325, 0.31720074, 0.10968127, 0.47269427, -0.47548936, -0.16962803, 0.23392196,         0, -0.17796268,         0,         0, -0.51636545,         0,         0,         0, 0.010156887, -0.023180323, -0.016015605, 0.076473258, 0.021185968, -0.18018615, -0.17558115, -0.47548936, 0.39235328, -0.18141035, 0.20622494,         0, 0.18762302,         0,         0, -0.15646494,         0,         0,         0, -0.23144049, -0.0061681428, -0.21219777, -0.26705929, -0.081032853, -0.0069151316, 0.072028382, -0.16962803, -0.18141035, 0.063174944, -0.16018362,         0, -0.26116229,         0,         0, 0.17561082,         0,         0,         0, -0.007256527, -0.089136596, -0.2414518, -0.12666656, -0.017140943, 0.13764211, 0.033865605, 0.23392196, 0.20622494, -0.16018362, 0.066290283,         0, 0.18983326,         0,         0, -0.83049034,         0,         0,         0, 0.023222156,         0,         0,         0,         0,         0,         0,         0,         0,         0,         0,         0,         0,         0,         0,         0,         0,         0,         0,         0, -0.091773402, 0.033107825, 0.14983177, 0.083530823, 0.026784714, -0.16648889, -0.17796268, 0.18762302, -0.26116229, 0.18983326,         0, 0.05200409,         0,         0, -0.18305052,         0,         0,         0, -0.053246339,         0,         0,         0,         0,         0,         0,         0,         0,         0,         0,         0,         0,         0,         0,         0,         0,         0,         0,         0,         0,         0,         0,         0,         0,         0,         0,         0,         0,         0,         0,         0,         0,         0,         0,         0,         0,         0,         0, 0.023156913, 0.25200638, 0.18308204, 0.01121286, -0.25530108, -0.096962266, -0.51636545, -0.15646494, 0.17561082, -0.83049034,         0, -0.18305052,         0,         0, 0.13613108,         0,         0,         0, -0.046767562,         0,         0,         0,         0,         0,         0,         0,         0,         0,         0,         0,         0,         0,         0,         0,         0,         0,         0,         0,         0,         0,         0,         0,         0,         0,         0,         0,         0,         0,         0,         0,         0,         0,         0,         0,         0,         0,         0,         0,         0,         0,         0,         0,         0,         0,         0,         0,         0,         0,         0,         0,         0,         0,         0,         0,         0,         0, 0.094980506, 0.24289296, 0.19770912, 0.42609334, 0.42894462, -0.42464201, 0.010156887, -0.23144049, -0.007256527, 0.023222156,         0, -0.053246339,         0,         0, -0.046767562,         0,         0,         0, 0.22476171))
			, nrow = 19, ncol = 19
			, dimnames = list(
				as.character(c("CMultStdev", "tvVmax", "tvKm", "tvV", "tvKa", "K12", "K21", "dVdWT", "stdev0", "nVmax-nVmax", "nKm-nVmax", "nKm-nKm", "nV-nVmax", "nV-nKm", "nV-nV", "nKa-nVmax", "nKa-nKm", "nKa-nV", "nKa-nKa"))
				, as.character(c("CMultStdev", "tvVmax", "tvKm", "tvV", "tvKa", "K12", "K21", "dVdWT", "stdev0", "nVmax-nVmax", "nKm-nVmax", "nKm-nKm", "nV-nVmax", "nV-nKm", "nV-nV", "nKa-nVmax", "nKa-nKm", "nKa-nV", "nKa-nKa"))
				)
			)
		, "Inverse" = matrix(
			as.numeric(c(1240.1858, -0.041926859, 0.10752963, -6.3074574, -83.885916, -58.800005, 63.487746, -21.914056, 67.745762, 17.169605,         0, -32.282706,         0,         0, 3.4433609,         0,         0,         0, -10.823586, -0.041926859, 1.6526451e-005, -3.6053548e-005, -4.1775936e-005, 0.016094139, 0.001125333, -0.00049302008, 0.0033824953, 0.0036761629, 0.031369291,         0, 0.016327664,         0,         0, 0.013337331,         0,         0,         0, -0.0026089006, 0.10752963, -3.6053548e-005, 0.00012011459, 0.0013355534, 0.0035564007, 0.010275234, -0.011277915, -0.0038150806, 0.023111396, -0.044681913,         0, -0.042206776,         0,         0, -0.026332748,         0,         0,         0, -0.0083615951, -6.3074574, -4.1775936e-005, 0.0013355534, 0.23749289, 1.5103555, 2.0690195, -2.0896883, 0.42014134, -0.016807585, 0.84478744,         0, 1.1058611,         0,         0, -0.27077934,         0,         0,         0, -0.25324706, -83.885916, 0.016094139, 0.0035564007, 1.5103555, 105.97229, 19.745343, -14.939768, 16.062851, 25.637491, 90.808914,         0, 26.017675,         0,         0,  62.06798,         0,         0,         0, -17.616038, -58.800005, 0.001125333, 0.010275234, 2.0690195, 19.745343, 18.921108, -16.990322, 6.1820205, 3.8068236,  19.39039,         0, 17.135362,         0,         0, 8.5803314,         0,         0,         0, -0.78702224, 63.487746, -0.00049302008, -0.011277915, -2.0896883, -14.939768, -16.990322, 41.660844, 14.111399, 39.357812, 73.832146,         0, 49.083275,         0,         0, 89.080434,         0,         0,         0, 17.336607, -21.914056, 0.0033824953, -0.0038150806, 0.42014134, 16.062851, 6.1820205, 14.111399, 25.184148, 38.505684, 71.224755,         0, 50.111797,         0,         0, 78.671239,         0,         0,         0, 14.829573, 67.745762, 0.0036761629, 0.023111396, -0.016807585, 25.637491, 3.8068236, 39.357812, 38.505684, 379.58074, 165.08753,         0, 169.05371,         0,         0,  139.6615,         0,         0,         0, 16.736429, 17.169605, 0.031369291, -0.044681913, 0.84478744, 90.808914,  19.39039, 73.832146, 71.224755, 165.08753, 1162.9355,         0, 235.90554,         0,         0, 678.18174,         0,         0,         0, 39.498756,         0,         0,         0,         0,         0,         0,         0,         0,         0,         0,         0,         0,         0,         0,         0,         0,         0,         0,         0, -32.282706, 0.016327664, -0.042206776, 1.1058611, 26.017675, 17.135362, 49.083275, 50.111797, 169.05371, 235.90554,         0, 612.93019,         0,         0, 265.91633,         0,         0,         0, 50.494005,         0,         0,         0,         0,         0,         0,         0,         0,         0,         0,         0,         0,         0,         0,         0,         0,         0,         0,         0,         0,         0,         0,         0,         0,         0,         0,         0,         0,         0,         0,         0,         0,         0,         0,         0,         0,         0,         0, 3.4433609, 0.013337331, -0.026332748, -0.27077934,  62.06798, 8.5803314, 89.080434, 78.671239,  139.6615, 678.18174,         0, 265.91633,         0,         0, 563.83148,         0,         0,         0, 57.762462,         0,         0,         0,         0,         0,         0,         0,         0,         0,         0,         0,         0,         0,         0,         0,         0,         0,         0,         0,         0,         0,         0,         0,         0,         0,         0,         0,         0,         0,         0,         0,         0,         0,         0,         0,         0,         0,         0,         0,         0,         0,         0,         0,         0,         0,         0,         0,         0,         0,         0,         0,         0,         0,         0,         0,         0,         0, -10.823586, -0.0026089006, -0.0083615951, -0.25324706, -17.616038, -0.78702224, 17.336607, 14.829573, 16.736429, 39.498756,         0, 50.494005,         0,         0, 57.762462,         0,         0,         0, 43.362444))
			, nrow = 19, ncol = 19
			, dimnames = list(
				as.character(c("CMultStdev", "tvVmax", "tvKm", "tvV", "tvKa", "K12", "K21", "dVdWT", "stdev0", "nVmax-nVmax", "nKm-nVmax", "nKm-nKm", "nV-nVmax", "nV-nKm", "nV-nV", "nKa-nVmax", "nKa-nKm", "nKa-nV", "nKa-nKa"))
				, as.character(c("CMultStdev", "tvVmax", "tvKm", "tvV", "tvKa", "K12", "K21", "dVdWT", "stdev0", "nVmax-nVmax", "nKm-nVmax", "nKm-nKm", "nV-nVmax", "nV-nKm", "nV-nV", "nKa-nVmax", "nKa-nKm", "nKa-nV", "nKa-nKa"))
				)
			)
		, "LLTable" = data.frame(
			id = as.character(c( "1", "2", "3", "4", "5", "6", "7", "8", "9", "10", "11", "12", "13", "14", "15", "16", "17", "18", "19", "20", "21", "22", "23", "24", "25", "26", "27", "28", "29", "30", "31", "32", "33", "34", "35", "36", "37", "38", "39", "40", "41", "42", "43", "44", "45", "46", "47", "48", "49", "50", "51", "52", "53", "54", "55", "56", "57", "58", "59", "60"))
			, "LL" = c(-45.229753, -60.278164, -53.150017, -63.19315, -56.783618, -60.083032, -53.513917, -54.292284, -57.324195, -58.752811, -57.200008, -55.688735, -53.219955, -46.682757, -43.886575, -50.904508, -47.899812, -57.777545, -53.180505, -51.094504, -57.423783, -57.023037, -42.026402, -52.286459, -55.501782, -54.93472, -61.014447, -47.140486, -48.534285, -52.845832, -56.876219, -47.990596, -59.684318, -59.640326, -55.709625, -56.820555, -52.944934, -50.575977, -49.464923, -55.943953, -47.355098, -59.576627, -55.723993, -49.832382, -48.705581, -45.84552, -54.121057, -48.563947, -43.367314, -51.077872, -51.101681, -51.725032, -62.782338, -58.508484, -52.15479, -51.95545, -47.732631, -53.728269, -54.394109, -51.426589)
			) # end of LLTable
		, "residuals" = data.frame(
			  ID1 = as.character(c(  "",   "",   "",   "",   "",   "",   "",   "",   "",   "",   "",   "",   "",   "",   "",   "",   "",   "",   "",   "",   "",   "",   "",   "",   "",   "",   "",   "",   "",   "",   "",   "",   "",   "",   "",   "",   "",   "",   "",   "",   "",   "",   "",   "",   "",   "",   "",   "",   "",   "",   "",   "",   "",   "",   "",   "",   "",   "",   "",   "",   "",   "",   "",   "",   "",   "",   "",   "",   "",   "",   "",   "",   "",   "",   "",   "",   "",   "",   "",   "",   "",   "",   "",   "",   "",   "",   "",   "",   "",   "",   "",   "",   "",   "",   "",   "",   "",   "",   "",   "",   "",   "",   "",   "",   "",   "",   "",   "",   "",   "",   "",   "",   "",   "",   "",   "",   "",   "",   "",   "",   "",   "",   "",   "",   "",   "",   "",   "",   "",   "",   "",   "",   "",   "",   "",   "",   "",   "",   "",   "",   "",   "",   "",   "",   "",   "",   "",   "",   "",   "",   "",   "",   "",   "",   "",   "",   "",   "",   "",   "",   "",   "",   "",   "",   "",   "",   "",   "",   "",   "",   "",   "",   "",   "",   "",   "",   "",   "",   "",   "",   "",   "",   "",   "",   "",   "",   "",   "",   "",   "",   "",   "",   "",   "",   "",   "",   "",   "",   "",   "",   "",   "",   "",   "",   "",   "",   "",   "",   "",   "",   "",   "",   "",   "",   "",   "",   "",   "",   "",   "",   "",   "",   "",   "",   "",   "",   "",   "",   "",   "",   "",   "",   "",   "",   "",   "",   "",   "",   "",   "",   "",   "",   "",   "",   "",   "",   "",   "",   "",   "",   "",   "",   "",   "",   "",   "",   "",   "",   "",   "",   "",   "",   "",   "",   "",   "",   "",   "",   "",   "",   "",   "",   "",   "",   "",   "",   "",   "",   "",   "",   "",   "",   "",   "",   "",   "",   "",   "",   "",   "",   "",   "",   "",   "",   "",   "",   "",   "",   "",   "",   "",   "",   "",   "",   "",   "",   "",   "",   "",   "",   "",   "",   "",   "",   "",   "",   "",   "",   "",   "",   "",   "",   "",   "",   "",   "",   "",   "",   "",   "",   "",   "",   "",   "",   "",   "",   "",   "",   "",   "",   "",   "",   "",   "",   "",   "",   "",   "",   "",   "",   "",   "",   "",   "",   "",   "",   "",   "",   "",   "",   "",   "",   "",   "",   "",   "",   "",   "",   "",   "",   "",   "",   "",   "",   "",   "",   "",   "",   "",   "",   "",   "",   "",   "",   "",   "",   "",   "",   "",   "",   "",   "",   "",   "",   "",   "",   "",   "",   "",   "",   "",   "",   "",   "",   "",   "",   "",   "",   "",   "",   "",   "",   "",   "",   "",   "",   "",   "",   "",   "",   "",   "",   "",   "",   "",   "",   "",   "",   "",   "",   "",   "",   "",   "",   "",   "",   "",   "",   "",   "",   "",   "",   "",   "",   "",   "",   "",   "",   "",   "",   "",   "",   "",   "",   "",   "",   "",   "",   "",   "",   "",   "",   "",   "",   "",   "",   "",   "",   "",   "",   "",   "",   "",   "",   "",   "",   "",   "",   "",   ""))
			, ID2 = as.character(c(  "",   "",   "",   "",   "",   "",   "",   "",   "",   "",   "",   "",   "",   "",   "",   "",   "",   "",   "",   "",   "",   "",   "",   "",   "",   "",   "",   "",   "",   "",   "",   "",   "",   "",   "",   "",   "",   "",   "",   "",   "",   "",   "",   "",   "",   "",   "",   "",   "",   "",   "",   "",   "",   "",   "",   "",   "",   "",   "",   "",   "",   "",   "",   "",   "",   "",   "",   "",   "",   "",   "",   "",   "",   "",   "",   "",   "",   "",   "",   "",   "",   "",   "",   "",   "",   "",   "",   "",   "",   "",   "",   "",   "",   "",   "",   "",   "",   "",   "",   "",   "",   "",   "",   "",   "",   "",   "",   "",   "",   "",   "",   "",   "",   "",   "",   "",   "",   "",   "",   "",   "",   "",   "",   "",   "",   "",   "",   "",   "",   "",   "",   "",   "",   "",   "",   "",   "",   "",   "",   "",   "",   "",   "",   "",   "",   "",   "",   "",   "",   "",   "",   "",   "",   "",   "",   "",   "",   "",   "",   "",   "",   "",   "",   "",   "",   "",   "",   "",   "",   "",   "",   "",   "",   "",   "",   "",   "",   "",   "",   "",   "",   "",   "",   "",   "",   "",   "",   "",   "",   "",   "",   "",   "",   "",   "",   "",   "",   "",   "",   "",   "",   "",   "",   "",   "",   "",   "",   "",   "",   "",   "",   "",   "",   "",   "",   "",   "",   "",   "",   "",   "",   "",   "",   "",   "",   "",   "",   "",   "",   "",   "",   "",   "",   "",   "",   "",   "",   "",   "",   "",   "",   "",   "",   "",   "",   "",   "",   "",   "",   "",   "",   "",   "",   "",   "",   "",   "",   "",   "",   "",   "",   "",   "",   "",   "",   "",   "",   "",   "",   "",   "",   "",   "",   "",   "",   "",   "",   "",   "",   "",   "",   "",   "",   "",   "",   "",   "",   "",   "",   "",   "",   "",   "",   "",   "",   "",   "",   "",   "",   "",   "",   "",   "",   "",   "",   "",   "",   "",   "",   "",   "",   "",   "",   "",   "",   "",   "",   "",   "",   "",   "",   "",   "",   "",   "",   "",   "",   "",   "",   "",   "",   "",   "",   "",   "",   "",   "",   "",   "",   "",   "",   "",   "",   "",   "",   "",   "",   "",   "",   "",   "",   "",   "",   "",   "",   "",   "",   "",   "",   "",   "",   "",   "",   "",   "",   "",   "",   "",   "",   "",   "",   "",   "",   "",   "",   "",   "",   "",   "",   "",   "",   "",   "",   "",   "",   "",   "",   "",   "",   "",   "",   "",   "",   "",   "",   "",   "",   "",   "",   "",   "",   "",   "",   "",   "",   "",   "",   "",   "",   "",   "",   "",   "",   "",   "",   "",   "",   "",   "",   "",   "",   "",   "",   "",   "",   "",   "",   "",   "",   "",   "",   "",   "",   "",   "",   "",   "",   "",   "",   "",   "",   "",   "",   "",   "",   "",   "",   "",   "",   "",   "",   "",   "",   "",   "",   "",   "",   "",   "",   "",   "",   "",   "",   "",   "",   "",   "",   "",   "",   "",   "",   "",   "",   "",   "",   "",   "",   "",   "",   ""))
			, ID3 = as.character(c(  "",   "",   "",   "",   "",   "",   "",   "",   "",   "",   "",   "",   "",   "",   "",   "",   "",   "",   "",   "",   "",   "",   "",   "",   "",   "",   "",   "",   "",   "",   "",   "",   "",   "",   "",   "",   "",   "",   "",   "",   "",   "",   "",   "",   "",   "",   "",   "",   "",   "",   "",   "",   "",   "",   "",   "",   "",   "",   "",   "",   "",   "",   "",   "",   "",   "",   "",   "",   "",   "",   "",   "",   "",   "",   "",   "",   "",   "",   "",   "",   "",   "",   "",   "",   "",   "",   "",   "",   "",   "",   "",   "",   "",   "",   "",   "",   "",   "",   "",   "",   "",   "",   "",   "",   "",   "",   "",   "",   "",   "",   "",   "",   "",   "",   "",   "",   "",   "",   "",   "",   "",   "",   "",   "",   "",   "",   "",   "",   "",   "",   "",   "",   "",   "",   "",   "",   "",   "",   "",   "",   "",   "",   "",   "",   "",   "",   "",   "",   "",   "",   "",   "",   "",   "",   "",   "",   "",   "",   "",   "",   "",   "",   "",   "",   "",   "",   "",   "",   "",   "",   "",   "",   "",   "",   "",   "",   "",   "",   "",   "",   "",   "",   "",   "",   "",   "",   "",   "",   "",   "",   "",   "",   "",   "",   "",   "",   "",   "",   "",   "",   "",   "",   "",   "",   "",   "",   "",   "",   "",   "",   "",   "",   "",   "",   "",   "",   "",   "",   "",   "",   "",   "",   "",   "",   "",   "",   "",   "",   "",   "",   "",   "",   "",   "",   "",   "",   "",   "",   "",   "",   "",   "",   "",   "",   "",   "",   "",   "",   "",   "",   "",   "",   "",   "",   "",   "",   "",   "",   "",   "",   "",   "",   "",   "",   "",   "",   "",   "",   "",   "",   "",   "",   "",   "",   "",   "",   "",   "",   "",   "",   "",   "",   "",   "",   "",   "",   "",   "",   "",   "",   "",   "",   "",   "",   "",   "",   "",   "",   "",   "",   "",   "",   "",   "",   "",   "",   "",   "",   "",   "",   "",   "",   "",   "",   "",   "",   "",   "",   "",   "",   "",   "",   "",   "",   "",   "",   "",   "",   "",   "",   "",   "",   "",   "",   "",   "",   "",   "",   "",   "",   "",   "",   "",   "",   "",   "",   "",   "",   "",   "",   "",   "",   "",   "",   "",   "",   "",   "",   "",   "",   "",   "",   "",   "",   "",   "",   "",   "",   "",   "",   "",   "",   "",   "",   "",   "",   "",   "",   "",   "",   "",   "",   "",   "",   "",   "",   "",   "",   "",   "",   "",   "",   "",   "",   "",   "",   "",   "",   "",   "",   "",   "",   "",   "",   "",   "",   "",   "",   "",   "",   "",   "",   "",   "",   "",   "",   "",   "",   "",   "",   "",   "",   "",   "",   "",   "",   "",   "",   "",   "",   "",   "",   "",   "",   "",   "",   "",   "",   "",   "",   "",   "",   "",   "",   "",   "",   "",   "",   "",   "",   "",   "",   "",   "",   "",   "",   "",   "",   "",   "",   "",   "",   "",   "",   "",   "",   "",   "",   "",   "",   "",   "",   "",   "",   "",   "",   "",   "",   "",   ""))
