TABLE NO.     1: First Order Conditional Estimation with Interaction: Problem=1 Subproblem=0 Superproblem1=0 Iteration1=0 Superproblem2=0 Iteration2=0
 NAME         THETA1       THETA2       THETA3       THETA4       THETA5       THETA6       THETA7       SIGMA(1,1)   SIGMA(2,1)   SIGMA(2,2)   OMEGA(1,1)   OMEGA(2,1)   OMEGA(2,2)
 THETA1        2.51378E+06  1.00990E+06  2.94302E+06 -6.90012E+01  2.14744E+03  3.18251E+02  3.11276E+01  3.50027E-01  0.00000E+00 -3.07420E+01  1.93660E+01  2.08847E+01  2.44537E+01
 THETA2        1.00990E+06  4.11593E+05  1.19486E+06 -3.29624E+01  8.77332E+02  1.38778E+02  8.17866E+00  1.44083E-01  0.00000E+00 -1.24516E+01  8.18268E+00  8.75957E+00  1.05751E+01
 THETA3        2.94302E+06  1.19486E+06  4.31679E+06 -1.96376E+02  3.20224E+03  1.13967E+02 -1.60226E+02  7.65092E-01  0.00000E+00 -4.59847E+01  2.65091E+01  2.27439E+01  4.30969E+01
 THETA4       -6.90012E+01 -3.29624E+01 -1.96376E+02  8.30158E-02 -2.18802E-01 -9.60528E-02  9.61025E-02 -1.15045E-04  0.00000E+00 -1.09850E-06 -1.08147E-03  1.05378E-03 -5.95692E-03
 THETA5        2.14744E+03  8.77332E+02  3.20224E+03 -2.18802E-01  2.45026E+00  1.98277E-01 -2.02384E-01  6.42627E-04  0.00000E+00 -3.21022E-02  1.96919E-02  1.51392E-02  3.58779E-02
 THETA6        3.18251E+02  1.38778E+02  1.13967E+02 -9.60528E-02  1.98277E-01  3.78454E-01 -6.31079E-02  3.25888E-05  0.00000E+00  7.36174E-04  1.76350E-03  1.31389E-03  5.54696E-03
 THETA7        3.11276E+01  8.17866E+00 -1.60226E+02  9.61025E-02 -2.02384E-01 -6.31079E-02  1.23207E-01 -1.48667E-04  0.00000E+00 -7.34937E-04 -5.11819E-04  2.36207E-03 -6.37569E-03
 SIGMA(1,1)    3.50027E-01  1.44083E-01  7.65092E-01 -1.15045E-04  6.42627E-04  3.25888E-05 -1.48667E-04  1.26055E-06  0.00000E+00 -5.70761E-06  3.67625E-06  2.91386E-06  1.67385E-05
 SIGMA(2,1)    0.00000E+00  0.00000E+00  0.00000E+00  0.00000E+00  0.00000E+00  0.00000E+00  0.00000E+00  0.00000E+00  0.00000E+00  0.00000E+00  0.00000E+00  0.00000E+00  0.00000E+00
 SIGMA(2,2)   -3.07420E+01 -1.24516E+01 -4.59847E+01 -1.09850E-06 -3.21022E-02  7.36174E-04 -7.34937E-04 -5.70761E-06  0.00000E+00  7.68319E-04 -2.75801E-04 -2.99675E-04 -3.67325E-04
 OMEGA(1,1)    1.93660E+01  8.18268E+00  2.65091E+01 -1.08147E-03  1.96919E-02  1.76350E-03 -5.11819E-04  3.67625E-06  0.00000E+00 -2.75801E-04  5.08007E-04  5.38364E-04  6.43400E-04
 OMEGA(2,1)    2.08847E+01  8.75957E+00  2.27439E+01  1.05378E-03  1.51392E-02  1.31389E-03  2.36207E-03  2.91386E-06  0.00000E+00 -2.99675E-04  5.38364E-04  9.30825E-04  9.02405E-04
 OMEGA(2,2)    2.44537E+01  1.05751E+01  4.30969E+01 -5.95692E-03  3.58779E-02  5.54696E-03 -6.37569E-03  1.67385E-05  0.00000E+00 -3.67325E-04  6.43400E-04  9.02405E-04  2.46851E-03
