TABLE NO.     1: First Order Conditional Estimation with Interaction: Problem=1 Subproblem=0 Superproblem1=0 Iteration1=0 Superproblem2=0 Iteration2=0
 NAME         THETA1       THETA2       THETA3       THETA4       THETA5       THETA6       THETA7       SIGMA(1,1)   SIGMA(2,1)   SIGMA(2,2)   OMEGA(1,1)   OMEGA(2,1)   OMEGA(2,2)
 THETA1        4.43540E+06  2.41552E+06  2.10253E+07  1.22002E+04  5.47126E+04  2.31193E+05  4.89125E+04  5.35309E+05  0.00000E+00 -1.77132E+03 -6.64191E+02 -6.62041E+02 -9.67577E+02
 THETA2        2.41552E+06  1.36388E+06  1.27467E+07  7.42984E+03  3.31568E+04  1.40099E+05  2.96978E+04  3.24703E+05  0.00000E+00 -1.07443E+03 -4.03587E+02 -4.02027E+02 -5.88004E+02
 THETA3        2.10253E+07  1.27467E+07  1.39417E+08  8.21541E+04  3.62241E+05  1.53039E+06  3.26285E+05  3.55462E+06  0.00000E+00 -1.17621E+04 -4.44648E+03 -4.40270E+03 -6.44552E+03
 THETA4        1.22002E+04  7.42984E+03  8.21541E+04  4.85183E+01  2.13396E+02  9.01507E+02  1.92508E+02  2.09475E+03  0.00000E+00 -6.93147E+00 -2.62181E+00 -2.59460E+00 -3.79760E+00
 THETA5        5.47126E+04  3.31568E+04  3.62241E+05  2.13396E+02  9.41227E+02  3.97652E+03  8.47626E+02  9.23573E+03  0.00000E+00 -3.05607E+01 -1.15524E+01 -1.14393E+01 -1.67473E+01
 THETA6        2.31193E+05  1.40099E+05  1.53039E+06  9.01507E+02  3.97652E+03  1.68002E+04  3.58096E+03  3.90190E+04  0.00000E+00 -1.29113E+02 -4.88054E+01 -4.83283E+01 -7.07551E+01
 THETA7        4.89125E+04  2.96978E+04  3.26285E+05  1.92508E+02  8.47626E+02  3.58096E+03  7.64197E+02  8.31911E+03  0.00000E+00 -2.75277E+01 -1.04090E+01 -1.03039E+01 -1.50844E+01
 SIGMA(1,1)    5.35309E+05  3.24703E+05  3.55462E+06  2.09475E+03  9.23573E+03  3.90190E+04  8.31911E+03  9.06312E+04  0.00000E+00 -2.99896E+02 -1.13377E+02 -1.12255E+02 -1.64339E+02
 SIGMA(2,1)    0.00000E+00  0.00000E+00  0.00000E+00  0.00000E+00  0.00000E+00  0.00000E+00  0.00000E+00  0.00000E+00  0.00000E+00  0.00000E+00  0.00000E+00  0.00000E+00  0.00000E+00
 SIGMA(2,2)   -1.77132E+03 -1.07443E+03 -1.17621E+04 -6.93147E+00 -3.05607E+01 -1.29113E+02 -2.75277E+01 -2.99896E+02  0.00000E+00  9.92346E-01  3.75160E-01  3.71448E-01  5.43792E-01
 OMEGA(1,1)   -6.64191E+02 -4.03587E+02 -4.44648E+03 -2.62181E+00 -1.15524E+01 -4.88054E+01 -1.04090E+01 -1.13377E+02  0.00000E+00  3.75160E-01  1.42473E-01  1.40638E-01  2.05497E-01
 OMEGA(2,1)   -6.62041E+02 -4.02027E+02 -4.40270E+03 -2.59460E+00 -1.14393E+01 -4.83283E+01 -1.03039E+01 -1.12255E+02  0.00000E+00  3.71448E-01  1.40638E-01  1.39277E-01  2.03610E-01
 OMEGA(2,2)   -9.67577E+02 -5.88004E+02 -6.44552E+03 -3.79760E+00 -1.67473E+01 -7.07551E+01 -1.50844E+01 -1.64339E+02  0.00000E+00  5.43792E-01  2.05497E-01  2.03610E-01  2.98692E-01
