TABLE NO.     1: First Order Conditional Estimation with Interaction: Problem=1 Subproblem=0 Superproblem1=0 Iteration1=0 Superproblem2=0 Iteration2=0
 NAME         THETA1       THETA2       THETA3       THETA4       THETA5       THETA6       THETA7       SIGMA(1,1)   SIGMA(2,1)   SIGMA(2,2)   OMEGA(1,1)   OMEGA(2,1)   OMEGA(2,2)
 THETA1        1.15619E+03  9.85923E-01  2.88294E-01  2.57396E-01 -1.19295E-01  1.11711E-01  4.29693E-01  1.07763E-01  0.00000E+00 -8.03000E-02  4.13191E-01  3.86445E-01  8.73285E-02
 THETA2        9.85923E-01  4.54948E+02  2.39569E-01  2.13642E-01 -7.55488E-02  1.58968E-01  4.01027E-01  1.09554E-01  0.00000E+00 -8.76244E-02  4.47991E-01  4.07549E-01  1.21173E-01
 THETA3        2.88294E-01  2.39569E-01  2.02520E+01  8.44848E-01 -7.34815E-01 -8.87829E-01  7.09887E-01 -3.55478E-02  0.00000E+00 -2.25461E-01  1.60626E-01  2.51070E-01 -1.35416E-01
 THETA4        2.57396E-01  2.13642E-01  8.44848E-01  2.50208E-01 -9.72627E-01 -6.41431E-01  9.53703E-01 -2.25409E-01  0.00000E+00 -1.75236E-01  6.69042E-02  2.75130E-01 -2.73321E-01
 THETA5       -1.19295E-01 -7.55488E-02 -7.34815E-01 -9.72627E-01  1.63886E-01  5.66155E-01 -9.39869E-01  2.94741E-01  0.00000E+00  1.14289E-01  2.38131E-02 -2.16999E-01  3.19684E-01
 THETA6        1.11711E-01  1.58968E-01 -8.87829E-01 -6.41431E-01  5.66155E-01  6.18762E-01 -4.11201E-01 -1.66817E-02  0.00000E+00  1.10873E-01 -2.81835E-02 -7.50023E-02  1.22014E-01
 THETA7        4.29693E-01  4.01027E-01  7.09887E-01  9.53703E-01 -9.39869E-01 -4.11201E-01  3.02115E-01 -2.64325E-01  0.00000E+00 -1.56215E-01  1.26415E-01  3.36860E-01 -2.51907E-01
 SIGMA(1,1)    1.07763E-01  1.09554E-01 -3.55478E-02 -2.25409E-01  2.94741E-01 -1.66817E-02 -2.64325E-01  1.09992E-03  0.00000E+00 -6.51469E-02  6.36859E-02  4.23010E-02  2.72503E-01
 SIGMA(2,1)    0.00000E+00  0.00000E+00  0.00000E+00  0.00000E+00  0.00000E+00  0.00000E+00  0.00000E+00  0.00000E+00  0.00000E+00  0.00000E+00  0.00000E+00  0.00000E+00  0.00000E+00
 SIGMA(2,2)   -8.03000E-02 -8.76244E-02 -2.25461E-01 -1.75236E-01  1.14289E-01  1.10873E-01 -1.56215E-01 -6.51469E-02  0.00000E+00  1.60362E-02 -1.55177E-01 -9.91575E-02 -2.56484E-01
 OMEGA(1,1)    4.13191E-01  4.47991E-01  1.60626E-01  6.69042E-02  2.38131E-02 -2.81835E-02  1.26415E-01  6.36859E-02  0.00000E+00 -1.55177E-01  2.08159E-02  7.79409E-01  4.88682E-01
 OMEGA(2,1)    3.86445E-01  4.07549E-01  2.51070E-01  2.75130E-01 -2.16999E-01 -7.50023E-02  3.36860E-01  4.23010E-02  0.00000E+00 -9.91575E-02  7.79409E-01  2.96997E-02  5.54629E-01
 OMEGA(2,2)    8.73285E-02  1.21173E-01 -1.35416E-01 -2.73321E-01  3.19684E-01  1.22014E-01 -2.51907E-01  2.72503E-01  0.00000E+00 -2.56484E-01  4.88682E-01  5.54629E-01  4.72244E-02
