TABLE NO.     1: First Order Conditional Estimation with Interaction: Problem=1 Subproblem=0 Superproblem1=0 Iteration1=0 Superproblem2=0 Iteration2=0
 NAME         THETA1       THETA2       THETA3       THETA4       THETA5       THETA6       THETA7       SIGMA(1,1)   SIGMA(2,1)   SIGMA(2,2)   OMEGA(1,1)   OMEGA(2,1)   OMEGA(2,2)
 THETA1        5.18360E-01  2.12839E+00 -9.71252E+01  2.47095E+04 -8.42877E+03  9.24398E+03 -4.07120E+02  3.97045E+03  0.00000E+00  1.15640E+06  6.13811E+01 -8.37946E+01 -2.73394E+01
 THETA2        2.12839E+00  8.74112E+00 -3.98847E+02  1.01471E+05 -3.46146E+04  3.79611E+04 -1.67208E+03  1.63006E+04  0.00000E+00  4.74750E+06  2.50795E+02 -3.42450E+02 -1.12355E+02
 THETA3       -9.71252E+01 -3.98847E+02  1.81997E+04 -4.63017E+06  1.57944E+06 -1.73218E+06  7.62882E+04 -7.44022E+05  0.00000E+00 -2.16697E+08 -1.14791E+04  1.56691E+04  5.11016E+03
 THETA4        2.47095E+04  1.01471E+05 -4.63017E+06  1.17796E+09 -4.01829E+08  4.40684E+08 -1.94102E+07  1.89230E+08  0.00000E+00  5.51128E+10  2.91621E+06 -3.98169E+06 -1.30566E+06
 THETA5       -8.42877E+03 -3.46146E+04  1.57944E+06 -4.01829E+08  1.37079E+08 -1.50328E+08  6.62193E+06 -6.45630E+07  0.00000E+00 -1.88040E+10 -9.94454E+05  1.35834E+06  4.44127E+05
 THETA6        9.24398E+03  3.79611E+04 -1.73218E+06  4.40684E+08 -1.50328E+08  1.64863E+08 -7.26128E+06  7.08046E+07  0.00000E+00  2.06218E+10  1.09168E+06 -1.49047E+06 -4.87178E+05
 THETA7       -4.07120E+02 -1.67208E+03  7.62882E+04 -1.94102E+07  6.62193E+06 -7.26128E+06  3.20249E+05 -3.10633E+06  0.00000E+00 -9.04602E+08 -4.71324E+04  6.45730E+04  2.27455E+04
 SIGMA(1,1)    3.97045E+03  1.63006E+04 -7.44022E+05  1.89230E+08 -6.45630E+07  7.08046E+07 -3.10633E+06  3.12167E+07  0.00000E+00  9.09962E+09  5.15655E+05 -6.91376E+05 -1.43457E+05
 SIGMA(2,1)    0.00000E+00  0.00000E+00  0.00000E+00  0.00000E+00  0.00000E+00  0.00000E+00  0.00000E+00  0.00000E+00  0.00000E+00  0.00000E+00  0.00000E+00  0.00000E+00  0.00000E+00
 SIGMA(2,2)    1.15640E+06  4.74750E+06 -2.16697E+08  5.51128E+10 -1.88040E+10  2.06218E+10 -9.04602E+08  9.09962E+09  0.00000E+00  2.65260E+12  1.50630E+08 -2.01850E+08 -4.11572E+07
 OMEGA(1,1)    6.13811E+01  2.50795E+02 -1.14791E+04  2.91621E+06 -9.94454E+05  1.09168E+06 -4.71324E+04  5.15655E+05  0.00000E+00  1.50630E+08  1.31356E+04 -1.61111E+04  1.26144E+03
 OMEGA(2,1)   -8.37946E+01 -3.42450E+02  1.56691E+04 -3.98169E+06  1.35834E+06 -1.49047E+06  6.45730E+04 -6.91376E+05  0.00000E+00 -2.01850E+08 -1.61111E+04  2.46066E+04 -9.98579E+02
 OMEGA(2,2)   -2.73394E+01 -1.12355E+02  5.11016E+03 -1.30566E+06  4.44127E+05 -4.87178E+05  2.27455E+04 -1.43457E+05  0.00000E+00 -4.11572E+07  1.26144E+03 -9.98579E+02  9.20153E+03
