TABLE NO.     1: First Order Conditional Estimation with Interaction: Problem=1 Subproblem=0 Superproblem1=0 Iteration1=0 Superproblem2=0 Iteration2=0
 NAME         THETA1       THETA2       THETA3       THETA4       THETA5       THETA6       THETA7       SIGMA(1,1)   SIGMA(2,1)   SIGMA(2,2)   OMEGA(1,1)   OMEGA(2,1)   OMEGA(2,2)
 THETA1        1.33679E+06  5.18604E+05  6.75048E+03  7.44618E+01 -2.26045E+01  7.99188E+01  1.50094E+02  1.37045E-01  0.00000E+00 -1.48884E+00  9.94434E+00  1.32700E+01  4.76819E+00
 THETA2        5.18604E+05  2.06978E+05  2.20729E+03  2.43192E+01 -5.63288E+00  4.47501E+01  5.51199E+01  5.48218E-02  0.00000E+00 -6.39277E-01  4.24253E+00  5.50671E+00  2.60335E+00
 THETA3        6.75048E+03  2.20729E+03  4.10143E+02  4.28102E+00 -2.43886E+00 -1.11255E+01  4.34340E+00 -7.91849E-04  0.00000E+00 -7.32219E-02  6.77139E-02  1.51013E-01 -1.29510E-01
 THETA4        7.44618E+01  2.43192E+01  4.28102E+00  6.26040E-02 -3.98830E-02 -9.93058E-02  7.20920E-02 -6.20348E-05  0.00000E+00 -7.03116E-04  3.48457E-04  2.04451E-03 -3.22953E-03
 THETA5       -2.26045E+01 -5.63288E+00 -2.43886E+00 -3.98830E-02  2.68585E-02  5.74117E-02 -4.65352E-02  5.31306E-05  0.00000E+00  3.00365E-04  8.12366E-05 -1.05621E-03  2.47416E-03
 THETA6        7.99188E+01  4.47501E+01 -1.11255E+01 -9.93058E-02  5.74117E-02  3.82866E-01 -7.68688E-02 -1.13534E-05  0.00000E+00  1.10015E-03 -3.63005E-04 -1.37832E-03  3.56532E-03
 THETA7        1.50094E+02  5.51199E+01  4.34340E+00  7.20920E-02 -4.65352E-02 -7.68688E-02  9.12738E-02 -8.78362E-05  0.00000E+00 -7.56830E-04  7.94997E-04  3.02255E-03 -3.59401E-03
 SIGMA(1,1)    1.37045E-01  5.48218E-02 -7.91849E-04 -6.20348E-05  5.31306E-05 -1.13534E-05 -8.78362E-05  1.20983E-06  0.00000E+00 -1.14910E-06  1.45814E-06  1.38186E-06  1.41547E-05
 SIGMA(2,1)    0.00000E+00  0.00000E+00  0.00000E+00  0.00000E+00  0.00000E+00  0.00000E+00  0.00000E+00  0.00000E+00  0.00000E+00  0.00000E+00  0.00000E+00  0.00000E+00  0.00000E+00
 SIGMA(2,2)   -1.48884E+00 -6.39277E-01 -7.32219E-02 -7.03116E-04  3.00365E-04  1.10015E-03 -7.56830E-04 -1.14910E-06  0.00000E+00  2.57161E-04 -5.17993E-05 -4.72258E-05 -1.94236E-04
 OMEGA(1,1)    9.94434E+00  4.24253E+00  6.77139E-02  3.48457E-04  8.12366E-05 -3.63005E-04  7.94997E-04  1.45814E-06  0.00000E+00 -5.17993E-05  4.33300E-04  4.81849E-04  4.80382E-04
 OMEGA(2,1)    1.32700E+01  5.50671E+00  1.51013E-01  2.04451E-03 -1.05621E-03 -1.37832E-03  3.02255E-03  1.38186E-06  0.00000E+00 -4.72258E-05  4.81849E-04  8.82070E-04  7.77895E-04
 OMEGA(2,2)    4.76819E+00  2.60335E+00 -1.29510E-01 -3.22953E-03  2.47416E-03  3.56532E-03 -3.59401E-03  1.41547E-05  0.00000E+00 -1.94236E-04  4.80382E-04  7.77895E-04  2.23014E-03
