TABLE NO.     1: First Order Conditional Estimation with Interaction: Problem=1 Subproblem=0 Superproblem1=0 Iteration1=0 Superproblem2=0 Iteration2=0
 NAME         THETA1       THETA2       THETA3       THETA4       THETA5       THETA6       THETA7       SIGMA(1,1)   SIGMA(2,1)   SIGMA(2,2)   OMEGA(1,1)   OMEGA(2,1)   OMEGA(2,2)
 THETA1        1.58549E+03  9.92846E-01  8.93405E-01 -1.51047E-01  8.65270E-01  3.26287E-01  5.59325E-02  1.96633E-01  0.00000E+00 -6.99515E-01  5.41927E-01  4.31748E-01  3.10430E-01
 THETA2        9.92846E-01  6.41555E+02  8.96402E-01 -1.78322E-01  8.73622E-01  3.51624E-01  3.63187E-02  2.00032E-01  0.00000E+00 -7.00197E-01  5.65883E-01  4.47523E-01  3.31768E-01
 THETA3        8.93405E-01  8.96402E-01  2.07769E+03 -3.28040E-01  9.84618E-01  8.91646E-02 -2.19702E-01  3.27984E-01  0.00000E+00 -7.98476E-01  5.66082E-01  3.58799E-01  4.17492E-01
 THETA4       -1.51047E-01 -1.78322E-01 -3.28040E-01  2.88125E-01 -4.85137E-01 -5.41905E-01  9.50246E-01 -3.55637E-01  0.00000E+00 -1.37546E-04 -1.66533E-01  1.19877E-01 -4.16125E-01
 THETA5        8.65270E-01  8.73622E-01  9.84618E-01 -4.85137E-01  1.56533E+00  2.05901E-01 -3.68343E-01  3.65656E-01  0.00000E+00 -7.39875E-01  5.58145E-01  3.17002E-01  4.61321E-01
 THETA6        3.26287E-01  3.51624E-01  8.91646E-02 -5.41905E-01  2.05901E-01  6.15186E-01 -2.92253E-01  4.71826E-02  0.00000E+00  4.31721E-02  1.27184E-01  7.00031E-02  1.81481E-01
 THETA7        5.59325E-02  3.63187E-02 -2.19702E-01  9.50246E-01 -3.68343E-01 -2.92253E-01  3.51009E-01 -3.77239E-01  0.00000E+00 -7.55372E-02 -6.46938E-02  2.20567E-01 -3.65588E-01
 SIGMA(1,1)    1.96633E-01  2.00032E-01  3.27984E-01 -3.55637E-01  3.65656E-01  4.71826E-02 -3.77239E-01  1.12274E-03  0.00000E+00 -1.83402E-01  1.45275E-01  8.50657E-02  3.00068E-01
 SIGMA(2,1)    0.00000E+00  0.00000E+00  0.00000E+00  0.00000E+00  0.00000E+00  0.00000E+00  0.00000E+00  0.00000E+00  0.00000E+00  0.00000E+00  0.00000E+00  0.00000E+00  0.00000E+00
 SIGMA(2,2)   -6.99515E-01 -7.00197E-01 -7.98476E-01 -1.37546E-04 -7.39875E-01  4.31721E-02 -7.55372E-02 -1.83402E-01  0.00000E+00  2.77186E-02 -4.41458E-01 -3.54361E-01 -2.66725E-01
 OMEGA(1,1)    5.41927E-01  5.65883E-01  5.66082E-01 -1.66533E-01  5.58145E-01  1.27184E-01 -6.46938E-02  1.45275E-01  0.00000E+00 -4.41458E-01  2.25390E-02  7.82901E-01  5.74551E-01
 OMEGA(2,1)    4.31748E-01  4.47523E-01  3.58799E-01  1.19877E-01  3.17002E-01  7.00031E-02  2.20567E-01  8.50657E-02  0.00000E+00 -3.54361E-01  7.82901E-01  3.05094E-02  5.95320E-01
 OMEGA(2,2)    3.10430E-01  3.31768E-01  4.17492E-01 -4.16125E-01  4.61321E-01  1.81481E-01 -3.65588E-01  3.00068E-01  0.00000E+00 -2.66725E-01  5.74551E-01  5.95320E-01  4.96841E-02
