TABLE NO.     1: First Order Conditional Estimation with Interaction: Problem=1 Subproblem=0 Superproblem1=0 Iteration1=0 Superproblem2=0 Iteration2=0
 NAME         THETA1       THETA2       THETA3       THETA4       THETA5       THETA6       THETA7       SIGMA(1,1)   SIGMA(2,1)   SIGMA(2,2)   OMEGA(1,1)   OMEGA(2,1)   OMEGA(2,2)
 THETA1        8.66484E-03 -6.77080E-02  5.12567E-01 -7.59317E+01  2.99422E+02 -3.85773E-01  2.16714E+02  1.21440E+03  0.00000E+00  1.15713E+02  1.10785E+00 -7.42151E-01  3.90620E-01
 THETA2       -6.77080E-02  5.30231E-01 -4.02548E+00  5.95226E+02 -2.34643E+03  2.81790E+00 -1.69831E+03 -9.52271E+03  0.00000E+00 -9.07802E+02 -8.81881E+00  6.09220E+00 -3.12410E+00
 THETA3        5.12567E-01 -4.02548E+00  3.08505E+01 -4.53307E+03  1.78085E+04 -1.50384E+01  1.28965E+04  7.24400E+04  0.00000E+00  6.91769E+03  7.56624E+01 -5.29469E+01  2.56338E+01
 THETA4       -7.59317E+01  5.95226E+02 -4.53307E+03  6.70862E+05 -2.63301E+06  3.04401E+03 -1.90762E+06 -1.07023E+07  0.00000E+00 -1.01931E+06 -9.75857E+03  6.61019E+03 -3.30035E+03
 THETA5        2.99422E+02 -2.34643E+03  1.78085E+04 -2.63301E+06  1.03896E+07 -1.26801E+04  7.51821E+06  4.21468E+07  0.00000E+00  4.01894E+06  3.75801E+04 -2.68113E+04  1.38422E+04
 THETA6       -3.85773E-01  2.81790E+00 -1.50384E+01  3.04401E+03 -1.26801E+04  1.81958E+02 -9.14210E+03 -4.77120E+04  0.00000E+00 -4.20992E+03  2.79208E+02 -1.96202E+02  5.82604E+01
 THETA7        2.16714E+02 -1.69831E+03  1.28965E+04 -1.90762E+06  7.51821E+06 -9.14210E+03  5.44195E+06  3.05132E+07  0.00000E+00  2.90852E+06  2.74213E+04 -1.94231E+04  9.93855E+03
 SIGMA(1,1)    1.21440E+03 -9.52271E+03  7.24400E+04 -1.07023E+07  4.21468E+07 -4.77120E+04  3.05132E+07  1.72204E+08  0.00000E+00  1.63222E+07  1.71824E+05 -1.16466E+05  5.22425E+04
 SIGMA(2,1)    0.00000E+00  0.00000E+00  0.00000E+00  0.00000E+00  0.00000E+00  0.00000E+00  0.00000E+00  0.00000E+00  0.00000E+00  0.00000E+00  0.00000E+00  0.00000E+00  0.00000E+00
 SIGMA(2,2)    1.15713E+02 -9.07802E+02  6.91769E+03 -1.01931E+06  4.01894E+06 -4.20992E+03  2.90852E+06  1.63222E+07  0.00000E+00  1.56251E+06  1.69276E+04 -1.28203E+04  6.56975E+03
 OMEGA(1,1)    1.10785E+00 -8.81881E+00  7.56624E+01 -9.75857E+03  3.75801E+04  2.79208E+02  2.74213E+04  1.71824E+05  0.00000E+00  1.69276E+04  8.47818E+03 -4.92281E+03  5.15535E+02
 OMEGA(2,1)   -7.42151E-01  6.09220E+00 -5.29469E+01  6.61019E+03 -2.68113E+04 -1.96202E+02 -1.94231E+04 -1.16466E+05  0.00000E+00 -1.28203E+04 -4.92281E+03  5.74081E+03 -1.58954E+03
 OMEGA(2,2)    3.90620E-01 -3.12410E+00  2.56338E+01 -3.30035E+03  1.38422E+04  5.82604E+01  9.93855E+03  5.22425E+04  0.00000E+00  6.56975E+03  5.15535E+02 -1.58954E+03  1.22009E+03
