TABLE NO.     1: First Order Conditional Estimation with Interaction: Problem=1 Subproblem=0 Superproblem1=0 Iteration1=0 Superproblem2=0 Iteration2=0
 NAME         THETA1       THETA2       THETA3       THETA4       THETA5       THETA6       THETA7       SIGMA(1,1)   SIGMA(2,1)   SIGMA(2,2)   OMEGA(1,1)   OMEGA(2,1)   OMEGA(2,2)
 THETA1        9.85492E-03  5.71027E-02 -3.86245E-02 -5.33840E+01  1.27069E+01 -3.97748E+01 -1.71615E+01 -1.59783E+02  0.00000E+00 -4.42160E+02 -2.62937E+00 -1.86035E+00  2.74145E-01
 THETA2        5.71027E-02  3.34176E-01 -2.23855E-01 -3.10999E+02  7.20634E+01 -2.31608E+02 -1.01668E+02 -9.33803E+02  0.00000E+00 -2.57820E+03 -1.53538E+01 -1.12022E+01  1.67023E+00
 THETA3       -3.86245E-02 -2.23855E-01  1.53343E-01  2.08398E+02 -5.25360E+01  1.56362E+02  6.62334E+01  6.29075E+02  0.00000E+00  1.73413E+03  1.11084E+01  7.08122E+00 -1.07613E+00
 THETA4       -5.33840E+01 -3.10999E+02  2.08398E+02  2.92489E+05 -6.67677E+04  2.16099E+05  9.31924E+04  8.59167E+05  0.00000E+00  2.40430E+06  1.44061E+04  9.99289E+03 -1.30151E+03
 THETA5        1.27069E+01  7.20634E+01 -5.25360E+01 -6.67677E+04  2.10079E+04 -5.13772E+04 -1.96202E+04 -2.06597E+05  0.00000E+00 -5.63632E+05 -4.48604E+03 -1.89565E+03  3.20863E+02
 THETA6       -3.97748E+01 -2.31608E+02  1.56362E+02  2.16099E+05 -5.13772E+04  1.61067E+05  6.96178E+04  6.47328E+05  0.00000E+00  1.79051E+06  1.09054E+04  7.54006E+03 -1.10490E+03
 THETA7       -1.71615E+01 -1.01668E+02  6.62334E+01  9.31924E+04 -1.96202E+04  6.96178E+04  3.28799E+04  2.89308E+05  0.00000E+00  7.79657E+05  4.00654E+03  3.71454E+03 -6.01212E+02
 SIGMA(1,1)   -1.59783E+02 -9.33803E+02  6.29075E+02  8.59167E+05 -2.06597E+05  6.47328E+05  2.89308E+05  3.69209E+06  0.00000E+00  7.20265E+06  5.45481E+04  2.39307E+04 -7.08020E+03
 SIGMA(2,1)    0.00000E+00  0.00000E+00  0.00000E+00  0.00000E+00  0.00000E+00  0.00000E+00  0.00000E+00  0.00000E+00  0.00000E+00  0.00000E+00  0.00000E+00  0.00000E+00  0.00000E+00
 SIGMA(2,2)   -4.42160E+02 -2.57820E+03  1.73413E+03  2.40430E+06 -5.63632E+05  1.79051E+06  7.79657E+05  7.20265E+06  0.00000E+00  1.99232E+07  1.18849E+05  8.52777E+04 -1.24890E+04
 OMEGA(1,1)   -2.62937E+00 -1.53538E+01  1.11084E+01  1.44061E+04 -4.48604E+03  1.09054E+04  4.00654E+03  5.45481E+04  0.00000E+00  1.18849E+05  8.66452E+03 -3.96184E+03  1.98131E+02
 OMEGA(2,1)   -1.86035E+00 -1.12022E+01  7.08122E+00  9.99289E+03 -1.89565E+03  7.54006E+03  3.71454E+03  2.39307E+04  0.00000E+00  8.52777E+04 -3.96184E+03  5.70429E+03 -1.41748E+03
 OMEGA(2,2)    2.74145E-01  1.67023E+00 -1.07613E+00 -1.30151E+03  3.20863E+02 -1.10490E+03 -6.01212E+02 -7.08020E+03  0.00000E+00 -1.24890E+04  1.98131E+02 -1.41748E+03  1.10381E+03
