TABLE NO.     1: First Order Conditional Estimation with Interaction: Problem=1 Subproblem=0 Superproblem1=0 Iteration1=0 Superproblem2=0 Iteration2=0
 NAME         THETA1       THETA2       THETA3       THETA4       THETA5       THETA6       THETA7       SIGMA(1,1)   SIGMA(2,1)   SIGMA(2,2)   OMEGA(1,1)   OMEGA(2,1)   OMEGA(2,2)
 THETA1        2.10604E+03  9.82103E-01  8.45509E-01  8.31663E-01  8.46786E-01  8.46939E-01  8.40138E-01  8.44305E-01  0.00000E+00 -8.44304E-01 -8.35526E-01 -8.42325E-01 -8.40635E-01
 THETA2        9.82103E-01  1.16785E+03  9.24383E-01  9.13353E-01  9.25416E-01  9.25528E-01  9.19883E-01  9.23546E-01  0.00000E+00 -9.23545E-01 -9.15551E-01 -9.22416E-01 -9.21256E-01
 THETA3        8.45509E-01  9.24383E-01  1.18075E+04  9.98891E-01  9.99981E-01  9.99974E-01  9.99622E-01  9.99989E-01  0.00000E+00 -9.99989E-01 -9.97682E-01 -9.99129E-01 -9.98821E-01
 THETA4        8.31663E-01  9.13353E-01  9.98891E-01  6.96551E+00  9.98588E-01  9.98527E-01  9.99756E-01  9.98944E-01  0.00000E+00 -9.98944E-01 -9.97199E-01 -9.98110E-01 -9.97572E-01
 THETA5        8.46786E-01  9.25416E-01  9.99981E-01  9.98588E-01  3.06794E+01  9.99999E-01  9.99435E-01  9.99966E-01  0.00000E+00 -9.99966E-01 -9.97601E-01 -9.99107E-01 -9.98814E-01
 THETA6        8.46939E-01  9.25528E-01  9.99974E-01  9.98527E-01  9.99999E-01  1.29615E+02  9.99401E-01  9.99955E-01  0.00000E+00 -9.99955E-01 -9.97574E-01 -9.99093E-01 -9.98825E-01
 THETA7        8.40138E-01  9.19883E-01  9.99622E-01  9.99756E-01  9.99435E-01  9.99401E-01  2.76441E+01  9.99621E-01  0.00000E+00 -9.99621E-01 -9.97562E-01 -9.98758E-01 -9.98421E-01
 SIGMA(1,1)    8.44305E-01  9.23546E-01  9.99989E-01  9.98944E-01  9.99966E-01  9.99955E-01  9.99621E-01  3.01050E+02  0.00000E+00 -1.00000E+00 -9.97742E-01 -9.99141E-01 -9.98825E-01
 SIGMA(2,1)    0.00000E+00  0.00000E+00  0.00000E+00  0.00000E+00  0.00000E+00  0.00000E+00  0.00000E+00  0.00000E+00  0.00000E+00  0.00000E+00  0.00000E+00  0.00000E+00  0.00000E+00
 SIGMA(2,2)   -8.44304E-01 -9.23545E-01 -9.99989E-01 -9.98944E-01 -9.99966E-01 -9.99955E-01 -9.99621E-01 -1.00000E+00  0.00000E+00  9.96166E-01  9.97742E-01  9.99141E-01  9.98825E-01
 OMEGA(1,1)   -8.35526E-01 -9.15551E-01 -9.97682E-01 -9.97199E-01 -9.97601E-01 -9.97574E-01 -9.97562E-01 -9.97742E-01  0.00000E+00  9.97742E-01  3.77456E-01  9.98380E-01  9.96157E-01
 OMEGA(2,1)   -8.42325E-01 -9.22416E-01 -9.99129E-01 -9.98110E-01 -9.99107E-01 -9.99093E-01 -9.98758E-01 -9.99141E-01  0.00000E+00  9.99141E-01  9.98380E-01  3.73198E-01  9.98268E-01
 OMEGA(2,2)   -8.40635E-01 -9.21256E-01 -9.98821E-01 -9.97572E-01 -9.98814E-01 -9.98825E-01 -9.98421E-01 -9.98825E-01  0.00000E+00  9.98825E-01  9.96157E-01  9.98268E-01  5.46527E-01
