TABLE NO.     1: First Order Conditional Estimation with Interaction: Problem=1 Subproblem=0 Superproblem1=0 Iteration1=0 Superproblem2=0 Iteration2=0
 NAME         THETA1       THETA2       THETA3       THETA4       THETA5       THETA6       THETA7       THETA8       THETA9       SIGMA(1,1)   SIGMA(2,1)   SIGMA(2,2)   OMEGA(1,1)   OMEGA(2,1)   OMEGA(2,2)
 THETA1        2.33920E+06  1.53210E+07 -8.73444E+07  2.03898E+09 -6.15028E+10 -1.04306E+10  1.21725E+10  1.49091E+10  1.17352E+11 -1.00027E+11  0.00000E+00  1.65282E+09 -7.86416E+06  0.00000E+00  2.58289E+06
 THETA2        1.53210E+07  1.00347E+08 -5.72077E+08  1.33546E+10 -4.02823E+11 -6.83171E+10  7.97258E+10  9.76499E+10  7.68617E+11 -6.55012E+11  0.00000E+00  1.08232E+10 -5.15051E+07  0.00000E+00  1.69174E+07
 THETA3       -8.73444E+07 -5.72077E+08  3.26139E+09 -7.61343E+10  2.29648E+12  3.89474E+11 -4.54515E+11 -5.56699E+11 -4.38186E+12  3.73485E+12  0.00000E+00 -6.17135E+10  2.93641E+08  0.00000E+00 -9.64438E+07
 THETA4        2.03898E+09  1.33546E+10 -7.61343E+10  1.77729E+12 -5.36093E+13 -9.09192E+12  1.06102E+13  1.29956E+13  1.02291E+14 -8.72169E+13  0.00000E+00  1.44115E+12 -6.85536E+09  0.00000E+00  2.25132E+09
 THETA5       -6.15028E+10 -4.02823E+11  2.29648E+12 -5.36093E+13  1.61705E+15  2.74245E+14 -3.20043E+14 -3.91995E+14 -3.08545E+15  2.62997E+15  0.00000E+00 -4.34570E+13  2.06767E+11  0.00000E+00 -6.79098E+10
 THETA6       -1.04306E+10 -6.83171E+10  3.89474E+11 -9.09192E+12  2.74245E+14  4.65108E+13 -5.42779E+13 -6.64808E+13 -5.23280E+14  4.45817E+14  0.00000E+00 -7.36651E+12  3.50628E+10  0.00000E+00 -1.15177E+10
 THETA7        1.21725E+10  7.97258E+10 -4.54515E+11  1.06102E+13 -3.20043E+14 -5.42779E+13  6.33421E+13  7.75828E+13  6.10666E+14 -5.20459E+14  0.00000E+00  8.59991E+12 -4.09218E+10  0.00000E+00  1.34407E+10
 THETA8        1.49091E+10  9.76499E+10 -5.56699E+11  1.29956E+13 -3.91995E+14 -6.64808E+13  7.75828E+13  9.50251E+13  7.47957E+14 -6.36295E+14  0.00000E+00  1.05138E+13 -5.00997E+10  0.00000E+00  1.64652E+10
 THETA9        1.17352E+11  7.68617E+11 -4.38186E+12  1.02291E+14 -3.08545E+15 -5.23280E+14  6.10666E+14  7.47957E+14  5.88728E+15 -5.01980E+15  0.00000E+00  8.29460E+13 -3.94558E+11  0.00000E+00  1.29573E+11
 SIGMA(1,1)   -1.00027E+11 -6.55012E+11  3.73485E+12 -8.72169E+13  2.62997E+15  4.45817E+14 -5.20459E+14 -6.36295E+14 -5.01980E+15  5.26120E+16  0.00000E+00 -8.79152E+14  1.24794E+12  0.00000E+00  3.70550E+09
 SIGMA(2,1)    0.00000E+00  0.00000E+00  0.00000E+00  0.00000E+00  0.00000E+00  0.00000E+00  0.00000E+00  0.00000E+00  0.00000E+00  0.00000E+00  0.00000E+00  0.00000E+00  0.00000E+00  0.00000E+00  0.00000E+00
 SIGMA(2,2)    1.65282E+09  1.08232E+10 -6.17135E+10  1.44115E+12 -4.34570E+13 -7.36651E+12  8.59991E+12  1.05138E+13  8.29460E+13 -8.79152E+14  0.00000E+00  1.47082E+13 -2.08047E+10  0.00000E+00 -8.41481E+07
 OMEGA(1,1)   -7.86416E+06 -5.15051E+07  2.93641E+08 -6.85536E+09  2.06767E+11  3.50628E+10 -4.09218E+10 -5.00997E+10 -3.94558E+11  1.24794E+12  0.00000E+00 -2.08047E+10  4.36363E+07  0.00000E+00 -6.53050E+06
 OMEGA(2,1)    0.00000E+00  0.00000E+00  0.00000E+00  0.00000E+00  0.00000E+00  0.00000E+00  0.00000E+00  0.00000E+00  0.00000E+00  0.00000E+00  0.00000E+00  0.00000E+00  0.00000E+00  0.00000E+00  0.00000E+00
 OMEGA(2,2)    2.58289E+06  1.69174E+07 -9.64438E+07  2.25132E+09 -6.79098E+10 -1.15177E+10  1.34407E+10  1.64652E+10  1.29573E+11  3.70550E+09  0.00000E+00 -8.41481E+07 -6.53050E+06  0.00000E+00  3.12220E+06
