TABLE NO.     1: First Order Conditional Estimation with Interaction: Problem=1 Subproblem=0 Superproblem1=0 Iteration1=0 Superproblem2=0 Iteration2=0
 NAME         THETA1       THETA2       THETA3       THETA4       THETA5       THETA6       THETA7       THETA8       THETA9       SIGMA(1,1)   SIGMA(2,1)   SIGMA(2,2)   OMEGA(1,1)   OMEGA(2,1)   OMEGA(2,2)
 THETA1        1.02152E+03  9.54740E-01  5.20276E-01  4.38445E-01  8.63116E-02 -8.76463E-01 -8.33747E-01 -7.65143E-01  1.74727E-01 -8.56624E-01  0.00000E+00  5.19627E-02  2.49160E-01  7.18379E-01  2.11856E-01
 THETA2        9.54740E-01  1.08050E+02  4.81832E-01  4.22858E-01 -1.43922E-01 -8.00484E-01 -7.66320E-01 -7.21628E-01  1.34661E-01 -7.84156E-01  0.00000E+00 -1.06806E-02  1.62643E-01  7.05990E-01  2.39391E-01
 THETA3        5.20276E-01  4.81832E-01  1.24625E+01  8.84329E-01  1.51409E-01 -7.65587E-01 -7.92145E-01 -8.42906E-01 -1.21980E-01 -7.55932E-01  0.00000E+00  2.27397E-01  1.97859E-01  1.63947E-01  1.25600E-01
 THETA4        4.38445E-01  4.22858E-01  8.84329E-01  4.09650E-01  9.91286E-02 -7.25036E-01 -7.63989E-01 -7.86150E-01 -1.59443E-01 -7.11429E-01  0.00000E+00  2.25750E-01  6.27217E-02  1.72866E-01 -5.29461E-03
 THETA5        8.63116E-02 -1.43922E-01  1.51409E-01  9.91286E-02  5.53457E-01 -2.46796E-01 -2.07058E-01 -1.33953E-01  2.25618E-01 -2.17622E-01  0.00000E+00  1.65362E-01  4.31437E-01 -1.54520E-01  1.07100E-01
 THETA6       -8.76463E-01 -8.00484E-01 -7.65587E-01 -7.25036E-01 -2.46796E-01  1.25910E-02  9.94491E-01  9.35109E-01  1.91085E-02  9.96266E-01  0.00000E+00 -3.50228E-01 -2.44007E-01 -5.15667E-01 -7.29595E-02
 THETA7       -8.33747E-01 -7.66320E-01 -7.92145E-01 -7.63989E-01 -2.07058E-01  9.94491E-01  1.49773E+03  9.42074E-01  6.75275E-02  9.96876E-01  0.00000E+00 -4.10427E-01 -2.00625E-01 -4.84478E-01 -3.86515E-02
 THETA8       -7.65143E-01 -7.21628E-01 -8.42906E-01 -7.86150E-01 -1.33953E-01  9.35109E-01  9.42074E-01  3.74563E-02  2.68315E-01  9.32915E-01  0.00000E+00 -2.13805E-01 -2.33896E-01 -4.00165E-01 -9.43031E-02
 THETA9        1.74727E-01  1.34661E-01 -1.21980E-01 -1.59443E-01  2.25618E-01  1.91085E-02  6.75275E-02  2.68315E-01  2.66889E-02  5.84441E-02  0.00000E+00 -3.38977E-02  9.08845E-02  2.05014E-01  1.85811E-01
 SIGMA(1,1)   -8.56624E-01 -7.84156E-01 -7.55932E-01 -7.11429E-01 -2.17622E-01  9.96266E-01  9.96876E-01  9.32915E-01  5.84441E-02  4.05070E-05  0.00000E+00 -4.11465E-01 -2.17344E-01 -5.04638E-01 -3.94286E-02
 SIGMA(2,1)    0.00000E+00  0.00000E+00  0.00000E+00  0.00000E+00  0.00000E+00  0.00000E+00  0.00000E+00  0.00000E+00  0.00000E+00  0.00000E+00  0.00000E+00  0.00000E+00  0.00000E+00  0.00000E+00  0.00000E+00
 SIGMA(2,2)    5.19627E-02 -1.06806E-02  2.27397E-01  2.25750E-01  1.65362E-01 -3.50228E-01 -4.10427E-01 -2.13805E-01 -3.38977E-02 -4.11465E-01  0.00000E+00  1.73442E-02 -1.84974E-01  2.87974E-02 -1.89275E-01
 OMEGA(1,1)    2.49160E-01  1.62643E-01  1.97859E-01  6.27217E-02  4.31437E-01 -2.44007E-01 -2.00625E-01 -2.33896E-01  9.08845E-02 -2.17344E-01  0.00000E+00 -1.84974E-01  8.15392E-02  2.82415E-02  1.69140E-01
 OMEGA(2,1)    7.18379E-01  7.05990E-01  1.63947E-01  1.72866E-01 -1.54520E-01 -5.15667E-01 -4.84478E-01 -4.00165E-01  2.05014E-01 -5.04638E-01  0.00000E+00  2.87974E-02  2.82415E-02  5.52561E-02  4.59073E-02
 OMEGA(2,2)    2.11856E-01  2.39391E-01  1.25600E-01 -5.29461E-03  1.07100E-01 -7.29595E-02 -3.86515E-02 -9.43031E-02  1.85811E-01 -3.94286E-02  0.00000E+00 -1.89275E-01  1.69140E-01  4.59073E-02  3.50411E-02
