TABLE NO.     1: First Order Conditional Estimation with Interaction: Problem=1 Subproblem=0 Superproblem1=0 Iteration1=0 Superproblem2=0 Iteration2=0
 NAME         THETA1       THETA2       THETA3       THETA4       THETA5       THETA6       THETA7       THETA8       THETA9       SIGMA(1,1)   SIGMA(2,1)   SIGMA(2,2)   OMEGA(1,1)   OMEGA(2,1)   OMEGA(2,2)
 THETA1        1.04349E+06  1.05379E+05  6.62344E+03  1.83474E+02  4.87976E+01 -1.12730E+01 -1.27560E+06 -2.92760E+01  4.76360E+00 -3.54459E-02  0.00000E+00  9.20643E-01  2.07534E+01  4.05489E+01  7.58338E+00
 THETA2        1.05379E+05  1.16748E+04  6.48821E+02  1.87169E+01 -8.60669E+00 -1.08903E+00 -1.24013E+05 -2.92054E+00  3.88326E-01 -3.43208E-03  0.00000E+00 -2.00159E-02  1.43294E+00  4.21506E+00  9.06378E-01
 THETA3        6.62344E+03  6.48821E+02  1.55313E+02  4.51473E+00  1.04434E+00 -1.20132E-01 -1.47857E+04 -3.93467E-01 -4.05717E-02 -3.81608E-04  0.00000E+00  4.91523E-02  2.01060E-01  1.12898E-01  5.48493E-02
 THETA4        1.83474E+02  1.87169E+01  4.51473E+00  1.67813E-01  2.24748E-02 -3.73968E-03 -4.68742E+02 -1.20627E-02 -1.74321E-03 -1.18053E-05  0.00000E+00  1.60397E-03  2.09506E-03  3.91294E-03 -7.60020E-05
 THETA5        4.87976E+01 -8.60669E+00  1.04434E+00  2.24748E-02  3.06315E-01 -1.71982E-03 -1.71637E+02 -2.77691E-03  3.33264E-03 -4.87884E-06  0.00000E+00  1.58735E-03  1.94701E-02 -4.72550E-03  2.07706E-03
 THETA6       -1.12730E+01 -1.08903E+00 -1.20132E-01 -3.73968E-03 -1.71982E-03  1.58534E-04  1.87541E+01  4.41009E-04  6.42124E-06  5.08121E-07  0.00000E+00 -7.64832E-05 -2.50513E-04 -3.58766E-04 -3.21899E-05
 THETA7       -1.27560E+06 -1.24013E+05 -1.47857E+04 -4.68742E+02 -1.71637E+02  1.87541E+01  2.24320E+06  5.28498E+01  2.69926E+00  6.04791E-02  0.00000E+00 -1.06616E+01 -2.45011E+01 -4.00948E+01 -2.02851E+00
 THETA8       -2.92760E+01 -2.92054E+00 -3.93467E-01 -1.20627E-02 -2.77691E-03  4.41009E-04  5.28498E+01  1.40297E-03  2.68225E-04  1.41546E-06  0.00000E+00 -1.38898E-04 -7.14355E-04 -8.28217E-04 -1.23774E-04
 THETA9        4.76360E+00  3.88326E-01 -4.05717E-02 -1.74321E-03  3.33264E-03  6.42124E-06  2.69926E+00  2.68225E-04  7.12296E-04  6.31831E-08  0.00000E+00 -1.56911E-05  1.97782E-04  3.02338E-04  1.73772E-04
 SIGMA(1,1)   -3.54459E-02 -3.43208E-03 -3.81608E-04 -1.18053E-05 -4.87884E-06  5.08121E-07  6.04791E-02  1.41546E-06  6.31831E-08  1.64082E-09  0.00000E+00 -2.89080E-07 -7.17867E-07 -1.12951E-06 -5.59655E-08
 SIGMA(2,1)    0.00000E+00  0.00000E+00  0.00000E+00  0.00000E+00  0.00000E+00  0.00000E+00  0.00000E+00  0.00000E+00  0.00000E+00  0.00000E+00  0.00000E+00  0.00000E+00  0.00000E+00  0.00000E+00  0.00000E+00
 SIGMA(2,2)    9.20643E-01 -2.00159E-02  4.91523E-02  1.60397E-03  1.58735E-03 -7.64832E-05 -1.06616E+01 -1.38898E-04 -1.56911E-05 -2.89080E-07  0.00000E+00  3.00821E-04 -2.61596E-04  2.75986E-05 -1.15034E-04
 OMEGA(1,1)    2.07534E+01  1.43294E+00  2.01060E-01  2.09506E-03  1.94701E-02 -2.50513E-04 -2.45011E+01 -7.14355E-04  1.97782E-04 -7.17867E-07  0.00000E+00 -2.61596E-04  6.64864E-03  1.27243E-04  4.83270E-04
 OMEGA(2,1)    4.05489E+01  4.21506E+00  1.12898E-01  3.91294E-03 -4.72550E-03 -3.58766E-04 -4.00948E+01 -8.28217E-04  3.02338E-04 -1.12951E-06  0.00000E+00  2.75986E-05  1.27243E-04  3.05324E-03  8.88872E-05
 OMEGA(2,2)    7.58338E+00  9.06378E-01  5.48493E-02 -7.60020E-05  2.07706E-03 -3.21899E-05 -2.02851E+00 -1.23774E-04  1.73772E-04 -5.59655E-08  0.00000E+00 -1.15034E-04  4.83270E-04  8.88872E-05  1.22788E-03
