dmp.txt <- structure(
	.Data = list(
		"coefficients" = list(
			"fixed" = c("GAMMA" = 1.99244928620272, "CMultStdev" = 0.514687831238708, "tvVmax" = 2682.31946103581, "tvKm" = 535.810511441255, "tvV" = 48.4614449948949, "tvKa" = 1.22107146754612, "dVdWT" = 0.970404575738943, "CEps" = 0.497661562967072)
			, "random" = list("Subject" = matrix(
				as.numeric(c(
					 0.286519332939285,  -0.159330177850692,  0.0499676579041569
					,  -0.0625043991148966,  0.298465230882377,  -0.554899977141239
					,  -0.236375816336359,  0.066171731264461,  0.160343165463997
					,  0.18035000516402,  0.0169489128569728,  0.078873264177742
					,  0.286834423543875,  -0.119135921101987,  0.0260413673044236
					,  -0.234673911191118,  -0.0885219633759852,  -0.0194898392588571
					,  0.0790709130636215,  0.206887829150455,  0.0536970095638322
					,  0.470360739811151,  0.110559413098196,  -0.241861280579387
					,  -0.0192985793172743,  0.172804658437275,  0.224060835925009
					,  -0.393475377497299,  0.0380497133642375,  -0.0194840650552515
					,  0.0281072436635057,  -0.407463153183284,  0.445712780010514
					,  -0.0970478678017711,  0.293450667822384,  0.188168841974323
					,  0.172349755288944,  -0.350368473788909,  -0.129333753239885
					,  0.0450420002483783,  0.0859139033431682,  -0.306090728628755
					,  -0.110717507742977,  -0.0435235430295414,  -0.201419283761468
					,  0.151813218638358,  -0.00331144662668933,  0.0313416375404957
					,  -0.105214776644625,  -0.156748820184132,  -0.117894046419154
					,  0.312058878775829,  -0.118782880447788,  0.0289213117349423
					,  0.245879961377604,  -0.0569237924345429,  -0.254366346643739
					,  -0.199277114295518,  -0.423371176216767,  0.0439149318051417
					,  0.122921851215523,  0.787856623284964,  -0.0649431599070286
					,  -0.275402932937844,  0.301048884065848,  -0.221112197903875
					,  -0.234527463680198,  -0.23889719455261,  0.417673028302328
					,  -0.807250638184806,  0.429735135292165,  -0.467787575916296
					,  -0.310656202842311,  0.80312519318875,  -0.112495759812628
					,  0.303894321231417,  0.484498302436272,  0.339564895567508
					,  0.326800129951369,  0.36767521884173,  0.745707562862038
					,  -0.467005431219602,  0.043209802182519,  -0.433899850449543
					,  -0.0186754799196129,  -0.0960606419164073,  -0.156510528369784
					,  -0.264444020040002,  -0.0893188353896346,  0.0443550692718951
					,  0.107440924349067,  0.0907882283542034,  -0.848352918027125
					,  0.280872990335962,  -0.0978622666061688,  0.143300440161268
					,  0.28848038818524,  -0.814595988736274,  0.0197696643010745
					,  -0.351250324327028,  0.343924725052252,  -0.162069708564896
					,  0.462756650178971,  0.365141195065118,  -0.000277943031270493
					,  0.022105729284813,  0.136405968405501,  0.528200078321084
					,  -0.393027402297272,  -0.0883957205307248,  -0.999338762140702
					,  0.782985223270433,  -0.357063549095192,  -0.127657326508
					,  -0.260333113019252,  -0.421067748077939,  0.140288810176482
					,  -0.384245039439578,  -0.27123854279732,  -0.0430907651483344
					,  -1.08018226521287,  0.604764918649197,  0.173491395230182
					,  0.384849214261277,  -0.475448991777659,  -0.959666529441614
					,  -0.629408526583865,  0.0340584231660904,  -0.318455307779413
					,  0.267589923658129,  -0.262639203464494,  0.183310388536598
					,  0.226516097679474,  0.416206099811465,  -0.218443020266685
					,  0.813057942223777,  0.145407150791264,  0.122136277598098
					,  0.220514607580933,  0.00203574418027509,  -0.0565018814692831
					,  -0.609128849328784,  -0.0405932458182586,  1.25441396636948
					,  0.450275812322664,  0.179050527422568,  -0.0225566797978804
					,  -0.160255797614187,  0.105066741123021,  -0.116657391501816
					,  0.118569769886182,  0.289380692418728,  0.0553925702780676
					,  0.0817372727016736,  -0.0278895868003529,  0.0083404697256912
					,  -0.282686178984089,  -0.213156938890389,  -0.317844728073833
					,  0.150235926608019,  -0.0641339719765879,  0.0767333503661739
					,  0.347977087861912,  -0.287884495260768,  0.0535527110146326
					,  -0.0443378087217175,  -0.101303763893288,  0.0283795105844139
					,  -0.253319855152879,  -0.0849765454844313,  -0.833269917283718
					,  -0.413287332794998,  -0.547577077640596,  -0.277941708526419
					,  -0.0852452999440055,  -0.349171824289713,  0.722894233402183
					,  -0.289389447988505,  0.702563682387326,  0.407313961639511
					))
				, nrow = 60, ncol = 3
				, dimnames = list(
					as.character(c( "1", "2", "3", "4", "5", "6", "7", "8", "9", "10"
					  , "11", "12", "13", "14", "15", "16", "17", "18", "19", "20"
					  , "21", "22", "23", "24", "25", "26", "27", "28", "29", "30"
					  , "31", "32", "33", "34", "35", "36", "37", "38", "39", "40"
					  , "41", "42", "43", "44", "45", "46", "47", "48", "49", "50"
					  , "51", "52", "53", "54", "55", "56", "57", "58", "59", "60"))
					, as.character(c("nVmax", "nKm", "nV"))
					)
				))
			)
		, "logLik" = c(-3487.64)
		, "nObs" = c(480)
		, "nSubj" = c(60)
		, "nParm" = c(11)
		, "returnCode" = c(1)
		, "omega" = matrix(
			as.numeric(c(0.0976372261495559, 0, 0, 0, 0.20803561382827, 0, 0, 0, 0.235380085224506))
			, nrow = 3, ncol = 3
			, dimnames = list(
				as.character(c("nVmax", "nKm", "nV"))
				, as.character(c("nVmax", "nKm", "nV"))
				)
			)
		, "eta" = matrix(
			as.numeric(c(-0.00587041137952029, -0.0108054666375576, -0.0132922950380682, 0.0455640591692885, 0.160361578870784, 0.167816737200477, 0.213457394271758, 0.400451718526446, 0.409654411913843, 0.316869796763454, 0.12202668252544, 0.155630031189183))
			, nrow = 3, ncol = 4
			, dimnames = list(
				as.character(c("nVmax", "nKm", "nV"))
				, as.character(c("mean", "var", "sd", "shrinkage"))
				)
			)
		, "eta_shrinkage" = list("Subject" = matrix(
			as.numeric(c(
				 0.250605310500593,  0.880230481028144,  0.531848915961336
				,  0.688137977756315,  0.514311019953764,  0.115772996538969
				,  0.194069488149505,  0.575657558402845,  0.626758976812311
				,  0.352912711607539,  0.710741430011985,  0.447036921531851
				,  0.41972368796209,  0.794002363065777,  0.542890059895782
				,  0.839329458699958,  0.750329888399837,  0.764481181482441
				,  0.773018253910456,  0.70095607680446,  0.808161363067633
				,  0.147596913759791,  0.562032862869504,  0.698164543305974
				,  0.744365818727689,  0.545295700727706,  0.536823014931016
				,  0.29264399416779,  0.533481107033976,  0.555147475461383
				,  0.715652938042046,  0.67858042767261,  0.242609480979799
				,  0.679982319810577,  0.336363365717102,  0.576469235342024
				,  0.498054862818247,  0.128949486632172,  0.483823088444525
				,  0.511427603690657,  0.615996670702062,  0.462668399085155
				,  0.812042812835949,  0.580202876088427,  0.467940841716729
				,  0.511428021216964,  0.596577919192282,  0.779059144508217
				,  0.23858541618362,  0.522090788128134,  0.135785747046997
				,  0.645190905643829,  0.168343882885753,  0.433415106868061
				,  0.482228894910968,  0.44931388713029,  0.785487407749313
				,  0.18517663068143,  0.713420911786826,  0.681492587513566
				,  0.232655494136602,  0.229701231675228,  0.217602796362828
				,  0.220736450294757,  0.232213141799686,  0.195309649843959
				,  0.207954763584907,  0.218507827111014,  0.225562612721387
				,  0.221432619778928,  0.21788785189031,  0.219419369479921
				,  0.239402449667643,  0.219669004558912,  0.2205677500649
				,  0.224554349924622,  0.222880588573877,  0.225614769324822
				,  0.230876063334535,  0.234267087129693,  0.230291053598369
				,  0.23715557650003,  0.22643765403634,  0.213092429161378
				,  0.219706805154194,  0.235124325605216,  0.226953957459263
				,  0.199478115912413,  0.221212127068198,  0.220358291424842
				,  0.229986136401016,  0.202324326621919,  0.241836449340146
				,  0.216617446493472,  0.239074173991336,  0.220735199990364
				,  0.23079079157949,  0.198012360813754,  0.210521741635754
				,  0.219993324720742,  0.228782758996594,  0.207580709592408
				,  0.233383750754669,  0.221446148394962,  0.211886971063958
				,  0.224712547386999,  0.214547193991467,  0.227421984721398
				,  0.210921786865911,  0.209161319742436,  0.198923710966979
				,  0.233014292573748,  0.206691767122456,  0.207256868006244
				,  0.234272015272662,  0.214593215722981,  0.215703469985784
				,  0.20273118093894,  0.210183893242036,  0.224016048500903
				,  0.234657108468788,  0.388471914889277,  0.306177885313761
				,  0.316557736897984,  0.288886680970692,  0.244462708253656
				,  0.265418373210406,  0.305176265157638,  0.299663202054111
				,  0.272397078123663,  0.299497702820432,  0.309566913584901
				,  0.265646531814054,  0.307687914123733,  0.291567383972505
				,  0.346064487089824,  0.333216327321984,  0.300871416924988
				,  0.296795982490225,  0.290828917904098,  0.304065842005239
				,  0.192503851590042,  0.299102935726556,  0.340801425438419
				,  0.311796375408144,  0.297676554281032,  0.271449661314554
				,  0.298906943863316,  0.304788338107739,  0.315136731309862
				,  0.302297672247472,  0.367832085163214,  0.223835342491303
				,  0.337948255916064,  0.25572334690093,  0.293105244011722
				,  0.283541929593886,  0.260628162159392,  0.318355603784713
				,  0.297585612594406,  0.31410046942985,  0.354872710819849
				,  0.322776519571833,  0.315456350676781,  0.329790995998935
				,  0.292198043320275,  0.310829250267697,  0.296179369391967
				,  0.257774031835158,  0.328073045144487,  0.254539003269728
				,  0.280732174353429,  0.252292244283883,  0.300288742952888
				,  0.287078936438334,  0.317967535711111,  0.345482688677034
				,  0.270595258903686,  0.378350312913965,  0.304380946755355
				))
			, nrow = 60, ncol = 3
			, dimnames = list(
				as.character(c( "1", "2", "3", "4", "5", "6", "7", "8", "9", "10"
				  , "11", "12", "13", "14", "15", "16", "17", "18", "19", "20"
				  , "21", "22", "23", "24", "25", "26", "27", "28", "29", "30"
				  , "31", "32", "33", "34", "35", "36", "37", "38", "39", "40"
				  , "41", "42", "43", "44", "45", "46", "47", "48", "49", "50"
				  , "51", "52", "53", "54", "55", "56", "57", "58", "59", "60"))
				, as.character(c("nVmax_shrinkage", "nKm_shrinkage", "nV_shrinkage"))
				)
			))
		, "sigma" = matrix(
			as.numeric(c(0.247667031254829))
			, nrow = 1, ncol = 1
			, dimnames = list(
				as.character(c("CEps"))
				, as.character(c("CEps"))
				)
			)
		, "method" = "FOCE-ELS"
		, "varFix" = matrix(
			as.numeric(c(0.0203298276573908, 0.000565062973029307, -20.437027520836, -11.0028778740715, 0.155408401866269, -0.00139032869347308, -0.0147933280533257, 0.111398777013555, 0.000565062973029307, 0.001254916793417, 1.04060424570919, -0.623851197246946, 0.107685868182811, -0.000265379042366516, -0.00214106060570552, 0.012193146121379, -20.437027520836, 1.04060424570919, 60898.1950899431, 12969.5706930711, -192.753442061011, -12.4640528479163, 15.5695163675084, -177.448924609521, -11.0028778740715, -0.623851197246946, 12969.5706930711, 7869.06967747236, -141.048548502629, -0.610084907454304, 7.63561700173176, -59.6429166191545, 0.155408401866269, 0.107685868182811, -192.753442061011, -141.048548502629, 23.6548393437304, 0.192153990295358, -0.302104898114848, 4.74480276484879, -0.00139032869347308, -0.000265379042366516, -12.4640528479163, -0.610084907454304, 0.192153990295358, 0.0206173455593696, 0.00175802732369818, 0.0816655116527737, -0.0147933280533257, -0.00214106060570552, 15.5695163675084, 7.63561700173176, -0.302104898114848, 0.00175802732369818, 0.164803886960078, -0.0162135632194725, 0.111398777013555, 0.012193146121379, -177.448924609521, -59.6429166191545, 4.74480276484879, 0.0816655116527737, -0.0162135632194725, 8.95226203725839))
			, nrow = 8, ncol = 8
			, dimnames = list(
				as.character(c("GAMMA", "CMultStdev", "tvVmax", "tvKm", "tvV", "tvKa", "dVdWT", "CEps"))
				, as.character(c("GAMMA", "CMultStdev", "tvVmax", "tvKm", "tvV", "tvKa", "dVdWT", "CEps"))
				)
			)
		, "omegaSE" = matrix(
			as.numeric(c(0.0517516825122626, 0, 0, 0, 0.0522487831184876, 0, 0, 0, 0.0620794325835906))
			, nrow = 3, ncol = 3, byrow = TRUE
			, dimnames = list(
				as.character(c("nVmax", "nKm", "nV"))
				, as.character(c("nVmax", "nKm", "nV"))
				)
			)
		, "Covariance" = matrix(
			as.numeric(c(0.020329828, 0.00056506297, -20.437028, -11.002878, 0.1554084, -0.0013903287, -0.014793328, 0.11139878, -0.002627572,         0, -0.001044739,         0,         0, 0.0043890578, 0.00056506297, 0.0012549168, 1.0406042, -0.6238512, 0.10768587, -0.00026537904, -0.0021410606, 0.012193146, 0.00021828167,         0, -7.2267579e-006,         0,         0, 0.0001643333, -20.437028, 1.0406042, 60898.195, 12969.571, -192.75344, -12.464053, 15.569516, -177.44892, 3.4252926,         0, 0.42764765,         0,         0, -1.420237, -11.002878, -0.6238512, 12969.571, 7869.0697, -141.04855, -0.61008491,  7.635617, -59.642917, 1.2659296,         0, 0.55415261,         0,         0, -2.3117078, 0.1554084, 0.10768587, -192.75344, -141.04855, 23.654839, 0.19215399, -0.3021049, 4.7448028, 0.0035831734,         0, -0.0082321348,         0,         0, 0.043712339, -0.0013903287, -0.00026537904, -12.464053, -0.61008491, 0.19215399, 0.020617346, 0.0017580273, 0.081665512, 0.00086601513,         0, -0.00043653871,         0,         0, -0.0014477904, -0.014793328, -0.0021410606, 15.569516,  7.635617, -0.3021049, 0.0017580273, 0.16480389, -0.016213563, 0.0014782194,         0, 0.0048136589,         0,         0, -0.0053894514, 0.11139878, 0.012193146, -177.44892, -59.642917, 4.7448028, 0.081665512, -0.016213563,  8.952262, -0.055784479,         0, -0.020565432,         0,         0, 0.030090287, -0.002627572, 0.00021828167, 3.4252926, 1.2659296, 0.0035831734, 0.00086601513, 0.0014782194, -0.055784479, 0.0026782366,         0, 1.7406921e-005,         0,         0, -0.0013444419,         0,         0,         0,         0,         0,         0,         0,         0,         0,         0,         0,         0,         0,         0, -0.001044739, -7.2267579e-006, 0.42764765, 0.55415261, -0.0082321348, -0.00043653871, 0.0048136589, -0.020565432, 1.7406921e-005,         0, 0.0027299353,         0,         0, -0.00046466399,         0,         0,         0,         0,         0,         0,         0,         0,         0,         0,         0,         0,         0,         0,         0,         0,         0,         0,         0,         0,         0,         0,         0,         0,         0,         0,         0,         0, 0.0043890578, 0.0001643333, -1.420237, -2.3117078, 0.043712339, -0.0014477904, -0.0053894514, 0.030090287, -0.0013444419,         0, -0.00046466399,         0,         0, 0.0038538559))
			, nrow = 14, ncol = 14
			, dimnames = list(
				as.character(c("GAMMA", "CMultStdev", "tvVmax", "tvKm", "tvV", "tvKa", "dVdWT", "stdev0", "nVmax-nVmax", "nKm-nVmax", "nKm-nKm", "nV-nVmax", "nV-nKm", "nV-nV"))
				, as.character(c("GAMMA", "CMultStdev", "tvVmax", "tvKm", "tvV", "tvKa", "dVdWT", "stdev0", "nVmax-nVmax", "nKm-nVmax", "nKm-nKm", "nV-nVmax", "nV-nKm", "nV-nV"))
				)
			)
		, "Correlation" = matrix(
			as.numeric(c(0.1425827, 0.11187229, -0.58082951, -0.86991686, 0.22410299, -0.067910083, -0.2555732, 0.26112424, -0.35609289,         0, -0.14023769,         0,         0, 0.4958573, 0.11187229, 0.035424805, 0.11903534, -0.19852347, 0.62501616, -0.052172636, -0.14888048, 0.11503816, 0.11906533,         0, -0.00390445,         0,         0, 0.074725764, -0.58082951, 0.11903534,  246.7756, 0.59246363, -0.16059793, -0.35175534, 0.15541366, -0.24032822, 0.26820755,         0, 0.033167115,         0,         0, -0.092706649, -0.86991686, -0.19852347, 0.59246363, 88.707777, -0.32692409, -0.04789743, 0.21203068, -0.22471434, 0.27575499,         0, 0.11956154,         0,         0, -0.41978171, 0.22410299, 0.62501616, -0.16059793, -0.32692409, 4.8636241, 0.27515223, -0.15300797, 0.32605568, 0.014235848,         0, -0.032394874,         0,         0, 0.14477591, -0.067910083, -0.052172636, -0.35175534, -0.04789743, 0.27515223, 0.14358741, 0.030159596, 0.19008853, 0.11654258,         0, -0.058187567,         0,         0, -0.16242077, -0.2555732, -0.14888048, 0.15541366, 0.21203068, -0.15300797, 0.030159596, 0.40596045, -0.013348374, 0.070360788,         0, 0.22694228,         0,         0, -0.21385189, 0.26112424, 0.11503816, -0.24032822, -0.22471434, 0.32605568, 0.19008853, -0.013348374, 2.9920331, -0.36026536,         0, -0.13155134,         0,         0, 0.16199895, -0.35609289, 0.11906533, 0.26820755, 0.27575499, 0.014235848, 0.11654258, 0.070360788, -0.36026536, 0.051751683,         0, 0.0064375604,         0,         0, -0.41847528,         0,         0,         0,         0,         0,         0,         0,         0,         0,         0,         0,         0,         0,         0, -0.14023769, -0.00390445, 0.033167115, 0.11956154, -0.032394874, -0.058187567, 0.22694228, -0.13155134, 0.0064375604,         0, 0.052248783,         0,         0, -0.14325675,         0,         0,         0,         0,         0,         0,         0,         0,         0,         0,         0,         0,         0,         0,         0,         0,         0,         0,         0,         0,         0,         0,         0,         0,         0,         0,         0,         0, 0.4958573, 0.074725764, -0.092706649, -0.41978171, 0.14477591, -0.16242077, -0.21385189, 0.16199895, -0.41847528,         0, -0.14325675,         0,         0, 0.062079433))
			, nrow = 14, ncol = 14
			, dimnames = list(
				as.character(c("GAMMA", "CMultStdev", "tvVmax", "tvKm", "tvV", "tvKa", "dVdWT", "stdev0", "nVmax-nVmax", "nKm-nVmax", "nKm-nKm", "nV-nVmax", "nV-nKm", "nV-nV"))
				, as.character(c("GAMMA", "CMultStdev", "tvVmax", "tvKm", "tvV", "tvKa", "dVdWT", "stdev0", "nVmax-nVmax", "nKm-nVmax", "nKm-nKm", "nV-nVmax", "nV-nKm", "nV-nV"))
				)
			)
		, "Inverse" = matrix(
			as.numeric(c(268.20826, 15.539176, 0.029173142, 0.29681494, 0.26562707,  39.45416, 4.3597215, -0.93374049, 4.6832885,         0, 15.128835,         0,         0, -88.670546, 15.539176, 1590.7559, -0.057125869, 0.13854238, -7.5161611, 68.448001, 10.340639, -0.051991668, -91.885623,         0, -27.370895,         0,         0, 67.000361, 0.029173142, -0.057125869, 4.0163901e-005, -3.273467e-005, 6.6279427e-005, 0.022652219, -0.0019044814, 3.2819067e-005, -0.027983919,         0, 0.012323752,         0,         0, -0.039060934, 0.29681494, 0.13854238, -3.273467e-005, 0.00061934598, 0.00094111694, 0.016805683, 0.0055678256, -0.0011100093, 0.011177665,         0, -0.014294931,         0,         0, 0.029772002, 0.26562707, -7.5161611, 6.6279427e-005, 0.00094111694, 0.095573699, -0.82151983, 0.050446645, -0.030408533, -0.53491334,         0, -0.39871157,         0,         0, -0.71244519,  39.45416, 68.448001, 0.022652219, 0.016805683, -0.82151983, 77.918891, -1.0055448, -0.49784675, -37.519235,         0, 16.661353,         0,         0, 0.56768269, 4.3597215, 10.340639, -0.0019044814, 0.0055678256, 0.050446645, -1.0055448, 7.1364277, -0.1195252, 0.061421899,         0, -11.639644,         0,         0, 5.8131556, -0.93374049, -0.051991668, 3.2819067e-005, -0.0011100093, -0.030408533, -0.49784675, -0.1195252, 0.15926654, 3.3901954,         0, 1.1623705,         0,         0, 0.4819355, 4.6832885, -91.885623, -0.027983919, 0.011177665, -0.53491334, -37.519235, 0.061421899, 3.3901954, 584.47955,         0, 46.707439,         0,         0, 170.09556,         0,         0,         0,         0,         0,         0,         0,         0,         0,         0,         0,         0,         0,         0, 15.128835, -27.370895, 0.012323752, -0.014294931, -0.39871157, 16.661353, -11.639644, 1.1623705, 46.707439,         0, 408.70252,         0,         0, 30.904566,         0,         0,         0,         0,         0,         0,         0,         0,         0,         0,         0,         0,         0,         0,         0,         0,         0,         0,         0,         0,         0,         0,         0,         0,         0,         0,         0,         0, -88.670546, 67.000361, -0.039060934, 0.029772002, -0.71244519, 0.56768269, 5.8131556, 0.4819355, 170.09556,         0, 30.904566,         0,         0,  436.7975))
			, nrow = 14, ncol = 14
			, dimnames = list(
				as.character(c("GAMMA", "CMultStdev", "tvVmax", "tvKm", "tvV", "tvKa", "dVdWT", "stdev0", "nVmax-nVmax", "nKm-nVmax", "nKm-nKm", "nV-nVmax", "nV-nKm", "nV-nV"))
				, as.character(c("GAMMA", "CMultStdev", "tvVmax", "tvKm", "tvV", "tvKa", "dVdWT", "stdev0", "nVmax-nVmax", "nKm-nVmax", "nKm-nKm", "nV-nVmax", "nV-nKm", "nV-nV"))
				)
			)
		, "LLTable" = data.frame(
			id = as.character(c( "1", "2", "3", "4", "5", "6", "7", "8", "9", "10", "11", "12", "13", "14", "15", "16", "17", "18", "19", "20", "21", "22", "23", "24", "25", "26", "27", "28", "29", "30", "31", "32", "33", "34", "35", "36", "37", "38", "39", "40", "41", "42", "43", "44", "45", "46", "47", "48", "49", "50", "51", "52", "53", "54", "55", "56", "57", "58", "59", "60"))
			, "LL" = c(-50.741691, -57.983292, -57.813619, -60.757926, -53.180949, -60.510275, -57.20949, -57.545147, -52.969265, -62.681015, -52.928303, -60.218124, -58.842705, -58.006856, -56.133953, -61.796606, -59.276212, -54.812388, -56.634206, -55.151812, -55.380482, -52.897334, -55.519793, -74.245694, -60.235516, -57.155857, -55.512985, -64.025952, -57.542932, -55.796712, -55.923157, -61.15878, -57.473067, -56.807764, -55.266429, -57.750287, -53.438386, -66.287487, -54.477915, -59.640516, -54.654091, -63.394364, -57.509923, -54.519121, -59.779537, -57.198958, -55.433846, -55.148356, -60.681449, -57.66525, -61.85009, -51.875166, -60.684358, -58.530696, -56.411247, -58.430555, -63.744701, -60.019935, -66.42958, -61.945715)
			) # end of LLTable
		, "residuals" = data.frame(
			  ID1 = as.character(c(  "",   "",   "",   "",   "",   "",   "",   "",   "",   "",   "",   "",   "",   "",   "",   "",   "",   "",   "",   "",   "",   "",   "",   "",   "",   "",   "",   "",   "",   "",   "",   "",   "",   "",   "",   "",   "",   "",   "",   "",   "",   "",   "",   "",   "",   "",   "",   "",   "",   "",   "",   "",   "",   "",   "",   "",   "",   "",   "",   "",   "",   "",   "",   "",   "",   "",   "",   "",   "",   "",   "",   "",   "",   "",   "",   "",   "",   "",   "",   "",   "",   "",   "",   "",   "",   "",   "",   "",   "",   "",   "",   "",   "",   "",   "",   "",   "",   "",   "",   "",   "",   "",   "",   "",   "",   "",   "",   "",   "",   "",   "",   "",   "",   "",   "",   "",   "",   "",   "",   "",   "",   "",   "",   "",   "",   "",   "",   "",   "",   "",   "",   "",   "",   "",   "",   "",   "",   "",   "",   "",   "",   "",   "",   "",   "",   "",   "",   "",   "",   "",   "",   "",   "",   "",   "",   "",   "",   "",   "",   "",   "",   "",   "",   "",   "",   "",   "",   "",   "",   "",   "",   "",   "",   "",   "",   "",   "",   "",   "",   "",   "",   "",   "",   "",   "",   "",   "",   "",   "",   "",   "",   "",   "",   "",   "",   "",   "",   "",   "",   "",   "",   "",   "",   "",   "",   "",   "",   "",   "",   "",   "",   "",   "",   "",   "",   "",   "",   "",   "",   "",   "",   "",   "",   "",   "",   "",   "",   "",   "",   "",   "",   "",   "",   "",   "",   "",   "",   "",   "",   "",   "",   "",   "",   "",   "",   "",   "",   "",   "",   "",   "",   "",   "",   "",   "",   "",   "",   "",   "",   "",   "",   "",   "",   "",   "",   "",   "",   "",   "",   "",   "",   "",   "",   "",   "",   "",   "",   "",   "",   "",   "",   "",   "",   "",   "",   "",   "",   "",   "",   "",   "",   "",   "",   "",   "",   "",   "",   "",   "",   "",   "",   "",   "",   "",   "",   "",   "",   "",   "",   "",   "",   "",   "",   "",   "",   "",   "",   "",   "",   "",   "",   "",   "",   "",   "",   "",   "",   "",   "",   "",   "",   "",   "",   "",   "",   "",   "",   "",   "",   "",   "",   "",   "",   "",   "",   "",   "",   "",   "",   "",   "",   "",   "",   "",   "",   "",   "",   "",   "",   "",   "",   "",   "",   "",   "",   "",   "",   "",   "",   "",   "",   "",   "",   "",   "",   "",   "",   "",   "",   "",   "",   "",   "",   "",   "",   "",   "",   "",   "",   "",   "",   "",   "",   "",   "",   "",   "",   "",   "",   "",   "",   "",   "",   "",   "",   "",   "",   "",   "",   "",   "",   "",   "",   "",   "",   "",   "",   "",   "",   "",   "",   "",   "",   "",   "",   "",   "",   "",   "",   "",   "",   "",   "",   "",   "",   "",   "",   "",   "",   "",   "",   "",   "",   "",   "",   "",   "",   "",   "",   "",   "",   "",   "",   "",   "",   "",   "",   "",   "",   "",   "",   "",   "",   "",   "",   "",   "",   "",   "",   "",   "",   "",   "",   "",   "",   "",   "",   "",   "",   ""))
			, ID2 = as.character(c(  "",   "",   "",   "",   "",   "",   "",   "",   "",   "",   "",   "",   "",   "",   "",   "",   "",   "",   "",   "",   "",   "",   "",   "",   "",   "",   "",   "",   "",   "",   "",   "",   "",   "",   "",   "",   "",   "",   "",   "",   "",   "",   "",   "",   "",   "",   "",   "",   "",   "",   "",   "",   "",   "",   "",   "",   "",   "",   "",   "",   "",   "",   "",   "",   "",   "",   "",   "",   "",   "",   "",   "",   "",   "",   "",   "",   "",   "",   "",   "",   "",   "",   "",   "",   "",   "",   "",   "",   "",   "",   "",   "",   "",   "",   "",   "",   "",   "",   "",   "",   "",   "",   "",   "",   "",   "",   "",   "",   "",   "",   "",   "",   "",   "",   "",   "",   "",   "",   "",   "",   "",   "",   "",   "",   "",   "",   "",   "",   "",   "",   "",   "",   "",   "",   "",   "",   "",   "",   "",   "",   "",   "",   "",   "",   "",   "",   "",   "",   "",   "",   "",   "",   "",   "",   "",   "",   "",   "",   "",   "",   "",   "",   "",   "",   "",   "",   "",   "",   "",   "",   "",   "",   "",   "",   "",   "",   "",   "",   "",   "",   "",   "",   "",   "",   "",   "",   "",   "",   "",   "",   "",   "",   "",   "",   "",   "",   "",   "",   "",   "",   "",   "",   "",   "",   "",   "",   "",   "",   "",   "",   "",   "",   "",   "",   "",   "",   "",   "",   "",   "",   "",   "",   "",   "",   "",   "",   "",   "",   "",   "",   "",   "",   "",   "",   "",   "",   "",   "",   "",   "",   "",   "",   "",   "",   "",   "",   "",   "",   "",   "",   "",   "",   "",   "",   "",   "",   "",   "",   "",   "",   "",   "",   "",   "",   "",   "",   "",   "",   "",   "",   "",   "",   "",   "",   "",   "",   "",   "",   "",   "",   "",   "",   "",   "",   "",   "",   "",   "",   "",   "",   "",   "",   "",   "",   "",   "",   "",   "",   "",   "",   "",   "",   "",   "",   "",   "",   "",   "",   "",   "",   "",   "",   "",   "",   "",   "",   "",   "",   "",   "",   "",   "",   "",   "",   "",   "",   "",   "",   "",   "",   "",   "",   "",   "",   "",   "",   "",   "",   "",   "",   "",   "",   "",   "",   "",   "",   "",   "",   "",   "",   "",   "",   "",   "",   "",   "",   "",   "",   "",   "",   "",   "",   "",   "",   "",   "",   "",   "",   "",   "",   "",   "",   "",   "",   "",   "",   "",   "",   "",   "",   "",   "",   "",   "",   "",   "",   "",   "",   "",   "",   "",   "",   "",   "",   "",   "",   "",   "",   "",   "",   "",   "",   "",   "",   "",   "",   "",   "",   "",   "",   "",   "",   "",   "",   "",   "",   "",   "",   "",   "",   "",   "",   "",   "",   "",   "",   "",   "",   "",   "",   "",   "",   "",   "",   "",   "",   "",   "",   "",   "",   "",   "",   "",   "",   "",   "",   "",   "",   "",   "",   "",   "",   "",   "",   "",   "",   "",   "",   "",   "",   "",   "",   "",   "",   "",   "",   "",   "",   "",   "",   "",   "",   "",   "",   "",   "",   "",   "",   "",   ""))
			, ID3 = as.character(c(  "",   "",   "",   "",   "",   "",   "",   "",   "",   "",   "",   "",   "",   "",   "",   "",   "",   "",   "",   "",   "",   "",   "",   "",   "",   "",   "",   "",   "",   "",   "",   "",   "",   "",   "",   "",   "",   "",   "",   "",   "",   "",   "",   "",   "",   "",   "",   "",   "",   "",   "",   "",   "",   "",   "",   "",   "",   "",   "",   "",   "",   "",   "",   "",   "",   "",   "",   "",   "",   "",   "",   "",   "",   "",   "",   "",   "",   "",   "",   "",   "",   "",   "",   "",   "",   "",   "",   "",   "",   "",   "",   "",   "",   "",   "",   "",   "",   "",   "",   "",   "",   "",   "",   "",   "",   "",   "",   "",   "",   "",   "",   "",   "",   "",   "",   "",   "",   "",   "",   "",   "",   "",   "",   "",   "",   "",   "",   "",   "",   "",   "",   "",   "",   "",   "",   "",   "",   "",   "",   "",   "",   "",   "",   "",   "",   "",   "",   "",   "",   "",   "",   "",   "",   "",   "",   "",   "",   "",   "",   "",   "",   "",   "",   "",   "",   "",   "",   "",   "",   "",   "",   "",   "",   "",   "",   "",   "",   "",   "",   "",   "",   "",   "",   "",   "",   "",   "",   "",   "",   "",   "",   "",   "",   "",   "",   "",   "",   "",   "",   "",   "",   "",   "",   "",   "",   "",   "",   "",   "",   "",   "",   "",   "",   "",   "",   "",   "",   "",   "",   "",   "",   "",   "",   "",   "",   "",   "",   "",   "",   "",   "",   "",   "",   "",   "",   "",   "",   "",   "",   "",   "",   "",   "",   "",   "",   "",   "",   "",   "",   "",   "",   "",   "",   "",   "",   "",   "",   "",   "",   "",   "",   "",   "",   "",   "",   "",   "",   "",   "",   "",   "",   "",   "",   "",   "",   "",   "",   "",   "",   "",   "",   "",   "",   "",   "",   "",   "",   "",   "",   "",   "",   "",   "",   "",   "",   "",   "",   "",   "",   "",   "",   "",   "",   "",   "",   "",   "",   "",   "",   "",   "",   "",   "",   "",   "",   "",   "",   "",   "",   "",   "",   "",   "",   "",   "",   "",   "",   "",   "",   "",   "",   "",   "",   "",   "",   "",   "",   "",   "",   "",   "",   "",   "",   "",   "",   "",   "",   "",   "",   "",   "",   "",   "",   "",   "",   "",   "",   "",   "",   "",   "",   "",   "",   "",   "",   "",   "",   "",   "",   "",   "",   "",   "",   "",   "",   "",   "",   "",   "",   "",   "",   "",   "",   "",   "",   "",   "",   "",   "",   "",   "",   "",   "",   "",   "",   "",   "",   "",   "",   "",   "",   "",   "",   "",   "",   "",   "",   "",   "",   "",   "",   "",   "",   "",   "",   "",   "",   "",   "",   "",   "",   "",   "",   "",   "",   "",   "",   "",   "",   "",   "",   "",   "",   "",   "",   "",   "",   "",   "",   "",   "",   "",   "",   "",   "",   "",   "",   "",   "",   "",   "",   "",   "",   "",   "",   "",   "",   "",   "",   "",   "",   "",   "",   "",   "",   "",   "",   "",   "",   "",   "",   "",   "",   "",   "",   "",   "",   "",   "",   ""))
			, ID4 = as.character(c(  "",   "",   "",   "",   "",   "",   "",   "",   "",   "",   "",   "",   "",   "",   "",   "",   "",   "",   "",   "",   "",   "",   "",   "",   "",   "",   "",   "",   "",   "",   "",   "",   "",   "",   "",   "",   "",   "",   "",   "",   "",   "",   "",   "",   "",   "",   "",   "",   "",   "",   "",   "",   "",   "",   "",   "",   "",   "",   "",   "",   "",   "",   "",   "",   "",   "",   "",   "",   "",   "",   "",   "",   "",   "",   "",   "",   "",   "",   "",   "",   "",   "",   "",   "",   "",   "",   "",   "",   "",   "",   "",   "",   "",   "",   "",   "",   "",   "",   "",   "",   "",   "",   "",   "",   "",   "",   "",   "",   "",   "",   "",   "",   "",   "",   "",   "",   "",   "",   "",   "",   "",   "",   "",   "",   "",   "",   "",   "",   "",   "",   "",   "",   "",   "",   "",   "",   "",   "",   "",   "",   "",   "",   "",   "",   "",   "",   "",   "",   "",   "",   "",   "",   "",   "",   "",   "",   "",   "",   "",   "",   "",   "",   "",   "",   "",   "",   "",   "",   "",   "",   "",   "",   "",   "",   "",   "",   "",   "",   "",   "",   "",   "",   "",   "",   "",   "",   "",   "",   "",   "",   "",   "",   "",   "",   "",   "",   "",   "",   "",   "",   "",   "",   "",   "",   "",   "",   "",   "",   "",   "",   "",   "",   "",   "",   "",   "",   "",   "",   "",   "",   "",   "",   "",   "",   "",   "",   "",   "",   "",   "",   "",   "",   "",   "",   "",   "",   "",   "",   "",   "",   "",   "",   "",   "",   "",   "",   "",   "",   "",   "",   "",   "",   "",   "",   "",   "",   "",   "",   "",   "",   "",   "",   "",   "",   "",   "",   "",   "",   "",   "",   "",   "",   "",   "",   "",   "",   "",   "",   "",   "",   "",   "",   "",   "",   "",   "",   "",   "",   "",   "",   "",   "",   "",   "",   "",   "",   "",   "",   "",   "",   "",   "",   "",   "",   "",   "",   "",   "",   "",   "",   "",   "",   "",   "",   "",   "",   "",   "",   "",   "",   "",   "",   "",   "",   "",   "",   "",   "",   "",   "",   "",   "",   "",   "",   "",   "",   "",   "",   "",   "",   "",   "",   "",   "",   "",   "",   "",   "",   "",   "",   "",   "",   "",   "",   "",   "",   "",   "",   "",   "",   "",   "",   "",   "",   "",   "",   "",   "",   "",   "",   "",   "",   "",   "",   "",   "",   "",   "",   "",   "",   "",   "",   "",   "",   "",   "",   "",   "",   "",   "",   "",   "",   "",   "",   "",   "",   "",   "",   "",   "",   "",   "",   "",   "",   "",   "",   "",   "",   "",   "",   "",   "",   "",   "",   "",   "",   "",   "",   "",   "",   "",   "",   "",   "",   "",   "",   "",   "",   "",   "",   "",   "",   "",   "",   "",   "",   "",   "",   "",   "",   "",   "",   "",   "",   "",   "",   "",   "",   "",   "",   "",   "",   "",   "",   "",   "",   "",   "",   "",   "",   "",   "",   "",   "",   "",   "",   "",   "",   "",   "",   "",   "",   "",   "",   "",   "",   "",   "",   "",   ""))
			, ID5 = as.character(c( "1",  "1",  "1",  "1",  "1",  "1",  "1",  "1",  "2",  "2",  "2",  "2",  "2",  "2",  "2",  "2",  "3",  "3",  "3",  "3",  "3",  "3",  "3",  "3",  "4",  "4",  "4",  "4",  "4",  "4",  "4",  "4",  "5",  "5",  "5",  "5",  "5",  "5",  "5",  "5",  "6",  "6",  "6",  "6",  "6",  "6",  "6",  "6",  "7",  "7",  "7",  "7",  "7",  "7",  "7",  "7",  "8",  "8",  "8",  "8",  "8",  "8",  "8",  "8",  "9",  "9",  "9",  "9",  "9",  "9",  "9",  "9", "10", "10", "10", "10", "10", "10", "10", "10", "11", "11", "11", "11", "11", "11", "11", "11", "12", "12", "12", "12", "12", "12", "12", "12", "13", "13", "13", "13", "13", "13", "13", "13", "14", "14", "14", "14", "14", "14", "14", "14", "15", "15", "15", "15", "15", "15", "15", "15", "16", "16", "16", "16", "16", "16", "16", "16", "17", "17", "17", "17", "17", "17", "17", "17", "18", "18", "18", "18", "18", "18", "18", "18", "19", "19", "19", "19", "19", "19", "19", "19", "20", "20", "20", "20", "20", "20", "20", "20", "21", "21", "21", "21", "21", "21", "21", "21", "22", "22", "22", "22", "22", "22", "22", "22", "23", "23", "23", "23", "23", "23", "23", "23", "24", "24", "24", "24", "24", "24", "24", "24", "25", "25", "25", "25", "25", "25", "25", "25", "26", "26", "26", "26", "26", "26", "26", "26", "27", "27", "27", "27", "27", "27", "27", "27", "28", "28", "28", "28", "28", "28", "28", "28", "29", "29", "29", "29", "29", "29", "29", "29", "30", "30", "30", "30", "30", "30", "30", "30", "31", "31", "31", "31", "31", "31", "31", "31", "32", "32", "32", "32", "32", "32", "32", "32", "33", "33", "33", "33", "33", "33", "33", "33", "34", "34", "34", "34", "34", "34", "34", "34", "35", "35", "35", "35", "35", "35", "35", "35", "36", "36", "36", "36", "36", "36", "36", "36", "37", "37", "37", "37", "37", "37", "37", "37", "38", "38", "38", "38", "38", "38", "38", "38", "39", "39", "39", "39", "39", "39", "39", "39", "40", "40", "40", "40", "40", "40", "40", "40", "41", "41", "41", "41", "41", "41", "41", "41", "42", "42", "42", "42", "42", "42", "42", "42", "43", "43", "43", "43", "43", "43", "43", "43", "44", "44", "44", "44", "44", "44", "44", "44", "45", "45", "45", "45", "45", "45", "45", "45", "46", "46", "46", "46", "46", "46", "46", "46", "47", "47", "47", "47", "47", "47", "47", "47", "48", "48", "48", "48", "48", "48", "48", "48", "49", "49", "49", "49", "49", "49", "49", "49", "50", "50", "50", "50", "50", "50", "50", "50", "51", "51", "51", "51", "51", "51", "51", "51", "52", "52", "52", "52", "52", "52", "52", "52", "53", "53", "53", "53", "53", "53", "53", "53", "54", "54", "54", "54", "54", "54", "54", "54", "55", "55", "55", "55", "55", "55", "55", "55", "56", "56", "56", "56", "56", "56", "56", "56", "57", "57", "57", "57", "57", "57", "57", "57", "58", "58", "58", "58", "58", "58", "58", "58", "59", "59", "59", "59", "59", "59", "59", "59", "60", "60", "60", "60", "60", "60", "60", "60"))
			, IVAR = c(0.64, 1.99, 6.43, 12.03, 22.28, 48.91, 80.15, 138.94, 0.51, 2.49, 6.29, 11.18, 25.51, 43.72, 84.69, 123.55, 0.48, 2, 6.04, 11.31, 22.67, 47.36, 103.04, 108, 0.53, 2.07, 6.67, 11.64, 24.9, 49.3, 90.93, 135.41, 0.56, 2.15, 7.03, 12.69, 21.12, 45.33, 84.94, 114.45, 0.47, 2.01, 5.48, 12.19, 22.48, 57.28, 103.13, 131.43, 0.52, 2.37, 5.63, 11.46, 27.7, 44.98, 94.03, 115.38, 0.48, 1.94, 6.3, 11.79, 22.82, 54.9, 93.96, 117.86, 0.5, 2.15, 5.96, 11.95, 22.42, 46.47, 96.58, 113.14, 0.53, 1.72, 6.19, 10.29, 23.29, 45.53, 89.94, 119.32, 0.41, 2.25, 5.08, 11.46, 21.47, 44.53, 118.28, 120.21, 0.44, 1.7, 6.28, 11.98, 23.25, 43.74, 82.73, 107.77, 0.55, 1.88, 5.22, 14.47, 25.04, 46.87, 106.72, 131.12, 0.47, 2.49, 5.85, 10.41, 23.66, 49.01, 120.92, 121.28, 0.52, 1.98, 5.8, 11.96, 25.97, 59.07, 106.39, 135.41, 0.44, 2.21, 6.13, 10.36, 25.28, 47.24, 111.14, 111.15, 0.48, 1.82, 5.89, 12.49, 22.31, 52.16, 85.08, 108.06, 0.58, 1.81, 6.25, 11.55, 25, 56.83, 112.51, 116.09, 0.4, 2.57, 6.41, 12.67, 23.97, 50.51, 94.43, 125.16, 0.48, 1.74, 6.62, 13.97, 23.27, 42.35, 102.37, 119.46, 0.42, 2, 5.63, 11.6, 21.38, 57.48, 92.87, 102.2, 0.51, 2.05, 5.44, 8.99, 22.51, 50.82, 95.43, 118.83, 0.53, 1.78, 6.7, 11.99, 25.76, 53.23, 98.17, 109.91, 0.56, 1.64, 5.68, 11.7, 23.6, 53.16, 97.32, 124.99, 0.5, 1.95, 6.43, 13.46, 18.87, 50.83, 99.67, 115, 0.55, 1.92, 5.83, 13.07, 28.5, 49.31, 92.03, 106.55, 0.48, 1.82, 5.85, 12.48, 22.04, 62.56, 97.51, 134.36, 0.4, 2.15, 5.26, 13.16, 24.97, 46.08, 109.59, 111.87, 0.47, 1.81, 5.61, 13.19, 25.06, 53.08, 92.33, 124.6, 0.51, 1.73, 7.17, 12.16, 25.91, 52.81, 95.52, 116.39, 0.55, 1.8, 7.31, 11.55, 28.32, 55.84, 96.8, 127, 0.45, 2.07, 6.66, 12.12, 22.93, 44.95, 95.66, 133.54, 0.48, 1.98, 5.27, 12.61, 27.35, 55.75, 99.54, 104.15, 0.52, 2.09, 5.79, 12.21, 22.01, 51.37, 92.91, 102.57, 0.48, 2.29, 5.8, 12.91, 26.38, 48.02, 92.68, 113.81, 0.54, 1.8, 6.15, 11.66, 19.14, 41.69, 105.21, 117.73, 0.54, 2.42, 6.95, 12.84, 24.93, 47.08, 112.41, 127.37, 0.44, 1.97, 4.95, 11.77, 18.52, 54.74, 90.09, 114.95, 0.49, 2.13, 6.42, 12.7, 22.66, 41.88, 92.34, 123.38, 0.46, 1.99, 5.34, 11.99, 24.31, 47.3, 94.44, 143.14, 0.54, 2.24, 5.47, 12.2, 26.94, 47.73, 77.59, 124.21, 0.41, 1.84, 6.85, 12.76, 26.77, 49.49, 94.95, 109.41, 0.59, 2.01, 5.59, 13.08, 26.72, 58.02, 90.38, 115.4, 0.48, 1.93, 5.78, 11.65, 27.72, 44.77, 92.34, 128.09, 0.56, 1.85, 5.7, 12.65, 26.57, 46.81, 83.21, 142.37, 0.58, 1.86, 5.96, 10.06, 25.41, 56.4, 81.5, 111, 0.47, 1.87, 4.9, 12.62, 20.59, 47.88, 101.86, 117.65, 0.55, 1.99, 5.62, 12.8, 22.98, 57.31, 95.82, 130.68, 0.51, 1.48, 5.23, 11.5, 24.58, 37.98, 105.69, 112.96, 0.46, 1.71, 5.19, 12.07, 25.25, 38.92, 86.83, 126.6, 0.48, 2.48, 6.8, 12.74, 24.01, 49.36, 89.46, 127.78, 0.58, 2.23, 5.53, 10.21, 23.74, 50.16, 105.18, 109.89, 0.52, 2.05, 6.76, 11.97, 23.16, 42.8, 91.16, 115.73, 0.63, 2.55, 5.9, 10.81, 19.7, 50.54, 86.08, 150.8, 0.46, 2.02, 8.78, 10.74, 24.75, 42.97, 99.4, 109.97, 0.5, 1.94, 5.33, 12.01, 26.5, 56.29, 83.69, 117.04, 0.56, 1.79, 4.66, 10.93, 21.79, 48.23, 92.2, 122.81, 0.48, 2.08, 5.78, 13.52, 22.29, 49.42, 87.87, 122.52, 0.5, 1.69, 5.91, 13.5, 25.69, 48.69, 85.21, 134.88, 0.5, 1.91, 7.07, 11.11, 24.74, 54.56, 101.96, 116.37)
