dmp.txt <- structure(
	.Data = list(
		"coefficients" = list(
			"fixed" = c("CMultStdev" = 0.507298194863022, "tvVmax" = 4282.95723995881, "tvKm" = 1136.34112026805, "tvV" = 36.1526504226934, "tvKa" = 0.837106255037718, "K12" = 2.43792494154698, "K21" = 2.36446564570175, "CEps" = 0.253217083624832)
			, "random" = list("Subject" = matrix(
				as.numeric(c(
					 0.0728664114899983,  0.388304223619834,  0.251886148612649
					,  0.125149959772139,  -0.0993466553560041,  0.0419334254880846
					,  -0.0850941233564045,  0.279197500553361,  0.356333694439313
					,  -0.257777600968466,  -0.164124164012791,  -0.137524747848952
					,  0.26305616278131,  0.191142661257128,  0.0343258843514207
					,  -0.124710520507784,  -0.37291567195078,  -0.43124443323077
					,  0.0812972140046899,  0.224868052144747,  0.0756453227338528
					,  0.0141364364769675,  -0.357650001448795,  -0.0269101384275389
					,  0.0641209608417651,  -0.073098830896689,  0.0722524357912799
					,  -0.849225106847261,  -0.124531944179667,  -0.573700600285002
					,  0.369166294874602,  -0.231652074776646,  -0.201284647651299
					,  -0.528640600988607,  0.565742566874382,  0.324874514885125
					,  0.0228005876806309,  0.0992467862809612,  -0.200954727633985
					,  0.156929495420436,  -0.152166837726805,  0.262200876737975
					,  0.434728958966979,  -0.159619141779085,  0.257214684783647
					,  -0.191966327539391,  -0.00616425732840923,  -0.0802649431104747
					,  0.51862005946477,  0.410999456208257,  0.127260562832866
					,  -0.266842046125318,  -0.132158242339886,  -0.358139948518339
					,  0.0278216671534672,  0.325232217038567,  0.266964248765055
					,  -0.0688581070844733,  -0.354927833310848,  -0.325340371048738
					,  -0.777440634274767,  -0.409693822544126,  0.968030038721607
					,  0.291860445251799,  0.438119755107678,  0.0483394592602435
					,  0.561331866849979,  0.294678728119248,  0.0236129774445522
					,  -0.0601374070203866,  -0.0236748687507295,  0.0533875990891407
					,  0.250788907291121,  -0.065957818504943,  -0.181286986179797
					,  0.00947674489267798,  -0.163624359476003,  0.173751734120982
					,  0.273073362333599,  -0.523434690262227,  0.338925826358638
					,  -0.212609091789075,  0.297599093489773,  0.325030598497039
					,  -0.0133992530418891,  0.0247466981354861,  -0.144160965878532
					,  -0.835736143562336,  0.126409847139619,  -0.481962121854703
					,  0.571142501047609,  -0.230148273283864,  -0.142559572487511
					,  -0.400768213733438,  0.158294444329605,  -0.0179561602282926
					,  -0.463565665234718,  0.527313474432481,  -0.328549217387929
					,  -0.245868398857364,  -0.180626021683596,  -0.16354761764578
					,  0.487678613534979,  -0.603112079618842,  -0.0615230552899568
					,  0.254391962023119,  -0.0041773377466753,  -0.0718238890048602
					,  0.323834879005303,  0.271596011143243,  -0.10291480025211
					,  -0.224975752953948,  -0.0885459317991047,  -0.492882702564128
					,  -0.0801814095774438,  0.144192860291374,  0.59773187473438
					,  0.139016864410897,  -0.463821335454463,  -0.590350683188007
					))
				, nrow = 60, ncol = 2
				, dimnames = list(
					as.character(c( "1", "2", "3", "4", "5", "6", "7", "8", "9", "10"
					  , "11", "12", "13", "14", "15", "16", "17", "18", "19", "20"
					  , "21", "22", "23", "24", "25", "26", "27", "28", "29", "30"
					  , "31", "32", "33", "34", "35", "36", "37", "38", "39", "40"
					  , "41", "42", "43", "44", "45", "46", "47", "48", "49", "50"
					  , "51", "52", "53", "54", "55", "56", "57", "58", "59", "60"))
					, as.character(c("nVmax", "nV"))
					)
				))
			)
		, "logLik" = c(-3190.39)
		, "nObs" = c(480)
		, "nSubj" = c(60)
		, "nParm" = c(11)
		, "returnCode" = c(3)
		, "omega" = matrix(
			as.numeric(c(0.0947616986821271, 0.06278560509699, 0.06278560509699, 0.161195200439498))
			, nrow = 2, ncol = 2
			, dimnames = list(
				as.character(c("nVmax", "nV"))
				, as.character(c("nVmax", "nV"))
				)
			)
		, "eta" = matrix(
			as.numeric(c(-0.00384191956588247, -0.0146109852345895, 0.0800385806539658, 0.127556055996531, 0.28291090585901, 0.357149906896994, 0.0809624192213747, 0.110441553070944))
			, nrow = 2, ncol = 4
			, dimnames = list(
				as.character(c("nVmax", "nV"))
				, as.character(c("mean", "var", "sd", "shrinkage"))
				)
			)
		, "eta_shrinkage" = list("Subject" = matrix(
			as.numeric(c(
				 0.11292833688816,  0.139124706651999,  0.210247447640217
				,  0.161273204009369,  0.179984375285918,  0.154147165939381
				,  0.191176235649611,  0.165990801897638,  0.162649488344541
				,  0.135983075856003,  0.14459977315278,  0.142336842389384
				,  0.168700279117594,  0.160756558387627,  0.148924695994209
				,  0.142642197792688,  0.128822237420311,  0.162857436626098
				,  0.157924581502138,  0.136412796164353,  0.157778856667286
				,  0.141317727182659,  0.186785252071271,  0.158989162705928
				,  0.149120557070023,  0.138941662055528,  0.150933856059326
				,  0.0843245159751976,  0.146437610044591,  0.105745386579766
				,  0.177061899941421,  0.131887293330391,  0.128617649766624
				,  0.112605363646543,  0.174502894688735,  0.163930983894341
				,  0.136746779155019,  0.172043332462242,  0.126992089854703
				,  0.146105012436705,  0.129515169722459,  0.150442629988414
				,  0.175785328624706,  0.117823349879304,  0.152330143491098
				,  0.162650036511074,  0.147199922174018,  0.142236283624383
				,  0.178564689951393,  0.169547757104028,  0.147433717949484
				,  0.126978008339193,  0.136028247772975,  0.117976607488497
				,  0.143035781045315,  0.162332488286977,  0.17528872194384
				,  0.147987873523719,  0.114712624293276,  0.112421615935029
				,  0.184200054535347,  0.183097302075936,  0.245087916518926
				,  0.207820834371059,  0.233234590187484,  0.203736669046338
				,  0.238496511650845,  0.215375504398976,  0.19086652441184
				,  0.214053066696075,  0.207980871077872,  0.221888231612842
				,  0.200541791605218,  0.185130023495509,  0.187255572548677
				,  0.214607108640076,  0.224701948620997,  0.235115086528999
				,  0.216382772105896,  0.176675096225965,  0.237742135345196
				,  0.193049165151043,  0.239867816159638,  0.224929844160497
				,  0.205187899219236,  0.222972964559715,  0.191058532528748
				,  0.211809667478329,  0.219064534679113,  0.213464614776254
				,  0.223898853306017,  0.193204890218856,  0.222664709780235
				,  0.223579243741536,  0.195305229253926,  0.183722980779637
				,  0.16635766347153,  0.234765517636008,  0.190495353013793
				,  0.190642626602479,  0.194988125206063,  0.186261874204147
				,  0.225209812136621,  0.16515478121682,  0.194372228133588
				,  0.236914224510139,  0.206488058200416,  0.202406618358079
				,  0.196957257869022,  0.194283721641707,  0.1861421690919
				,  0.21260445196647,  0.207770163267758,  0.167980206234196
				,  0.201944087589705,  0.205938377618721,  0.225232494903507
				,  0.215862260093344,  0.180378396437355,  0.190881294194834
				))
			, nrow = 60, ncol = 2
			, dimnames = list(
				as.character(c( "1", "2", "3", "4", "5", "6", "7", "8", "9", "10"
				  , "11", "12", "13", "14", "15", "16", "17", "18", "19", "20"
				  , "21", "22", "23", "24", "25", "26", "27", "28", "29", "30"
				  , "31", "32", "33", "34", "35", "36", "37", "38", "39", "40"
				  , "41", "42", "43", "44", "45", "46", "47", "48", "49", "50"
				  , "51", "52", "53", "54", "55", "56", "57", "58", "59", "60"))
				, as.character(c("nVmax_shrinkage", "nV_shrinkage"))
				)
			))
		, "sigma" = matrix(
			as.numeric(c(0.0641188914394652))
			, nrow = 1, ncol = 1
			, dimnames = list(
				as.character(c("CEps"))
				, as.character(c("CEps"))
				)
			)
		, "method" = "FOCE-ELS"
		, "varFix" = matrix(
			as.numeric(c(0.000879623126396539, 0.0322517906517122, -0.766130358417984, 0.0470748487834925, 0.00021231541901437, -0.00166976985515463, -0.000826641106868365, -0.000101163624011681, 0.0322517906517122, 270471.305180027, 92126.4851856108, -1603.66788029239, -40.3690399773088, 89.1897963879481, -83.0981054327124, 3.00634110926116, -0.766130358417984, 92126.4851856108, 37230.0287433705, -764.145610205551, -15.5114560942845, 48.7830729140616, -19.5142091362077, 2.0281418897063, 0.0470748487834925, -1603.66788029239, -764.145610205551, 164.087075525554, 1.60263725247519, -19.3120557420065, 0.825349009586269, 0.0313575989083053, 0.00021231541901437, -40.3690399773088, -15.5114560942845, 1.60263725247519, 0.023472952147529, -0.154895886279217, 0.0417046591063235, -0.00335488811319237, -0.00166976985515463, 89.1897963879481, 48.7830729140616, -19.3120557420065, -0.154895886279217, 2.74877471248114, 0.264432475527411, -0.036722967293315, -0.000826641106868365, -83.0981054327124, -19.5142091362077, 0.825349009586269, 0.0417046591063235, 0.264432475527411, 0.372107917391741, -0.0262916486627063, -0.000101163624011681, 3.00634110926116, 2.0281418897063, 0.0313575989083053, -0.00335488811319237, -0.036722967293315, -0.0262916486627063, 0.00823611151441019))
			, nrow = 8, ncol = 8
			, dimnames = list(
				as.character(c("CMultStdev", "tvVmax", "tvKm", "tvV", "tvKa", "K12", "K21", "CEps"))
				, as.character(c("CMultStdev", "tvVmax", "tvKm", "tvV", "tvKa", "K12", "K21", "CEps"))
				)
			)
		, "omegaSE" = matrix(
			as.numeric(c(0.0224134837518693, 0.0214024868650022, 0.0214024868650022, 0.0387690496826433))
			, nrow = 2, ncol = 2, byrow = TRUE
			, dimnames = list(
				as.character(c("nVmax", "nV"))
				, as.character(c("nVmax", "nV"))
				)
			)
		, "Covariance" = matrix(
			as.numeric(c(0.00087962313, 0.032251791, -0.76613036, 0.047074849, 0.00021231542, -0.0016697699, -0.00082664111, -0.00010116362, 0.00014467987, 1.8629654e-005, 3.3357161e-005, 0.032251791, 270471.31, 92126.485, -1603.6679, -40.36904, 89.189796, -83.098105, 3.0063411, 2.7103763, 2.3655698, 2.5194107, -0.76613036, 92126.485, 37230.029, -764.14561, -15.511456, 48.783073, -19.514209, 2.0281419, 0.56626432, 0.62233376, 0.76664172, 0.047074849, -1603.6679, -764.14561, 164.08708, 1.6026373, -19.312056, 0.82534901, 0.031357599, -0.0043061271, 0.0029341241, 0.0077663157, 0.00021231542, -40.36904, -15.511456, 1.6026373, 0.023472952, -0.15489589, 0.041704659, -0.0033548881, -0.00032612015, -0.00056094681, -0.0010521934, -0.0016697699, 89.189796, 48.783073, -19.312056, -0.15489589, 2.7487747, 0.26443248, -0.036722967, -0.00071277252, -0.0045758714, -0.012338521, -0.00082664111, -83.098105, -19.514209, 0.82534901, 0.041704659, 0.26443248, 0.37210792, -0.026291649, -0.0030905536, -0.0037927039, -0.0095575474, -0.00010116362, 3.0063411, 2.0281419, 0.031357599, -0.0033548881, -0.036722967, -0.026291649, 0.0082361115, -0.00034002403, -8.5634094e-005, 0.00015575829, 0.00014467987, 2.7103763, 0.56626432, -0.0043061271, -0.00032612015, -0.00071277252, -0.0030905536, -0.00034002403, 0.00050236425, 0.00022490399, 0.00011099042, 1.8629654e-005, 2.3655698, 0.62233376, 0.0029341241, -0.00056094681, -0.0045758714, -0.0037927039, -8.5634094e-005, 0.00022490399, 0.00045806644, 0.00060057861, 3.3357161e-005, 2.5194107, 0.76664172, 0.0077663157, -0.0010521934, -0.012338521, -0.0095575474, 0.00015575829, 0.00011099042, 0.00060057861, 0.0015030392))
			, nrow = 11, ncol = 11
			, dimnames = list(
				as.character(c("CMultStdev", "tvVmax", "tvKm", "tvV", "tvKa", "K12", "K21", "stdev0", "nVmax-nVmax", "nV-nVmax", "nV-nV"))
				, as.character(c("CMultStdev", "tvVmax", "tvKm", "tvV", "tvKa", "K12", "K21", "stdev0", "nVmax-nVmax", "nV-nVmax", "nV-nV"))
				)
			)
		, "Correlation" = matrix(
			as.numeric(c(0.029658441, 0.0020909561, -0.13387752, 0.12390916, 0.046725005, -0.033957736, -0.045691375, -0.037585034, 0.21764587, 0.029348926, 0.029010527, 0.0020909561, 520.06856, 0.91807301, -0.24072248, -0.50664524, 0.10343916, -0.26193653, 0.063696644, 0.23251963, 0.21252544, 0.12495488, -0.13387752, 0.91807301, 192.95085, -0.30916637, -0.52471324, 0.15249405, -0.16579438, 0.11582186, 0.13093723, 0.15069972, 0.10248507, 0.12390916, -0.24072248, -0.30916637, 12.809648, 0.81660905, -0.90933047, 0.10562482, 0.026973947, -0.01499824, 0.010702298, 0.015638414, 0.046725005, -0.50664524, -0.52471324, 0.81660905, 0.15320885, -0.60979864, 0.44623771, -0.24128653, -0.094969558, -0.17106989, -0.17714404, -0.033957736, 0.10343916, 0.15249405, -0.90933047, -0.60979864, 1.6579429, 0.26146331, -0.24406589, -0.019181034, -0.12895554, -0.19195895, -0.045691375, -0.26193653, -0.16579438, 0.10562482, 0.44623771, 0.26146331, 0.61000649, -0.47492196, -0.22604373, -0.29050275, -0.40413536, -0.037585034, 0.063696644, 0.11582186, 0.026973947, -0.24128653, -0.24406589, -0.47492196, 0.090753025, -0.16716261, -0.044088097, 0.044269529, 0.21764587, 0.23251963, 0.13093723, -0.01499824, -0.094969558, -0.019181034, -0.22604373, -0.16716261, 0.022413484, 0.4688388, 0.12772943, 0.029348926, 0.21252544, 0.15069972, 0.010702298, -0.17106989, -0.12895554, -0.29050275, -0.044088097, 0.4688388, 0.021402487, 0.72380314, 0.029010527, 0.12495488, 0.10248507, 0.015638414, -0.17714404, -0.19195895, -0.40413536, 0.044269529, 0.12772943, 0.72380314, 0.03876905))
			, nrow = 11, ncol = 11
			, dimnames = list(
				as.character(c("CMultStdev", "tvVmax", "tvKm", "tvV", "tvKa", "K12", "K21", "stdev0", "nVmax-nVmax", "nV-nVmax", "nV-nV"))
				, as.character(c("CMultStdev", "tvVmax", "tvKm", "tvV", "tvKa", "K12", "K21", "stdev0", "nVmax-nVmax", "nV-nVmax", "nV-nV"))
				)
			)
		, "Inverse" = matrix(
			as.numeric(c(1595.6988, -0.011559326, 0.017071524, -8.650777, 29.445392, -64.682126, 52.983444, -61.671208, -399.98211, 408.79545, -280.91743, -0.011559326, 4.418117e-005, -0.00012083692, -0.0020213004, 0.0014373226, -0.015088696, 0.02010222, 0.018380484, 0.033378988, -0.093636803, 0.036292082, 0.017071524, -0.00012083692, 0.00039119728, 0.0069440769, 0.086597787, 0.057577395, -0.075240993, -0.030082372, -0.19854348, 0.30634575, -0.083041234, -8.650777, -0.0020213004, 0.0069440769, 0.33858889, -0.080649622, 2.5822422, -2.6111087, 0.5527087, -5.8583452, 4.2977136, 1.4844956, 29.445392, 0.0014373226, 0.086597787, -0.080649622, 372.92691, 25.033818, -46.595874, 88.267224, -197.87666, 293.67738, 11.576814, -64.682126, -0.015088696, 0.057577395, 2.5822422, 25.033818, 21.886332, -23.282281, 12.057691, -57.718903, 53.499449, 14.795291, 52.983444, 0.02010222, -0.075240993, -2.6111087, -46.595874, -23.282281,  31.76806, 3.4688254, 115.27523, -108.65157, 29.803272, -61.671208, 0.018380484, -0.030082372, 0.5527087, 88.267224, 12.057691, 3.4688254, 224.79376, 190.06812, -37.084558, 143.36536, -399.98211, 0.033378988, -0.19854348, -5.8583452, -197.87666, -57.718903, 115.27523, 190.06812, 3827.3422, -3002.4811, 1102.5377, 408.79545, -0.093636803, 0.30634575, 4.2977136, 293.67738, 53.499449, -108.65157, -37.084558, -3002.4811, 7294.1954, -2765.7359, -280.91743, 0.036292082, -0.083041234, 1.4844956, 11.576814, 14.795291, 29.803272, 143.36536, 1102.5377, -2765.7359,  1973.328))
			, nrow = 11, ncol = 11
			, dimnames = list(
				as.character(c("CMultStdev", "tvVmax", "tvKm", "tvV", "tvKa", "K12", "K21", "stdev0", "nVmax-nVmax", "nV-nVmax", "nV-nV"))
				, as.character(c("CMultStdev", "tvVmax", "tvKm", "tvV", "tvKa", "K12", "K21", "stdev0", "nVmax-nVmax", "nV-nVmax", "nV-nV"))
				)
			)
		, "LLTable" = data.frame(
			id = as.character(c( "1", "2", "3", "4", "5", "6", "7", "8", "9", "10", "11", "12", "13", "14", "15", "16", "17", "18", "19", "20", "21", "22", "23", "24", "25", "26", "27", "28", "29", "30", "31", "32", "33", "34", "35", "36", "37", "38", "39", "40", "41", "42", "43", "44", "45", "46", "47", "48", "49", "50", "51", "52", "53", "54", "55", "56", "57", "58", "59", "60"))
			, "LL" = c(-52.810179, -47.120119, -51.134058, -50.109129, -55.100479, -51.924902, -53.870572, -48.562272, -50.677669, -56.549243, -54.05256, -56.467303, -50.410168, -49.347246, -48.068834, -54.957311, -57.915638, -57.635946, -50.210691, -50.507123, -52.882943, -53.363064, -56.138878, -51.379462, -53.543886, -54.613185, -49.269213, -68.670883, -54.92977, -62.280306, -47.877053, -55.494006, -55.322885, -59.816975, -45.761567, -46.902202, -52.111595, -51.458064, -54.999981, -52.190924, -54.593928, -49.294016, -47.797709, -56.163863, -47.940012, -55.960881, -55.641744, -52.119002, -47.658689, -47.429353, -52.046306, -57.260239, -55.961152, -60.884551, -53.813781, -49.198785, -50.424059, -53.749637, -59.31046, -56.702535)
			) # end of LLTable
		, "residuals" = data.frame(
			  ID1 = as.character(c(  "",   "",   "",   "",   "",   "",   "",   "",   "",   "",   "",   "",   "",   "",   "",   "",   "",   "",   "",   "",   "",   "",   "",   "",   "",   "",   "",   "",   "",   "",   "",   "",   "",   "",   "",   "",   "",   "",   "",   "",   "",   "",   "",   "",   "",   "",   "",   "",   "",   "",   "",   "",   "",   "",   "",   "",   "",   "",   "",   "",   "",   "",   "",   "",   "",   "",   "",   "",   "",   "",   "",   "",   "",   "",   "",   "",   "",   "",   "",   "",   "",   "",   "",   "",   "",   "",   "",   "",   "",   "",   "",   "",   "",   "",   "",   "",   "",   "",   "",   "",   "",   "",   "",   "",   "",   "",   "",   "",   "",   "",   "",   "",   "",   "",   "",   "",   "",   "",   "",   "",   "",   "",   "",   "",   "",   "",   "",   "",   "",   "",   "",   "",   "",   "",   "",   "",   "",   "",   "",   "",   "",   "",   "",   "",   "",   "",   "",   "",   "",   "",   "",   "",   "",   "",   "",   "",   "",   "",   "",   "",   "",   "",   "",   "",   "",   "",   "",   "",   "",   "",   "",   "",   "",   "",   "",   "",   "",   "",   "",   "",   "",   "",   "",   "",   "",   "",   "",   "",   "",   "",   "",   "",   "",   "",   "",   "",   "",   "",   "",   "",   "",   "",   "",   "",   "",   "",   "",   "",   "",   "",   "",   "",   "",   "",   "",   "",   "",   "",   "",   "",   "",   "",   "",   "",   "",   "",   "",   "",   "",   "",   "",   "",   "",   "",   "",   "",   "",   "",   "",   "",   "",   "",   "",   "",   "",   "",   "",   "",   "",   "",   "",   "",   "",   "",   "",   "",   "",   "",   "",   "",   "",   "",   "",   "",   "",   "",   "",   "",   "",   "",   "",   "",   "",   "",   "",   "",   "",   "",   "",   "",   "",   "",   "",   "",   "",   "",   "",   "",   "",   "",   "",   "",   "",   "",   "",   "",   "",   "",   "",   "",   "",   "",   "",   "",   "",   "",   "",   "",   "",   "",   "",   "",   "",   "",   "",   "",   "",   "",   "",   "",   "",   "",   "",   "",   "",   "",   "",   "",   "",   "",   "",   "",   "",   "",   "",   "",   "",   "",   "",   "",   "",   "",   "",   "",   "",   "",   "",   "",   "",   "",   "",   "",   "",   "",   "",   "",   "",   "",   "",   "",   "",   "",   "",   "",   "",   "",   "",   "",   "",   "",   "",   "",   "",   "",   "",   "",   "",   "",   "",   "",   "",   "",   "",   "",   "",   "",   "",   "",   "",   "",   "",   "",   "",   "",   "",   "",   "",   "",   "",   "",   "",   "",   "",   "",   "",   "",   "",   "",   "",   "",   "",   "",   "",   "",   "",   "",   "",   "",   "",   "",   "",   "",   "",   "",   "",   "",   "",   "",   "",   "",   "",   "",   "",   "",   "",   "",   "",   "",   "",   "",   "",   "",   "",   "",   "",   "",   "",   "",   "",   "",   "",   "",   "",   "",   "",   "",   "",   "",   "",   "",   "",   "",   "",   "",   "",   "",   "",   "",   "",   "",   "",   "",   "",   "",   "",   "",   "",   "",   "",   ""))
			, ID2 = as.character(c(  "",   "",   "",   "",   "",   "",   "",   "",   "",   "",   "",   "",   "",   "",   "",   "",   "",   "",   "",   "",   "",   "",   "",   "",   "",   "",   "",   "",   "",   "",   "",   "",   "",   "",   "",   "",   "",   "",   "",   "",   "",   "",   "",   "",   "",   "",   "",   "",   "",   "",   "",   "",   "",   "",   "",   "",   "",   "",   "",   "",   "",   "",   "",   "",   "",   "",   "",   "",   "",   "",   "",   "",   "",   "",   "",   "",   "",   "",   "",   "",   "",   "",   "",   "",   "",   "",   "",   "",   "",   "",   "",   "",   "",   "",   "",   "",   "",   "",   "",   "",   "",   "",   "",   "",   "",   "",   "",   "",   "",   "",   "",   "",   "",   "",   "",   "",   "",   "",   "",   "",   "",   "",   "",   "",   "",   "",   "",   "",   "",   "",   "",   "",   "",   "",   "",   "",   "",   "",   "",   "",   "",   "",   "",   "",   "",   "",   "",   "",   "",   "",   "",   "",   "",   "",   "",   "",   "",   "",   "",   "",   "",   "",   "",   "",   "",   "",   "",   "",   "",   "",   "",   "",   "",   "",   "",   "",   "",   "",   "",   "",   "",   "",   "",   "",   "",   "",   "",   "",   "",   "",   "",   "",   "",   "",   "",   "",   "",   "",   "",   "",   "",   "",   "",   "",   "",   "",   "",   "",   "",   "",   "",   "",   "",   "",   "",   "",   "",   "",   "",   "",   "",   "",   "",   "",   "",   "",   "",   "",   "",   "",   "",   "",   "",   "",   "",   "",   "",   "",   "",   "",   "",   "",   "",   "",   "",   "",   "",   "",   "",   "",   "",   "",   "",   "",   "",   "",   "",   "",   "",   "",   "",   "",   "",   "",   "",   "",   "",   "",   "",   "",   "",   "",   "",   "",   "",   "",   "",   "",   "",   "",   "",   "",   "",   "",   "",   "",   "",   "",   "",   "",   "",   "",   "",   "",   "",   "",   "",   "",   "",   "",   "",   "",   "",   "",   "",   "",   "",   "",   "",   "",   "",   "",   "",   "",   "",   "",   "",   "",   "",   "",   "",   "",   "",   "",   "",   "",   "",   "",   "",   "",   "",   "",   "",   "",   "",   "",   "",   "",   "",   "",   "",   "",   "",   "",   "",   "",   "",   "",   "",   "",   "",   "",   "",   "",   "",   "",   "",   "",   "",   "",   "",   "",   "",   "",   "",   "",   "",   "",   "",   "",   "",   "",   "",   "",   "",   "",   "",   "",   "",   "",   "",   "",   "",   "",   "",   "",   "",   "",   "",   "",   "",   "",   "",   "",   "",   "",   "",   "",   "",   "",   "",   "",   "",   "",   "",   "",   "",   "",   "",   "",   "",   "",   "",   "",   "",   "",   "",   "",   "",   "",   "",   "",   "",   "",   "",   "",   "",   "",   "",   "",   "",   "",   "",   "",   "",   "",   "",   "",   "",   "",   "",   "",   "",   "",   "",   "",   "",   "",   "",   "",   "",   "",   "",   "",   "",   "",   "",   "",   "",   "",   "",   "",   "",   "",   "",   "",   "",   "",   "",   "",   "",   "",   "",   "",   "",   "",   "",   "",   "",   ""))
			, ID3 = as.character(c(  "",   "",   "",   "",   "",   "",   "",   "",   "",   "",   "",   "",   "",   "",   "",   "",   "",   "",   "",   "",   "",   "",   "",   "",   "",   "",   "",   "",   "",   "",   "",   "",   "",   "",   "",   "",   "",   "",   "",   "",   "",   "",   "",   "",   "",   "",   "",   "",   "",   "",   "",   "",   "",   "",   "",   "",   "",   "",   "",   "",   "",   "",   "",   "",   "",   "",   "",   "",   "",   "",   "",   "",   "",   "",   "",   "",   "",   "",   "",   "",   "",   "",   "",   "",   "",   "",   "",   "",   "",   "",   "",   "",   "",   "",   "",   "",   "",   "",   "",   "",   "",   "",   "",   "",   "",   "",   "",   "",   "",   "",   "",   "",   "",   "",   "",   "",   "",   "",   "",   "",   "",   "",   "",   "",   "",   "",   "",   "",   "",   "",   "",   "",   "",   "",   "",   "",   "",   "",   "",   "",   "",   "",   "",   "",   "",   "",   "",   "",   "",   "",   "",   "",   "",   "",   "",   "",   "",   "",   "",   "",   "",   "",   "",   "",   "",   "",   "",   "",   "",   "",   "",   "",   "",   "",   "",   "",   "",   "",   "",   "",   "",   "",   "",   "",   "",   "",   "",   "",   "",   "",   "",   "",   "",   "",   "",   "",   "",   "",   "",   "",   "",   "",   "",   "",   "",   "",   "",   "",   "",   "",   "",   "",   "",   "",   "",   "",   "",   "",   "",   "",   "",   "",   "",   "",   "",   "",   "",   "",   "",   "",   "",   "",   "",   "",   "",   "",   "",   "",   "",   "",   "",   "",   "",   "",   "",   "",   "",   "",   "",   "",   "",   "",   "",   "",   "",   "",   "",   "",   "",   "",   "",   "",   "",   "",   "",   "",   "",   "",   "",   "",   "",   "",   "",   "",   "",   "",   "",   "",   "",   "",   "",   "",   "",   "",   "",   "",   "",   "",   "",   "",   "",   "",   "",   "",   "",   "",   "",   "",   "",   "",   "",   "",   "",   "",   "",   "",   "",   "",   "",   "",   "",   "",   "",   "",   "",   "",   "",   "",   "",   "",   "",   "",   "",   "",   "",   "",   "",   "",   "",   "",   "",   "",   "",   "",   "",   "",   "",   "",   "",   "",   "",   "",   "",   "",   "",   "",   "",   "",   "",   "",   "",   "",   "",   "",   "",   "",   "",   "",   "",   "",   "",   "",   "",   "",   "",   "",   "",   "",   "",   "",   "",   "",   "",   "",   "",   "",   "",   "",   "",   "",   "",   "",   "",   "",   "",   "",   "",   "",   "",   "",   "",   "",   "",   "",   "",   "",   "",   "",   "",   "",   "",   "",   "",   "",   "",   "",   "",   "",   "",   "",   "",   "",   "",   "",   "",   "",   "",   "",   "",   "",   "",   "",   "",   "",   "",   "",   "",   "",   "",   "",   "",   "",   "",   "",   "",   "",   "",   "",   "",   "",   "",   "",   "",   "",   "",   "",   "",   "",   "",   "",   "",   "",   "",   "",   "",   "",   "",   "",   "",   "",   "",   "",   "",   "",   "",   "",   "",   "",   "",   "",   "",   "",   "",   "",   "",   "",   "",   "",   "",   ""))
			, ID4 = as.character(c(  "",   "",   "",   "",   "",   "",   "",   "",   "",   "",   "",   "",   "",   "",   "",   "",   "",   "",   "",   "",   "",   "",   "",   "",   "",   "",   "",   "",   "",   "",   "",   "",   "",   "",   "",   "",   "",   "",   "",   "",   "",   "",   "",   "",   "",   "",   "",   "",   "",   "",   "",   "",   "",   "",   "",   "",   "",   "",   "",   "",   "",   "",   "",   "",   "",   "",   "",   "",   "",   "",   "",   "",   "",   "",   "",   "",   "",   "",   "",   "",   "",   "",   "",   "",   "",   "",   "",   "",   "",   "",   "",   "",   "",   "",   "",   "",   "",   "",   "",   "",   "",   "",   "",   "",   "",   "",   "",   "",   "",   "",   "",   "",   "",   "",   "",   "",   "",   "",   "",   "",   "",   "",   "",   "",   "",   "",   "",   "",   "",   "",   "",   "",   "",   "",   "",   "",   "",   "",   "",   "",   "",   "",   "",   "",   "",   "",   "",   "",   "",   "",   "",   "",   "",   "",   "",   "",   "",   "",   "",   "",   "",   "",   "",   "",   "",   "",   "",   "",   "",   "",   "",   "",   "",   "",   "",   "",   "",   "",   "",   "",   "",   "",   "",   "",   "",   "",   "",   "",   "",   "",   "",   "",   "",   "",   "",   "",   "",   "",   "",   "",   "",   "",   "",   "",   "",   "",   "",   "",   "",   "",   "",   "",   "",   "",   "",   "",   "",   "",   "",   "",   "",   "",   "",   "",   "",   "",   "",   "",   "",   "",   "",   "",   "",   "",   "",   "",   "",   "",   "",   "",   "",   "",   "",   "",   "",   "",   "",   "",   "",   "",   "",   "",   "",   "",   "",   "",   "",   "",   "",   "",   "",   "",   "",   "",   "",   "",   "",   "",   "",   "",   "",   "",   "",   "",   "",   "",   "",   "",   "",   "",   "",   "",   "",   "",   "",   "",   "",   "",   "",   "",   "",   "",   "",   "",   "",   "",   "",   "",   "",   "",   "",   "",   "",   "",   "",   "",   "",   "",   "",   "",   "",   "",   "",   "",   "",   "",   "",   "",   "",   "",   "",   "",   "",   "",   "",   "",   "",   "",   "",   "",   "",   "",   "",   "",   "",   "",   "",   "",   "",   "",   "",   "",   "",   "",   "",   "",   "",   "",   "",   "",   "",   "",   "",   "",   "",   "",   "",   "",   "",   "",   "",   "",   "",   "",   "",   "",   "",   "",   "",   "",   "",   "",   "",   "",   "",   "",   "",   "",   "",   "",   "",   "",   "",   "",   "",   "",   "",   "",   "",   "",   "",   "",   "",   "",   "",   "",   "",   "",   "",   "",   "",   "",   "",   "",   "",   "",   "",   "",   "",   "",   "",   "",   "",   "",   "",   "",   "",   "",   "",   "",   "",   "",   "",   "",   "",   "",   "",   "",   "",   "",   "",   "",   "",   "",   "",   "",   "",   "",   "",   "",   "",   "",   "",   "",   "",   "",   "",   "",   "",   "",   "",   "",   "",   "",   "",   "",   "",   "",   "",   "",   "",   "",   "",   "",   "",   "",   "",   "",   "",   "",   "",   "",   "",   "",   "",   "",   "",   "",   "",   ""))
			, ID5 = as.character(c( "1",  "1",  "1",  "1",  "1",  "1",  "1",  "1",  "2",  "2",  "2",  "2",  "2",  "2",  "2",  "2",  "3",  "3",  "3",  "3",  "3",  "3",  "3",  "3",  "4",  "4",  "4",  "4",  "4",  "4",  "4",  "4",  "5",  "5",  "5",  "5",  "5",  "5",  "5",  "5",  "6",  "6",  "6",  "6",  "6",  "6",  "6",  "6",  "7",  "7",  "7",  "7",  "7",  "7",  "7",  "7",  "8",  "8",  "8",  "8",  "8",  "8",  "8",  "8",  "9",  "9",  "9",  "9",  "9",  "9",  "9",  "9", "10", "10", "10", "10", "10", "10", "10", "10", "11", "11", "11", "11", "11", "11", "11", "11", "12", "12", "12", "12", "12", "12", "12", "12", "13", "13", "13", "13", "13", "13", "13", "13", "14", "14", "14", "14", "14", "14", "14", "14", "15", "15", "15", "15", "15", "15", "15", "15", "16", "16", "16", "16", "16", "16", "16", "16", "17", "17", "17", "17", "17", "17", "17", "17", "18", "18", "18", "18", "18", "18", "18", "18", "19", "19", "19", "19", "19", "19", "19", "19", "20", "20", "20", "20", "20", "20", "20", "20", "21", "21", "21", "21", "21", "21", "21", "21", "22", "22", "22", "22", "22", "22", "22", "22", "23", "23", "23", "23", "23", "23", "23", "23", "24", "24", "24", "24", "24", "24", "24", "24", "25", "25", "25", "25", "25", "25", "25", "25", "26", "26", "26", "26", "26", "26", "26", "26", "27", "27", "27", "27", "27", "27", "27", "27", "28", "28", "28", "28", "28", "28", "28", "28", "29", "29", "29", "29", "29", "29", "29", "29", "30", "30", "30", "30", "30", "30", "30", "30", "31", "31", "31", "31", "31", "31", "31", "31", "32", "32", "32", "32", "32", "32", "32", "32", "33", "33", "33", "33", "33", "33", "33", "33", "34", "34", "34", "34", "34", "34", "34", "34", "35", "35", "35", "35", "35", "35", "35", "35", "36", "36", "36", "36", "36", "36", "36", "36", "37", "37", "37", "37", "37", "37", "37", "37", "38", "38", "38", "38", "38", "38", "38", "38", "39", "39", "39", "39", "39", "39", "39", "39", "40", "40", "40", "40", "40", "40", "40", "40", "41", "41", "41", "41", "41", "41", "41", "41", "42", "42", "42", "42", "42", "42", "42", "42", "43", "43", "43", "43", "43", "43", "43", "43", "44", "44", "44", "44", "44", "44", "44", "44", "45", "45", "45", "45", "45", "45", "45", "45", "46", "46", "46", "46", "46", "46", "46", "46", "47", "47", "47", "47", "47", "47", "47", "47", "48", "48", "48", "48", "48", "48", "48", "48", "49", "49", "49", "49", "49", "49", "49", "49", "50", "50", "50", "50", "50", "50", "50", "50", "51", "51", "51", "51", "51", "51", "51", "51", "52", "52", "52", "52", "52", "52", "52", "52", "53", "53", "53", "53", "53", "53", "53", "53", "54", "54", "54", "54", "54", "54", "54", "54", "55", "55", "55", "55", "55", "55", "55", "55", "56", "56", "56", "56", "56", "56", "56", "56", "57", "57", "57", "57", "57", "57", "57", "57", "58", "58", "58", "58", "58", "58", "58", "58", "59", "59", "59", "59", "59", "59", "59", "59", "60", "60", "60", "60", "60", "60", "60", "60"))
			, IVAR = c(0.64, 1.99, 6.43, 12.03, 22.28, 48.91, 80.15, 138.94, 0.51, 2.49, 6.29, 11.18, 25.51, 43.72, 84.69, 123.55, 0.48, 2, 6.04, 11.31, 22.67, 47.36, 103.04, 108, 0.53, 2.07, 6.67, 11.64, 24.9, 49.3, 90.93, 135.41, 0.56, 2.15, 7.03, 12.69, 21.12, 45.33, 84.94, 114.45, 0.47, 2.01, 5.48, 12.19, 22.48, 57.28, 103.13, 131.43, 0.52, 2.37, 5.63, 11.46, 27.7, 44.98, 94.03, 115.38, 0.48, 1.94, 6.3, 11.79, 22.82, 54.9, 93.96, 117.86, 0.5, 2.15, 5.96, 11.95, 22.42, 46.47, 96.58, 113.14, 0.53, 1.72, 6.19, 10.29, 23.29, 45.53, 89.94, 119.32, 0.41, 2.25, 5.08, 11.46, 21.47, 44.53, 118.28, 120.21, 0.44, 1.7, 6.28, 11.98, 23.25, 43.74, 82.73, 107.77, 0.55, 1.88, 5.22, 14.47, 25.04, 46.87, 106.72, 131.12, 0.47, 2.49, 5.85, 10.41, 23.66, 49.01, 120.92, 121.28, 0.52, 1.98, 5.8, 11.96, 25.97, 59.07, 106.39, 135.41, 0.44, 2.21, 6.13, 10.36, 25.28, 47.24, 111.14, 111.15, 0.48, 1.82, 5.89, 12.49, 22.31, 52.16, 85.08, 108.06, 0.58, 1.81, 6.25, 11.55, 25, 56.83, 112.51, 116.09, 0.4, 2.57, 6.41, 12.67, 23.97, 50.51, 94.43, 125.16, 0.48, 1.74, 6.62, 13.97, 23.27, 42.35, 102.37, 119.46, 0.42, 2, 5.63, 11.6, 21.38, 57.48, 92.87, 102.2, 0.51, 2.05, 5.44, 8.99, 22.51, 50.82, 95.43, 118.83, 0.53, 1.78, 6.7, 11.99, 25.76, 53.23, 98.17, 109.91, 0.56, 1.64, 5.68, 11.7, 23.6, 53.16, 97.32, 124.99, 0.5, 1.95, 6.43, 13.46, 18.87, 50.83, 99.67, 115, 0.55, 1.92, 5.83, 13.07, 28.5, 49.31, 92.03, 106.55, 0.48, 1.82, 5.85, 12.48, 22.04, 62.56, 97.51, 134.36, 0.4, 2.15, 5.26, 13.16, 24.97, 46.08, 109.59, 111.87, 0.47, 1.81, 5.61, 13.19, 25.06, 53.08, 92.33, 124.6, 0.51, 1.73, 7.17, 12.16, 25.91, 52.81, 95.52, 116.39, 0.55, 1.8, 7.31, 11.55, 28.32, 55.84, 96.8, 127, 0.45, 2.07, 6.66, 12.12, 22.93, 44.95, 95.66, 133.54, 0.48, 1.98, 5.27, 12.61, 27.35, 55.75, 99.54, 104.15, 0.52, 2.09, 5.79, 12.21, 22.01, 51.37, 92.91, 102.57, 0.48, 2.29, 5.8, 12.91, 26.38, 48.02, 92.68, 113.81, 0.54, 1.8, 6.15, 11.66, 19.14, 41.69, 105.21, 117.73, 0.54, 2.42, 6.95, 12.84, 24.93, 47.08, 112.41, 127.37, 0.44, 1.97, 4.95, 11.77, 18.52, 54.74, 90.09, 114.95, 0.49, 2.13, 6.42, 12.7, 22.66, 41.88, 92.34, 123.38, 0.46, 1.99, 5.34, 11.99, 24.31, 47.3, 94.44, 143.14, 0.54, 2.24, 5.47, 12.2, 26.94, 47.73, 77.59, 124.21, 0.41, 1.84, 6.85, 12.76, 26.77, 49.49, 94.95, 109.41, 0.59, 2.01, 5.59, 13.08, 26.72, 58.02, 90.38, 115.4, 0.48, 1.93, 5.78, 11.65, 27.72, 44.77, 92.34, 128.09, 0.56, 1.85, 5.7, 12.65, 26.57, 46.81, 83.21, 142.37, 0.58, 1.86, 5.96, 10.06, 25.41, 56.4, 81.5, 111, 0.47, 1.87, 4.9, 12.62, 20.59, 47.88, 101.86, 117.65, 0.55, 1.99, 5.62, 12.8, 22.98, 57.31, 95.82, 130.68, 0.51, 1.48, 5.23, 11.5, 24.58, 37.98, 105.69, 112.96, 0.46, 1.71, 5.19, 12.07, 25.25, 38.92, 86.83, 126.6, 0.48, 2.48, 6.8, 12.74, 24.01, 49.36, 89.46, 127.78, 0.58, 2.23, 5.53, 10.21, 23.74, 50.16, 105.18, 109.89, 0.52, 2.05, 6.76, 11.97, 23.16, 42.8, 91.16, 115.73, 0.63, 2.55, 5.9, 10.81, 19.7, 50.54, 86.08, 150.8, 0.46, 2.02, 8.78, 10.74, 24.75, 42.97, 99.4, 109.97, 0.5, 1.94, 5.33, 12.01, 26.5, 56.29, 83.69, 117.04, 0.56, 1.79, 4.66, 10.93, 21.79, 48.23, 92.2, 122.81, 0.48, 2.08, 5.78, 13.52, 22.29, 49.42, 87.87, 122.52, 0.5, 1.69, 5.91, 13.5, 25.69, 48.69, 85.21, 134.88, 0.5, 1.91, 7.07, 11.11, 24.74, 54.56, 101.96, 116.37)
			, TAD = c(0.64, 1.99, 6.43, 12.03, 22.28, 48.91, 80.15, 138.94, 0.51, 2.49, 6.29, 11.18, 25.51, 43.72, 84.69, 123.55, 0.48, 2, 6.04, 11.31, 22.67, 47.36, 103.04, 108, 0.53, 2.07, 6.67, 11.64, 24.9, 49.3, 90.93, 135.41, 0.56, 2.15, 7.03, 12.69, 21.12, 45.33, 84.94, 114.45, 0.47, 2.01, 5.48, 12.19, 22.48, 57.28, 103.13, 131.43, 0.52, 2.37, 5.63, 11.46, 27.7, 44.98, 94.03, 115.38, 0.48, 1.94, 6.3, 11.79, 22.82, 54.9, 93.96, 117.86, 0.5, 2.15, 5.96, 11.95, 22.42, 46.47, 96.58, 113.14, 0.53, 1.72, 6.19, 10.29, 23.29, 45.53, 89.94, 119.32, 0.41, 2.25, 5.08, 11.46, 21.47, 44.53, 118.28, 120.21, 0.44, 1.7, 6.28, 11.98, 23.25, 43.74, 82.73, 107.77, 0.55, 1.88, 5.22, 14.47, 25.04, 46.87, 106.72, 131.12, 0.47, 2.49, 5.85, 10.41, 23.66, 49.01, 120.92, 121.28, 0.52, 1.98, 5.8, 11.96, 25.97, 59.07, 106.39, 135.41, 0.44, 2.21, 6.13, 10.36, 25.28, 47.24, 111.14, 111.15, 0.48, 1.82, 5.89, 12.49, 22.31, 52.16, 85.08, 108.06, 0.58, 1.81, 6.25, 11.55, 25, 56.83, 112.51, 116.09, 0.4, 2.57, 6.41, 12.67, 23.97, 50.51, 94.43, 125.16, 0.48, 1.74, 6.62, 13.97, 23.27, 42.35, 102.37, 119.46, 0.42, 2, 5.63, 11.6, 21.38, 57.48, 92.87, 102.2, 0.51, 2.05, 5.44, 8.99, 22.51, 50.82, 95.43, 118.83, 0.53, 1.78, 6.7, 11.99, 25.76, 53.23, 98.17, 109.91, 0.56, 1.64, 5.68, 11.7, 23.6, 53.16, 97.32, 124.99, 0.5, 1.95, 6.43, 13.46, 18.87, 50.83, 99.67, 115, 0.55, 1.92, 5.83, 13.07, 28.5, 49.31, 92.03, 106.55, 0.48, 1.82, 5.85, 12.48, 22.04, 62.56, 97.51, 134.36, 0.4, 2.15, 5.26, 13.16, 24.97, 46.08, 109.59, 111.87, 0.47, 1.81, 5.61, 13.19, 25.06, 53.08, 92.33, 124.6, 0.51, 1.73, 7.17, 12.16, 25.91, 52.81, 95.52, 116.39, 0.55, 1.8, 7.31, 11.55, 28.32, 55.84, 96.8, 127, 0.45, 2.07, 6.66, 12.12, 22.93, 44.95, 95.66, 133.54, 0.48, 1.98, 5.27, 12.61, 27.35, 55.75, 99.54, 104.15, 0.52, 2.09, 5.79, 12.21, 22.01, 51.37, 92.91, 102.57, 0.48, 2.29, 5.8, 12.91, 26.38, 48.02, 92.68, 113.81, 0.54, 1.8, 6.15, 11.66, 19.14, 41.69, 105.21, 117.73, 0.54, 2.42, 6.95, 12.84, 24.93, 47.08, 112.41, 127.37, 0.44, 1.97, 4.95, 11.77, 18.52, 54.74, 90.09, 114.95, 0.49, 2.13, 6.42, 12.7, 22.66, 41.88, 92.34, 123.38, 0.46, 1.99, 5.34, 11.99, 24.31, 47.3, 94.44, 143.14, 0.54, 2.24, 5.47, 12.2, 26.94, 47.73, 77.59, 124.21, 0.41, 1.84, 6.85, 12.76, 26.77, 49.49, 94.95, 109.41, 0.59, 2.01, 5.59, 13.08, 26.72, 58.02, 90.38, 115.4, 0.48, 1.93, 5.78, 11.65, 27.72, 44.77, 92.34, 128.09, 0.56, 1.85, 5.7, 12.65, 26.57, 46.81, 83.21, 142.37, 0.58, 1.86, 5.96, 10.06, 25.41, 56.4, 81.5, 111, 0.47, 1.87, 4.9, 12.62, 20.59, 47.88, 101.86, 117.65, 0.55, 1.99, 5.62, 12.8, 22.98, 57.31, 95.82, 130.68, 0.51, 1.48, 5.23, 11.5, 24.58, 37.98, 105.69, 112.96, 0.46, 1.71, 5.19, 12.07, 25.25, 38.92, 86.83, 126.6, 0.48, 2.48, 6.8, 12.74, 24.01, 49.36, 89.46, 127.78, 0.58, 2.23, 5.53, 10.21, 23.74, 50.16, 105.18, 109.89, 0.52, 2.05, 6.76, 11.97, 23.16, 42.8, 91.16, 115.73, 0.63, 2.55, 5.9, 10.81, 19.7, 50.54, 86.08, 150.8, 0.46, 2.02, 8.78, 10.74, 24.75, 42.97, 99.4, 109.97, 0.5, 1.94, 5.33, 12.01, 26.5, 56.29, 83.69, 117.04, 0.56, 1.79, 4.66, 10.93, 21.79, 48.23, 92.2, 122.81, 0.48, 2.08, 5.78, 13.52, 22.29, 49.42, 87.87, 122.52, 0.5, 1.69, 5.91, 13.5, 25.69, 48.69, 85.21, 134.88, 0.5, 1.91, 7.07, 11.11, 24.74, 54.56, 101.96, 116.37)
