TABLE NO.     1: First Order Conditional Estimation with Interaction: Problem=1 Subproblem=0 Superproblem1=0 Iteration1=0 Superproblem2=0 Iteration2=0
 NAME         THETA1       THETA2       THETA3       THETA4       THETA5       THETA6       THETA7       THETA8       THETA9       SIGMA(1,1)   SIGMA(2,1)   SIGMA(2,2)   OMEGA(1,1)   OMEGA(2,1)   OMEGA(2,2)   OMEGA(3,1)   OMEGA(3,2)   OMEGA(3,3)   OMEGA(4,1)   OMEGA(4,2)   OMEGA(4,3)   OMEGA(4,4)
 THETA1        1.95400E+03  7.46792E-01  2.19276E-01  1.16579E-01  5.18729E-01 -3.20206E-01  4.80528E-01  0.00000E+00  0.00000E+00 -4.27947E-01  0.00000E+00  2.91317E-01  2.63096E-01  0.00000E+00 -5.15210E-01  0.00000E+00  0.00000E+00  4.89845E-01  0.00000E+00  0.00000E+00  0.00000E+00 -5.20676E-01
 THETA2        7.46792E-01  9.74584E+01  5.76366E-01  4.61938E-01 -8.14428E-02 -1.56526E-01  5.65940E-01  0.00000E+00  0.00000E+00 -4.80889E-01  0.00000E+00  3.74965E-01  3.84095E-01  0.00000E+00 -4.12837E-01  0.00000E+00  0.00000E+00  1.19223E-01  0.00000E+00  0.00000E+00  0.00000E+00 -5.33814E-01
 THETA3        2.19276E-01  5.76366E-01  4.48908E+00  9.45952E-01 -3.78818E-01  2.51436E-01  7.83993E-01  0.00000E+00  0.00000E+00 -3.27457E-01  0.00000E+00  2.89050E-01  3.71139E-01  0.00000E+00 -2.03794E-01  0.00000E+00  0.00000E+00 -3.37530E-01  0.00000E+00  0.00000E+00  0.00000E+00 -3.35167E-01
 THETA4        1.16579E-01  4.61938E-01  9.45952E-01  9.19936E-02 -4.14643E-01  5.14184E-01  8.35018E-01  0.00000E+00  0.00000E+00 -2.59560E-01  0.00000E+00  2.50245E-01  3.77108E-01  0.00000E+00 -1.57459E-01  0.00000E+00  0.00000E+00 -4.71819E-01  0.00000E+00  0.00000E+00  0.00000E+00 -2.55432E-01
 THETA5        5.18729E-01 -8.14428E-02 -3.78818E-01 -4.14643E-01  5.00435E-01 -3.28738E-01  3.58174E-02  0.00000E+00  0.00000E+00  2.61069E-02  0.00000E+00 -1.37999E-01 -1.02113E-01  0.00000E+00 -3.54111E-01  0.00000E+00  0.00000E+00  5.77010E-01  0.00000E+00  0.00000E+00  0.00000E+00 -8.42676E-02
 THETA6       -3.20206E-01 -1.56526E-01  2.51436E-01  5.14184E-01 -3.28738E-01  3.29779E-01  4.71345E-01  0.00000E+00  0.00000E+00  1.07029E-01  0.00000E+00 -3.91848E-02  2.05580E-01  0.00000E+00  5.46612E-02  0.00000E+00  0.00000E+00 -5.35028E-01  0.00000E+00  0.00000E+00  0.00000E+00  1.26424E-01
 THETA7        4.80528E-01  5.65940E-01  7.83993E-01  8.35018E-01  3.58174E-02  4.71345E-01  1.15607E-01  0.00000E+00  0.00000E+00 -3.24202E-01  0.00000E+00  2.69751E-01  4.12788E-01  0.00000E+00 -4.17526E-01  0.00000E+00  0.00000E+00 -1.59589E-01  0.00000E+00  0.00000E+00  0.00000E+00 -3.72549E-01
 THETA8        0.00000E+00  0.00000E+00  0.00000E+00  0.00000E+00  0.00000E+00  0.00000E+00  0.00000E+00  0.00000E+00  0.00000E+00  0.00000E+00  0.00000E+00  0.00000E+00  0.00000E+00  0.00000E+00  0.00000E+00  0.00000E+00  0.00000E+00  0.00000E+00  0.00000E+00  0.00000E+00  0.00000E+00  0.00000E+00
 THETA9        0.00000E+00  0.00000E+00  0.00000E+00  0.00000E+00  0.00000E+00  0.00000E+00  0.00000E+00  0.00000E+00  0.00000E+00  0.00000E+00  0.00000E+00  0.00000E+00  0.00000E+00  0.00000E+00  0.00000E+00  0.00000E+00  0.00000E+00  0.00000E+00  0.00000E+00  0.00000E+00  0.00000E+00  0.00000E+00
 SIGMA(1,1)   -4.27947E-01 -4.80889E-01 -3.27457E-01 -2.59560E-01  2.61069E-02  1.07029E-01 -3.24202E-01  0.00000E+00  0.00000E+00  1.01863E+01  0.00000E+00 -9.51673E-01 -6.15975E-01  0.00000E+00  4.32559E-01  0.00000E+00  0.00000E+00 -1.68424E-01  0.00000E+00  0.00000E+00  0.00000E+00  9.56438E-01
 SIGMA(2,1)    0.00000E+00  0.00000E+00  0.00000E+00  0.00000E+00  0.00000E+00  0.00000E+00  0.00000E+00  0.00000E+00  0.00000E+00  0.00000E+00  0.00000E+00  0.00000E+00  0.00000E+00  0.00000E+00  0.00000E+00  0.00000E+00  0.00000E+00  0.00000E+00  0.00000E+00  0.00000E+00  0.00000E+00  0.00000E+00
 SIGMA(2,2)    2.91317E-01  3.74965E-01  2.89050E-01  2.50245E-01 -1.37999E-01 -3.91848E-02  2.69751E-01  0.00000E+00  0.00000E+00 -9.51673E-01  0.00000E+00  6.85019E-05  4.61086E-01  0.00000E+00 -2.33565E-01  0.00000E+00  0.00000E+00  6.27165E-02  0.00000E+00  0.00000E+00  0.00000E+00 -8.24268E-01
 OMEGA(1,1)    2.63096E-01  3.84095E-01  3.71139E-01  3.77108E-01 -1.02113E-01  2.05580E-01  4.12788E-01  0.00000E+00  0.00000E+00 -6.15975E-01  0.00000E+00  4.61086E-01  9.98011E-02  0.00000E+00 -4.65906E-01  0.00000E+00  0.00000E+00 -1.20779E-01  0.00000E+00  0.00000E+00  0.00000E+00 -7.42478E-01
 OMEGA(2,1)    0.00000E+00  0.00000E+00  0.00000E+00  0.00000E+00  0.00000E+00  0.00000E+00  0.00000E+00  0.00000E+00  0.00000E+00  0.00000E+00  0.00000E+00  0.00000E+00  0.00000E+00  0.00000E+00  0.00000E+00  0.00000E+00  0.00000E+00  0.00000E+00  0.00000E+00  0.00000E+00  0.00000E+00  0.00000E+00
 OMEGA(2,2)   -5.15210E-01 -4.12837E-01 -2.03794E-01 -1.57459E-01 -3.54111E-01  5.46612E-02 -4.17526E-01  0.00000E+00  0.00000E+00  4.32559E-01  0.00000E+00 -2.33565E-01 -4.65906E-01  0.00000E+00  2.94345E-02  0.00000E+00  0.00000E+00 -2.01171E-01  0.00000E+00  0.00000E+00  0.00000E+00  6.02229E-01
 OMEGA(3,1)    0.00000E+00  0.00000E+00  0.00000E+00  0.00000E+00  0.00000E+00  0.00000E+00  0.00000E+00  0.00000E+00  0.00000E+00  0.00000E+00  0.00000E+00  0.00000E+00  0.00000E+00  0.00000E+00  0.00000E+00  0.00000E+00  0.00000E+00  0.00000E+00  0.00000E+00  0.00000E+00  0.00000E+00  0.00000E+00
 OMEGA(3,2)    0.00000E+00  0.00000E+00  0.00000E+00  0.00000E+00  0.00000E+00  0.00000E+00  0.00000E+00  0.00000E+00  0.00000E+00  0.00000E+00  0.00000E+00  0.00000E+00  0.00000E+00  0.00000E+00  0.00000E+00  0.00000E+00  0.00000E+00  0.00000E+00  0.00000E+00  0.00000E+00  0.00000E+00  0.00000E+00
 OMEGA(3,3)    4.89845E-01  1.19223E-01 -3.37530E-01 -4.71819E-01  5.77010E-01 -5.35028E-01 -1.59589E-01  0.00000E+00  0.00000E+00 -1.68424E-01  0.00000E+00  6.27165E-02 -1.20779E-01  0.00000E+00 -2.01171E-01  0.00000E+00  0.00000E+00  7.03923E-02  0.00000E+00  0.00000E+00  0.00000E+00 -2.44242E-01
 OMEGA(4,1)    0.00000E+00  0.00000E+00  0.00000E+00  0.00000E+00  0.00000E+00  0.00000E+00  0.00000E+00  0.00000E+00  0.00000E+00  0.00000E+00  0.00000E+00  0.00000E+00  0.00000E+00  0.00000E+00  0.00000E+00  0.00000E+00  0.00000E+00  0.00000E+00  0.00000E+00  0.00000E+00  0.00000E+00  0.00000E+00
 OMEGA(4,2)    0.00000E+00  0.00000E+00  0.00000E+00  0.00000E+00  0.00000E+00  0.00000E+00  0.00000E+00  0.00000E+00  0.00000E+00  0.00000E+00  0.00000E+00  0.00000E+00  0.00000E+00  0.00000E+00  0.00000E+00  0.00000E+00  0.00000E+00  0.00000E+00  0.00000E+00  0.00000E+00  0.00000E+00  0.00000E+00
 OMEGA(4,3)    0.00000E+00  0.00000E+00  0.00000E+00  0.00000E+00  0.00000E+00  0.00000E+00  0.00000E+00  0.00000E+00  0.00000E+00  0.00000E+00  0.00000E+00  0.00000E+00  0.00000E+00  0.00000E+00  0.00000E+00  0.00000E+00  0.00000E+00  0.00000E+00  0.00000E+00  0.00000E+00  0.00000E+00  0.00000E+00
 OMEGA(4,4)   -5.20676E-01 -5.33814E-01 -3.35167E-01 -2.55432E-01 -8.42676E-02  1.26424E-01 -3.72549E-01  0.00000E+00  0.00000E+00  9.56438E-01  0.00000E+00 -8.24268E-01 -7.42478E-01  0.00000E+00  6.02229E-01  0.00000E+00  0.00000E+00 -2.44242E-01  0.00000E+00  0.00000E+00  0.00000E+00  4.38955E-05
