TABLE NO.     1: First Order Conditional Estimation with Interaction: Problem=1 Subproblem=0 Superproblem1=0 Iteration1=0 Superproblem2=0 Iteration2=0
 NAME         THETA1       THETA2       THETA3       THETA4       THETA5       THETA6       THETA7       THETA8       THETA9       SIGMA(1,1)   SIGMA(2,1)   SIGMA(2,2)   OMEGA(1,1)   OMEGA(2,1)   OMEGA(2,2)   OMEGA(3,1)   OMEGA(3,2)   OMEGA(3,3)   OMEGA(4,1)   OMEGA(4,2)   OMEGA(4,3)   OMEGA(4,4)
 THETA1        8.21278E-01 -2.20844E+01  9.21236E+02 -1.36723E+04 -8.80402E+02  6.81108E+03 -2.32780E+04 -4.88699E+11  3.19518E+10  2.58798E+02  0.00000E+00  2.24713E+07 -1.22886E+04  0.00000E+00  9.00713E+03  0.00000E+00  0.00000E+00  9.27794E+02  0.00000E+00  0.00000E+00  0.00000E+00 -5.77019E+07
 THETA2       -2.20844E+01  6.20138E+02 -2.49174E+04  3.82816E+05  2.32478E+04 -1.83556E+05  6.17591E+05  1.25058E+13 -8.25217E+11 -7.13129E+03  0.00000E+00 -6.21068E+08  3.49986E+05  0.00000E+00 -2.65904E+05  0.00000E+00  0.00000E+00 -2.69922E+04  0.00000E+00  0.00000E+00  0.00000E+00  1.65912E+09
 THETA3        9.21236E+02 -2.49174E+04  1.03457E+06 -1.54176E+07 -9.85918E+05  7.64540E+06 -2.60797E+07 -5.45362E+14  3.56936E+13  2.83149E+05  0.00000E+00  2.46066E+10 -1.35222E+07  0.00000E+00  9.89230E+06  0.00000E+00  0.00000E+00  1.02513E+06  0.00000E+00  0.00000E+00  0.00000E+00 -6.33414E+10
 THETA4       -1.36723E+04  3.82816E+05 -1.54176E+07  2.36384E+08  1.44059E+07 -1.13602E+08  3.82605E+08  7.76456E+15 -5.12057E+14 -4.48994E+06  0.00000E+00 -3.90934E+11  2.20216E+08  0.00000E+00 -1.67743E+08  0.00000E+00  0.00000E+00 -1.69589E+07  0.00000E+00  0.00000E+00  0.00000E+00  1.04553E+12
 THETA5       -8.80402E+02  2.32478E+04 -9.85918E+05  1.44059E+07  9.52013E+05 -7.30030E+06  2.51151E+07  5.35417E+14 -3.48751E+13 -2.63322E+05  0.00000E+00 -2.28442E+10  1.23060E+07  0.00000E+00 -8.76730E+06  0.00000E+00  0.00000E+00 -9.22438E+05  0.00000E+00  0.00000E+00  0.00000E+00  5.72400E+10
 THETA6        6.81108E+03 -1.83556E+05  7.64540E+06 -1.13602E+08 -7.30030E+06  5.65161E+07 -1.93034E+08 -4.04841E+15  2.64771E+14  2.08685E+06  0.00000E+00  1.81310E+11 -9.93703E+07  0.00000E+00  7.24340E+07  0.00000E+00  0.00000E+00  7.51915E+06  0.00000E+00  0.00000E+00  0.00000E+00 -4.65004E+11
 THETA7       -2.32780E+04  6.17591E+05 -2.60797E+07  3.82605E+08  2.51151E+07 -1.93034E+08  6.62970E+08  1.40785E+16 -9.17895E+14 -6.97690E+06  0.00000E+00 -6.05557E+11  3.27926E+08  0.00000E+00 -2.34627E+08  0.00000E+00  0.00000E+00 -2.46106E+07  0.00000E+00  0.00000E+00  0.00000E+00  1.52583E+12
 THETA8       -4.88699E+11  1.25058E+13 -5.45362E+14  7.76456E+15  5.35417E+14 -4.04841E+15  1.40785E+16  3.07340E+23 -1.99032E+22 -1.35936E+14  0.00000E+00 -1.17732E+19  6.18509E+15  0.00000E+00 -4.18036E+15  0.00000E+00  0.00000E+00 -4.54886E+14  0.00000E+00  0.00000E+00  0.00000E+00  2.82592E+19
 THETA9        3.19518E+10 -8.25217E+11  3.56936E+13 -5.12057E+14 -3.48751E+13  2.64771E+14 -9.17895E+14 -1.99032E+22  1.29104E+21  9.03214E+12  0.00000E+00  7.82735E+17 -4.14529E+14  0.00000E+00  2.84324E+14  0.00000E+00  0.00000E+00  3.06596E+13  0.00000E+00  0.00000E+00  0.00000E+00 -1.90251E+18
 SIGMA(1,1)    2.58798E+02 -7.13129E+03  2.83149E+05 -4.48994E+06 -2.63322E+05  2.08685E+06 -6.97690E+06 -1.35936E+14  9.03214E+12  2.01982E+06  0.00000E+00  1.72681E+11 -8.74789E+07  0.00000E+00  8.35628E+07  0.00000E+00  0.00000E+00  7.05914E+06  0.00000E+00  0.00000E+00  0.00000E+00 -4.88669E+11
 SIGMA(2,1)    0.00000E+00  0.00000E+00  0.00000E+00  0.00000E+00  0.00000E+00  0.00000E+00  0.00000E+00  0.00000E+00  0.00000E+00  0.00000E+00  0.00000E+00  0.00000E+00  0.00000E+00  0.00000E+00  0.00000E+00  0.00000E+00  0.00000E+00  0.00000E+00  0.00000E+00  0.00000E+00  0.00000E+00  0.00000E+00
 SIGMA(2,2)    2.24713E+07 -6.21068E+08  2.46066E+10 -3.90934E+11 -2.28442E+10  1.81310E+11 -6.05557E+11 -1.17732E+19  7.82735E+17  1.72681E+11  0.00000E+00  1.47776E+16 -7.57075E+12  0.00000E+00  7.23232E+12  0.00000E+00  0.00000E+00  6.11035E+11  0.00000E+00  0.00000E+00  0.00000E+00 -4.21573E+16
 OMEGA(1,1)   -1.22886E+04  3.49986E+05 -1.35222E+07  2.20216E+08  1.23060E+07 -9.93703E+07  3.27926E+08  6.18509E+15 -4.14529E+14 -8.74789E+07  0.00000E+00 -7.57075E+12  4.37312E+09  0.00000E+00 -4.18352E+09  0.00000E+00  0.00000E+00 -3.53536E+08  0.00000E+00  0.00000E+00  0.00000E+00  2.35837E+13
 OMEGA(2,1)    0.00000E+00  0.00000E+00  0.00000E+00  0.00000E+00  0.00000E+00  0.00000E+00  0.00000E+00  0.00000E+00  0.00000E+00  0.00000E+00  0.00000E+00  0.00000E+00  0.00000E+00  0.00000E+00  0.00000E+00  0.00000E+00  0.00000E+00  0.00000E+00  0.00000E+00  0.00000E+00  0.00000E+00  0.00000E+00
 OMEGA(2,2)    9.00713E+03 -2.65904E+05  9.89230E+06 -1.67743E+08 -8.76730E+06  7.24340E+07 -2.34627E+08 -4.18036E+15  2.84324E+14  8.35628E+07  0.00000E+00  7.23232E+12 -4.18352E+09  0.00000E+00  4.01327E+09  0.00000E+00  0.00000E+00  3.38649E+08  0.00000E+00  0.00000E+00  0.00000E+00 -2.25920E+13
 OMEGA(3,1)    0.00000E+00  0.00000E+00  0.00000E+00  0.00000E+00  0.00000E+00  0.00000E+00  0.00000E+00  0.00000E+00  0.00000E+00  0.00000E+00  0.00000E+00  0.00000E+00  0.00000E+00  0.00000E+00  0.00000E+00  0.00000E+00  0.00000E+00  0.00000E+00  0.00000E+00  0.00000E+00  0.00000E+00  0.00000E+00
 OMEGA(3,2)    0.00000E+00  0.00000E+00  0.00000E+00  0.00000E+00  0.00000E+00  0.00000E+00  0.00000E+00  0.00000E+00  0.00000E+00  0.00000E+00  0.00000E+00  0.00000E+00  0.00000E+00  0.00000E+00  0.00000E+00  0.00000E+00  0.00000E+00  0.00000E+00  0.00000E+00  0.00000E+00  0.00000E+00  0.00000E+00
 OMEGA(3,3)    9.27794E+02 -2.69922E+04  1.02513E+06 -1.69589E+07 -9.22438E+05  7.51915E+06 -2.46106E+07 -4.54886E+14  3.06596E+13  7.05914E+06  0.00000E+00  6.11035E+11 -3.53536E+08  0.00000E+00  3.38649E+08  0.00000E+00  0.00000E+00  2.86205E+07  0.00000E+00  0.00000E+00  0.00000E+00 -1.90741E+12
 OMEGA(4,1)    0.00000E+00  0.00000E+00  0.00000E+00  0.00000E+00  0.00000E+00  0.00000E+00  0.00000E+00  0.00000E+00  0.00000E+00  0.00000E+00  0.00000E+00  0.00000E+00  0.00000E+00  0.00000E+00  0.00000E+00  0.00000E+00  0.00000E+00  0.00000E+00  0.00000E+00  0.00000E+00  0.00000E+00  0.00000E+00
 OMEGA(4,2)    0.00000E+00  0.00000E+00  0.00000E+00  0.00000E+00  0.00000E+00  0.00000E+00  0.00000E+00  0.00000E+00  0.00000E+00  0.00000E+00  0.00000E+00  0.00000E+00  0.00000E+00  0.00000E+00  0.00000E+00  0.00000E+00  0.00000E+00  0.00000E+00  0.00000E+00  0.00000E+00  0.00000E+00  0.00000E+00
 OMEGA(4,3)    0.00000E+00  0.00000E+00  0.00000E+00  0.00000E+00  0.00000E+00  0.00000E+00  0.00000E+00  0.00000E+00  0.00000E+00  0.00000E+00  0.00000E+00  0.00000E+00  0.00000E+00  0.00000E+00  0.00000E+00  0.00000E+00  0.00000E+00  0.00000E+00  0.00000E+00  0.00000E+00  0.00000E+00  0.00000E+00
 OMEGA(4,4)   -5.77019E+07  1.65912E+09 -6.33414E+10  1.04553E+12  5.72400E+10 -4.65004E+11  1.52583E+12  2.82592E+19 -1.90251E+18 -4.88669E+11  0.00000E+00 -4.21573E+16  2.35837E+13  0.00000E+00 -2.25920E+13  0.00000E+00  0.00000E+00 -1.90741E+12  0.00000E+00  0.00000E+00  0.00000E+00  1.28381E+17
