TABLE NO.     1: First Order Conditional Estimation with Interaction: Problem=1 Subproblem=0 Superproblem1=0 Iteration1=0 Superproblem2=0 Iteration2=0
 NAME         THETA1       THETA2       THETA3       THETA4       THETA5       THETA6       THETA7       THETA8       THETA9       SIGMA(1,1)   SIGMA(2,1)   SIGMA(2,2)   OMEGA(1,1)   OMEGA(2,1)   OMEGA(2,2)   OMEGA(3,1)   OMEGA(3,2)   OMEGA(3,3)   OMEGA(4,1)   OMEGA(4,2)   OMEGA(4,3)   OMEGA(4,4)
 THETA1        2.82442E-06 -2.55114E-05  2.39407E-04  2.19565E-02 -2.11703E-04  7.14862E-03 -4.33532E-02  0.00000E+00  0.00000E+00 -3.84459E-07  0.00000E+00 -2.75288E-02 -2.89527E-03  0.00000E+00 -2.58451E-03  0.00000E+00  0.00000E+00 -2.72164E-03  0.00000E+00  0.00000E+00  0.00000E+00 -6.66082E-03
 THETA2       -2.55114E-05  8.03814E-04  1.22953E-02  2.44658E-02  1.58677E-01  1.06335E-01 -7.07094E-01  0.00000E+00  0.00000E+00  8.40237E-06  0.00000E+00  5.06611E-01 -2.98723E-02  0.00000E+00 -9.56210E-02  0.00000E+00  0.00000E+00 -8.70485E-02  0.00000E+00  0.00000E+00  0.00000E+00  9.22780E-02
 THETA3        2.39407E-04  1.22953E-02  2.03685E+00 -7.41082E+01  3.69583E+00  1.26656E+01 -3.93970E+01  0.00000E+00  0.00000E+00  2.99120E-04  0.00000E+00  2.00987E+00  1.59153E+00  0.00000E+00 -4.68212E+00  0.00000E+00  0.00000E+00 -1.12855E+00  0.00000E+00  0.00000E+00  0.00000E+00 -6.59826E+00
 THETA4        2.19565E-02  2.44658E-02 -7.41082E+01  5.85397E+03  1.85869E+02 -2.02969E+02 -1.46716E+03  0.00000E+00  0.00000E+00 -4.79154E-03  0.00000E+00  6.13883E+01 -3.38654E+02  0.00000E+00  3.46207E+01  0.00000E+00  0.00000E+00  2.81297E+02  0.00000E+00  0.00000E+00  0.00000E+00  2.63613E+02
 THETA5       -2.11703E-04  1.58677E-01  3.69583E+00  1.85869E+02  6.43578E+01  5.15368E+01 -3.75956E+02  0.00000E+00  0.00000E+00  1.98652E-03  0.00000E+00  8.76611E+01 -5.24930E+00  0.00000E+00 -6.82388E+01  0.00000E+00  0.00000E+00 -7.96525E+00  0.00000E+00  0.00000E+00  0.00000E+00  1.89177E+01
 THETA6        7.14862E-03  1.06335E-01  1.26656E+01 -2.02969E+02  5.15368E+01  1.22447E+02 -5.37549E+02  0.00000E+00  0.00000E+00  2.97956E-03  0.00000E+00  4.03342E+00  9.70148E+00  0.00000E+00 -4.75442E+01  0.00000E+00  0.00000E+00 -2.34728E+01  0.00000E+00  0.00000E+00  0.00000E+00 -4.35271E+01
 THETA7       -4.33532E-02 -7.07094E-01 -3.93970E+01 -1.46716E+03 -3.75956E+02 -5.37549E+02  3.71058E+03  0.00000E+00  0.00000E+00 -1.25711E-02  0.00000E+00 -8.87703E+01  1.80905E+02  0.00000E+00  3.32374E+02  0.00000E+00  0.00000E+00 -2.27891E+01  0.00000E+00  0.00000E+00  0.00000E+00  1.02998E+02
 THETA8        0.00000E+00  0.00000E+00  0.00000E+00  0.00000E+00  0.00000E+00  0.00000E+00  0.00000E+00  0.00000E+00  0.00000E+00  0.00000E+00  0.00000E+00  0.00000E+00  0.00000E+00  0.00000E+00  0.00000E+00  0.00000E+00  0.00000E+00  0.00000E+00  0.00000E+00  0.00000E+00  0.00000E+00  0.00000E+00
 THETA9        0.00000E+00  0.00000E+00  0.00000E+00  0.00000E+00  0.00000E+00  0.00000E+00  0.00000E+00  0.00000E+00  0.00000E+00  0.00000E+00  0.00000E+00  0.00000E+00  0.00000E+00  0.00000E+00  0.00000E+00  0.00000E+00  0.00000E+00  0.00000E+00  0.00000E+00  0.00000E+00  0.00000E+00  0.00000E+00
 SIGMA(1,1)   -3.84459E-07  8.40237E-06  2.99120E-04 -4.79154E-03  1.98652E-03  2.97956E-03 -1.25711E-02  0.00000E+00  0.00000E+00  2.16947E-06  0.00000E+00  2.66411E-02 -3.26841E-03  0.00000E+00 -2.72832E-03  0.00000E+00  0.00000E+00 -2.20957E-03  0.00000E+00  0.00000E+00  0.00000E+00  1.75035E-03
 SIGMA(2,1)    0.00000E+00  0.00000E+00  0.00000E+00  0.00000E+00  0.00000E+00  0.00000E+00  0.00000E+00  0.00000E+00  0.00000E+00  0.00000E+00  0.00000E+00  0.00000E+00  0.00000E+00  0.00000E+00  0.00000E+00  0.00000E+00  0.00000E+00  0.00000E+00  0.00000E+00  0.00000E+00  0.00000E+00  0.00000E+00
 SIGMA(2,2)   -2.75288E-02  5.06611E-01  2.00987E+00  6.13883E+01  8.76611E+01  4.03342E+00 -8.87703E+01  0.00000E+00  0.00000E+00  2.66411E-02  0.00000E+00  1.96394E+03  1.88647E+01  0.00000E+00  9.73343E+01  0.00000E+00  0.00000E+00 -2.09457E+01  0.00000E+00  0.00000E+00  0.00000E+00  1.68840E+02
 OMEGA(1,1)   -2.89527E-03 -2.98723E-02  1.59153E+00 -3.38654E+02 -5.24930E+00  9.70148E+00  1.80905E+02  0.00000E+00  0.00000E+00 -3.26841E-03  0.00000E+00  1.88647E+01  2.14717E+02  0.00000E+00  9.26992E+01  0.00000E+00  0.00000E+00 -2.40934E+01  0.00000E+00  0.00000E+00  0.00000E+00  5.64384E-01
 OMEGA(2,1)    0.00000E+00  0.00000E+00  0.00000E+00  0.00000E+00  0.00000E+00  0.00000E+00  0.00000E+00  0.00000E+00  0.00000E+00  0.00000E+00  0.00000E+00  0.00000E+00  0.00000E+00  0.00000E+00  0.00000E+00  0.00000E+00  0.00000E+00  0.00000E+00  0.00000E+00  0.00000E+00  0.00000E+00  0.00000E+00
 OMEGA(2,2)   -2.58451E-03 -9.56210E-02 -4.68212E+00  3.46207E+01 -6.82388E+01 -4.75442E+01  3.32374E+02  0.00000E+00  0.00000E+00 -2.72832E-03  0.00000E+00  9.73343E+01  9.26992E+01  0.00000E+00  1.11695E+03  0.00000E+00  0.00000E+00  3.63080E+01  0.00000E+00  0.00000E+00  0.00000E+00 -1.16380E+02
 OMEGA(3,1)    0.00000E+00  0.00000E+00  0.00000E+00  0.00000E+00  0.00000E+00  0.00000E+00  0.00000E+00  0.00000E+00  0.00000E+00  0.00000E+00  0.00000E+00  0.00000E+00  0.00000E+00  0.00000E+00  0.00000E+00  0.00000E+00  0.00000E+00  0.00000E+00  0.00000E+00  0.00000E+00  0.00000E+00  0.00000E+00
 OMEGA(3,2)    0.00000E+00  0.00000E+00  0.00000E+00  0.00000E+00  0.00000E+00  0.00000E+00  0.00000E+00  0.00000E+00  0.00000E+00  0.00000E+00  0.00000E+00  0.00000E+00  0.00000E+00  0.00000E+00  0.00000E+00  0.00000E+00  0.00000E+00  0.00000E+00  0.00000E+00  0.00000E+00  0.00000E+00  0.00000E+00
 OMEGA(3,3)   -2.72164E-03 -8.70485E-02 -1.12855E+00  2.81297E+02 -7.96525E+00 -2.34728E+01 -2.27891E+01  0.00000E+00  0.00000E+00 -2.20957E-03  0.00000E+00 -2.09457E+01 -2.40934E+01  0.00000E+00  3.63080E+01  0.00000E+00  0.00000E+00  3.84197E+02  0.00000E+00  0.00000E+00  0.00000E+00  1.55884E+02
 OMEGA(4,1)    0.00000E+00  0.00000E+00  0.00000E+00  0.00000E+00  0.00000E+00  0.00000E+00  0.00000E+00  0.00000E+00  0.00000E+00  0.00000E+00  0.00000E+00  0.00000E+00  0.00000E+00  0.00000E+00  0.00000E+00  0.00000E+00  0.00000E+00  0.00000E+00  0.00000E+00  0.00000E+00  0.00000E+00  0.00000E+00
 OMEGA(4,2)    0.00000E+00  0.00000E+00  0.00000E+00  0.00000E+00  0.00000E+00  0.00000E+00  0.00000E+00  0.00000E+00  0.00000E+00  0.00000E+00  0.00000E+00  0.00000E+00  0.00000E+00  0.00000E+00  0.00000E+00  0.00000E+00  0.00000E+00  0.00000E+00  0.00000E+00  0.00000E+00  0.00000E+00  0.00000E+00
 OMEGA(4,3)    0.00000E+00  0.00000E+00  0.00000E+00  0.00000E+00  0.00000E+00  0.00000E+00  0.00000E+00  0.00000E+00  0.00000E+00  0.00000E+00  0.00000E+00  0.00000E+00  0.00000E+00  0.00000E+00  0.00000E+00  0.00000E+00  0.00000E+00  0.00000E+00  0.00000E+00  0.00000E+00  0.00000E+00  0.00000E+00
 OMEGA(4,4)   -6.66082E-03  9.22780E-02 -6.59826E+00  2.63613E+02  1.89177E+01 -4.35271E+01  1.02998E+02  0.00000E+00  0.00000E+00  1.75035E-03  0.00000E+00  1.68840E+02  5.64384E-01  0.00000E+00 -1.16380E+02  0.00000E+00  0.00000E+00  1.55884E+02  0.00000E+00  0.00000E+00  0.00000E+00  4.14922E+02
