TABLE NO.     1: First Order Conditional Estimation with Interaction: Problem=1 Subproblem=0 Superproblem1=0 Iteration1=0 Superproblem2=0 Iteration2=0
 NAME         THETA1       THETA2       THETA3       THETA4       THETA5       THETA6       THETA7       THETA8       THETA9       SIGMA(1,1)   SIGMA(2,1)   SIGMA(2,2)   OMEGA(1,1)   OMEGA(2,1)   OMEGA(2,2)   OMEGA(3,1)   OMEGA(3,2)   OMEGA(3,3)   OMEGA(4,1)   OMEGA(4,2)   OMEGA(4,3)   OMEGA(4,4)
 THETA1        8.45089E+03  9.79487E-01  9.37548E-01  9.25479E-01 -7.82338E-01  4.31711E-01  9.58005E-01  9.83455E-01  9.83884E-01  9.90821E-01  0.00000E+00 -9.90883E-01  9.92368E-01  0.00000E+00 -9.78564E-01  0.00000E+00  0.00000E+00 -5.91836E-01  0.00000E+00  0.00000E+00  0.00000E+00 -9.91185E-01
 THETA2        9.79487E-01  6.21536E+02  9.76099E-01  9.67591E-01 -8.86106E-01  5.12373E-01  9.71165E-01  9.92323E-01  9.88892E-01  9.92323E-01  0.00000E+00 -9.92363E-01  9.93530E-01  0.00000E+00 -9.72242E-01  0.00000E+00  0.00000E+00 -7.01920E-01  0.00000E+00  0.00000E+00  0.00000E+00 -9.92543E-01
 THETA3        9.37548E-01  9.76099E-01  2.00515E+01  9.96999E-01 -9.13611E-01  6.07007E-01  9.82828E-01  9.45189E-01  9.37196E-01  9.58073E-01  0.00000E+00 -9.58090E-01  9.55188E-01  0.00000E+00 -9.36815E-01  0.00000E+00  0.00000E+00 -7.76503E-01  0.00000E+00  0.00000E+00  0.00000E+00 -9.58119E-01
 THETA4        9.25479E-01  9.67591E-01  9.96999E-01  3.95451E-01 -9.17237E-01  6.59471E-01  9.84528E-01  9.32151E-01  9.23296E-01  9.47590E-01  0.00000E+00 -9.47593E-01  9.44330E-01  0.00000E+00 -9.24740E-01  0.00000E+00  0.00000E+00 -7.97664E-01  0.00000E+00  0.00000E+00  0.00000E+00 -9.47547E-01
 THETA5       -7.82338E-01 -8.86106E-01 -9.13611E-01 -9.17237E-01  1.39252E+00 -6.38724E-01 -8.49899E-01 -8.44858E-01 -8.31565E-01 -8.39825E-01  0.00000E+00  8.39856E-01 -8.44617E-01  0.00000E+00  7.98710E-01  0.00000E+00  0.00000E+00  8.51073E-01  0.00000E+00  0.00000E+00  0.00000E+00  8.39948E-01
 THETA6        4.31711E-01  5.12373E-01  6.07007E-01  6.59471E-01 -6.38724E-01  4.55884E-01  6.37066E-01  4.25473E-01  4.08267E-01  4.68315E-01  0.00000E+00 -4.68150E-01  4.62255E-01  0.00000E+00 -4.37329E-01  0.00000E+00  0.00000E+00 -7.11482E-01  0.00000E+00  0.00000E+00  0.00000E+00 -4.67232E-01
 THETA7        9.58005E-01  9.71165E-01  9.82828E-01  9.84528E-01 -8.49899E-01  6.37066E-01  4.89723E-01  9.45976E-01  9.40658E-01  9.63235E-01  0.00000E+00 -9.63238E-01  9.58285E-01  0.00000E+00 -9.48840E-01  0.00000E+00  0.00000E+00 -7.21636E-01  0.00000E+00  0.00000E+00  0.00000E+00 -9.63209E-01
 THETA8        9.83455E-01  9.92323E-01  9.45189E-01  9.32151E-01 -8.44858E-01  4.25473E-01  9.45976E-01  1.60378E-07  9.99641E-01  9.90915E-01  0.00000E+00 -9.90970E-01  9.92417E-01  0.00000E+00 -9.75014E-01  0.00000E+00  0.00000E+00 -6.41858E-01  0.00000E+00  0.00000E+00  0.00000E+00 -9.91236E-01
 THETA9        9.83884E-01  9.88892E-01  9.37196E-01  9.23296E-01 -8.31565E-01  4.08267E-01  9.40658E-01  9.99641E-01  2.56085E-06  9.89312E-01  0.00000E+00 -9.89369E-01  9.90751E-01  0.00000E+00 -9.74670E-01  0.00000E+00  0.00000E+00 -6.25674E-01  0.00000E+00  0.00000E+00  0.00000E+00 -9.89650E-01
 SIGMA(1,1)    9.90821E-01  9.92323E-01  9.58073E-01  9.47590E-01 -8.39825E-01  4.68315E-01  9.63235E-01  9.90915E-01  9.89312E-01  2.96580E+01  0.00000E+00 -9.99999E-01  9.95346E-01  0.00000E+00 -9.90579E-01  0.00000E+00  0.00000E+00 -6.62753E-01  0.00000E+00  0.00000E+00  0.00000E+00 -9.99957E-01
 SIGMA(2,1)    0.00000E+00  0.00000E+00  0.00000E+00  0.00000E+00  0.00000E+00  0.00000E+00  0.00000E+00  0.00000E+00  0.00000E+00  0.00000E+00  0.00000E+00  0.00000E+00  0.00000E+00  0.00000E+00  0.00000E+00  0.00000E+00  0.00000E+00  0.00000E+00  0.00000E+00  0.00000E+00  0.00000E+00  0.00000E+00
 SIGMA(2,2)   -9.90883E-01 -9.92363E-01 -9.58090E-01 -9.47593E-01  8.39856E-01 -4.68150E-01 -9.63238E-01 -9.90970E-01 -9.89369E-01 -9.99999E-01  0.00000E+00  4.51676E-04 -9.95409E-01  0.00000E+00  9.90537E-01  0.00000E+00  0.00000E+00  6.62620E-01  0.00000E+00  0.00000E+00  0.00000E+00  9.99970E-01
 OMEGA(1,1)    9.92368E-01  9.93530E-01  9.55188E-01  9.44330E-01 -8.44617E-01  4.62255E-01  9.58285E-01  9.92417E-01  9.90751E-01  9.95346E-01  0.00000E+00 -9.95409E-01  1.80657E-01  0.00000E+00 -9.74191E-01  0.00000E+00  0.00000E+00 -6.55960E-01  0.00000E+00  0.00000E+00  0.00000E+00 -9.95715E-01
 OMEGA(2,1)    0.00000E+00  0.00000E+00  0.00000E+00  0.00000E+00  0.00000E+00  0.00000E+00  0.00000E+00  0.00000E+00  0.00000E+00  0.00000E+00  0.00000E+00  0.00000E+00  0.00000E+00  0.00000E+00  0.00000E+00  0.00000E+00  0.00000E+00  0.00000E+00  0.00000E+00  0.00000E+00  0.00000E+00  0.00000E+00
 OMEGA(2,2)   -9.78564E-01 -9.72242E-01 -9.36815E-01 -9.24740E-01  7.98710E-01 -4.37329E-01 -9.48840E-01 -9.75014E-01 -9.74670E-01 -9.90579E-01  0.00000E+00  9.90537E-01 -9.74191E-01  0.00000E+00  1.30330E-01  0.00000E+00  0.00000E+00  6.18584E-01  0.00000E+00  0.00000E+00  0.00000E+00  9.90266E-01
 OMEGA(3,1)    0.00000E+00  0.00000E+00  0.00000E+00  0.00000E+00  0.00000E+00  0.00000E+00  0.00000E+00  0.00000E+00  0.00000E+00  0.00000E+00  0.00000E+00  0.00000E+00  0.00000E+00  0.00000E+00  0.00000E+00  0.00000E+00  0.00000E+00  0.00000E+00  0.00000E+00  0.00000E+00  0.00000E+00  0.00000E+00
 OMEGA(3,2)    0.00000E+00  0.00000E+00  0.00000E+00  0.00000E+00  0.00000E+00  0.00000E+00  0.00000E+00  0.00000E+00  0.00000E+00  0.00000E+00  0.00000E+00  0.00000E+00  0.00000E+00  0.00000E+00  0.00000E+00  0.00000E+00  0.00000E+00  0.00000E+00  0.00000E+00  0.00000E+00  0.00000E+00  0.00000E+00
 OMEGA(3,3)   -5.91836E-01 -7.01920E-01 -7.76503E-01 -7.97664E-01  8.51073E-01 -7.11482E-01 -7.21636E-01 -6.41858E-01 -6.25674E-01 -6.62753E-01  0.00000E+00  6.62620E-01 -6.55960E-01  0.00000E+00  6.18584E-01  0.00000E+00  0.00000E+00  1.11369E-01  0.00000E+00  0.00000E+00  0.00000E+00  6.61808E-01
 OMEGA(4,1)    0.00000E+00  0.00000E+00  0.00000E+00  0.00000E+00  0.00000E+00  0.00000E+00  0.00000E+00  0.00000E+00  0.00000E+00  0.00000E+00  0.00000E+00  0.00000E+00  0.00000E+00  0.00000E+00  0.00000E+00  0.00000E+00  0.00000E+00  0.00000E+00  0.00000E+00  0.00000E+00  0.00000E+00  0.00000E+00
 OMEGA(4,2)    0.00000E+00  0.00000E+00  0.00000E+00  0.00000E+00  0.00000E+00  0.00000E+00  0.00000E+00  0.00000E+00  0.00000E+00  0.00000E+00  0.00000E+00  0.00000E+00  0.00000E+00  0.00000E+00  0.00000E+00  0.00000E+00  0.00000E+00  0.00000E+00  0.00000E+00  0.00000E+00  0.00000E+00  0.00000E+00
 OMEGA(4,3)    0.00000E+00  0.00000E+00  0.00000E+00  0.00000E+00  0.00000E+00  0.00000E+00  0.00000E+00  0.00000E+00  0.00000E+00  0.00000E+00  0.00000E+00  0.00000E+00  0.00000E+00  0.00000E+00  0.00000E+00  0.00000E+00  0.00000E+00  0.00000E+00  0.00000E+00  0.00000E+00  0.00000E+00  0.00000E+00
 OMEGA(4,4)   -9.91185E-01 -9.92543E-01 -9.58119E-01 -9.47547E-01  8.39948E-01 -4.67232E-01 -9.63209E-01 -9.91236E-01 -9.89650E-01 -9.99957E-01  0.00000E+00  9.99970E-01 -9.95715E-01  0.00000E+00  9.90266E-01  0.00000E+00  0.00000E+00  6.61808E-01  0.00000E+00  0.00000E+00  0.00000E+00  9.18116E-05
