TABLE NO.     1: First Order Conditional Estimation with Interaction: Problem=1 Subproblem=0 Superproblem1=0 Iteration1=0 Superproblem2=0 Iteration2=0
 NAME         THETA1       THETA2       THETA3       THETA4       THETA5       THETA6       THETA7       THETA8       SIGMA(1,1)   SIGMA(2,1)   SIGMA(2,2)   OMEGA(1,1)   OMEGA(2,1)   OMEGA(2,2)   OMEGA(3,1)   OMEGA(3,2)   OMEGA(3,3)
 THETA1        5.47997E+08 -5.54338E+07  3.36888E+09  9.60693E+10  9.54713E+10  7.17193E+12 -5.90343E+12 -2.01853E+08  1.97613E+16  0.00000E+00 -1.69135E+15 -2.06248E+26 -1.58396E+26 -3.04117E+25  3.91204E+25  1.50221E+25 -1.85503E+24
 THETA2       -5.54338E+07  2.26555E+08  5.35498E+08 -4.21662E+07  5.73066E+10  3.59670E+12 -2.29614E+12 -1.48750E+07 -2.04745E+17  0.00000E+00  1.75055E+16  1.63131E+26  1.25283E+26  2.40540E+25 -3.09421E+25 -1.18816E+25  1.46723E+24
 THETA3        3.36888E+09  5.35498E+08  2.41863E+10  6.28961E+11  8.52518E+11  6.12650E+13 -4.77845E+13 -1.37383E+09 -6.84873E+17  0.00000E+00  5.85442E+16 -7.07219E+26 -5.43138E+26 -1.04281E+26  1.34143E+26  5.15104E+25 -6.36087E+24
 THETA4        9.60693E+10 -4.21662E+07  6.28961E+11  1.72660E+13  1.96691E+13  1.44549E+15 -1.16105E+15 -3.71705E+10 -5.36390E+18  0.00000E+00  4.58289E+17 -2.98183E+28 -2.29002E+28 -4.39679E+27  5.65585E+27  2.17182E+27 -2.68192E+26
 THETA5        9.54713E+10  5.73066E+10  8.52518E+11  1.96691E+13  3.69288E+13  2.56081E+15 -1.90612E+15 -4.55681E+10 -5.81050E+19  0.00000E+00  4.96754E+18  7.02825E+27  5.39764E+27  1.03633E+27 -1.33310E+27 -5.11903E+26  6.32135E+25
 THETA6        7.17193E+12  3.59670E+12  6.12650E+13  1.44549E+15  2.56081E+15  1.81535E+17 -1.35528E+17 -2.65802E+12 -3.90942E+21  0.00000E+00  3.34219E+20 -2.82146E+29 -2.16686E+29 -4.16031E+28  5.35166E+28  2.05501E+28 -2.53768E+27
 THETA7       -5.90343E+12 -2.29614E+12 -4.77845E+13 -1.16105E+15 -1.90612E+15 -1.35528E+17  1.02375E+17  2.27656E+12  2.55027E+21  0.00000E+00 -2.18021E+20  5.47286E+29  4.20311E+29  8.06987E+28 -1.03808E+29 -3.98616E+28  4.92240E+27
 THETA8       -2.01853E+08 -1.48750E+07 -1.37383E+09 -3.71705E+10 -4.55681E+10 -2.65802E+12  2.27656E+12  2.25654E+08 -1.71665E+16  0.00000E+00  1.46725E+15 -3.85024E+25 -2.95695E+25 -5.67727E+24  7.30301E+24  2.80432E+24 -3.46298E+23
 SIGMA(1,1)    1.97613E+16 -2.04745E+17 -6.84873E+17 -5.36390E+18 -5.81050E+19 -3.90942E+21  2.55027E+21 -1.71665E+16  5.90050E+26  0.00000E+00 -5.04482E+25 -4.20988E+35 -3.23315E+35 -6.20757E+34  7.98517E+34  3.06627E+34 -3.78645E+33
 SIGMA(2,1)    0.00000E+00  0.00000E+00  0.00000E+00  0.00000E+00  0.00000E+00  0.00000E+00  0.00000E+00  0.00000E+00  0.00000E+00  0.00000E+00  0.00000E+00  0.00000E+00  0.00000E+00  0.00000E+00  0.00000E+00  0.00000E+00  0.00000E+00
 SIGMA(2,2)   -1.69135E+15  1.75055E+16  5.85442E+16  4.58289E+17  4.96754E+18  3.34219E+20 -2.18021E+20  1.46725E+15 -5.04482E+25  0.00000E+00  4.31324E+24  3.60576E+34  2.76919E+34  5.31678E+33 -6.83929E+33 -2.62626E+33  3.24309E+32
 OMEGA(1,1)   -2.06248E+26  1.63131E+26 -7.07219E+26 -2.98183E+28  7.02825E+27 -2.82146E+29  5.47286E+29 -3.85024E+25 -4.20988E+35  0.00000E+00  3.60576E+34  7.29911E+45  5.60565E+45  1.07627E+45 -1.38447E+45 -5.31631E+44  6.56496E+43
 OMEGA(2,1)   -1.58396E+26  1.25283E+26 -5.43138E+26 -2.29002E+28  5.39764E+27 -2.16686E+29  4.20311E+29 -2.95695E+25 -3.23315E+35  0.00000E+00  2.76919E+34  5.60565E+45  4.30509E+45  8.26568E+44 -1.06326E+45 -4.08288E+44  5.04184E+43
 OMEGA(2,2)   -3.04117E+25  2.40540E+25 -1.04281E+26 -4.39679E+27  1.03633E+27 -4.16031E+28  8.06987E+28 -5.67727E+24 -6.20757E+34  0.00000E+00  5.31678E+33  1.07627E+45  8.26568E+44  1.58699E+44 -2.04144E+44 -7.83904E+43  9.68021E+42
 OMEGA(3,1)    3.91204E+25 -3.09421E+25  1.34143E+26  5.65585E+27 -1.33310E+27  5.35166E+28 -1.03808E+29  7.30301E+24  7.98517E+34  0.00000E+00 -6.83929E+33 -1.38447E+45 -1.06326E+45 -2.04144E+44  2.62603E+44  1.00838E+44 -1.24522E+43
 OMEGA(3,2)    1.50221E+25 -1.18816E+25  5.15104E+25  2.17182E+27 -5.11903E+26  2.05501E+28 -3.98616E+28  2.80432E+24  3.06627E+34  0.00000E+00 -2.62626E+33 -5.31631E+44 -4.08288E+44 -7.83904E+43  1.00838E+44  3.87214E+43 -4.78160E+42
 OMEGA(3,3)   -1.85503E+24  1.46723E+24 -6.36087E+24 -2.68192E+26  6.32135E+25 -2.53768E+27  4.92240E+27 -3.46298E+23 -3.78645E+33  0.00000E+00  3.24309E+32  6.56496E+43  5.04184E+43  9.68021E+42 -1.24522E+43 -4.78160E+42  5.90466E+41
