dmp.txt <- structure(
	.Data = list(
		"coefficients" = list(
			"fixed" = c("CMultStdev" = 0.518041357272896, "tvVmax" = 5328.3294700189, "tvKm" = 1472.73278819194, "tvV" = 73.5158338127188, "tvKa" = 1.39143106770894, "K12" = 0.0401541961381736, "K21" = 6.53538395452811, "dVdWT" = 0.822322609480708, "CEps" = 0.0510801624190041)
			, "random" = list("Subject" = matrix(
				as.numeric(c(
					 -0.0669630581775017,  0.774497144114804,  0.141873214700937
					,  0.25264295281246,  -0.20599483871347,  -1.12198037479518
					,  -0.946379995614178,  0.00381792939005838,  -0.211096508641026
					,  0.442310882119093,  -0.396458586936063,  0.263022978413359
					,  0.460850113567813,  0.496555749678834,  0.0675296238219524
					,  1.00122013343913,  -0.417725817888934,  0.17505042253371
					,  0.369556929853534,  0.078187861103002,  0.00952839238224595
					,  0.0323695377795381,  0.117053987282278,  1.30700137556553
					,  0.486501799771528,  0.32445849789106,  -0.0370997259506243
					,  -1.20135723000375,  0.0770132353336254,  -0.30171678813281
					,  0.264514647021272,  -1.39550687520121,  0.37307239580057
					,  0.0707902139366092,  0.413757023459484,  0.229440985222416
					,  0.0706918209857937,  -0.5407552643573,  -0.329618625882318
					,  -0.0636411643182682,  0.14925828142515,  -0.768224612146918
					,  0.374718359360935,  -1.02877254577612,  -0.372824274040821
					,  -0.174954821292104,  -0.363503952600748,  -0.17109966933256
					,  -0.721705951364829,  -0.547826000807972,  -0.480150593229396
					,  0.0188001146734636,  -0.527257860969972,  0.226014767008987
					,  0.0693692538207394,  -0.355090866702223,  0.847326851304866
					,  -0.11639643411538,  0.875779636815068,  0.519766898024109
					,  -0.125742843566633,  0.15268008878271,  -0.217947253719076
					,  -0.0871130629326626,  0.468400368965404,  -0.28200782411365
					,  -0.303184035397017,  -0.246426182397576,  0.574119215113211
					,  -0.682064901843572,  0.32543947653259,  -0.246852689582179
					,  -0.40109453184424,  0.623907287568152,  0.046736962798092
					,  0.0586441727574004,  0.374083872431365,  0.337266753412487
					,  0.294827603662736,  0.460777810532871,  0.691307266618669
					,  -0.20149065644301,  -0.0749877491735647,  -0.27608067395819
					,  0.260552840808509,  -0.250095799994826,  -0.328757318535498
					,  -0.0313424913353004,  0.123108975897922,  0.000622603399780048
					,  0.426579101221191,  -0.266545868127512,  -0.46367349517668
					,  0.318977940657725,  -0.044710961993557,  0.276393679249195
					,  0.366474133790482,  -0.887121012032154,  -0.0995622343540651
					,  -0.0584139326114993,  0.560861065415784,  -0.372557166424622
					,  0.478715851912124,  0.320662400353135,  -0.149071241264142
					,  0.075640198282848,  0.174817298960826,  0.528003337272452
					,  -0.416739195704551,  -0.0952545790761064,  -1.30668359991699
					,  0.705595700366541,  -0.185004561920813,  -0.051512527645051
					,  0.00560862988362125,  -0.263954581381164,  -0.219169020708371
					,  -0.24715449418833,  -0.340609270395665,  -0.0561315017492375
					,  -0.858427080208351,  1.51093355696826,  0.338676227526322
					,  0.615913303598278,  -0.790670655322183,  -1.78719201584116
					,  -1.78976139774593,  -0.091723306752395,  -0.776858639381702
					,  0.861653059961042,  -0.905855986450987,  0.551909059699147
					,  0.676154150369769,  0.833960003145716,  -0.00784122330601704
					,  1.93484353074184,  -0.53127670023659,  0.232878923921273
					,  0.535566361342812,  -0.122674236001055,  -0.234183667446701
					,  -0.58220152604141,  0.0324504789247458,  2.59358078367124
					,  0.877040580285461,  0.558029722180988,  -0.0856761795822021
					,  -1.56780495506575,  0.174322901434938,  -0.535201193176299
					,  0.336204414458309,  -1.96149977324974,  0.533778500476139
					,  0.137039764508927,  0.450643024107035,  0.221540436654343
					,  -0.217818034697135,  -0.188850088828735,  -0.565658815169147
					,  0.0156860157471708,  0.00783432189751795,  -0.588331468866044
					,  0.618038933951949,  -1.97814533982855,  -0.262079871055183
					,  -0.383020339594453,  -0.634994575211897,  -0.383069021375255
					,  -0.890245457605488,  -0.718269256833954,  -0.631008208007069
					,  -0.593782064920811,  -0.904359733022954,  0.167677328543273
					,  -0.122881365643587,  -0.696219890998471,  1.78726056663671
					,  0.0322152747712895,  1.89930323385816,  0.953959398209432
					))
				, nrow = 60, ncol = 3
				, dimnames = list(
					as.character(c( "1", "2", "3", "4", "5", "6", "7", "8", "9", "10"
					  , "11", "12", "13", "14", "15", "16", "17", "18", "19", "20"
					  , "21", "22", "23", "24", "25", "26", "27", "28", "29", "30"
					  , "31", "32", "33", "34", "35", "36", "37", "38", "39", "40"
					  , "41", "42", "43", "44", "45", "46", "47", "48", "49", "50"
					  , "51", "52", "53", "54", "55", "56", "57", "58", "59", "60"))
					, as.character(c("nVmax", "nKm", "nV"))
					)
				))
			)
		, "logLik" = c(-3223.78)
		, "nObs" = c(480)
		, "nSubj" = c(60)
		, "nParm" = c(15)
		, "returnCode" = c(1)
		, "omega" = matrix(
			as.numeric(c(0.554342485925682, -0.0154914820708189, 0.816971156580651, -0.0154914820708189, 0.19921716480299, -0.0941518352812025, 0.816971156580651, -0.0941518352812025, 1.34021580427568))
			, nrow = 3, ncol = 3
			, dimnames = list(
				as.character(c("nVmax", "nKm", "nV"))
				, as.character(c("nVmax", "nKm", "nV"))
				)
			)
		, "eta" = matrix(
			as.numeric(c(-0.0246626404429621, -0.00413754371432812, -0.0483081368312521, 0.282566989434444, 0.148307244768679, 0.847314623435201, 0.53157030526022, 0.385106796575546, 0.920496943740283, 0.28604370077366, 0.137184763303998, 0.204875778450666))
			, nrow = 3, ncol = 4
			, dimnames = list(
				as.character(c("nVmax", "nKm", "nV"))
				, as.character(c("mean", "var", "sd", "shrinkage"))
				)
			)
		, "eta_shrinkage" = list("Subject" = matrix(
			as.numeric(c(
				 0.244519070643898,  0.635684299722884,  0.651856917566197
				,  0.680953436543495,  0.681544119220657,  0.0616831047907577
				,  0.0929085883850875,  0.594702423919154,  0.770738171185412
				,  0.583631705493703,  0.762559636729563,  0.705989165871635
				,  0.569471805400983,  0.643166480534425,  0.673701731631453
				,  0.614244419726112,  0.86289144247432,  0.709779557834779
				,  0.673834317253722,  0.731730442274149,  0.791752620701127
				,  0.346100255735012,  0.651553919017087,  0.575542327100103
				,  0.664710028724709,  0.674918454150314,  0.439819558995063
				,  0.195722332813471,  0.694000774704193,  0.595491110417804
				,  0.690585507634382,  0.0464271181902907,  0.627303084149692
				,  0.772633875305824,  0.612223883198753,  0.694312892938575
				,  0.663689996478952,  0.260703837187468,  0.599166561623661
				,  0.660641190033589,  0.712239614765155,  0.494135716448285
				,  0.690369495917617,  0.149462524698592,  0.444295591036929
				,  0.554998337920146,  0.705021307145106,  0.770107914209333
				,  0.425296742462884,  0.545408537056221,  0.0577945717475663
				,  0.699753446305607,  0.349312581518363,  0.500892004818213
				,  0.719347312631446,  0.449239074406096,  0.614074969154133
				,  0.519513553070096,  0.608216130375119,  0.65392717979154
				,  0.244624292890356,  0.222500499635303,  0.233079415760752
				,  0.217354817426608,  0.227097473083355,  0.183891213282661
				,  0.189868755680665,  0.236615405892971,  0.221648391898527
				,  0.238824730587789,  0.216420647985917,  0.225816078736603
				,  0.242904432088077,  0.218350467386377,  0.225906002221393
				,  0.225821923570219,  0.220405703419707,  0.22321037559712
				,  0.221856285742008,  0.218599345572955,  0.226256732599566
				,  0.243678571739101,  0.23776756487793,  0.225566990057782
				,  0.223219427659056,  0.235920332410548,  0.240766132752659
				,  0.180641561152097,  0.226384410123997,  0.233108707584948
				,  0.224913180450558,  0.171552396580274,  0.242921353408567
				,  0.224792688369497,  0.24195613352799,  0.21688536047554
				,  0.229526734238261,  0.21577326410953,  0.227005843772556
				,  0.220692095284332,  0.220405601929752,  0.212134622616312
				,  0.230169695517188,  0.19101970769175,  0.230217234717937
				,  0.234233239344431,  0.220838701592258,  0.218715931191439
				,  0.212177822184731,  0.217122778913825,  0.212318365199226
				,  0.226960037122063,  0.22351447100064,  0.236944197900312
				,  0.227408096101917,  0.232093502193228,  0.220570463908732
				,  0.237311020441527,  0.221350093059908,  0.225890556884108
				,  0.288247688519544,  0.386962621838193,  0.48276190865991
				,  0.435466857608911,  0.568961055407266,  0.155837237251382
				,  0.187784143479286,  0.470926405719249,  0.61217590602263
				,  0.415208104470501,  0.633838490772177,  0.48591578584273
				,  0.401853807833684,  0.388815984020361,  0.470615240854227
				,  0.364887146705649,  0.751645554993676,  0.462090399901998
				,  0.422599231820455,  0.499599877366466,  0.556630504421106
				,  0.320403394178928,  0.489026598443694,  0.320883662782891
				,  0.411629092067669,  0.467614750907624,  0.371253484724574
				,  0.430059508338183,  0.492677300266112,  0.531110005147608
				,  0.439977020630692,  0.146355387109867,  0.446425283037473
				,  0.541070138229662,  0.433399582661921,  0.462409158786334
				,  0.477941930745114,  0.306928973171195,  0.530239192866197
				,  0.481272392262783,  0.481494423796432,  0.615861218494219
				,  0.441020006888258,  0.253337675291433,  0.40538861200801
				,  0.487903666206458,  0.608928296938653,  0.558420804777761
				,  0.52073673257457,  0.534964925974429,  0.131604582119563
				,  0.518898061100744,  0.393263155225795,  0.37812394094478
				,  0.523381610836087,  0.437366631999136,  0.359081001937266
				,  0.442025263565936,  0.354613408068672,  0.40459398641837
				))
			, nrow = 60, ncol = 3
			, dimnames = list(
				as.character(c( "1", "2", "3", "4", "5", "6", "7", "8", "9", "10"
				  , "11", "12", "13", "14", "15", "16", "17", "18", "19", "20"
				  , "21", "22", "23", "24", "25", "26", "27", "28", "29", "30"
				  , "31", "32", "33", "34", "35", "36", "37", "38", "39", "40"
				  , "41", "42", "43", "44", "45", "46", "47", "48", "49", "50"
				  , "51", "52", "53", "54", "55", "56", "57", "58", "59", "60"))
				, as.character(c("nVmax_shrinkage", "nKm_shrinkage", "nV_shrinkage"))
				)
			))
		, "sigma" = matrix(
			as.numeric(c(0.00260918299275184))
			, nrow = 1, ncol = 1
			, dimnames = list(
				as.character(c("CEps"))
				, as.character(c("CEps"))
				)
			)
		, "method" = "FOCE-ELS"
		, "varFix" = matrix(
			as.numeric(c(0.00142575427931555, 15.3750848036838, 2.7268968070903, 0.09291830883696, -0.0018366342078476, 0.00251022483648009, -0.484757209533588, -0.000373560066899223, -0.000206182160586044, 15.3750848036838, 2198854.12631778, 750211.881068375, -3462.68985720023, -188.333454026939, 92.9419740157839, -26504.9077860706, 40.8017724919659, 7.91760502717126, 2.7268968070903, 750211.881068375, 269884.914562617, -1501.03362254119, -62.4621035763446, 23.7311023417311, -7448.74642209976, 17.4982464977826, 2.00734456180632, 0.09291830883696, -3462.68985720023, -1501.03362254119, 121.7293618264, 1.18764674989285, -3.15444066372086, 597.235587767691, -0.539506741924166, -0.269271564087484, -0.0018366342078476, -188.333454026939, -62.4621035763446, 1.18764674989285, 0.048399683455855, -0.0413710475037567, 8.57544567224238, -0.00883082174331788, -0.00239973553707933, 0.00251022483648009, 92.9419740157839, 23.7311023417311, -3.15444066372086, -0.0413710475037567, 0.136540066128298, -24.5298664376602, 0.00635449341549383, 0.00441595734975815, -0.484757209533588, -26504.9077860706, -7448.74642209976, 597.235587767691, 8.57544567224238, -24.5298664376602, 4729.99413306311, -2.99633717982882, -2.17643179873807, -0.000373560066899223, 40.8017724919659, 17.4982464977826, -0.539506741924166, -0.00883082174331788, 0.00635449341549383, -2.99633717982882, 0.135393922528788, 0.00390671738988773, -0.000206182160586044, 7.91760502717126, 2.00734456180632, -0.269271564087484, -0.00239973553707933, 0.00441595734975815, -2.17643179873807, 0.00390671738988773, 0.0104577752059689))
			, nrow = 9, ncol = 9
			, dimnames = list(
				as.character(c("CMultStdev", "tvVmax", "tvKm", "tvV", "tvKa", "K12", "K21", "dVdWT", "CEps"))
				, as.character(c("CMultStdev", "tvVmax", "tvKm", "tvV", "tvKa", "K12", "K21", "dVdWT", "CEps"))
				)
			)
		, "omegaSE" = matrix(
			as.numeric(c(0.393595248571508, 0.120129617993096, 0.534753152799746, 0.120129617993096, 0.0522004183096489, 0.174611253067707, 0.534753152799746, 0.174611253067707, 0.72598128455592))
			, nrow = 3, ncol = 3, byrow = TRUE
			, dimnames = list(
				as.character(c("nVmax", "nKm", "nV"))
				, as.character(c("nVmax", "nKm", "nV"))
				)
			)
		, "Covariance" = matrix(
			as.numeric(c(0.0014257543, 15.375085, 2.7268968, 0.092918309, -0.0018366342, 0.0025102248, -0.48475721, -0.00037356007, -0.00020618216, 0.0034342105, 0.00031711559, -0.00042720874, 0.0049539215, 0.00083233745, 0.0066627772, 15.375085, 2198854.1, 750211.88, -3462.6899, -188.33345, 92.941974, -26504.908, 40.801772,  7.917605, 254.11661, 87.497385, -0.8530891, 311.00543, 120.02087, 344.80016, 2.7268968, 750211.88, 269884.91, -1501.0336, -62.462104, 23.731102, -7448.7464, 17.498246, 2.0073446, 70.805482, 29.964285, 0.25583395, 83.009063, 40.592614, 84.676967, 0.092918309, -3462.6899, -1501.0336, 121.72936, 1.1876467, -3.1544407, 597.23559, -0.53950674, -0.26927156, -0.76320966, 0.096022233, -0.041649223, -1.0319516, 0.15678818, -1.3277837, -0.0018366342, -188.33345, -62.462104, 1.1876467, 0.048399683, -0.041371048, 8.5754457, -0.0088308217, -0.0023997355, -0.028736302, -0.0023534037, -0.0017358015, -0.038318254, -0.0033146551, -0.047048333, 0.0025102248, 92.941974, 23.731102, -3.1544407, -0.041371048, 0.13654007, -24.529866, 0.0063544934, 0.0044159573, 0.030140968, -0.0042375356, -0.00021397789, 0.044195781, -0.0049500087, 0.061903715, -0.48475721, -26504.908, -7448.7464, 597.23559, 8.5754457, -24.529866, 4729.9941, -2.9963372, -2.1764318, -8.4882539, 0.36000524, -0.18838822, -11.917694, 0.31567843,  -16.0992, -0.00037356007, 40.801772, 17.498246, -0.53950674, -0.0088308217, 0.0063544934, -2.9963372, 0.13539392, 0.0039067174, -0.0018286261, 0.005004545, 0.00099205785, -0.0035648017, 0.0085577129, -0.0068912098, -0.00020618216,  7.917605, 2.0073446, -0.26927156, -0.0023997355, 0.0044159573, -2.1764318, 0.0039067174, 0.010457775, 0.007242571, 0.00037362041, 0.0010968125, 0.0094365424, 0.00050828962, 0.012086498, 0.0034342105, 254.11661, 70.805482, -0.76320966, -0.028736302, 0.030140968, -8.4882539, -0.0018286261, 0.007242571, 0.15491722, -6.4158992e-005, 0.0039657247, 0.20861093, 0.0003943427, 0.27446706, 0.00031711559, 87.497385, 29.964285, 0.096022233, -0.0023534037, -0.0042375356, 0.36000524, 0.005004545, 0.00037362041, -6.4158992e-005, 0.014431125, -0.0025008188, -0.0055575079, 0.020500753, -0.016125359, -0.00042720874, -0.8530891, 0.25583395, -0.041649223, -0.0017358015, -0.00021397789, -0.18838822, 0.00099205785, 0.0010968125, 0.0039657247, -0.0025008188, 0.0027248837, 0.0060720527, -0.0046958749, 0.0096866906, 0.0049539215, 311.00543, 83.009063, -1.0319516, -0.038318254, 0.044195781, -11.917694, -0.0035648017, 0.0094365424, 0.20861093, -0.0055575079, 0.0060720527, 0.28596093, -0.007195247, 0.38367002, 0.00083233745, 120.02087, 40.592614, 0.15678818, -0.0033146551, -0.0049500087, 0.31567843, 0.0085577129, 0.00050828962, 0.0003943427, 0.020500753, -0.0046958749, -0.007195247, 0.03048909, -0.022744044, 0.0066627772, 344.80016, 84.676967, -1.3277837, -0.047048333, 0.061903715,  -16.0992, -0.0068912098, 0.012086498, 0.27446706, -0.016125359, 0.0096866906, 0.38367002, -0.022744044, 0.52704883))
			, nrow = 15, ncol = 15
			, dimnames = list(
				as.character(c("CMultStdev", "tvVmax", "tvKm", "tvV", "tvKa", "K12", "K21", "dVdWT", "stdev0", "nVmax-nVmax", "nKm-nVmax", "nKm-nKm", "nV-nVmax", "nV-nKm", "nV-nV"))
				, as.character(c("CMultStdev", "tvVmax", "tvKm", "tvV", "tvKa", "K12", "K21", "dVdWT", "stdev0", "nVmax-nVmax", "nKm-nVmax", "nKm-nKm", "nV-nVmax", "nV-nKm", "nV-nV"))
				)
			)
		, "Correlation" = matrix(
			as.numeric(c(0.037759162, 0.27459775, 0.13901353, 0.22303924, -0.22109507, 0.17991204, -0.18666876, -0.026886763, -0.053396045, 0.23107593, 0.069910941, -0.21674236, 0.24534286, 0.12624229, 0.24305666, 0.27459775, 1482.8534, 0.97385976, -0.21164973, -0.57730857, 0.16962257, -0.25989492, 0.074779272, 0.052212678, 0.43539656, 0.49118689, -0.01102103, 0.39220796, 0.46353907, 0.32029033, 0.13901353, 0.97385976, 519.50449, -0.26188067, -0.54651998, 0.12362279, -0.20847961, 0.09153889, 0.037784438, 0.34628026, 0.48013627, 0.0094339786, 0.29880155, 0.44749221, 0.22451769, 0.22303924, -0.21164973, -0.26188067, 11.033103, 0.48929227, -0.77373926, 0.78707788, -0.13289224, -0.23865645, -0.17575041, 0.072447605, -0.072316142, -0.17490745, 0.08138482, -0.16576935, -0.22109507, -0.57730857, -0.54651998, 0.48929227, 0.21999928, -0.50891494, 0.56676776, -0.10908883, -0.10666513, -0.33186371, -0.089048185, -0.15114884,  -0.32571, -0.086286899, -0.29457613, 0.17991204, 0.16962257, 0.12362279, -0.77373926, -0.50891494, 0.36951328, -0.96523893, 0.046735974, 0.1168625, 0.20724177, -0.095462589, -0.011093405, 0.22366468, -0.076719132, 0.23076037, -0.18666876, -0.25989492, -0.20847961, 0.78707788, 0.56676776, -0.96523893, 68.774953, -0.11840248, -0.30945329, -0.31357268, 0.0435741, -0.052474639, -0.32404742, 0.026287082, -0.32243974, -0.026886763, 0.074779272, 0.09153889, -0.13289224, -0.10908883, 0.046735974, -0.11840248, 0.36795913, 0.10382281, -0.012626282, 0.11321785, 0.05164918, -0.01811684, 0.13319438, -0.025797075, -0.053396045, 0.052212678, 0.037784438, -0.23865645, -0.10666513, 0.1168625, -0.30945329, 0.10382281, 0.10226326, 0.17993815, 0.030413111, 0.20546542, 0.1725599, 0.028465536, 0.16280038, 0.23107593, 0.43539656, 0.34628026, -0.17575041, -0.33186371, 0.20724177, -0.31357268, -0.012626282, 0.17993815, 0.39359525, -0.0013569305, 0.19301841, 0.99113739, 0.0057378835, 0.96053889, 0.069910941, 0.49118689, 0.48013627, 0.072447605, -0.089048185, -0.095462589, 0.0435741, 0.11321785, 0.030413111, -0.0013569305, 0.12012962, -0.39880274, -0.086512057, 0.9773441, -0.18489871, -0.21674236, -0.01102103, 0.0094339786, -0.072316142, -0.15114884, -0.011093405, -0.052474639, 0.05164918, 0.20546542, 0.19301841, -0.39880274, 0.052200418, 0.21752451, -0.51519341, 0.25560893, 0.24534286, 0.39220796, 0.29880155, -0.17490745,  -0.32571, 0.22366468, -0.32404742, -0.01811684, 0.1725599, 0.99113739, -0.086512057, 0.21752451, 0.53475315, -0.077058424, 0.9882779, 0.12624229, 0.46353907, 0.44749221, 0.08138482, -0.086286899, -0.076719132, 0.026287082, 0.13319438, 0.028465536, 0.0057378835, 0.9773441, -0.51519341, -0.077058424, 0.17461125, -0.17941966, 0.24305666, 0.32029033, 0.22451769, -0.16576935, -0.29457613, 0.23076037, -0.32243974, -0.025797075, 0.16280038, 0.96053889, -0.18489871, 0.25560893, 0.9882779, -0.17941966, 0.72598128))
			, nrow = 15, ncol = 15
			, dimnames = list(
				as.character(c("CMultStdev", "tvVmax", "tvKm", "tvV", "tvKa", "K12", "K21", "dVdWT", "stdev0", "nVmax-nVmax", "nKm-nVmax", "nKm-nKm", "nV-nVmax", "nV-nKm", "nV-nV"))
				, as.character(c("CMultStdev", "tvVmax", "tvKm", "tvV", "tvKa", "K12", "K21", "dVdWT", "stdev0", "nVmax-nVmax", "nKm-nVmax", "nKm-nKm", "nV-nVmax", "nV-nKm", "nV-nV"))
				)
			)
		, "Inverse" = matrix(
			as.numeric(c(1654.9851, -0.060837322, 0.13291041, -4.1217526,  26.22532, -62.864726, 0.17217158, -6.4583037, -15.672717, 124.41408, 225.91084, 248.33307, -143.57657, -87.294424, 40.708253, -0.060837322, 2.6404184e-005, -6.7988377e-005, -0.00053464863, 0.00613973, -0.0027815503, 5.9964059e-005, -0.00016638859, -0.0040412249, 0.058206098, -0.11093257, 0.03558249, -0.085194751, 0.06970448, 0.026535163, 0.13291041, -6.7988377e-005, 0.00018574262, 0.0015815674, -0.0094462978, 0.026805536, -7.1501176e-005, 0.0010270753, 0.025316425, -0.082451142, 0.21659343, -0.09289827, 0.11578561, -0.14118294, -0.028910029, -4.1217526, -0.00053464863, 0.0015815674, 0.057216468, -0.2758106, 0.81084523, -0.0028300724, 0.1194085, 0.62964836, -2.1786085, 4.2142147, -2.8300083, 3.6636008, -3.5403709, -1.4315045,  26.22532, 0.00613973, -0.0094462978, -0.2758106, 51.988486, -22.812557, -0.16652407, -0.50282472, -24.081262, -114.07371, -1.7905919, 42.770434, 163.26105, -4.552165, -61.22547, -62.864726, -0.0027815503, 0.026805536, 0.81084523, -22.812557, 452.87707, 2.5116948, 21.518828, 304.65556, 199.53843, -186.73194,  99.89116, -267.54925, 160.55553, 105.37142, 0.17217158, 5.9964059e-005, -7.1501176e-005, -0.0028300724, -0.16652407, 2.5116948, 0.015277148, 0.11348569, 1.7461839, 1.5530662, -1.6618501, 0.85086809, -2.2018441, 1.3965729, 0.86903239, -6.4583037, -0.00016638859, 0.0010270753, 0.1194085, -0.50282472, 21.518828, 0.11348569, 9.6331416, 14.509677, -19.525105, 45.205423, -22.415541, 35.746448, -37.944714, -14.682706, -15.672717, -0.0040412249, 0.025316425, 0.62964836, -24.081262, 304.65556, 1.7461839, 14.509677, 326.29516, 90.089213, -17.898005, -38.934888, -122.24535, 12.916875, 51.274044, 124.41408, 0.058206098, -0.082451142, -2.1786085, -114.07371, 199.53843, 1.5530662, -19.525105, 90.089213, 5969.1094, -3362.365, 514.60486, -8308.5024, 2368.7102, 2909.2569, 225.91084, -0.11093257, 0.21659343, 4.2142147, -1.7905919, -186.73194, -1.6618501, 45.205423, -17.898005, -3362.365, 5138.6765, -1513.3964, 4965.9349, -3737.8142, -1822.7231, 248.33307, 0.03558249, -0.09289827, -2.8300083, 42.770434,  99.89116, 0.85086809, -22.415541, -38.934888, 514.60486, -1513.3964, 1235.3225, -847.63267, 1261.1013, 334.52267, -143.57657, -0.085194751, 0.11578561, 3.6636008, 163.26105, -267.54925, -2.2018441, 35.746448, -122.24535, -8308.5024, 4965.9349, -847.63267, 11897.597, -3600.6267, -4291.8877, -87.294424, 0.06970448, -0.14118294, -3.5403709, -4.552165, 160.55553, 1.3965729, -37.944714, 12.916875, 2368.7102, -3737.8142, 1261.1013, -3600.6267, 2833.3081, 1364.1725, 40.708253, 0.026535163, -0.028910029, -1.4315045, -61.22547, 105.37142, 0.86903239, -14.682706, 51.274044, 2909.2569, -1822.7231, 334.52267, -4291.8877, 1364.1725, 1598.6392))
			, nrow = 15, ncol = 15
			, dimnames = list(
				as.character(c("CMultStdev", "tvVmax", "tvKm", "tvV", "tvKa", "K12", "K21", "dVdWT", "stdev0", "nVmax-nVmax", "nKm-nVmax", "nKm-nKm", "nV-nVmax", "nV-nKm", "nV-nV"))
				, as.character(c("CMultStdev", "tvVmax", "tvKm", "tvV", "tvKa", "K12", "K21", "dVdWT", "stdev0", "nVmax-nVmax", "nKm-nVmax", "nKm-nKm", "nV-nVmax", "nV-nKm", "nV-nV"))
				)
			)
		, "LLTable" = data.frame(
			id = as.character(c( "1", "2", "3", "4", "5", "6", "7", "8", "9", "10", "11", "12", "13", "14", "15", "16", "17", "18", "19", "20", "21", "22", "23", "24", "25", "26", "27", "28", "29", "30", "31", "32", "33", "34", "35", "36", "37", "38", "39", "40", "41", "42", "43", "44", "45", "46", "47", "48", "49", "50", "51", "52", "53", "54", "55", "56", "57", "58", "59", "60"))
			, "LL" = c(-45.157884, -57.047109, -53.144426, -55.837316, -50.46461, -50.850359, -51.01297, -51.376574, -49.350996, -56.139861, -48.54453, -56.281827, -52.208158, -53.72264, -52.337882, -59.27172, -56.133618, -51.11828, -53.495317, -51.337288, -51.912728, -45.148284, -51.254824, -66.392856, -55.222513, -54.593745, -50.379331, -59.474853, -53.026676, -51.188871, -52.161082, -58.449061, -53.016468, -53.281396, -50.948828, -54.099034, -49.334222, -63.687847, -50.557646, -53.298771, -51.257988, -62.761483,  -53.4783, -50.85112, -55.84831, -52.217275, -51.242837, -51.176909, -56.498441, -53.197288, -56.820013, -47.99536, -54.714561, -51.419439, -52.113561, -52.961222, -61.822846, -54.094034, -62.920443, -58.130513)
			) # end of LLTable
		, "residuals" = data.frame(
			  ID1 = as.character(c(  "",   "",   "",   "",   "",   "",   "",   "",   "",   "",   "",   "",   "",   "",   "",   "",   "",   "",   "",   "",   "",   "",   "",   "",   "",   "",   "",   "",   "",   "",   "",   "",   "",   "",   "",   "",   "",   "",   "",   "",   "",   "",   "",   "",   "",   "",   "",   "",   "",   "",   "",   "",   "",   "",   "",   "",   "",   "",   "",   "",   "",   "",   "",   "",   "",   "",   "",   "",   "",   "",   "",   "",   "",   "",   "",   "",   "",   "",   "",   "",   "",   "",   "",   "",   "",   "",   "",   "",   "",   "",   "",   "",   "",   "",   "",   "",   "",   "",   "",   "",   "",   "",   "",   "",   "",   "",   "",   "",   "",   "",   "",   "",   "",   "",   "",   "",   "",   "",   "",   "",   "",   "",   "",   "",   "",   "",   "",   "",   "",   "",   "",   "",   "",   "",   "",   "",   "",   "",   "",   "",   "",   "",   "",   "",   "",   "",   "",   "",   "",   "",   "",   "",   "",   "",   "",   "",   "",   "",   "",   "",   "",   "",   "",   "",   "",   "",   "",   "",   "",   "",   "",   "",   "",   "",   "",   "",   "",   "",   "",   "",   "",   "",   "",   "",   "",   "",   "",   "",   "",   "",   "",   "",   "",   "",   "",   "",   "",   "",   "",   "",   "",   "",   "",   "",   "",   "",   "",   "",   "",   "",   "",   "",   "",   "",   "",   "",   "",   "",   "",   "",   "",   "",   "",   "",   "",   "",   "",   "",   "",   "",   "",   "",   "",   "",   "",   "",   "",   "",   "",   "",   "",   "",   "",   "",   "",   "",   "",   "",   "",   "",   "",   "",   "",   "",   "",   "",   "",   "",   "",   "",   "",   "",   "",   "",   "",   "",   "",   "",   "",   "",   "",   "",   "",   "",   "",   "",   "",   "",   "",   "",   "",   "",   "",   "",   "",   "",   "",   "",   "",   "",   "",   "",   "",   "",   "",   "",   "",   "",   "",   "",   "",   "",   "",   "",   "",   "",   "",   "",   "",   "",   "",   "",   "",   "",   "",   "",   "",   "",   "",   "",   "",   "",   "",   "",   "",   "",   "",   "",   "",   "",   "",   "",   "",   "",   "",   "",   "",   "",   "",   "",   "",   "",   "",   "",   "",   "",   "",   "",   "",   "",   "",   "",   "",   "",   "",   "",   "",   "",   "",   "",   "",   "",   "",   "",   "",   "",   "",   "",   "",   "",   "",   "",   "",   "",   "",   "",   "",   "",   "",   "",   "",   "",   "",   "",   "",   "",   "",   "",   "",   "",   "",   "",   "",   "",   "",   "",   "",   "",   "",   "",   "",   "",   "",   "",   "",   "",   "",   "",   "",   "",   "",   "",   "",   "",   "",   "",   "",   "",   "",   "",   "",   "",   "",   "",   "",   "",   "",   "",   "",   "",   "",   "",   "",   "",   "",   "",   "",   "",   "",   "",   "",   "",   "",   "",   "",   "",   "",   "",   "",   "",   "",   "",   "",   "",   "",   "",   "",   "",   "",   "",   "",   "",   "",   "",   "",   "",   "",   "",   "",   "",   "",   "",   "",   "",   "",   "",   "",   "",   "",   ""))
			, ID2 = as.character(c(  "",   "",   "",   "",   "",   "",   "",   "",   "",   "",   "",   "",   "",   "",   "",   "",   "",   "",   "",   "",   "",   "",   "",   "",   "",   "",   "",   "",   "",   "",   "",   "",   "",   "",   "",   "",   "",   "",   "",   "",   "",   "",   "",   "",   "",   "",   "",   "",   "",   "",   "",   "",   "",   "",   "",   "",   "",   "",   "",   "",   "",   "",   "",   "",   "",   "",   "",   "",   "",   "",   "",   "",   "",   "",   "",   "",   "",   "",   "",   "",   "",   "",   "",   "",   "",   "",   "",   "",   "",   "",   "",   "",   "",   "",   "",   "",   "",   "",   "",   "",   "",   "",   "",   "",   "",   "",   "",   "",   "",   "",   "",   "",   "",   "",   "",   "",   "",   "",   "",   "",   "",   "",   "",   "",   "",   "",   "",   "",   "",   "",   "",   "",   "",   "",   "",   "",   "",   "",   "",   "",   "",   "",   "",   "",   "",   "",   "",   "",   "",   "",   "",   "",   "",   "",   "",   "",   "",   "",   "",   "",   "",   "",   "",   "",   "",   "",   "",   "",   "",   "",   "",   "",   "",   "",   "",   "",   "",   "",   "",   "",   "",   "",   "",   "",   "",   "",   "",   "",   "",   "",   "",   "",   "",   "",   "",   "",   "",   "",   "",   "",   "",   "",   "",   "",   "",   "",   "",   "",   "",   "",   "",   "",   "",   "",   "",   "",   "",   "",   "",   "",   "",   "",   "",   "",   "",   "",   "",   "",   "",   "",   "",   "",   "",   "",   "",   "",   "",   "",   "",   "",   "",   "",   "",   "",   "",   "",   "",   "",   "",   "",   "",   "",   "",   "",   "",   "",   "",   "",   "",   "",   "",   "",   "",   "",   "",   "",   "",   "",   "",   "",   "",   "",   "",   "",   "",   "",   "",   "",   "",   "",   "",   "",   "",   "",   "",   "",   "",   "",   "",   "",   "",   "",   "",   "",   "",   "",   "",   "",   "",   "",   "",   "",   "",   "",   "",   "",   "",   "",   "",   "",   "",   "",   "",   "",   "",   "",   "",   "",   "",   "",   "",   "",   "",   "",   "",   "",   "",   "",   "",   "",   "",   "",   "",   "",   "",   "",   "",   "",   "",   "",   "",   "",   "",   "",   "",   "",   "",   "",   "",   "",   "",   "",   "",   "",   "",   "",   "",   "",   "",   "",   "",   "",   "",   "",   "",   "",   "",   "",   "",   "",   "",   "",   "",   "",   "",   "",   "",   "",   "",   "",   "",   "",   "",   "",   "",   "",   "",   "",   "",   "",   "",   "",   "",   "",   "",   "",   "",   "",   "",   "",   "",   "",   "",   "",   "",   "",   "",   "",   "",   "",   "",   "",   "",   "",   "",   "",   "",   "",   "",   "",   "",   "",   "",   "",   "",   "",   "",   "",   "",   "",   "",   "",   "",   "",   "",   "",   "",   "",   "",   "",   "",   "",   "",   "",   "",   "",   "",   "",   "",   "",   "",   "",   "",   "",   "",   "",   "",   "",   "",   "",   "",   "",   "",   "",   "",   "",   "",   "",   "",   "",   "",   "",   "",   "",   "",   "",   "",   "",   "",   ""))
			, ID3 = as.character(c(  "",   "",   "",   "",   "",   "",   "",   "",   "",   "",   "",   "",   "",   "",   "",   "",   "",   "",   "",   "",   "",   "",   "",   "",   "",   "",   "",   "",   "",   "",   "",   "",   "",   "",   "",   "",   "",   "",   "",   "",   "",   "",   "",   "",   "",   "",   "",   "",   "",   "",   "",   "",   "",   "",   "",   "",   "",   "",   "",   "",   "",   "",   "",   "",   "",   "",   "",   "",   "",   "",   "",   "",   "",   "",   "",   "",   "",   "",   "",   "",   "",   "",   "",   "",   "",   "",   "",   "",   "",   "",   "",   "",   "",   "",   "",   "",   "",   "",   "",   "",   "",   "",   "",   "",   "",   "",   "",   "",   "",   "",   "",   "",   "",   "",   "",   "",   "",   "",   "",   "",   "",   "",   "",   "",   "",   "",   "",   "",   "",   "",   "",   "",   "",   "",   "",   "",   "",   "",   "",   "",   "",   "",   "",   "",   "",   "",   "",   "",   "",   "",   "",   "",   "",   "",   "",   "",   "",   "",   "",   "",   "",   "",   "",   "",   "",   "",   "",   "",   "",   "",   "",   "",   "",   "",   "",   "",   "",   "",   "",   "",   "",   "",   "",   "",   "",   "",   "",   "",   "",   "",   "",   "",   "",   "",   "",   "",   "",   "",   "",   "",   "",   "",   "",   "",   "",   "",   "",   "",   "",   "",   "",   "",   "",   "",   "",   "",   "",   "",   "",   "",   "",   "",   "",   "",   "",   "",   "",   "",   "",   "",   "",   "",   "",   "",   "",   "",   "",   "",   "",   "",   "",   "",   "",   "",   "",   "",   "",   "",   "",   "",   "",   "",   "",   "",   "",   "",   "",   "",   "",   "",   "",   "",   "",   "",   "",   "",   "",   "",   "",   "",   "",   "",   "",   "",   "",   "",   "",   "",   "",   "",   "",   "",   "",   "",   "",   "",   "",   "",   "",   "",   "",   "",   "",   "",   "",   "",   "",   "",   "",   "",   "",   "",   "",   "",   "",   "",   "",   "",   "",   "",   "",   "",   "",   "",   "",   "",   "",   "",   "",   "",   "",   "",   "",   "",   "",   "",   "",   "",   "",   "",   "",   "",   "",   "",   "",   "",   "",   "",   "",   "",   "",   "",   "",   "",   "",   "",   "",   "",   "",   "",   "",   "",   "",   "",   "",   "",   "",   "",   "",   "",   "",   "",   "",   "",   "",   "",   "",   "",   "",   "",   "",   "",   "",   "",   "",   "",   "",   "",   "",   "",   "",   "",   "",   "",   "",   "",   "",   "",   "",   "",   "",   "",   "",   "",   "",   "",   "",   "",   "",   "",   "",   "",   "",   "",   "",   "",   "",   "",   "",   "",   "",   "",   "",   "",   "",   "",   "",   "",   "",   "",   "",   "",   "",   "",   "",   "",   "",   "",   "",   "",   "",   "",   "",   "",   "",   "",   "",   "",   "",   "",   "",   "",   "",   "",   "",   "",   "",   "",   "",   "",   "",   "",   "",   "",   "",   "",   "",   "",   "",   "",   "",   "",   "",   "",   "",   "",   "",   "",   "",   "",   "",   "",   "",   "",   "",   "",   "",   "",   "",   ""))
			, ID4 = as.character(c(  "",   "",   "",   "",   "",   "",   "",   "",   "",   "",   "",   "",   "",   "",   "",   "",   "",   "",   "",   "",   "",   "",   "",   "",   "",   "",   "",   "",   "",   "",   "",   "",   "",   "",   "",   "",   "",   "",   "",   "",   "",   "",   "",   "",   "",   "",   "",   "",   "",   "",   "",   "",   "",   "",   "",   "",   "",   "",   "",   "",   "",   "",   "",   "",   "",   "",   "",   "",   "",   "",   "",   "",   "",   "",   "",   "",   "",   "",   "",   "",   "",   "",   "",   "",   "",   "",   "",   "",   "",   "",   "",   "",   "",   "",   "",   "",   "",   "",   "",   "",   "",   "",   "",   "",   "",   "",   "",   "",   "",   "",   "",   "",   "",   "",   "",   "",   "",   "",   "",   "",   "",   "",   "",   "",   "",   "",   "",   "",   "",   "",   "",   "",   "",   "",   "",   "",   "",   "",   "",   "",   "",   "",   "",   "",   "",   "",   "",   "",   "",   "",   "",   "",   "",   "",   "",   "",   "",   "",   "",   "",   "",   "",   "",   "",   "",   "",   "",   "",   "",   "",   "",   "",   "",   "",   "",   "",   "",   "",   "",   "",   "",   "",   "",   "",   "",   "",   "",   "",   "",   "",   "",   "",   "",   "",   "",   "",   "",   "",   "",   "",   "",   "",   "",   "",   "",   "",   "",   "",   "",   "",   "",   "",   "",   "",   "",   "",   "",   "",   "",   "",   "",   "",   "",   "",   "",   "",   "",   "",   "",   "",   "",   "",   "",   "",   "",   "",   "",   "",   "",   "",   "",   "",   "",   "",   "",   "",   "",   "",   "",   "",   "",   "",   "",   "",   "",   "",   "",   "",   "",   "",   "",   "",   "",   "",   "",   "",   "",   "",   "",   "",   "",   "",   "",   "",   "",   "",   "",   "",   "",   "",   "",   "",   "",   "",   "",   "",   "",   "",   "",   "",   "",   "",   "",   "",   "",   "",   "",   "",   "",   "",   "",   "",   "",   "",   "",   "",   "",   "",   "",   "",   "",   "",   "",   "",   "",   "",   "",   "",   "",   "",   "",   "",   "",   "",   "",   "",   "",   "",   "",   "",   "",   "",   "",   "",   "",   "",   "",   "",   "",   "",   "",   "",   "",   "",   "",   "",   "",   "",   "",   "",   "",   "",   "",   "",   "",   "",   "",   "",   "",   "",   "",   "",   "",   "",   "",   "",   "",   "",   "",   "",   "",   "",   "",   "",   "",   "",   "",   "",   "",   "",   "",   "",   "",   "",   "",   "",   "",   "",   "",   "",   "",   "",   "",   "",   "",   "",   "",   "",   "",   "",   "",   "",   "",   "",   "",   "",   "",   "",   "",   "",   "",   "",   "",   "",   "",   "",   "",   "",   "",   "",   "",   "",   "",   "",   "",   "",   "",   "",   "",   "",   "",   "",   "",   "",   "",   "",   "",   "",   "",   "",   "",   "",   "",   "",   "",   "",   "",   "",   "",   "",   "",   "",   "",   "",   "",   "",   "",   "",   "",   "",   "",   "",   "",   "",   "",   "",   "",   "",   "",   "",   "",   "",   "",   "",   "",   "",   "",   "",   "",   ""))
			, ID5 = as.character(c( "1",  "1",  "1",  "1",  "1",  "1",  "1",  "1",  "2",  "2",  "2",  "2",  "2",  "2",  "2",  "2",  "3",  "3",  "3",  "3",  "3",  "3",  "3",  "3",  "4",  "4",  "4",  "4",  "4",  "4",  "4",  "4",  "5",  "5",  "5",  "5",  "5",  "5",  "5",  "5",  "6",  "6",  "6",  "6",  "6",  "6",  "6",  "6",  "7",  "7",  "7",  "7",  "7",  "7",  "7",  "7",  "8",  "8",  "8",  "8",  "8",  "8",  "8",  "8",  "9",  "9",  "9",  "9",  "9",  "9",  "9",  "9", "10", "10", "10", "10", "10", "10", "10", "10", "11", "11", "11", "11", "11", "11", "11", "11", "12", "12", "12", "12", "12", "12", "12", "12", "13", "13", "13", "13", "13", "13", "13", "13", "14", "14", "14", "14", "14", "14", "14", "14", "15", "15", "15", "15", "15", "15", "15", "15", "16", "16", "16", "16", "16", "16", "16", "16", "17", "17", "17", "17", "17", "17", "17", "17", "18", "18", "18", "18", "18", "18", "18", "18", "19", "19", "19", "19", "19", "19", "19", "19", "20", "20", "20", "20", "20", "20", "20", "20", "21", "21", "21", "21", "21", "21", "21", "21", "22", "22", "22", "22", "22", "22", "22", "22", "23", "23", "23", "23", "23", "23", "23", "23", "24", "24", "24", "24", "24", "24", "24", "24", "25", "25", "25", "25", "25", "25", "25", "25", "26", "26", "26", "26", "26", "26", "26", "26", "27", "27", "27", "27", "27", "27", "27", "27", "28", "28", "28", "28", "28", "28", "28", "28", "29", "29", "29", "29", "29", "29", "29", "29", "30", "30", "30", "30", "30", "30", "30", "30", "31", "31", "31", "31", "31", "31", "31", "31", "32", "32", "32", "32", "32", "32", "32", "32", "33", "33", "33", "33", "33", "33", "33", "33", "34", "34", "34", "34", "34", "34", "34", "34", "35", "35", "35", "35", "35", "35", "35", "35", "36", "36", "36", "36", "36", "36", "36", "36", "37", "37", "37", "37", "37", "37", "37", "37", "38", "38", "38", "38", "38", "38", "38", "38", "39", "39", "39", "39", "39", "39", "39", "39", "40", "40", "40", "40", "40", "40", "40", "40", "41", "41", "41", "41", "41", "41", "41", "41", "42", "42", "42", "42", "42", "42", "42", "42", "43", "43", "43", "43", "43", "43", "43", "43", "44", "44", "44", "44", "44", "44", "44", "44", "45", "45", "45", "45", "45", "45", "45", "45", "46", "46", "46", "46", "46", "46", "46", "46", "47", "47", "47", "47", "47", "47", "47", "47", "48", "48", "48", "48", "48", "48", "48", "48", "49", "49", "49", "49", "49", "49", "49", "49", "50", "50", "50", "50", "50", "50", "50", "50", "51", "51", "51", "51", "51", "51", "51", "51", "52", "52", "52", "52", "52", "52", "52", "52", "53", "53", "53", "53", "53", "53", "53", "53", "54", "54", "54", "54", "54", "54", "54", "54", "55", "55", "55", "55", "55", "55", "55", "55", "56", "56", "56", "56", "56", "56", "56", "56", "57", "57", "57", "57", "57", "57", "57", "57", "58", "58", "58", "58", "58", "58", "58", "58", "59", "59", "59", "59", "59", "59", "59", "59", "60", "60", "60", "60", "60", "60", "60", "60"))
