dmp.txt <- structure(
	.Data = list(
		"coefficients" = list(
			"fixed" = c("GAMMA" = 1.28605212275802, "CMultStdev" = 0.486016794917354, "tvVmax" = 17494.7510184572, "tvKm" = 5030.91921176748, "tvV" = 54.5931028880401, "tvKa" = 1.10490951329866, "K12" = 3.46180440894948, "K21" = 9.91362361792867, "dVdWT" = 0.764241189718948, "CEps" = 1.64697114766919)
			, "random" = list("Subject" = matrix(
				as.numeric(c(
					 -0.190515872550687,  0.397940136770748,  0.0888917992049112
					,  0.172363760042944,  0.00901263201470199,  0.0100154816937232
					,  0.0820552211200481,  0.305637508795926,  0.33722004100692
					,  -0.309524893857864,  -0.0708889535786035,  -0.262922727268414
					,  0.187000041269625,  0.145287299699972,  0.117346773283338
					,  -0.119595826898939,  -0.226850326259604,  -0.391548611899175
					,  0.181115477937532,  0.00947656906488377,  0.271151386200361
					,  0.0266117333684264,  -0.165039880675278,  -0.0122994309113521
					,  0.146291365585136,  -0.122222917175558,  0.11779923607213
					,  -1.19561521264217,  -0.158333605469268,  -0.461753077654824
					,  0.359593144697342,  -0.285854714935548,  -0.028018411914496
					,  -0.454721041470973,  0.510430984874527,  0.0167590546127646
					,  -0.265794072037904,  0.321674711047541,  -0.0784255569890248
					,  0.130786616474953,  -0.176907240116802,  0.242127968637606
					,  0.565341390699699,  -0.189325465530884,  0.250408776150277
					,  -0.123345830258574,  0.0567966916884789,  0.111765747921273
					,  0.559227422547664,  0.592423699831795,  -0.0442223540252573
					,  -0.348906220409132,  -0.0252843457362065,  -0.58577044937715
					,  0.148951839470799,  0.496520380232498,  0.360989294652583
					,  -0.224899723474314,  -0.339818068778137,  -0.433221013905073
					,  -0.882398975813685,  -0.233095237356918,  0.897441803631569
					,  0.37449611740821,  0.443388374041917,  -0.0371743608971388
					,  0.623454746906934,  0.371470477476209,  0.0465343695821501
					,  0.00199403498048213,  0.0892703414013734,  0.145504074020343
					,  0.160658892645399,  -0.0145563173353356,  -0.0953510501494619
					,  -0.0764741267121151,  -0.178452508822317,  0.199626400992059
					,  0.305134946968708,  -0.506190847038286,  0.378393776811109
					,  -0.216913537627793,  0.27809831940073,  0.362737090027828
					,  0.0250061730883694,  -0.0252447004264049,  -0.188289250090301
					,  -0.962798101532583,  0.127579413277855,  -0.61061237866258
					,  0.662352606771974,  -0.336426648172895,  -0.177962550556034
					,  -0.47824775342892,  0.0952371916986646,  -0.0096754680187926
					,  -0.532841949508992,  0.453278436261402,  -0.34527145027592
					,  -0.34703593176094,  -0.232472442501811,  -0.24542663910747
					,  0.499027886535457,  -0.410620518599886,  0.0824476213284363
					,  0.216084737573415,  -0.0427573061479581,  -0.14863772472939
					,  0.627532243176267,  0.309654689052072,  -0.15389323429289
					,  -0.315737314769525,  -0.0642029296514544,  -0.723186026586539
					,  0.318059205465153,  0.210468558653328,  0.651549716633951
					,  0.0399828038605362,  -0.593045471572897,  -0.683052161617761
					))
				, nrow = 60, ncol = 2
				, dimnames = list(
					as.character(c( "1", "2", "3", "4", "5", "6", "7", "8", "9", "10"
					  , "11", "12", "13", "14", "15", "16", "17", "18", "19", "20"
					  , "21", "22", "23", "24", "25", "26", "27", "28", "29", "30"
					  , "31", "32", "33", "34", "35", "36", "37", "38", "39", "40"
					  , "41", "42", "43", "44", "45", "46", "47", "48", "49", "50"
					  , "51", "52", "53", "54", "55", "56", "57", "58", "59", "60"))
					, as.character(c("nVmax", "nV"))
					)
				))
			)
		, "logLik" = c(-3396.83)
		, "nObs" = c(480)
		, "nSubj" = c(60)
		, "nParm" = c(13)
		, "returnCode" = c(7)
		, "omega" = matrix(
			as.numeric(c(0.130489224773386, 0.100257585145003, 0.100257585145003, 0.196527722156686))
			, nrow = 2, ncol = 2
			, dimnames = list(
				as.character(c("nVmax", "nV"))
				, as.character(c("nVmax", "nV"))
				)
			)
		, "eta" = matrix(
			as.numeric(c(0.0006231390144985, -0.0145263310682182, 0.100956562843218, 0.157095079365555, 0.317736624963535, 0.396352216299537, 0.120410669698502, 0.105934409426411))
			, nrow = 2, ncol = 4
			, dimnames = list(
				as.character(c("nVmax", "nV"))
				, as.character(c("mean", "var", "sd", "shrinkage"))
				)
			)
		, "eta_shrinkage" = list("Subject" = matrix(
			as.numeric(c(
				 0.222981865051183,  0.249323221704074,  0.367332807346446
				,  0.310377434365474,  0.326879075446127,  0.244910494383163
				,  0.351595587389586,  0.278458778311172,  0.252823757489714
				,  0.269626015111468,  0.289779548221028,  0.315158189175578
				,  0.251069039750389,  0.244977523465759,  0.251762626885063
				,  0.250552702233556,  0.249272054502278,  0.336447450431244
				,  0.281457935103266,  0.237897999557508,  0.291448774185318
				,  0.24765894850656,  0.301240639420739,  0.256150025906063
				,  0.255872701960825,  0.254910944430039,  0.2457762814609
				,  0.192624232333081,  0.263631532858737,  0.228360581334133
				,  0.32759165020572,  0.238347259950556,  0.245392175372715
				,  0.233115147724229,  0.254201836322329,  0.249544051280574
				,  0.230246536648602,  0.27647816162439,  0.244771146020596
				,  0.244566822755921,  0.241420407375974,  0.246003195882772
				,  0.271178221484372,  0.238333395916226,  0.248483528452222
				,  0.272996746524633,  0.252491632134137,  0.248329999774194
				,  0.276717358893603,  0.262531473416145,  0.247376383186038
				,  0.23618370045254,  0.254410197612805,  0.215068199491534
				,  0.3084319629559,  0.268991764117505,  0.290973259910863
				,  0.252992522375923,  0.23062305359378,  0.223565420245179
				,  0.216919740353611,  0.236897180408418,  0.205313663839246
				,  0.216247644277484,  0.214525200787175,  0.225084562326989
				,  0.21022621151088,  0.226725294419549,  0.231320101316259
				,  0.218197481939612,  0.213066854420677,  0.21523021985483
				,  0.228235201584088,  0.224124338738363,  0.227944297653759
				,  0.224018736525432,  0.227964662151381,  0.209523224373213
				,  0.224866884466104,  0.227930566015262,  0.225434692137446
				,  0.223546472654766,  0.221084880247491,  0.224978736197591
				,  0.227147216449795,  0.232997340047783,  0.227437932741278
				,  0.202006872116851,  0.225199281807799,  0.225477306578003
				,  0.218205972706434,  0.219948835321389,  0.234238805181895
				,  0.224422057638143,  0.242000976850625,  0.219977329877282
				,  0.221493987876346,  0.223363792596078,  0.224792732453063
				,  0.225357673333084,  0.228967520794507,  0.23938626500527
				,  0.235515006090472,  0.225310316012378,  0.23092105223125
				,  0.226357102628598,  0.223545025999507,  0.228662075638718
				,  0.222823663603822,  0.228604714810649,  0.228933982230625
				,  0.221420875136673,  0.226523500368691,  0.206232467465316
				,  0.219926072476076,  0.233924541831976,  0.218943277452585
				,  0.224468578359446,  0.223698671917649,  0.221236033861516
				))
			, nrow = 60, ncol = 2
			, dimnames = list(
				as.character(c( "1", "2", "3", "4", "5", "6", "7", "8", "9", "10"
				  , "11", "12", "13", "14", "15", "16", "17", "18", "19", "20"
				  , "21", "22", "23", "24", "25", "26", "27", "28", "29", "30"
				  , "31", "32", "33", "34", "35", "36", "37", "38", "39", "40"
				  , "41", "42", "43", "44", "45", "46", "47", "48", "49", "50"
				  , "51", "52", "53", "54", "55", "56", "57", "58", "59", "60"))
				, as.character(c("nVmax_shrinkage", "nV_shrinkage"))
				)
			))
		, "sigma" = matrix(
			as.numeric(c(2.71251396125475))
			, nrow = 1, ncol = 1
			, dimnames = list(
				as.character(c("CEps"))
				, as.character(c("CEps"))
				)
			)
		, "method" = "FOCE-ELS"
		, "varFix" = matrix(
			as.numeric(c(0.0131304789606231, -0.000594423206854098, -1652.17141183312, -525.523513616859, 0.161472156316989, -0.00354295208985407, -0.0727390321922607, -0.152506526437404, 0.00353382645513121, -0.408341159950546, -0.000594423206854098, 0.000726567494403747, 199.745421379469, 50.7396273468121, -0.0997690656490031, -0.000672302556831067, 0.0206852997601302, -0.0287834728029966, 0.00045258872995354, 0.0262842901787119, -1652.17141183312, 199.745421379469, 365222955.663358, 104173417.463498, -207762.639205781, -853.002141757121, 37117.7181774867, -20472.3754336482, -317.817070065928, 25432.9654145654, -525.523513616859, 50.7396273468121, 104173417.463498, 30326432.3055054, -55761.7526690629, -163.292615723705, 11687.1336077422, 213.058715723033, -119.174212883508, 9921.66755413536, 0.161472156316989, -0.0997690656490031, -207762.639205781, -55761.7526690629, 9970.44644441426, 8.97390709273221, -3625.64699750298, -3453.53613932288, 0.687884523827995, 1136.88866816237, -0.00354295208985407, -0.000672302556831067, -853.002141757121, -163.292615723705, 8.97390709273221, 0.0913642766354141, 0.645135346074429, 8.09321503351069, -0.012809811322869, -1.54105838798411, -0.0727390321922607, 0.0206852997601302, 37117.7181774867, 11687.1336077422, -3625.64699750298, 0.645135346074429, 1524.88893660192, 1845.25412302854, -1.24215160538105, -558.712359264611, -0.152506526437404, -0.0287834728029966, -20472.3754336482, 213.058715723033, -3453.53613932288, 8.09321503351069, 1845.25412302854, 2889.59025731567, -3.13769682439029, -799.370510923873, 0.00353382645513121, 0.00045258872995354, -317.817070065928, -119.174212883508, 0.687884523827995, -0.012809811322869, -1.24215160538105, -3.13769682439029, 0.11849960043057, 0.42172687845621, -0.408341159950546, 0.0262842901787119, 25432.9654145654, 9921.66755413536, 1136.88866816237, -1.54105838798411, -558.712359264611, -799.370510923873, 0.42172687845621, 425.903380800523))
			, nrow = 10, ncol = 10
			, dimnames = list(
				as.character(c("GAMMA", "CMultStdev", "tvVmax", "tvKm", "tvV", "tvKa", "K12", "K21", "dVdWT", "CEps"))
				, as.character(c("GAMMA", "CMultStdev", "tvVmax", "tvKm", "tvV", "tvKa", "K12", "K21", "dVdWT", "CEps"))
				)
			)
		, "omegaSE" = matrix(
			as.numeric(c(0.0500939459188404, 0.0513423457078174, 0.0513423457078174, 0.0653829636596356))
			, nrow = 2, ncol = 2, byrow = TRUE
			, dimnames = list(
				as.character(c("nVmax", "nV"))
				, as.character(c("nVmax", "nV"))
				)
			)
		, "Covariance" = matrix(
			as.numeric(c(0.013130479, -0.00059442321, -1652.1714, -525.52351, 0.16147216, -0.0035429521, -0.072739032, -0.15250653, 0.0035338265, -0.40834116, -0.0018792938, -0.0017689933, -0.0020137283, -0.00059442321, 0.00072656749, 199.74542, 50.739627, -0.099769066, -0.00067230256, 0.0206853, -0.028783473, 0.00045258873, 0.02628429, 0.00048068328, 0.00036539021, 0.00040007953, -1652.1714, 199.74542, 3.6522296e+008, 1.0417342e+008, -207762.64, -853.00214, 37117.718, -20472.375, -317.81707, 25432.965, 739.56755, 675.24531, 678.65219, -525.52351, 50.739627, 1.0417342e+008,  30326432, -55761.753, -163.29262, 11687.134, 213.05872, -119.17421, 9921.6676, 194.95468, 178.28116, 181.29878, 0.16147216, -0.099769066, -207762.64, -55761.753, 9970.4464, 8.9739071, -3625.647, -3453.5361, 0.68788452, 1136.8887, -0.46410062, -0.55962265, -0.84634359, -0.0035429521, -0.00067230256, -853.00214, -163.29262, 8.9739071, 0.091364277, 0.64513535,  8.093215, -0.012809811, -1.5410584, -0.0028350178, -0.0020823895, -0.0011615658, -0.072739032, 0.0206853, 37117.718, 11687.134, -3625.647, 0.64513535, 1524.8889, 1845.2541, -1.2421516, -558.71236, 0.054517159, 0.1551635, 0.29345366, -0.15250653, -0.028783473, -20472.375, 213.05872, -3453.5361,  8.093215, 1845.2541, 2889.5903, -3.1376968, -799.37051, -0.14108122, 0.071442674, 0.27760503, 0.0035338265, 0.00045258873, -317.81707, -119.17421, 0.68788452, -0.012809811, -1.2421516, -3.1376968, 0.1184996, 0.42172688, -0.00033845023, -0.0013510671, -0.00073358214, -0.40834116, 0.02628429, 25432.965, 9921.6676, 1136.8887, -1.5410584, -558.71236, -799.37051, 0.42172688, 425.90338, -0.091221791, -0.1905927, -0.16896365, -0.0018792938, 0.00048068328, 739.56755, 194.95468, -0.46410062, -0.0028350178, 0.054517159, -0.14108122, -0.00033845023, -0.091221791, 0.0025094034, 0.0021498728, 0.0020486102, -0.0017689933, 0.00036539021, 675.24531, 178.28116, -0.55962265, -0.0020823895, 0.1551635, 0.071442674, -0.0013510671, -0.1905927, 0.0021498728, 0.0026360365, 0.0028902899, -0.0020137283, 0.00040007953, 678.65219, 181.29878, -0.84634359, -0.0011615658, 0.29345366, 0.27760503, -0.00073358214, -0.16896365, 0.0020486102, 0.0028902899, 0.0042749319))
			, nrow = 13, ncol = 13
			, dimnames = list(
				as.character(c("GAMMA", "CMultStdev", "tvVmax", "tvKm", "tvV", "tvKa", "K12", "K21", "dVdWT", "stdev0", "nVmax-nVmax", "nV-nVmax", "nV-nV"))
				, as.character(c("GAMMA", "CMultStdev", "tvVmax", "tvKm", "tvV", "tvKa", "K12", "K21", "dVdWT", "stdev0", "nVmax-nVmax", "nV-nVmax", "nV-nV"))
				)
			)
		, "Correlation" = matrix(
			as.numeric(c(0.1145883, -0.19244981, -0.75445925, -0.83280094, 0.014112373, -0.10229085, -0.016255792, -0.024758824, 0.089587309, -0.17267415, -0.32739282, -0.30068391, -0.26877941, -0.19244981, 0.026954916, 0.38775715, 0.34182091, -0.037068125, -0.082516077, 0.019651908, -0.019864932, 0.048776127, 0.047250099, 0.35598835, 0.26402389, 0.22700935, -0.75445925, 0.38775715, 19110.807, 0.98984505, -0.10887574, -0.1476668, 0.049737406, -0.019928338, -0.048310301, 0.064485552, 0.77252683, 0.68818759, 0.54312978, -0.83280094, 0.34182091, 0.98984505,  5506.944, -0.10140712, -0.098099699, 0.054347334, 0.0007197315, -0.062865618, 0.087300849, 0.70670436, 0.63054936, 0.50352335, 0.014112373, -0.037068125, -0.10887574, -0.10140712, 99.852123, 0.29732817, -0.92984189, -0.64341113, 0.020012428, 0.55170268, -0.092783255, -0.10915969, -0.12963576, -0.10229085, -0.082516077, -0.1476668, -0.098099699, 0.29732817, 0.30226524, 0.054656714, 0.49809793, -0.12311078, -0.24704459, -0.18723298, -0.13418317, -0.058774778, -0.016255792, 0.019651908, 0.049737406, 0.054347334, -0.92984189, 0.054656714, 39.049826, 0.87906086, -0.092405337, -0.69328791, 0.02786948, 0.077391764, 0.11493593, -0.024758824, -0.019864932, -0.019928338, 0.0007197315, -0.64341113, 0.49809793, 0.87906086, 53.754909, -0.16956429, -0.72056713, -0.052392102, 0.025885935, 0.078984995, 0.089587309, 0.048776127, -0.048310301, -0.062865618, 0.020012428, -0.12311078, -0.092405337, -0.16956429, 0.34423771, 0.059363199, -0.019626874, -0.076443887, -0.032593103, -0.17267415, 0.047250099, 0.064485552, 0.087300849, 0.55170268, -0.24704459, -0.69328791, -0.72056713, 0.059363199, 20.637427, -0.088238438, -0.17987674, -0.12521984, -0.32739282, 0.35598835, 0.77252683, 0.70670436, -0.092783255, -0.18723298, 0.02786948, -0.052392102, -0.019626874, -0.088238438, 0.050093946, 0.83589519, 0.62547433, -0.30068391, 0.26402389, 0.68818759, 0.63054936, -0.10915969, -0.13418317, 0.077391764, 0.025885935, -0.076443887, -0.17987674, 0.83589519, 0.051342346, 0.86099593, -0.26877941, 0.22700935, 0.54312978, 0.50352335, -0.12963576, -0.058774778, 0.11493593, 0.078984995, -0.032593103, -0.12521984, 0.62547433, 0.86099593, 0.065382964))
			, nrow = 13, ncol = 13
			, dimnames = list(
				as.character(c("GAMMA", "CMultStdev", "tvVmax", "tvKm", "tvV", "tvKa", "K12", "K21", "dVdWT", "stdev0", "nVmax-nVmax", "nV-nVmax", "nV-nV"))
				, as.character(c("GAMMA", "CMultStdev", "tvVmax", "tvKm", "tvV", "tvKa", "K12", "K21", "dVdWT", "stdev0", "nVmax-nVmax", "nV-nVmax", "nV-nV"))
				)
			)
		, "Inverse" = matrix(
			as.numeric(c(3079.8765, 407.81093, -0.06368441, 0.2765958,  13.12415, 175.46317, 55.948477, -20.859519, -11.746554, 0.068251823, -205.38413,  -294.101, 250.16522, 407.81093, 2345.8941, -0.020470043, 0.070875996, -2.9117179,  15.41847, -11.602906, 3.5958621, -5.2091914, -0.65275322, -36.196076, 545.00783, -170.74572, -0.06368441, -0.020470043, 1.7761355e-006, -7.1429508e-006, -0.00027987941, -7.1363712e-005, -0.0011527108, 0.00041285571, -3.6096037e-005, 6.4402464e-006, -0.014004602, 0.0033287849, -0.0055190579, 0.2765958, 0.070875996, -7.1429508e-006, 2.9343268e-005, 0.001230299, 0.0040180918, 0.0051047128, -0.0018455714, -0.0001434651, -2.5824614e-005, 0.034365449, -0.022361292, 0.024875239,  13.12415, -2.9117179, -0.00027987941, 0.001230299, 0.12690098, -0.33676562, 0.51525452, -0.17673332, 0.0023177259, 0.004181174, 1.5993112, -5.1944687, 2.7596162, 175.46317,  15.41847, -7.1363712e-005, 0.0040180918, -0.33676562, 167.09585, 0.74904454, -1.3404355, -8.3914729, 0.057524834, -210.56834, 172.24925, -78.227285, 55.948477, -11.602906, -0.0011527108, 0.0051047128, 0.51525452, 0.74904454,  2.122249, -0.74253235, -0.11220054, 0.018588431, 3.9274655, -18.692292, 10.165966, -20.859519, 3.5958621, 0.00041285571, -0.0018455714, -0.17673332, -1.3404355, -0.74253235, 0.26796455, 0.11466833, -0.0049622741, 0.010301606,   5.66138, -3.2261732, -11.746554, -5.2091914, -3.6096037e-005, -0.0001434651, 0.0023177259, -8.3914729, -0.11220054, 0.11466833, 9.6407113, 0.02391812, 3.9707394, 23.622842, -10.071246, 0.068251823, -0.65275322, 6.4402464e-006, -2.5824614e-005, 0.004181174, 0.057524834, 0.018588431, -0.0049622741, 0.02391812, 0.0071517253, -0.0042624008, 1.3979687, -0.60065517, -205.38413, -36.196076, -0.014004602, 0.034365449, 1.5993112, -210.56834, 3.9274655, 0.010301606, 3.9707394, -0.0042624008, 2743.3646, -1732.1698, 518.58214,  -294.101, 545.00783, 0.0033287849, -0.022361292, -5.1944687, 172.24925, -18.692292,   5.66138, 23.622842, 1.3979687, -1732.1698, 4317.4104, -1865.3683, 250.16522, -170.74572, -0.0055190579, 0.024875239, 2.7596162, -78.227285, 10.165966, -3.2261732, -10.071246, -0.60065517, 518.58214, -1865.3683, 1212.8923))
			, nrow = 13, ncol = 13
			, dimnames = list(
				as.character(c("GAMMA", "CMultStdev", "tvVmax", "tvKm", "tvV", "tvKa", "K12", "K21", "dVdWT", "stdev0", "nVmax-nVmax", "nV-nVmax", "nV-nV"))
				, as.character(c("GAMMA", "CMultStdev", "tvVmax", "tvKm", "tvV", "tvKa", "K12", "K21", "dVdWT", "stdev0", "nVmax-nVmax", "nV-nVmax", "nV-nV"))
				)
			)
		, "LLTable" = data.frame(
			id = as.character(c( "1", "2", "3", "4", "5", "6", "7", "8", "9", "10", "11", "12", "13", "14", "15", "16", "17", "18", "19", "20", "21", "22", "23", "24", "25", "26", "27", "28", "29", "30", "31", "32", "33", "34", "35", "36", "37", "38", "39", "40", "41", "42", "43", "44", "45", "46", "47", "48", "49", "50", "51", "52", "53", "54", "55", "56", "57", "58", "59", "60"))
			, "LL" = c(-59.379387, -53.102907, -56.271806, -52.553029, -56.021645, -56.572882, -54.331591, -52.398562, -55.561039, -58.70812, -55.192093, -59.050483, -56.722471, -54.087432, -53.127034,  -57.9829, -57.902473, -58.582792, -52.158019, -57.428724, -53.763311, -56.824322, -55.744636, -54.305935, -57.111239, -57.652061, -54.860843, -73.018214, -57.862898, -60.945384, -51.444892, -58.672852, -56.235678, -58.844406, -51.779651, -55.35118, -60.690684, -52.878888, -56.823609, -59.259863, -56.893097, -55.519987, -51.787881, -61.078301, -53.265809, -57.435552, -57.56274, -54.100828, -52.731476, -51.482387, -58.425019, -60.460274, -58.604758, -66.613306, -54.956979, -53.163136, -53.216996, -58.372727, -60.264264, -59.688426)
			) # end of LLTable
		, "residuals" = data.frame(
			  ID1 = as.character(c(  "",   "",   "",   "",   "",   "",   "",   "",   "",   "",   "",   "",   "",   "",   "",   "",   "",   "",   "",   "",   "",   "",   "",   "",   "",   "",   "",   "",   "",   "",   "",   "",   "",   "",   "",   "",   "",   "",   "",   "",   "",   "",   "",   "",   "",   "",   "",   "",   "",   "",   "",   "",   "",   "",   "",   "",   "",   "",   "",   "",   "",   "",   "",   "",   "",   "",   "",   "",   "",   "",   "",   "",   "",   "",   "",   "",   "",   "",   "",   "",   "",   "",   "",   "",   "",   "",   "",   "",   "",   "",   "",   "",   "",   "",   "",   "",   "",   "",   "",   "",   "",   "",   "",   "",   "",   "",   "",   "",   "",   "",   "",   "",   "",   "",   "",   "",   "",   "",   "",   "",   "",   "",   "",   "",   "",   "",   "",   "",   "",   "",   "",   "",   "",   "",   "",   "",   "",   "",   "",   "",   "",   "",   "",   "",   "",   "",   "",   "",   "",   "",   "",   "",   "",   "",   "",   "",   "",   "",   "",   "",   "",   "",   "",   "",   "",   "",   "",   "",   "",   "",   "",   "",   "",   "",   "",   "",   "",   "",   "",   "",   "",   "",   "",   "",   "",   "",   "",   "",   "",   "",   "",   "",   "",   "",   "",   "",   "",   "",   "",   "",   "",   "",   "",   "",   "",   "",   "",   "",   "",   "",   "",   "",   "",   "",   "",   "",   "",   "",   "",   "",   "",   "",   "",   "",   "",   "",   "",   "",   "",   "",   "",   "",   "",   "",   "",   "",   "",   "",   "",   "",   "",   "",   "",   "",   "",   "",   "",   "",   "",   "",   "",   "",   "",   "",   "",   "",   "",   "",   "",   "",   "",   "",   "",   "",   "",   "",   "",   "",   "",   "",   "",   "",   "",   "",   "",   "",   "",   "",   "",   "",   "",   "",   "",   "",   "",   "",   "",   "",   "",   "",   "",   "",   "",   "",   "",   "",   "",   "",   "",   "",   "",   "",   "",   "",   "",   "",   "",   "",   "",   "",   "",   "",   "",   "",   "",   "",   "",   "",   "",   "",   "",   "",   "",   "",   "",   "",   "",   "",   "",   "",   "",   "",   "",   "",   "",   "",   "",   "",   "",   "",   "",   "",   "",   "",   "",   "",   "",   "",   "",   "",   "",   "",   "",   "",   "",   "",   "",   "",   "",   "",   "",   "",   "",   "",   "",   "",   "",   "",   "",   "",   "",   "",   "",   "",   "",   "",   "",   "",   "",   "",   "",   "",   "",   "",   "",   "",   "",   "",   "",   "",   "",   "",   "",   "",   "",   "",   "",   "",   "",   "",   "",   "",   "",   "",   "",   "",   "",   "",   "",   "",   "",   "",   "",   "",   "",   "",   "",   "",   "",   "",   "",   "",   "",   "",   "",   "",   "",   "",   "",   "",   "",   "",   "",   "",   "",   "",   "",   "",   "",   "",   "",   "",   "",   "",   "",   "",   "",   "",   "",   "",   "",   "",   "",   "",   "",   "",   "",   "",   "",   "",   "",   "",   "",   "",   "",   "",   "",   "",   "",   "",   "",   "",   "",   "",   "",   "",   "",   "",   "",   ""))
			, ID2 = as.character(c(  "",   "",   "",   "",   "",   "",   "",   "",   "",   "",   "",   "",   "",   "",   "",   "",   "",   "",   "",   "",   "",   "",   "",   "",   "",   "",   "",   "",   "",   "",   "",   "",   "",   "",   "",   "",   "",   "",   "",   "",   "",   "",   "",   "",   "",   "",   "",   "",   "",   "",   "",   "",   "",   "",   "",   "",   "",   "",   "",   "",   "",   "",   "",   "",   "",   "",   "",   "",   "",   "",   "",   "",   "",   "",   "",   "",   "",   "",   "",   "",   "",   "",   "",   "",   "",   "",   "",   "",   "",   "",   "",   "",   "",   "",   "",   "",   "",   "",   "",   "",   "",   "",   "",   "",   "",   "",   "",   "",   "",   "",   "",   "",   "",   "",   "",   "",   "",   "",   "",   "",   "",   "",   "",   "",   "",   "",   "",   "",   "",   "",   "",   "",   "",   "",   "",   "",   "",   "",   "",   "",   "",   "",   "",   "",   "",   "",   "",   "",   "",   "",   "",   "",   "",   "",   "",   "",   "",   "",   "",   "",   "",   "",   "",   "",   "",   "",   "",   "",   "",   "",   "",   "",   "",   "",   "",   "",   "",   "",   "",   "",   "",   "",   "",   "",   "",   "",   "",   "",   "",   "",   "",   "",   "",   "",   "",   "",   "",   "",   "",   "",   "",   "",   "",   "",   "",   "",   "",   "",   "",   "",   "",   "",   "",   "",   "",   "",   "",   "",   "",   "",   "",   "",   "",   "",   "",   "",   "",   "",   "",   "",   "",   "",   "",   "",   "",   "",   "",   "",   "",   "",   "",   "",   "",   "",   "",   "",   "",   "",   "",   "",   "",   "",   "",   "",   "",   "",   "",   "",   "",   "",   "",   "",   "",   "",   "",   "",   "",   "",   "",   "",   "",   "",   "",   "",   "",   "",   "",   "",   "",   "",   "",   "",   "",   "",   "",   "",   "",   "",   "",   "",   "",   "",   "",   "",   "",   "",   "",   "",   "",   "",   "",   "",   "",   "",   "",   "",   "",   "",   "",   "",   "",   "",   "",   "",   "",   "",   "",   "",   "",   "",   "",   "",   "",   "",   "",   "",   "",   "",   "",   "",   "",   "",   "",   "",   "",   "",   "",   "",   "",   "",   "",   "",   "",   "",   "",   "",   "",   "",   "",   "",   "",   "",   "",   "",   "",   "",   "",   "",   "",   "",   "",   "",   "",   "",   "",   "",   "",   "",   "",   "",   "",   "",   "",   "",   "",   "",   "",   "",   "",   "",   "",   "",   "",   "",   "",   "",   "",   "",   "",   "",   "",   "",   "",   "",   "",   "",   "",   "",   "",   "",   "",   "",   "",   "",   "",   "",   "",   "",   "",   "",   "",   "",   "",   "",   "",   "",   "",   "",   "",   "",   "",   "",   "",   "",   "",   "",   "",   "",   "",   "",   "",   "",   "",   "",   "",   "",   "",   "",   "",   "",   "",   "",   "",   "",   "",   "",   "",   "",   "",   "",   "",   "",   "",   "",   "",   "",   "",   "",   "",   "",   "",   "",   "",   "",   "",   "",   "",   "",   "",   "",   "",   "",   "",   "",   "",   "",   "",   "",   "",   ""))
			, ID3 = as.character(c(  "",   "",   "",   "",   "",   "",   "",   "",   "",   "",   "",   "",   "",   "",   "",   "",   "",   "",   "",   "",   "",   "",   "",   "",   "",   "",   "",   "",   "",   "",   "",   "",   "",   "",   "",   "",   "",   "",   "",   "",   "",   "",   "",   "",   "",   "",   "",   "",   "",   "",   "",   "",   "",   "",   "",   "",   "",   "",   "",   "",   "",   "",   "",   "",   "",   "",   "",   "",   "",   "",   "",   "",   "",   "",   "",   "",   "",   "",   "",   "",   "",   "",   "",   "",   "",   "",   "",   "",   "",   "",   "",   "",   "",   "",   "",   "",   "",   "",   "",   "",   "",   "",   "",   "",   "",   "",   "",   "",   "",   "",   "",   "",   "",   "",   "",   "",   "",   "",   "",   "",   "",   "",   "",   "",   "",   "",   "",   "",   "",   "",   "",   "",   "",   "",   "",   "",   "",   "",   "",   "",   "",   "",   "",   "",   "",   "",   "",   "",   "",   "",   "",   "",   "",   "",   "",   "",   "",   "",   "",   "",   "",   "",   "",   "",   "",   "",   "",   "",   "",   "",   "",   "",   "",   "",   "",   "",   "",   "",   "",   "",   "",   "",   "",   "",   "",   "",   "",   "",   "",   "",   "",   "",   "",   "",   "",   "",   "",   "",   "",   "",   "",   "",   "",   "",   "",   "",   "",   "",   "",   "",   "",   "",   "",   "",   "",   "",   "",   "",   "",   "",   "",   "",   "",   "",   "",   "",   "",   "",   "",   "",   "",   "",   "",   "",   "",   "",   "",   "",   "",   "",   "",   "",   "",   "",   "",   "",   "",   "",   "",   "",   "",   "",   "",   "",   "",   "",   "",   "",   "",   "",   "",   "",   "",   "",   "",   "",   "",   "",   "",   "",   "",   "",   "",   "",   "",   "",   "",   "",   "",   "",   "",   "",   "",   "",   "",   "",   "",   "",   "",   "",   "",   "",   "",   "",   "",   "",   "",   "",   "",   "",   "",   "",   "",   "",   "",   "",   "",   "",   "",   "",   "",   "",   "",   "",   "",   "",   "",   "",   "",   "",   "",   "",   "",   "",   "",   "",   "",   "",   "",   "",   "",   "",   "",   "",   "",   "",   "",   "",   "",   "",   "",   "",   "",   "",   "",   "",   "",   "",   "",   "",   "",   "",   "",   "",   "",   "",   "",   "",   "",   "",   "",   "",   "",   "",   "",   "",   "",   "",   "",   "",   "",   "",   "",   "",   "",   "",   "",   "",   "",   "",   "",   "",   "",   "",   "",   "",   "",   "",   "",   "",   "",   "",   "",   "",   "",   "",   "",   "",   "",   "",   "",   "",   "",   "",   "",   "",   "",   "",   "",   "",   "",   "",   "",   "",   "",   "",   "",   "",   "",   "",   "",   "",   "",   "",   "",   "",   "",   "",   "",   "",   "",   "",   "",   "",   "",   "",   "",   "",   "",   "",   "",   "",   "",   "",   "",   "",   "",   "",   "",   "",   "",   "",   "",   "",   "",   "",   "",   "",   "",   "",   "",   "",   "",   "",   "",   "",   "",   "",   "",   "",   "",   "",   "",   "",   "",   "",   "",   "",   "",   ""))
			, ID4 = as.character(c(  "",   "",   "",   "",   "",   "",   "",   "",   "",   "",   "",   "",   "",   "",   "",   "",   "",   "",   "",   "",   "",   "",   "",   "",   "",   "",   "",   "",   "",   "",   "",   "",   "",   "",   "",   "",   "",   "",   "",   "",   "",   "",   "",   "",   "",   "",   "",   "",   "",   "",   "",   "",   "",   "",   "",   "",   "",   "",   "",   "",   "",   "",   "",   "",   "",   "",   "",   "",   "",   "",   "",   "",   "",   "",   "",   "",   "",   "",   "",   "",   "",   "",   "",   "",   "",   "",   "",   "",   "",   "",   "",   "",   "",   "",   "",   "",   "",   "",   "",   "",   "",   "",   "",   "",   "",   "",   "",   "",   "",   "",   "",   "",   "",   "",   "",   "",   "",   "",   "",   "",   "",   "",   "",   "",   "",   "",   "",   "",   "",   "",   "",   "",   "",   "",   "",   "",   "",   "",   "",   "",   "",   "",   "",   "",   "",   "",   "",   "",   "",   "",   "",   "",   "",   "",   "",   "",   "",   "",   "",   "",   "",   "",   "",   "",   "",   "",   "",   "",   "",   "",   "",   "",   "",   "",   "",   "",   "",   "",   "",   "",   "",   "",   "",   "",   "",   "",   "",   "",   "",   "",   "",   "",   "",   "",   "",   "",   "",   "",   "",   "",   "",   "",   "",   "",   "",   "",   "",   "",   "",   "",   "",   "",   "",   "",   "",   "",   "",   "",   "",   "",   "",   "",   "",   "",   "",   "",   "",   "",   "",   "",   "",   "",   "",   "",   "",   "",   "",   "",   "",   "",   "",   "",   "",   "",   "",   "",   "",   "",   "",   "",   "",   "",   "",   "",   "",   "",   "",   "",   "",   "",   "",   "",   "",   "",   "",   "",   "",   "",   "",   "",   "",   "",   "",   "",   "",   "",   "",   "",   "",   "",   "",   "",   "",   "",   "",   "",   "",   "",   "",   "",   "",   "",   "",   "",   "",   "",   "",   "",   "",   "",   "",   "",   "",   "",   "",   "",   "",   "",   "",   "",   "",   "",   "",   "",   "",   "",   "",   "",   "",   "",   "",   "",   "",   "",   "",   "",   "",   "",   "",   "",   "",   "",   "",   "",   "",   "",   "",   "",   "",   "",   "",   "",   "",   "",   "",   "",   "",   "",   "",   "",   "",   "",   "",   "",   "",   "",   "",   "",   "",   "",   "",   "",   "",   "",   "",   "",   "",   "",   "",   "",   "",   "",   "",   "",   "",   "",   "",   "",   "",   "",   "",   "",   "",   "",   "",   "",   "",   "",   "",   "",   "",   "",   "",   "",   "",   "",   "",   "",   "",   "",   "",   "",   "",   "",   "",   "",   "",   "",   "",   "",   "",   "",   "",   "",   "",   "",   "",   "",   "",   "",   "",   "",   "",   "",   "",   "",   "",   "",   "",   "",   "",   "",   "",   "",   "",   "",   "",   "",   "",   "",   "",   "",   "",   "",   "",   "",   "",   "",   "",   "",   "",   "",   "",   "",   "",   "",   "",   "",   "",   "",   "",   "",   "",   "",   "",   "",   "",   "",   "",   "",   "",   "",   "",   "",   "",   "",   "",   "",   "",   ""))
			, ID5 = as.character(c( "1",  "1",  "1",  "1",  "1",  "1",  "1",  "1",  "2",  "2",  "2",  "2",  "2",  "2",  "2",  "2",  "3",  "3",  "3",  "3",  "3",  "3",  "3",  "3",  "4",  "4",  "4",  "4",  "4",  "4",  "4",  "4",  "5",  "5",  "5",  "5",  "5",  "5",  "5",  "5",  "6",  "6",  "6",  "6",  "6",  "6",  "6",  "6",  "7",  "7",  "7",  "7",  "7",  "7",  "7",  "7",  "8",  "8",  "8",  "8",  "8",  "8",  "8",  "8",  "9",  "9",  "9",  "9",  "9",  "9",  "9",  "9", "10", "10", "10", "10", "10", "10", "10", "10", "11", "11", "11", "11", "11", "11", "11", "11", "12", "12", "12", "12", "12", "12", "12", "12", "13", "13", "13", "13", "13", "13", "13", "13", "14", "14", "14", "14", "14", "14", "14", "14", "15", "15", "15", "15", "15", "15", "15", "15", "16", "16", "16", "16", "16", "16", "16", "16", "17", "17", "17", "17", "17", "17", "17", "17", "18", "18", "18", "18", "18", "18", "18", "18", "19", "19", "19", "19", "19", "19", "19", "19", "20", "20", "20", "20", "20", "20", "20", "20", "21", "21", "21", "21", "21", "21", "21", "21", "22", "22", "22", "22", "22", "22", "22", "22", "23", "23", "23", "23", "23", "23", "23", "23", "24", "24", "24", "24", "24", "24", "24", "24", "25", "25", "25", "25", "25", "25", "25", "25", "26", "26", "26", "26", "26", "26", "26", "26", "27", "27", "27", "27", "27", "27", "27", "27", "28", "28", "28", "28", "28", "28", "28", "28", "29", "29", "29", "29", "29", "29", "29", "29", "30", "30", "30", "30", "30", "30", "30", "30", "31", "31", "31", "31", "31", "31", "31", "31", "32", "32", "32", "32", "32", "32", "32", "32", "33", "33", "33", "33", "33", "33", "33", "33", "34", "34", "34", "34", "34", "34", "34", "34", "35", "35", "35", "35", "35", "35", "35", "35", "36", "36", "36", "36", "36", "36", "36", "36", "37", "37", "37", "37", "37", "37", "37", "37", "38", "38", "38", "38", "38", "38", "38", "38", "39", "39", "39", "39", "39", "39", "39", "39", "40", "40", "40", "40", "40", "40", "40", "40", "41", "41", "41", "41", "41", "41", "41", "41", "42", "42", "42", "42", "42", "42", "42", "42", "43", "43", "43", "43", "43", "43", "43", "43", "44", "44", "44", "44", "44", "44", "44", "44", "45", "45", "45", "45", "45", "45", "45", "45", "46", "46", "46", "46", "46", "46", "46", "46", "47", "47", "47", "47", "47", "47", "47", "47", "48", "48", "48", "48", "48", "48", "48", "48", "49", "49", "49", "49", "49", "49", "49", "49", "50", "50", "50", "50", "50", "50", "50", "50", "51", "51", "51", "51", "51", "51", "51", "51", "52", "52", "52", "52", "52", "52", "52", "52", "53", "53", "53", "53", "53", "53", "53", "53", "54", "54", "54", "54", "54", "54", "54", "54", "55", "55", "55", "55", "55", "55", "55", "55", "56", "56", "56", "56", "56", "56", "56", "56", "57", "57", "57", "57", "57", "57", "57", "57", "58", "58", "58", "58", "58", "58", "58", "58", "59", "59", "59", "59", "59", "59", "59", "59", "60", "60", "60", "60", "60", "60", "60", "60"))
			, IVAR = c(0.64, 1.99, 6.43, 12.03, 22.28, 48.91, 80.15, 138.94, 0.51, 2.49, 6.29, 11.18, 25.51, 43.72, 84.69, 123.55, 0.48, 2, 6.04, 11.31, 22.67, 47.36, 103.04, 108, 0.53, 2.07, 6.67, 11.64, 24.9, 49.3, 90.93, 135.41, 0.56, 2.15, 7.03, 12.69, 21.12, 45.33, 84.94, 114.45, 0.47, 2.01, 5.48, 12.19, 22.48, 57.28, 103.13, 131.43, 0.52, 2.37, 5.63, 11.46, 27.7, 44.98, 94.03, 115.38, 0.48, 1.94, 6.3, 11.79, 22.82, 54.9, 93.96, 117.86, 0.5, 2.15, 5.96, 11.95, 22.42, 46.47, 96.58, 113.14, 0.53, 1.72, 6.19, 10.29, 23.29, 45.53, 89.94, 119.32, 0.41, 2.25, 5.08, 11.46, 21.47, 44.53, 118.28, 120.21, 0.44, 1.7, 6.28, 11.98, 23.25, 43.74, 82.73, 107.77, 0.55, 1.88, 5.22, 14.47, 25.04, 46.87, 106.72, 131.12, 0.47, 2.49, 5.85, 10.41, 23.66, 49.01, 120.92, 121.28, 0.52, 1.98, 5.8, 11.96, 25.97, 59.07, 106.39, 135.41, 0.44, 2.21, 6.13, 10.36, 25.28, 47.24, 111.14, 111.15, 0.48, 1.82, 5.89, 12.49, 22.31, 52.16, 85.08, 108.06, 0.58, 1.81, 6.25, 11.55, 25, 56.83, 112.51, 116.09, 0.4, 2.57, 6.41, 12.67, 23.97, 50.51, 94.43, 125.16, 0.48, 1.74, 6.62, 13.97, 23.27, 42.35, 102.37, 119.46, 0.42, 2, 5.63, 11.6, 21.38, 57.48, 92.87, 102.2, 0.51, 2.05, 5.44, 8.99, 22.51, 50.82, 95.43, 118.83, 0.53, 1.78, 6.7, 11.99, 25.76, 53.23, 98.17, 109.91, 0.56, 1.64, 5.68, 11.7, 23.6, 53.16, 97.32, 124.99, 0.5, 1.95, 6.43, 13.46, 18.87, 50.83, 99.67, 115, 0.55, 1.92, 5.83, 13.07, 28.5, 49.31, 92.03, 106.55, 0.48, 1.82, 5.85, 12.48, 22.04, 62.56, 97.51, 134.36, 0.4, 2.15, 5.26, 13.16, 24.97, 46.08, 109.59, 111.87, 0.47, 1.81, 5.61, 13.19, 25.06, 53.08, 92.33, 124.6, 0.51, 1.73, 7.17, 12.16, 25.91, 52.81, 95.52, 116.39, 0.55, 1.8, 7.31, 11.55, 28.32, 55.84, 96.8, 127, 0.45, 2.07, 6.66, 12.12, 22.93, 44.95, 95.66, 133.54, 0.48, 1.98, 5.27, 12.61, 27.35, 55.75, 99.54, 104.15, 0.52, 2.09, 5.79, 12.21, 22.01, 51.37, 92.91, 102.57, 0.48, 2.29, 5.8, 12.91, 26.38, 48.02, 92.68, 113.81, 0.54, 1.8, 6.15, 11.66, 19.14, 41.69, 105.21, 117.73, 0.54, 2.42, 6.95, 12.84, 24.93, 47.08, 112.41, 127.37, 0.44, 1.97, 4.95, 11.77, 18.52, 54.74, 90.09, 114.95, 0.49, 2.13, 6.42, 12.7, 22.66, 41.88, 92.34, 123.38, 0.46, 1.99, 5.34, 11.99, 24.31, 47.3, 94.44, 143.14, 0.54, 2.24, 5.47, 12.2, 26.94, 47.73, 77.59, 124.21, 0.41, 1.84, 6.85, 12.76, 26.77, 49.49, 94.95, 109.41, 0.59, 2.01, 5.59, 13.08, 26.72, 58.02, 90.38, 115.4, 0.48, 1.93, 5.78, 11.65, 27.72, 44.77, 92.34, 128.09, 0.56, 1.85, 5.7, 12.65, 26.57, 46.81, 83.21, 142.37, 0.58, 1.86, 5.96, 10.06, 25.41, 56.4, 81.5, 111, 0.47, 1.87, 4.9, 12.62, 20.59, 47.88, 101.86, 117.65, 0.55, 1.99, 5.62, 12.8, 22.98, 57.31, 95.82, 130.68, 0.51, 1.48, 5.23, 11.5, 24.58, 37.98, 105.69, 112.96, 0.46, 1.71, 5.19, 12.07, 25.25, 38.92, 86.83, 126.6, 0.48, 2.48, 6.8, 12.74, 24.01, 49.36, 89.46, 127.78, 0.58, 2.23, 5.53, 10.21, 23.74, 50.16, 105.18, 109.89, 0.52, 2.05, 6.76, 11.97, 23.16, 42.8, 91.16, 115.73, 0.63, 2.55, 5.9, 10.81, 19.7, 50.54, 86.08, 150.8, 0.46, 2.02, 8.78, 10.74, 24.75, 42.97, 99.4, 109.97, 0.5, 1.94, 5.33, 12.01, 26.5, 56.29, 83.69, 117.04, 0.56, 1.79, 4.66, 10.93, 21.79, 48.23, 92.2, 122.81, 0.48, 2.08, 5.78, 13.52, 22.29, 49.42, 87.87, 122.52, 0.5, 1.69, 5.91, 13.5, 25.69, 48.69, 85.21, 134.88, 0.5, 1.91, 7.07, 11.11, 24.74, 54.56, 101.96, 116.37)
