TABLE NO.     1: First Order Conditional Estimation with Interaction: Problem=1 Subproblem=0 Superproblem1=0 Iteration1=0 Superproblem2=0 Iteration2=0
 NAME         THETA1       THETA2       THETA3       THETA4       THETA5       THETA6       SIGMA(1,1)   SIGMA(2,1)   SIGMA(2,2)   OMEGA(1,1)   OMEGA(2,1)   OMEGA(2,2)
 THETA1        5.72647E-05 -1.63457E-04 -6.22492E-03 -2.54361E-02 -5.83670E-02  2.62706E-01  2.95972E-01  0.00000E+00 -1.52768E-01 -2.14686E-02  5.46716E-02  3.90369E-03
 THETA2       -1.63457E-04  4.87002E-04  2.03981E-02  1.68308E-01  1.99488E-01 -9.37477E-01 -7.80598E-01  0.00000E+00  4.72704E-01  2.32347E-02 -1.61951E-01 -3.46972E-02
 THETA3       -6.22492E-03  2.03981E-02  2.74022E+00 -3.91916E+01  2.27327E+01 -7.81936E+01 -1.30754E+02  0.00000E+00  3.00084E+01  1.83996E+01 -4.66493E+00 -9.21605E+00
 THETA4       -2.54361E-02  1.68308E-01 -3.91916E+01  3.46703E+03 -5.72208E+01 -1.08741E+03  4.85298E+03  0.00000E+00  4.83770E+02  6.64573E+02 -7.67855E+02  2.11363E+02
 THETA5       -5.83670E-02  1.99488E-01  2.27327E+01 -5.72208E+01  2.18035E+02 -8.46729E+02 -8.00963E+02  0.00000E+00  3.36917E+02  2.78414E+02 -1.30091E+02 -7.00034E+01
 THETA6        2.62706E-01 -9.37477E-01 -7.81936E+01 -1.08741E+03 -8.46729E+02  3.93999E+03  1.70149E+03  0.00000E+00 -1.45968E+03 -9.09677E+02  3.80369E+02  3.24155E+02
 SIGMA(1,1)    2.95972E-01 -7.80598E-01 -1.30754E+02  4.85298E+03 -8.00963E+02  1.70149E+03  3.21716E+05  0.00000E+00 -6.33279E+02  1.25416E+04 -1.49078E+04  3.88496E+03
 SIGMA(2,1)    0.00000E+00  0.00000E+00  0.00000E+00  0.00000E+00  0.00000E+00  0.00000E+00  0.00000E+00  0.00000E+00  0.00000E+00  0.00000E+00  0.00000E+00  0.00000E+00
 SIGMA(2,2)   -1.52768E-01  4.72704E-01  3.00084E+01  4.83770E+02  3.36917E+02 -1.45968E+03 -6.33279E+02  0.00000E+00  4.25149E+03  7.87309E+02 -5.12770E+02  2.79036E+02
 OMEGA(1,1)   -2.14686E-02  2.32347E-02  1.83996E+01  6.64573E+02  2.78414E+02 -9.09677E+02  1.25416E+04  0.00000E+00  7.87309E+02  9.11097E+03 -6.81729E+03  7.74985E+02
 OMEGA(2,1)    5.46716E-02 -1.61951E-01 -4.66493E+00 -7.67855E+02 -1.30091E+02  3.80369E+02 -1.49078E+04  0.00000E+00 -5.12770E+02 -6.81729E+03  8.70908E+03 -1.74935E+03
 OMEGA(2,2)    3.90369E-03 -3.46972E-02 -9.21605E+00  2.11363E+02 -7.00034E+01  3.24155E+02  3.88496E+03  0.00000E+00  2.79036E+02  7.74985E+02 -1.74935E+03  1.33103E+03
