TABLE NO.     1: First Order Conditional Estimation with Interaction: Problem=1 Subproblem=0 Superproblem1=0 Iteration1=0 Superproblem2=0 Iteration2=0
 NAME         THETA1       THETA2       THETA3       THETA4       THETA5       THETA6       SIGMA(1,1)   SIGMA(2,1)   SIGMA(2,2)   OMEGA(1,1)   OMEGA(2,1)   OMEGA(2,2)
 THETA1        1.07440E+03  9.83551E-01 -4.37561E-01 -4.46942E-01  6.85901E-01 -5.37008E-02 -1.23055E-01  0.00000E+00  2.82850E-01  2.62149E-01  6.80027E-02  1.37328E-01
 THETA2        9.83551E-01  4.31458E+02 -4.49018E-01 -4.75522E-01  6.72871E-01 -7.10558E-02 -1.14821E-01  0.00000E+00  3.30103E-01  3.18244E-01  8.92709E-02  1.48682E-01
 THETA3       -4.37561E-01 -4.49018E-01  7.48015E+00  9.31803E-01 -8.41196E-01  8.63000E-01 -3.31953E-01  0.00000E+00 -3.04765E-01 -1.08095E-01  5.72788E-02  6.07049E-02
 THETA4       -4.46942E-01 -4.75522E-01  9.31803E-01  2.37311E-01 -7.24160E-01  8.35898E-01 -2.07620E-01  0.00000E+00 -4.31224E-01 -1.81913E-01 -2.49809E-02  9.94192E-02
 THETA5        6.85901E-01  6.72871E-01 -8.41196E-01 -7.24160E-01  3.76481E+00 -4.64256E-01  3.11022E-01  0.00000E+00  2.20470E-01  1.73280E-01 -1.10019E-02  8.11040E-02
 THETA6       -5.37008E-02 -7.10558E-02  8.63000E-01  8.35898E-01 -4.64256E-01  8.30716E-01 -2.96352E-01  0.00000E+00 -2.68961E-01  1.29013E-02  1.12792E-01  2.02943E-01
 SIGMA(1,1)   -1.23055E-01 -1.14821E-01 -3.31953E-01 -2.07620E-01  3.11022E-01 -2.96352E-01  2.29666E+00  0.00000E+00 -4.63636E-03  6.91815E-03 -7.76480E-02  3.10654E-02
 SIGMA(2,1)    0.00000E+00  0.00000E+00  0.00000E+00  0.00000E+00  0.00000E+00  0.00000E+00  0.00000E+00  0.00000E+00  0.00000E+00  0.00000E+00  0.00000E+00  0.00000E+00
 SIGMA(2,2)    2.82850E-01  3.30103E-01 -3.04765E-01 -4.31224E-01  2.20470E-01 -2.68961E-01 -4.63636E-03  0.00000E+00  1.85749E-02  4.83320E-02 -8.90355E-02 -1.30777E-01
 OMEGA(1,1)    2.62149E-01  3.18244E-01 -1.08095E-01 -1.81913E-01  1.73280E-01  1.29013E-02  6.91815E-03  0.00000E+00  4.83320E-02  2.72308E-02  7.53087E-01  2.99075E-01
 OMEGA(2,1)    6.80027E-02  8.92709E-02  5.72788E-02 -2.49809E-02 -1.10019E-02  1.12792E-01 -7.76480E-02  0.00000E+00 -8.90355E-02  7.53087E-01  1.91255E-02  5.11090E-01
 OMEGA(2,2)    1.37328E-01  1.48682E-01  6.07049E-02  9.94192E-02  8.11040E-02  2.02943E-01  3.10654E-02  0.00000E+00 -1.30777E-01  2.99075E-01  5.11090E-01  2.34598E-02
