TABLE NO.     1: First Order Conditional Estimation with Interaction: Problem=1 Subproblem=0 Superproblem1=0 Iteration1=0 Superproblem2=0 Iteration2=0
 NAME         THETA1       THETA2       THETA3       THETA4       THETA5       THETA6       SIGMA(1,1)   SIGMA(2,1)   SIGMA(2,2)   OMEGA(1,1)   OMEGA(2,1)   OMEGA(2,2)
 THETA1        2.46912E+03  9.97472E-01  8.37858E-01  8.50135E-01 -4.75555E-01  8.89267E-01  2.88079E-01  0.00000E+00 -4.51553E-01  7.43576E-01  8.67292E-01 -2.31564E-01
 THETA2        9.97472E-01  9.59424E+02  8.27877E-01  8.41756E-01 -4.55384E-01  8.84182E-01  2.87417E-01  0.00000E+00 -4.57245E-01  7.52261E-01  8.69210E-01 -2.24821E-01
 THETA3        8.37858E-01  8.27877E-01  3.24549E+01  9.97119E-01 -7.70919E-01  9.84497E-01  3.67641E-01  0.00000E+00 -5.19402E-01  5.92547E-01  8.49830E-01 -4.06952E-01
 THETA4        8.50135E-01  8.41756E-01  9.97119E-01  5.74490E-01 -7.25108E-01  9.93103E-01  3.67992E-01  0.00000E+00 -5.27844E-01  5.96608E-01  8.58563E-01 -4.08472E-01
 THETA5       -4.75555E-01 -4.55384E-01 -7.70919E-01 -7.25108E-01  6.86845E-01 -6.52350E-01 -2.40174E-01  0.00000E+00  3.15693E-01 -3.78801E-01 -5.41420E-01  3.24866E-01
 THETA6        8.89267E-01  8.84182E-01  9.84497E-01  9.93103E-01 -6.52350E-01  7.48089E-01  3.68623E-01  0.00000E+00 -5.27246E-01  6.26980E-01  8.77335E-01 -3.93104E-01
 SIGMA(1,1)    2.88079E-01  2.87417E-01  3.67641E-01  3.67992E-01 -2.40174E-01  3.68623E-01  2.01766E-03  0.00000E+00 -1.81585E-01  1.62585E-01  3.48851E-01 -2.02394E-01
 SIGMA(2,1)    0.00000E+00  0.00000E+00  0.00000E+00  0.00000E+00  0.00000E+00  0.00000E+00  0.00000E+00  0.00000E+00  0.00000E+00  0.00000E+00  0.00000E+00  0.00000E+00
 SIGMA(2,2)   -4.51553E-01 -4.57245E-01 -5.19402E-01 -5.27844E-01  3.15693E-01 -5.27246E-01 -1.81585E-01  0.00000E+00  2.01359E-02 -3.80232E-01 -5.02483E-01  7.03550E-02
 OMEGA(1,1)    7.43576E-01  7.52261E-01  5.92547E-01  5.96608E-01 -3.78801E-01  6.26980E-01  1.62585E-01  0.00000E+00 -3.80232E-01  2.73345E-02  8.52071E-01  3.31511E-02
 OMEGA(2,1)    8.67292E-01  8.69210E-01  8.49830E-01  8.58563E-01 -5.41420E-01  8.77335E-01  3.48851E-01  0.00000E+00 -5.02483E-01  8.52071E-01  4.67262E-02 -8.56357E-02
 OMEGA(2,2)   -2.31564E-01 -2.24821E-01 -4.06952E-01 -4.08472E-01  3.24866E-01 -3.93104E-01 -2.02394E-01  0.00000E+00  7.03550E-02  3.31511E-02 -8.56357E-02  3.93994E-02
