TABLE NO.     1: First Order Conditional Estimation with Interaction: Problem=1 Subproblem=0 Superproblem1=0 Iteration1=0 Superproblem2=0 Iteration2=0
 NAME         THETA1       THETA2       THETA3       THETA4       THETA5       THETA6       SIGMA(1,1)   SIGMA(2,1)   SIGMA(2,2)   OMEGA(1,1)   OMEGA(2,1)   OMEGA(2,2)
 THETA1        3.01299E+05  1.21371E+05  8.42173E+02  1.95012E+01  2.92430E+01  3.70542E+01 -1.68352E-01  0.00000E+00  2.13776E-01  2.72592E+00  3.26897E+00  5.38732E-01
 THETA2        1.21371E+05  5.35153E+04  1.71025E+02  5.66972E+00  2.20306E+01  1.42255E+01 -6.15340E-02  0.00000E+00 -4.89442E-02  1.38350E+00  1.56498E+00  4.03211E-01
 THETA3        8.42173E+02  1.71025E+02  1.49168E+02  2.55663E+00 -3.67846E+00  2.84202E+00  2.58198E-03  0.00000E+00 -2.56696E-02 -1.03652E-02  9.07527E-02 -1.37822E-01
 THETA4        1.95012E+01  5.66972E+00  2.55663E+00  4.54048E-02 -4.94353E-02  5.22963E-02  5.03607E-05  0.00000E+00 -4.67424E-04 -2.24361E-04  1.70105E-03 -2.51552E-03
 THETA5        2.92430E+01  2.20306E+01 -3.67846E+00 -4.94353E-02  2.37967E-01 -3.27727E-02  5.30573E-05  0.00000E+00  4.62877E-04 -4.75249E-04 -9.27117E-04  2.19185E-03
 THETA6        3.70542E+01  1.42255E+01  2.84202E+00  5.22963E-02 -3.27727E-02  6.44155E-02  7.06557E-05  0.00000E+00 -4.51930E-04 -2.00194E-04  2.18209E-03 -3.00817E-03
 SIGMA(1,1)   -1.68352E-01 -6.15340E-02  2.58198E-03  5.03607E-05  5.30573E-05  7.06557E-05  3.69222E-06  0.00000E+00  1.32398E-06 -4.22340E-06  5.81006E-06 -8.21990E-06
 SIGMA(2,1)    0.00000E+00  0.00000E+00  0.00000E+00  0.00000E+00  0.00000E+00  0.00000E+00  0.00000E+00  0.00000E+00  0.00000E+00  0.00000E+00  0.00000E+00  0.00000E+00
 SIGMA(2,2)    2.13776E-01 -4.89442E-02 -2.56696E-02 -4.67424E-04  4.62877E-04 -4.51930E-04  1.32398E-06  0.00000E+00  2.84563E-04 -5.26625E-05 -7.14768E-05 -1.06422E-04
 OMEGA(1,1)    2.72592E+00  1.38350E+00 -1.03652E-02 -2.24361E-04 -4.75249E-04 -2.00194E-04 -4.22340E-06  0.00000E+00 -5.26625E-05  3.62073E-04  3.01745E-04  2.25555E-04
 OMEGA(2,1)    3.26897E+00  1.56498E+00  9.07527E-02  1.70105E-03 -9.27117E-04  2.18209E-03  5.81006E-06  0.00000E+00 -7.14768E-05  3.01745E-04  5.14326E-04  3.04566E-04
 OMEGA(2,2)    5.38732E-01  4.03211E-01 -1.37822E-01 -2.51552E-03  2.19185E-03 -3.00817E-03 -8.21990E-06  0.00000E+00 -1.06422E-04  2.25555E-04  3.04566E-04  1.37609E-03
