TABLE NO.     1: First Order Conditional Estimation with Interaction: Problem=1 Subproblem=0 Superproblem1=0 Iteration1=0 Superproblem2=0 Iteration2=0
 NAME         THETA1       THETA2       THETA3       THETA4       THETA5       THETA6       SIGMA(1,1)   SIGMA(2,1)   SIGMA(2,2)   OMEGA(1,1)   OMEGA(2,1)   OMEGA(2,2)
 THETA1        6.24513E-05 -1.66455E-04 -6.07422E-03 -3.88458E-02 -5.69934E-02  2.68026E-01  4.97998E-01  0.00000E+00 -1.60597E-01 -2.31441E-02  5.30778E-02  4.24541E-03
 THETA2       -1.66455E-04  4.87199E-04  2.05569E-02  1.69591E-01  1.96762E-01 -9.48251E-01 -7.96272E-01  0.00000E+00  4.72974E-01  3.20768E-02 -1.59334E-01 -3.31838E-02
 THETA3       -6.07422E-03  2.05569E-02  2.79686E+00 -4.00867E+01  2.27895E+01 -8.01658E+01 -1.38579E+02  0.00000E+00  3.00065E+01  1.99941E+01 -4.22075E+00 -9.20088E+00
 THETA4       -3.88458E-02  1.69591E-01 -4.00867E+01  3.54920E+03 -5.31643E+01 -1.11702E+03  5.14664E+03  0.00000E+00  5.68487E+02  6.80682E+02 -8.00865E+02  2.21876E+02
 THETA5       -5.69934E-02  1.96762E-01  2.27895E+01 -5.31643E+01  2.16428E+02 -8.57454E+02 -9.68501E+02  0.00000E+00  3.32113E+02  2.93384E+02 -1.27987E+02 -6.90608E+01
 THETA6        2.68026E-01 -9.48251E-01 -8.01658E+01 -1.11702E+03 -8.57454E+02  4.06411E+03  1.79305E+03  0.00000E+00 -1.55621E+03 -9.86240E+02  3.86847E+02  3.18413E+02
 SIGMA(1,1)    4.97998E-01 -7.96272E-01 -1.38579E+02  5.14664E+03 -9.68501E+02  1.79305E+03  3.40560E+05  0.00000E+00 -1.88083E+03  1.36781E+04 -1.74909E+04  4.54755E+03
 SIGMA(2,1)    0.00000E+00  0.00000E+00  0.00000E+00  0.00000E+00  0.00000E+00  0.00000E+00  0.00000E+00  0.00000E+00  0.00000E+00  0.00000E+00  0.00000E+00  0.00000E+00
 SIGMA(2,2)   -1.60597E-01  4.72974E-01  3.00065E+01  5.68487E+02  3.32113E+02 -1.55621E+03 -1.88083E+03  0.00000E+00  4.53389E+03  1.11157E+03 -5.85193E+02  3.24589E+02
 OMEGA(1,1)   -2.31441E-02  3.20768E-02  1.99941E+01  6.80682E+02  2.93384E+02 -9.86240E+02  1.36781E+04  0.00000E+00  1.11157E+03  9.21873E+03 -6.90342E+03  8.07750E+02
 OMEGA(2,1)    5.30778E-02 -1.59334E-01 -4.22075E+00 -8.00865E+02 -1.27987E+02  3.86847E+02 -1.74909E+04  0.00000E+00 -5.85193E+02 -6.90342E+03  8.83687E+03 -1.78534E+03
 OMEGA(2,2)    4.24541E-03 -3.31838E-02 -9.20088E+00  2.21876E+02 -6.90608E+01  3.18413E+02  4.54755E+03  0.00000E+00  3.24589E+02  8.07750E+02 -1.78534E+03  1.33992E+03
