TABLE NO.     1: First Order Conditional Estimation with Interaction: Problem=1 Subproblem=0 Superproblem1=0 Iteration1=0 Superproblem2=0 Iteration2=0
 NAME         THETA1       THETA2       THETA3       THETA4       THETA5       THETA6       SIGMA(1,1)   SIGMA(2,1)   SIGMA(2,2)   OMEGA(1,1)   OMEGA(2,1)   OMEGA(2,2)
 THETA1        6.09655E+06  2.36294E+06  6.71416E+04  1.20590E+03 -8.06494E+02  1.64258E+03  1.43517E+00  0.00000E+00 -2.24503E+01  5.01855E+01  1.00062E+02 -2.25270E+01
 THETA2        2.36294E+06  9.20494E+05  2.57784E+04  4.63959E+02 -3.00087E+02  6.34608E+02  5.56379E-01  0.00000E+00 -8.83344E+00  1.97283E+01  3.89668E+01 -8.49841E+00
 THETA3        6.71416E+04  2.57784E+04  1.05332E+03  1.85913E+01 -1.71849E+01  2.39027E+01  2.40742E-02  0.00000E+00 -3.39433E-01  5.25670E-01  1.28876E+00 -5.20371E-01
 THETA4        1.20590E+03  4.63959E+02  1.85913E+01  3.30039E-01 -2.86117E-01  4.26806E-01  4.26550E-04  0.00000E+00 -6.10603E-03  9.36876E-03  2.30470E-02 -9.24560E-03
 THETA5       -8.06494E+02 -3.00087E+02 -1.71849E+01 -2.86117E-01  4.71756E-01 -3.35191E-01 -3.32838E-04  0.00000E+00  4.36611E-03 -7.11181E-03 -1.73761E-02  8.79131E-03
 THETA6        1.64258E+03  6.34608E+02  2.39027E+01  4.26806E-01 -3.35191E-01  5.59637E-01  5.56396E-04  0.00000E+00 -7.94213E-03  1.28209E-02  3.06675E-02 -1.15865E-02
 SIGMA(1,1)    1.43517E+00  5.56379E-01  2.40742E-02  4.26550E-04 -3.32838E-04  5.56396E-04  4.07097E-06  0.00000E+00 -7.37732E-06  8.96684E-06  3.28889E-05 -1.60892E-05
 SIGMA(2,1)    0.00000E+00  0.00000E+00  0.00000E+00  0.00000E+00  0.00000E+00  0.00000E+00  0.00000E+00  0.00000E+00  0.00000E+00  0.00000E+00  0.00000E+00  0.00000E+00
 SIGMA(2,2)   -2.24503E+01 -8.83344E+00 -3.39433E-01 -6.10603E-03  4.36611E-03 -7.94213E-03 -7.37732E-06  0.00000E+00  4.05453E-04 -2.09281E-04 -4.72772E-04  5.58156E-05
 OMEGA(1,1)    5.01855E+01  1.97283E+01  5.25670E-01  9.36876E-03 -7.11181E-03  1.28209E-02  8.96684E-06  0.00000E+00 -2.09281E-04  7.47173E-04  1.08829E-03  3.57025E-05
 OMEGA(2,1)    1.00062E+02  3.89668E+01  1.28876E+00  2.30470E-02 -1.73761E-02  3.06675E-02  3.28889E-05  0.00000E+00 -4.72772E-04  1.08829E-03  2.18334E-03 -1.57654E-04
 OMEGA(2,2)   -2.25270E+01 -8.49841E+00 -5.20371E-01 -9.24560E-03  8.79131E-03 -1.15865E-02 -1.60892E-05  0.00000E+00  5.58156E-05  3.57025E-05 -1.57654E-04  1.55232E-03
