TABLE NO.     1: First Order Conditional Estimation with Interaction: Problem=1 Subproblem=0 Superproblem1=0 Iteration1=0 Superproblem2=0 Iteration2=0
 NAME         THETA1       THETA2       THETA3       THETA4       THETA5       THETA6       SIGMA(1,1)   SIGMA(2,1)   SIGMA(2,2)   OMEGA(1,1)   OMEGA(2,1)   OMEGA(2,2)
 THETA1        1.15434E+06  4.55935E+05 -3.51654E+03 -1.13956E+02  2.77441E+03 -4.79292E+01 -3.03643E+02  0.00000E+00  5.64482E+00  7.66964E+00  1.39735E+00  3.46139E+00
 THETA2        4.55935E+05  1.86156E+05 -1.44915E+03 -4.86886E+01  1.09298E+03 -2.54678E+01 -1.13778E+02  0.00000E+00  2.64555E+00  3.73903E+00  7.36650E-01  1.50495E+00
 THETA3       -3.51654E+03 -1.44915E+03  5.59526E+01  1.65407E+00 -2.36892E+01  5.36258E+00 -5.70275E+00  0.00000E+00 -4.23450E-02 -2.20179E-02  8.19438E-03  1.06526E-02
 THETA4       -1.13956E+02 -4.86886E+01  1.65407E+00  5.63166E-02 -6.46987E-01  1.64788E-01 -1.13158E-01  0.00000E+00 -1.90085E-03 -1.17555E-03 -1.13380E-04  5.53493E-04
 THETA5        2.77441E+03  1.09298E+03 -2.36892E+01 -6.46987E-01  1.41738E+01 -1.45195E+00  2.68924E+00  0.00000E+00  1.54177E-02  1.77644E-02 -7.92175E-04  7.16322E-03
 THETA6       -4.79292E+01 -2.54678E+01  5.36258E+00  1.64788E-01 -1.45195E+00  6.90090E-01 -5.65402E-01  0.00000E+00 -4.15021E-03  2.91841E-04  1.79202E-03  3.95504E-03
 SIGMA(1,1)   -3.03643E+02 -1.13778E+02 -5.70275E+00 -1.13158E-01  2.68924E+00 -5.65402E-01  5.27466E+00  0.00000E+00 -1.97789E-04  4.32660E-04 -3.41067E-03  1.67378E-03
 SIGMA(2,1)    0.00000E+00  0.00000E+00  0.00000E+00  0.00000E+00  0.00000E+00  0.00000E+00  0.00000E+00  0.00000E+00  0.00000E+00  0.00000E+00  0.00000E+00  0.00000E+00
 SIGMA(2,2)    5.64482E+00  2.64555E+00 -4.23450E-02 -1.90085E-03  1.54177E-02 -4.15021E-03 -1.97789E-04  0.00000E+00  3.45028E-04  2.44468E-05 -3.16303E-05 -5.69880E-05
 OMEGA(1,1)    7.66964E+00  3.73903E+00 -2.20179E-02 -1.17555E-03  1.77644E-02  2.91841E-04  4.32660E-04  0.00000E+00  2.44468E-05  7.41514E-04  3.92209E-04  1.91057E-04
 OMEGA(2,1)    1.39735E+00  7.36650E-01  8.19438E-03 -1.13380E-04 -7.92175E-04  1.79202E-03 -3.41067E-03  0.00000E+00 -3.16303E-05  3.92209E-04  3.65784E-04  2.29315E-04
 OMEGA(2,2)    3.46139E+00  1.50495E+00  1.06526E-02  5.53493E-04  7.16322E-03  3.95504E-03  1.67378E-03  0.00000E+00 -5.69880E-05  1.91057E-04  2.29315E-04  5.50360E-04
