TABLE NO.     1: First Order Conditional Estimation with Interaction: Problem=1 Subproblem=0 Superproblem1=0 Iteration1=0 Superproblem2=0 Iteration2=0
 NAME         THETA1       THETA2       THETA3       THETA4       THETA5       THETA6       SIGMA(1,1)   SIGMA(2,1)   SIGMA(2,2)   OMEGA(1,1)   OMEGA(2,1)   OMEGA(2,2)
 THETA1        5.48907E+02  9.55824E-01  1.25622E-01  1.66729E-01  1.09211E-01  2.65977E-01 -1.59616E-01  0.00000E+00  2.30872E-02  2.60985E-01  2.62599E-01  2.64576E-02
 THETA2        9.55824E-01  2.31334E+02  6.05318E-02  1.15020E-01  1.95222E-01  2.42288E-01 -1.38431E-01  0.00000E+00 -1.25422E-02  3.14298E-01  2.98299E-01  4.69861E-02
 THETA3        1.25622E-01  6.05318E-02  1.22134E+01  9.82382E-01 -6.17406E-01  9.16842E-01  1.10020E-01  0.00000E+00 -1.24593E-01 -4.46008E-02  3.27645E-01 -3.04199E-01
 THETA4        1.66729E-01  1.15020E-01  9.82382E-01  2.13084E-01 -4.75585E-01  9.66996E-01  1.22998E-01  0.00000E+00 -1.30038E-01 -5.53348E-02  3.52004E-01 -3.18239E-01
 THETA5        1.09211E-01  1.95222E-01 -6.17406E-01 -4.75585E-01  4.87818E-01 -2.64703E-01  5.66035E-02  0.00000E+00  5.62495E-02 -5.11995E-02 -8.38025E-02  1.21124E-01
 THETA6        2.65977E-01  2.42288E-01  9.16842E-01  9.66996E-01 -2.64703E-01  2.53802E-01  1.44880E-01  0.00000E+00 -1.05557E-01 -4.14531E-02  3.79103E-01 -3.19510E-01
 SIGMA(1,1)   -1.59616E-01 -1.38431E-01  1.10020E-01  1.22998E-01  5.66035E-02  1.44880E-01  1.92151E-03  0.00000E+00  4.08461E-02 -1.15510E-01  1.33327E-01 -1.15319E-01
 SIGMA(2,1)    0.00000E+00  0.00000E+00  0.00000E+00  0.00000E+00  0.00000E+00  0.00000E+00  0.00000E+00  0.00000E+00  0.00000E+00  0.00000E+00  0.00000E+00  0.00000E+00
 SIGMA(2,2)    2.30872E-02 -1.25422E-02 -1.24593E-01 -1.30038E-01  5.62495E-02 -1.05557E-01  4.08461E-02  0.00000E+00  1.68690E-02 -1.64064E-01 -1.86834E-01 -1.70066E-01
 OMEGA(1,1)    2.60985E-01  3.14298E-01 -4.46008E-02 -5.53348E-02 -5.11995E-02 -4.14531E-02 -1.15510E-01  0.00000E+00 -1.64064E-01  1.90282E-02  6.99235E-01  3.19544E-01
 OMEGA(2,1)    2.62599E-01  2.98299E-01  3.27645E-01  3.52004E-01 -8.38025E-02  3.79103E-01  1.33327E-01  0.00000E+00 -1.86834E-01  6.99235E-01  2.26788E-02  3.62026E-01
 OMEGA(2,2)    2.64576E-02  4.69861E-02 -3.04199E-01 -3.18239E-01  1.21124E-01 -3.19510E-01 -1.15319E-01  0.00000E+00 -1.70066E-01  3.19544E-01  3.62026E-01  3.70957E-02
