TABLE NO.     1: First Order Conditional Estimation with Interaction: Problem=1 Subproblem=0 Superproblem1=0 Iteration1=0 Superproblem2=0 Iteration2=0
 NAME         THETA1       THETA2       THETA3       THETA4       THETA5       THETA6       SIGMA(1,1)   SIGMA(2,1)   SIGMA(2,2)   OMEGA(1,1)   OMEGA(2,1)   OMEGA(2,2)
 THETA1        4.81910E-05 -1.21385E-04 -7.57124E-03  7.83884E-03 -8.90300E-03  3.84355E-02  6.72687E-04  0.00000E+00  9.27202E-02  1.77596E-01 -1.64993E-01  2.18172E-02
 THETA2       -1.21385E-04  3.26629E-04  2.07382E-02 -4.86038E-03  2.27989E-02 -1.11442E-01 -7.94251E-04  0.00000E+00 -2.87713E-01 -5.32841E-01  5.26931E-01 -8.40874E-02
 THETA3       -7.57124E-03  2.07382E-02  5.38723E+00 -1.82231E+01  5.44038E+00 -2.62647E+01 -1.45455E-01  0.00000E+00 -2.66094E+01 -2.55506E+01  8.87007E+00  2.57599E+01
 THETA4        7.83884E-03 -4.86038E-03 -1.82231E+01  2.66830E+02 -1.45072E+01  5.00003E+01 -5.59592E-01  0.00000E+00  3.84926E+02  1.37851E+01  3.53572E+02 -2.32680E+02
 THETA5       -8.90300E-03  2.27989E-02  5.44038E+00 -1.45072E+01  5.84125E+00 -2.68016E+01 -2.93867E-01  0.00000E+00 -1.78602E+01 -2.81392E+01  1.86871E+01  2.05413E+01
 THETA6        3.84355E-02 -1.11442E-01 -2.62647E+01  5.00003E+01 -2.68016E+01  1.37985E+02  9.01073E-01  0.00000E+00  9.70712E+01  1.34289E+02 -1.06707E+02 -1.16512E+02
 SIGMA(1,1)    6.72687E-04 -7.94251E-04 -1.45455E-01 -5.59592E-01 -2.93867E-01  9.01073E-01  2.93656E-01  0.00000E+00 -1.46488E+00 -3.89953E+00  6.08773E+00 -3.55881E+00
 SIGMA(2,1)    0.00000E+00  0.00000E+00  0.00000E+00  0.00000E+00  0.00000E+00  0.00000E+00  0.00000E+00  0.00000E+00  0.00000E+00  0.00000E+00  0.00000E+00  0.00000E+00
 SIGMA(2,2)    9.27202E-02 -2.87713E-01 -2.66094E+01  3.84926E+02 -1.78602E+01  9.70712E+01 -1.46488E+00  0.00000E+00  4.43048E+03  3.19643E+02  4.27784E+02  4.04159E+01
 OMEGA(1,1)    1.77596E-01 -5.32841E-01 -2.55506E+01  1.37851E+01 -2.81392E+01  1.34289E+02 -3.89953E+00  0.00000E+00  3.19643E+02  4.64021E+03 -5.26425E+03  8.49511E+02
 OMEGA(2,1)   -1.64993E-01  5.26931E-01  8.87007E+00  3.53572E+02  1.86871E+01 -1.06707E+02  6.08773E+00  0.00000E+00  4.27784E+02 -5.26425E+03  1.02988E+04 -2.84474E+03
 OMEGA(2,2)    2.18172E-02 -8.40874E-02  2.57599E+01 -2.32680E+02  2.05413E+01 -1.16512E+02 -3.55881E+00  0.00000E+00  4.04159E+01  8.49511E+02 -2.84474E+03  3.12045E+03
