dmp.txt <- structure(
	.Data = list(
		"coefficients" = list(
			"fixed" = c("CMultStdev" = 0.521738223979683, "tvVmax" = 1628.35935934148, "tvKm" = 2890.95167852349, "tvV" = 13.187564562528, "tvKa" = 1.19461078914813, "CEps" = 0.499994513969958)
			, "random" = list("Subject" = matrix(
				as.numeric(c(
					 0.107038739980613,  -0.250836714595992,  -0.0452553522830867
					,  -0.0305825353558819,  -0.0594371607406952,  0.372225785673677
					,  0.364833403851519,  0.0473033409279467,  -0.055954283301772
					,  0.0157700353294431,  -0.288085523695917,  -0.130844893600318
					,  -0.0164337471877222,  0.199737990098218,  -0.27593336786254
					,  0.113751685780867,  -0.383083736340515,  -0.169877221921607
					,  0.22907257243353,  -0.654198574249152,  0.193703046825928
					,  -0.320512299317955,  0.077364758068218,  -0.351166896937018
					,  0.307114236996643,  0.548721595341175,  0.334397137493507
					,  -0.676279553903817,  0.437667254903638,  0.771060863565126
					,  -0.944832169700645,  0.0392732515902662,  0.456982808681765
					,  0.0530815348433197,  -0.0588733242126788,  0.646486600518472
					,  -0.38794585506066,  0.573065926824316,  0.576847702395431
					,  0.0421461570541286,  0.194269520014464,  0.478947045518825
					,  0.266353001388288,  -0.779998290378128,  -0.0651971798982433
					,  -0.0899895140603636,  -0.717607791591302,  0.154580349518745
					,  0.176746205246644,  -0.0558513742846979,  -0.159746899315941
					,  0.223753030143865,  -0.179930257513501,  0.547028195409734
					,  -0.0396314793108388,  0.1364249018779,  -0.22179461247103
					,  -0.0949493110721082,  0.111671440238249,  -0.131853507004453
					,  -0.712730068040771,  -0.223467849644487,  0.00664575557765578
					,  -0.531930651935747,  -0.085697463176724,  0.0600005658786054
					,  0.170940722452888,  -0.210796683697946,  0.0803076766319228
					,  -0.274721927394421,  -0.124657093937135,  0.326106644004552
					,  -0.0222653616876503,  0.422788259708016,  -0.155127477383328
					,  0.0240153347997757,  0.0886389452982943,  -0.231195892496959
					,  -0.00570418567652999,  -0.318765427036403,  0.291993542809386
					,  -0.373562211836102,  -0.06607401297389,  -0.248722282657769
					,  0.172594026279206,  0.325593662039703,  -0.37569803787542
					,  -0.418796585696832,  0.312115448640453,  0.161336769202204
					,  -0.882985093528482,  0.313385857244147,  0.351033958851551
					,  -0.161022593917179,  0.17263002793726,  0.565613667861667
					,  -0.167356442095626,  0.482191770082436,  0.109932771936087
					,  0.00979908840701247,  -0.548442879309166,  0.274107555126081
					,  0.197999021213669,  -0.184135907790348,  0.215875573871267
					,  0.17468932059219,  -0.585035383311826,  0.287737620939012
					,  -0.0216462706627733,  0.202887709290803,  0.307307285182162
					,  -0.231073144372669,  -0.193416866103777,  0.272139127354728
					,  0.400815447027396,  0.25390371705374,  -0.305305000914474
					,  -0.373794757992204,  0.070342351928793,  -0.216389229894426
					))
				, nrow = 60, ncol = 2
				, dimnames = list(
					as.character(c( "1", "2", "3", "4", "5", "6", "7", "8", "9", "10"
					  , "11", "12", "13", "14", "15", "16", "17", "18", "19", "20"
					  , "21", "22", "23", "24", "25", "26", "27", "28", "29", "30"
					  , "31", "32", "33", "34", "35", "36", "37", "38", "39", "40"
					  , "41", "42", "43", "44", "45", "46", "47", "48", "49", "50"
					  , "51", "52", "53", "54", "55", "56", "57", "58", "59", "60"))
					, as.character(c("nVmax", "nV"))
					)
				))
			)
		, "logLik" = c(-3912.99)
		, "nObs" = c(420)
		, "nSubj" = c(60)
		, "nParm" = c(9)
		, "returnCode" = c(1)
		, "omega" = matrix(
			as.numeric(c(0.160624758733462, 0.0729306049363583, 0.0729306049363583, 0.132689228936987))
			, nrow = 2, ncol = 2
			, dimnames = list(
				as.character(c("nVmax", "nV"))
				, as.character(c("nVmax", "nV"))
				)
			)
		, "eta" = matrix(
			as.numeric(c(0.0193456115227647, -0.01908412596364, 0.127159809956219, 0.0958758324622914, 0.3565947419077, 0.309638228360601, 0.110248577688809, 0.149965135722215))
			, nrow = 2, ncol = 4
			, dimnames = list(
				as.character(c("nVmax", "nV"))
				, as.character(c("mean", "var", "sd", "shrinkage"))
				)
			)
		, "eta_shrinkage" = list("Subject" = matrix(
			as.numeric(c(
				 0.0482057453677414,  0.263899424247059,  0.195722089168233
				,  0.0666070095220256,  0.100000201802532,  0.0775251957412567
				,  0.0829612881768837,  0.100176523812642,  0.196390338906875
				,  0.0970853266730505,  0.28790183116197,  0.339334990769049
				,  0.136940238330678,  0.194561340116973,  0.277572643996541
				,  0.103611078345988,  0.315877554475989,  0.173848634605264
				,  0.0951247006661557,  0.464932625058316,  0.121473599795771
				,  0.302017149524276,  0.164740567105903,  0.36423646907827
				,  0.0969533232062614,  0.0839573053251687,  0.0516081027477835
				,  0.370004411222655,  0.10048328891096,  0.0726090922042686
				,  0.595618516869758,  0.236722094927647,  0.100286308714031
				,  0.0777842416748354,  0.154047221188523,  0.101148581351292
				,  0.390617626719073,  0.0987872886477705,  0.074106478627162
				,  0.15338441310675,  0.0485521004055303,  0.087831137501368
				,  0.18256961822968,  0.509554751298197,  0.296097791451499
				,  0.184488753637216,  0.52583710281445,  0.192008516249173
				,  0.0956348043365844,  0.25242128667611,  0.266045426205052
				,  0.0822105213238961,  0.297731233432092,  0.081554891329198
				,  0.267991604672139,  0.174653176135648,  0.238919862883574
				,  0.0947405699207588,  0.131284871117714,  0.149539059612313
				,  0.253679487029117,  0.251010080829891,  0.258646582694034
				,  0.255833451365879,  0.25788787563366,  0.255311440955139
				,  0.262797046834785,  0.25877675166769,  0.262604152878098
				,  0.256644826121344,  0.246947950330852,  0.252856342248358
				,  0.256590257398565,  0.270871259135771,  0.251530264516889
				,  0.268946360563904,  0.25090857391629,  0.255216119168863
				,  0.26493691209376,  0.232079746947889,  0.27151620564506
				,  0.244732670400082,  0.264525467834635,  0.24286337990159
				,  0.265205217972202,  0.25589084612255,  0.237017873943658
				,  0.235531092869028,  0.267249933672616,  0.246101133836858
				,  0.220112957634307,  0.266573249941412,  0.273472079791539
				,  0.256486940584413,  0.260156002400047,  0.273753413724988
				,  0.241151699571371,  0.26650359824865,  0.247489244991208
				,  0.262141222657612,  0.233007852222821,  0.266236855779634
				,  0.270698383044064,  0.230658689462631,  0.256980399493624
				,  0.26190773861696,  0.225697158919638,  0.268607343122648
				,  0.27092795842613,  0.262106471206428,  0.257302534931734
				,  0.263497442961967,  0.248849817573301,  0.262982055360038
				,  0.262774318194932,  0.267824478828365,  0.248067573924626
				,  0.255362058700364,  0.260201596684393,  0.258942642800985
				))
			, nrow = 60, ncol = 2
			, dimnames = list(
				as.character(c( "1", "2", "3", "4", "5", "6", "7", "8", "9", "10"
				  , "11", "12", "13", "14", "15", "16", "17", "18", "19", "20"
				  , "21", "22", "23", "24", "25", "26", "27", "28", "29", "30"
				  , "31", "32", "33", "34", "35", "36", "37", "38", "39", "40"
				  , "41", "42", "43", "44", "45", "46", "47", "48", "49", "50"
				  , "51", "52", "53", "54", "55", "56", "57", "58", "59", "60"))
				, as.character(c("nVmax_shrinkage", "nV_shrinkage"))
				)
			))
		, "sigma" = matrix(
			as.numeric(c(0.249994514000055))
			, nrow = 1, ncol = 1
			, dimnames = list(
				as.character(c("CEps"))
				, as.character(c("CEps"))
				)
			)
		, "method" = "FOCE-ELS"
		, "varFix" = matrix(
			as.numeric(c(0.00048828387178115, 1.3495424992463, 5.48483872044065, -0.00324269549171081, -0.00135845468417495, 18.8996276330796, 1.3495424992463, 58317.5641969041, 203617.478889208, -85.5091108202655, -31.7142514254925, 217563.825025527, 5.48483872044065, 203617.478889208, 848120.729646107, -375.662711668525, -108.835524088342, 846655.419359518, -0.00324269549171081, -85.5091108202655, -375.662711668525, 0.622172798187606, 0.10050712060078, -944.38714646958, -0.00135845468417495, -31.7142514254925, -108.835524088342, 0.10050712060078, 0.0455889173249898, -328.658861521987, 18.8996276330796, 217563.825025527, 846655.419359518, -944.38714646958, -328.658861521987, 10279804.6559508))
			, nrow = 6, ncol = 6
			, dimnames = list(
				as.character(c("CMultStdev", "tvVmax", "tvKm", "tvV", "tvKa", "CEps"))
				, as.character(c("CMultStdev", "tvVmax", "tvKm", "tvV", "tvKa", "CEps"))
				)
			)
		, "omegaSE" = matrix(
			as.numeric(c(0.0466112597884303, 0.0227272923003477, 0.0227272923003477, 0.025913705567496))
			, nrow = 2, ncol = 2, byrow = TRUE
			, dimnames = list(
				as.character(c("nVmax", "nV"))
				, as.character(c("nVmax", "nV"))
				)
			)
		, "Covariance" = matrix(
			as.numeric(c(0.00048828387, 1.3495425, 5.4848387, -0.0032426955, -0.0013584547, 18.899628, 0.00013456207, 3.5617707e-005, 6.6928896e-005, 1.3495425, 58317.564, 203617.48, -85.509111, -31.714251, 217563.83, 2.4051936, 0.37004317, -0.38788046, 5.4848387, 203617.48, 848120.73, -375.66271, -108.83552, 846655.42,  19.42156, 3.4307557, -1.8912011, -0.0032426955, -85.509111, -375.66271, 0.6221728, 0.10050712, -944.38715, -0.007808948, -0.0039978899, -0.0055732094, -0.0013584547, -31.714251, -108.83552, 0.10050712, 0.045588917, -328.65886, -0.0019082567, -0.0011860677, -0.00085673025, 18.899628, 217563.83, 846655.42, -944.38715, -328.65886,  10279805, 28.547096, 18.740914, -5.6508706, 0.00013456207, 2.4051936,  19.42156, -0.007808948, -0.0019082567, 28.547096, 0.0021726095, 0.00073033671, 8.6341638e-006, 3.5617707e-005, 0.37004317, 3.4307557, -0.0039978899, -0.0011860677, 18.740914, 0.00073033671, 0.00051652982, 0.00018438666, 6.6928896e-005, -0.38788046, -1.8912011, -0.0055732094, -0.00085673025, -5.6508706, 8.6341638e-006, 0.00018438666, 0.00067152014))
			, nrow = 9, ncol = 9
			, dimnames = list(
				as.character(c("CMultStdev", "tvVmax", "tvKm", "tvV", "tvKa", "stdev0", "nVmax-nVmax", "nV-nVmax", "nV-nV"))
				, as.character(c("CMultStdev", "tvVmax", "tvKm", "tvV", "tvKa", "stdev0", "nVmax-nVmax", "nV-nVmax", "nV-nV"))
				)
			)
		, "Correlation" = matrix(
			as.numeric(c(0.022097146, 0.25290108, 0.26952486, -0.18604349, -0.28792497, 0.26676241, 0.13064586, 0.070922179, 0.11688208, 0.25290108,  241.4903, 0.91555941, -0.44890784, -0.61507084, 0.2809924, 0.21367786, 0.067422525, -0.061982444, 0.26952486, 0.91555941,  920.9347, -0.51714668, -0.55349308, 0.28673811, 0.45244357, 0.16391295, -0.079246364, -0.18604349, -0.44890784, -0.51714668, 0.78877931, 0.59677646, -0.37342391, -0.21239593, -0.22301169, -0.27265931, -0.28792497, -0.61507084, -0.55349308, 0.59677646, 0.21351561, -0.48009068, -0.19174158, -0.24441741, -0.15484063, 0.26676241, 0.2809924, 0.28673811, -0.37342391, -0.48009068, 3206.2134, 0.19101993, 0.25718796, -0.068013232, 0.13064586, 0.21367786, 0.45244357, -0.21239593, -0.19174158, 0.19101993, 0.04661126, 0.68942113, 0.0071482531, 0.070922179, 0.067422525, 0.16391295, -0.22301169, -0.24441741, 0.25718796, 0.68942113, 0.022727292, 0.31307781, 0.11688208, -0.061982444, -0.079246364, -0.27265931, -0.15484063, -0.068013232, 0.0071482531, 0.31307781, 0.025913706))
			, nrow = 9, ncol = 9
			, dimnames = list(
				as.character(c("CMultStdev", "tvVmax", "tvKm", "tvV", "tvKa", "stdev0", "nVmax-nVmax", "nV-nVmax", "nV-nV"))
				, as.character(c("CMultStdev", "tvVmax", "tvKm", "tvV", "tvKa", "stdev0", "nVmax-nVmax", "nV-nVmax", "nV-nV"))
				)
			)
		, "Inverse" = matrix(
			as.numeric(c(2426.7351, 0.019668522, -0.015710674, -8.8367073, 37.613546, -0.0038446724, -110.13212, 392.77963, -438.89084, 0.019668522, 0.00020674258, -5.5811533e-005, -0.008295459, 0.038987572, 1.7749412e-007, 0.3659588, -0.2829156, 0.015640333, -0.015710674, -5.5811533e-005, 1.7791503e-005, 0.0031664427, -0.0060995411, -1.4658615e-009, -0.12728929, 0.11010158, 0.0093246373, -8.8367073, -0.008295459, 0.0031664427, 3.4426857, -5.0863087, 0.00012660933, -15.081462, 7.8696197, 26.188335, 37.613546, 0.038987572, -0.0060995411, -5.0863087,  54.62629, 0.00079254814, 16.616434,  34.50453, 26.053575, -0.0038446724, 1.7749412e-007, -1.4658615e-009, 0.00012660933, 0.00079254814, 1.4847761e-007, 0.0013625632, -0.0063348304, 0.0055148541, -110.13212, 0.3659588, -0.12728929, -15.081462, 16.616434, 0.0013625632, 1975.1188, -2482.4697, 427.61752, 392.77963, -0.2829156, 0.11010158, 7.8696197,  34.50453, -0.0063348304, -2482.4697, 5754.6057, -1384.6453, -438.89084, 0.015640333, 0.0093246373, 26.188335, 26.053575, 0.0055148541, 427.61752, -1384.6453, 2239.8904))
			, nrow = 9, ncol = 9
			, dimnames = list(
				as.character(c("CMultStdev", "tvVmax", "tvKm", "tvV", "tvKa", "stdev0", "nVmax-nVmax", "nV-nVmax", "nV-nV"))
				, as.character(c("CMultStdev", "tvVmax", "tvKm", "tvV", "tvKa", "stdev0", "nVmax-nVmax", "nV-nVmax", "nV-nV"))
				)
			)
		, "LLTable" = data.frame(
			id = as.character(c( "1", "2", "3", "4", "5", "6", "7", "8", "9", "10", "11", "12", "13", "14", "15", "16", "17", "18", "19", "20", "21", "22", "23", "24", "25", "26", "27", "28", "29", "30", "31", "32", "33", "34", "35", "36", "37", "38", "39", "40", "41", "42", "43", "44", "45", "46", "47", "48", "49", "50", "51", "52", "53", "54", "55", "56", "57", "58", "59", "60"))
			, "LL" = c(-72.725838, -67.584042, -65.293949, -70.087966, -66.037768, -62.446773, -62.681101, -64.563389, -63.680226, -67.490702, -66.934502, -63.752109, -64.090262, -61.92953, -66.429156, -64.427329, -65.49691, -66.252049, -63.737768, -68.708065, -60.777603, -69.244374, -64.483233, -70.977807, -63.156963, -59.264048, -67.600105, -70.973586, -61.490706, -60.599471, -77.661421,  -61.9789, -62.144289, -64.122555, -63.063401, -59.632685, -66.040473, -58.657652, -60.845792, -65.15993, -70.490729, -60.648558, -62.766424, -71.606826, -63.430948, -63.216235, -73.923691, -61.673592, -67.159764, -62.778959, -63.483435, -68.480413, -65.707095, -59.947479, -62.046231, -63.296208, -67.748975, -67.78273, -65.921464, -68.658268)
			) # end of LLTable
		, "residuals" = data.frame(
			  ID1 = as.character(c(  "",   "",   "",   "",   "",   "",   "",   "",   "",   "",   "",   "",   "",   "",   "",   "",   "",   "",   "",   "",   "",   "",   "",   "",   "",   "",   "",   "",   "",   "",   "",   "",   "",   "",   "",   "",   "",   "",   "",   "",   "",   "",   "",   "",   "",   "",   "",   "",   "",   "",   "",   "",   "",   "",   "",   "",   "",   "",   "",   "",   "",   "",   "",   "",   "",   "",   "",   "",   "",   "",   "",   "",   "",   "",   "",   "",   "",   "",   "",   "",   "",   "",   "",   "",   "",   "",   "",   "",   "",   "",   "",   "",   "",   "",   "",   "",   "",   "",   "",   "",   "",   "",   "",   "",   "",   "",   "",   "",   "",   "",   "",   "",   "",   "",   "",   "",   "",   "",   "",   "",   "",   "",   "",   "",   "",   "",   "",   "",   "",   "",   "",   "",   "",   "",   "",   "",   "",   "",   "",   "",   "",   "",   "",   "",   "",   "",   "",   "",   "",   "",   "",   "",   "",   "",   "",   "",   "",   "",   "",   "",   "",   "",   "",   "",   "",   "",   "",   "",   "",   "",   "",   "",   "",   "",   "",   "",   "",   "",   "",   "",   "",   "",   "",   "",   "",   "",   "",   "",   "",   "",   "",   "",   "",   "",   "",   "",   "",   "",   "",   "",   "",   "",   "",   "",   "",   "",   "",   "",   "",   "",   "",   "",   "",   "",   "",   "",   "",   "",   "",   "",   "",   "",   "",   "",   "",   "",   "",   "",   "",   "",   "",   "",   "",   "",   "",   "",   "",   "",   "",   "",   "",   "",   "",   "",   "",   "",   "",   "",   "",   "",   "",   "",   "",   "",   "",   "",   "",   "",   "",   "",   "",   "",   "",   "",   "",   "",   "",   "",   "",   "",   "",   "",   "",   "",   "",   "",   "",   "",   "",   "",   "",   "",   "",   "",   "",   "",   "",   "",   "",   "",   "",   "",   "",   "",   "",   "",   "",   "",   "",   "",   "",   "",   "",   "",   "",   "",   "",   "",   "",   "",   "",   "",   "",   "",   "",   "",   "",   "",   "",   "",   "",   "",   "",   "",   "",   "",   "",   "",   "",   "",   "",   "",   "",   "",   "",   "",   "",   "",   "",   "",   "",   "",   "",   "",   "",   "",   "",   "",   "",   "",   "",   "",   "",   "",   "",   "",   "",   "",   "",   "",   "",   "",   "",   "",   "",   "",   "",   "",   "",   "",   "",   "",   "",   "",   "",   "",   "",   "",   "",   "",   "",   "",   "",   "",   "",   "",   "",   "",   "",   "",   "",   "",   "",   "",   "",   "",   "",   "",   "",   "",   "",   "",   "",   "",   "",   "",   "",   "",   "",   "",   "",   "",   "",   "",   "",   "",   "",   "",   "",   ""))
			, ID2 = as.character(c(  "",   "",   "",   "",   "",   "",   "",   "",   "",   "",   "",   "",   "",   "",   "",   "",   "",   "",   "",   "",   "",   "",   "",   "",   "",   "",   "",   "",   "",   "",   "",   "",   "",   "",   "",   "",   "",   "",   "",   "",   "",   "",   "",   "",   "",   "",   "",   "",   "",   "",   "",   "",   "",   "",   "",   "",   "",   "",   "",   "",   "",   "",   "",   "",   "",   "",   "",   "",   "",   "",   "",   "",   "",   "",   "",   "",   "",   "",   "",   "",   "",   "",   "",   "",   "",   "",   "",   "",   "",   "",   "",   "",   "",   "",   "",   "",   "",   "",   "",   "",   "",   "",   "",   "",   "",   "",   "",   "",   "",   "",   "",   "",   "",   "",   "",   "",   "",   "",   "",   "",   "",   "",   "",   "",   "",   "",   "",   "",   "",   "",   "",   "",   "",   "",   "",   "",   "",   "",   "",   "",   "",   "",   "",   "",   "",   "",   "",   "",   "",   "",   "",   "",   "",   "",   "",   "",   "",   "",   "",   "",   "",   "",   "",   "",   "",   "",   "",   "",   "",   "",   "",   "",   "",   "",   "",   "",   "",   "",   "",   "",   "",   "",   "",   "",   "",   "",   "",   "",   "",   "",   "",   "",   "",   "",   "",   "",   "",   "",   "",   "",   "",   "",   "",   "",   "",   "",   "",   "",   "",   "",   "",   "",   "",   "",   "",   "",   "",   "",   "",   "",   "",   "",   "",   "",   "",   "",   "",   "",   "",   "",   "",   "",   "",   "",   "",   "",   "",   "",   "",   "",   "",   "",   "",   "",   "",   "",   "",   "",   "",   "",   "",   "",   "",   "",   "",   "",   "",   "",   "",   "",   "",   "",   "",   "",   "",   "",   "",   "",   "",   "",   "",   "",   "",   "",   "",   "",   "",   "",   "",   "",   "",   "",   "",   "",   "",   "",   "",   "",   "",   "",   "",   "",   "",   "",   "",   "",   "",   "",   "",   "",   "",   "",   "",   "",   "",   "",   "",   "",   "",   "",   "",   "",   "",   "",   "",   "",   "",   "",   "",   "",   "",   "",   "",   "",   "",   "",   "",   "",   "",   "",   "",   "",   "",   "",   "",   "",   "",   "",   "",   "",   "",   "",   "",   "",   "",   "",   "",   "",   "",   "",   "",   "",   "",   "",   "",   "",   "",   "",   "",   "",   "",   "",   "",   "",   "",   "",   "",   "",   "",   "",   "",   "",   "",   "",   "",   "",   "",   "",   "",   "",   "",   "",   "",   "",   "",   "",   "",   "",   "",   "",   "",   "",   "",   "",   "",   "",   "",   "",   "",   "",   "",   "",   "",   "",   "",   "",   "",   "",   "",   "",   "",   "",   "",   "",   "",   "",   "",   "",   "",   ""))
			, ID3 = as.character(c(  "",   "",   "",   "",   "",   "",   "",   "",   "",   "",   "",   "",   "",   "",   "",   "",   "",   "",   "",   "",   "",   "",   "",   "",   "",   "",   "",   "",   "",   "",   "",   "",   "",   "",   "",   "",   "",   "",   "",   "",   "",   "",   "",   "",   "",   "",   "",   "",   "",   "",   "",   "",   "",   "",   "",   "",   "",   "",   "",   "",   "",   "",   "",   "",   "",   "",   "",   "",   "",   "",   "",   "",   "",   "",   "",   "",   "",   "",   "",   "",   "",   "",   "",   "",   "",   "",   "",   "",   "",   "",   "",   "",   "",   "",   "",   "",   "",   "",   "",   "",   "",   "",   "",   "",   "",   "",   "",   "",   "",   "",   "",   "",   "",   "",   "",   "",   "",   "",   "",   "",   "",   "",   "",   "",   "",   "",   "",   "",   "",   "",   "",   "",   "",   "",   "",   "",   "",   "",   "",   "",   "",   "",   "",   "",   "",   "",   "",   "",   "",   "",   "",   "",   "",   "",   "",   "",   "",   "",   "",   "",   "",   "",   "",   "",   "",   "",   "",   "",   "",   "",   "",   "",   "",   "",   "",   "",   "",   "",   "",   "",   "",   "",   "",   "",   "",   "",   "",   "",   "",   "",   "",   "",   "",   "",   "",   "",   "",   "",   "",   "",   "",   "",   "",   "",   "",   "",   "",   "",   "",   "",   "",   "",   "",   "",   "",   "",   "",   "",   "",   "",   "",   "",   "",   "",   "",   "",   "",   "",   "",   "",   "",   "",   "",   "",   "",   "",   "",   "",   "",   "",   "",   "",   "",   "",   "",   "",   "",   "",   "",   "",   "",   "",   "",   "",   "",   "",   "",   "",   "",   "",   "",   "",   "",   "",   "",   "",   "",   "",   "",   "",   "",   "",   "",   "",   "",   "",   "",   "",   "",   "",   "",   "",   "",   "",   "",   "",   "",   "",   "",   "",   "",   "",   "",   "",   "",   "",   "",   "",   "",   "",   "",   "",   "",   "",   "",   "",   "",   "",   "",   "",   "",   "",   "",   "",   "",   "",   "",   "",   "",   "",   "",   "",   "",   "",   "",   "",   "",   "",   "",   "",   "",   "",   "",   "",   "",   "",   "",   "",   "",   "",   "",   "",   "",   "",   "",   "",   "",   "",   "",   "",   "",   "",   "",   "",   "",   "",   "",   "",   "",   "",   "",   "",   "",   "",   "",   "",   "",   "",   "",   "",   "",   "",   "",   "",   "",   "",   "",   "",   "",   "",   "",   "",   "",   "",   "",   "",   "",   "",   "",   "",   "",   "",   "",   "",   "",   "",   "",   "",   "",   "",   "",   "",   "",   "",   "",   "",   "",   "",   "",   "",   "",   "",   "",   "",   "",   "",   "",   "",   "",   ""))
			, ID4 = as.character(c(  "",   "",   "",   "",   "",   "",   "",   "",   "",   "",   "",   "",   "",   "",   "",   "",   "",   "",   "",   "",   "",   "",   "",   "",   "",   "",   "",   "",   "",   "",   "",   "",   "",   "",   "",   "",   "",   "",   "",   "",   "",   "",   "",   "",   "",   "",   "",   "",   "",   "",   "",   "",   "",   "",   "",   "",   "",   "",   "",   "",   "",   "",   "",   "",   "",   "",   "",   "",   "",   "",   "",   "",   "",   "",   "",   "",   "",   "",   "",   "",   "",   "",   "",   "",   "",   "",   "",   "",   "",   "",   "",   "",   "",   "",   "",   "",   "",   "",   "",   "",   "",   "",   "",   "",   "",   "",   "",   "",   "",   "",   "",   "",   "",   "",   "",   "",   "",   "",   "",   "",   "",   "",   "",   "",   "",   "",   "",   "",   "",   "",   "",   "",   "",   "",   "",   "",   "",   "",   "",   "",   "",   "",   "",   "",   "",   "",   "",   "",   "",   "",   "",   "",   "",   "",   "",   "",   "",   "",   "",   "",   "",   "",   "",   "",   "",   "",   "",   "",   "",   "",   "",   "",   "",   "",   "",   "",   "",   "",   "",   "",   "",   "",   "",   "",   "",   "",   "",   "",   "",   "",   "",   "",   "",   "",   "",   "",   "",   "",   "",   "",   "",   "",   "",   "",   "",   "",   "",   "",   "",   "",   "",   "",   "",   "",   "",   "",   "",   "",   "",   "",   "",   "",   "",   "",   "",   "",   "",   "",   "",   "",   "",   "",   "",   "",   "",   "",   "",   "",   "",   "",   "",   "",   "",   "",   "",   "",   "",   "",   "",   "",   "",   "",   "",   "",   "",   "",   "",   "",   "",   "",   "",   "",   "",   "",   "",   "",   "",   "",   "",   "",   "",   "",   "",   "",   "",   "",   "",   "",   "",   "",   "",   "",   "",   "",   "",   "",   "",   "",   "",   "",   "",   "",   "",   "",   "",   "",   "",   "",   "",   "",   "",   "",   "",   "",   "",   "",   "",   "",   "",   "",   "",   "",   "",   "",   "",   "",   "",   "",   "",   "",   "",   "",   "",   "",   "",   "",   "",   "",   "",   "",   "",   "",   "",   "",   "",   "",   "",   "",   "",   "",   "",   "",   "",   "",   "",   "",   "",   "",   "",   "",   "",   "",   "",   "",   "",   "",   "",   "",   "",   "",   "",   "",   "",   "",   "",   "",   "",   "",   "",   "",   "",   "",   "",   "",   "",   "",   "",   "",   "",   "",   "",   "",   "",   "",   "",   "",   "",   "",   "",   "",   "",   "",   "",   "",   "",   "",   "",   "",   "",   "",   "",   "",   "",   "",   "",   "",   "",   "",   "",   "",   "",   "",   "",   "",   "",   "",   "",   "",   "",   ""))
			, ID5 = as.character(c( "1",  "1",  "1",  "1",  "1",  "1",  "1",  "2",  "2",  "2",  "2",  "2",  "2",  "2",  "3",  "3",  "3",  "3",  "3",  "3",  "3",  "4",  "4",  "4",  "4",  "4",  "4",  "4",  "5",  "5",  "5",  "5",  "5",  "5",  "5",  "6",  "6",  "6",  "6",  "6",  "6",  "6",  "7",  "7",  "7",  "7",  "7",  "7",  "7",  "8",  "8",  "8",  "8",  "8",  "8",  "8",  "9",  "9",  "9",  "9",  "9",  "9",  "9", "10", "10", "10", "10", "10", "10", "10", "11", "11", "11", "11", "11", "11", "11", "12", "12", "12", "12", "12", "12", "12", "13", "13", "13", "13", "13", "13", "13", "14", "14", "14", "14", "14", "14", "14", "15", "15", "15", "15", "15", "15", "15", "16", "16", "16", "16", "16", "16", "16", "17", "17", "17", "17", "17", "17", "17", "18", "18", "18", "18", "18", "18", "18", "19", "19", "19", "19", "19", "19", "19", "20", "20", "20", "20", "20", "20", "20", "21", "21", "21", "21", "21", "21", "21", "22", "22", "22", "22", "22", "22", "22", "23", "23", "23", "23", "23", "23", "23", "24", "24", "24", "24", "24", "24", "24", "25", "25", "25", "25", "25", "25", "25", "26", "26", "26", "26", "26", "26", "26", "27", "27", "27", "27", "27", "27", "27", "28", "28", "28", "28", "28", "28", "28", "29", "29", "29", "29", "29", "29", "29", "30", "30", "30", "30", "30", "30", "30", "31", "31", "31", "31", "31", "31", "31", "32", "32", "32", "32", "32", "32", "32", "33", "33", "33", "33", "33", "33", "33", "34", "34", "34", "34", "34", "34", "34", "35", "35", "35", "35", "35", "35", "35", "36", "36", "36", "36", "36", "36", "36", "37", "37", "37", "37", "37", "37", "37", "38", "38", "38", "38", "38", "38", "38", "39", "39", "39", "39", "39", "39", "39", "40", "40", "40", "40", "40", "40", "40", "41", "41", "41", "41", "41", "41", "41", "42", "42", "42", "42", "42", "42", "42", "43", "43", "43", "43", "43", "43", "43", "44", "44", "44", "44", "44", "44", "44", "45", "45", "45", "45", "45", "45", "45", "46", "46", "46", "46", "46", "46", "46", "47", "47", "47", "47", "47", "47", "47", "48", "48", "48", "48", "48", "48", "48", "49", "49", "49", "49", "49", "49", "49", "50", "50", "50", "50", "50", "50", "50", "51", "51", "51", "51", "51", "51", "51", "52", "52", "52", "52", "52", "52", "52", "53", "53", "53", "53", "53", "53", "53", "54", "54", "54", "54", "54", "54", "54", "55", "55", "55", "55", "55", "55", "55", "56", "56", "56", "56", "56", "56", "56", "57", "57", "57", "57", "57", "57", "57", "58", "58", "58", "58", "58", "58", "58", "59", "59", "59", "59", "59", "59", "59", "60", "60", "60", "60", "60", "60", "60"))
			, IVAR = c(0.64, 1.99, 6.43, 12.03, 22.28, 48.91, 80.15, 0.58, 2.03, 7.46, 12.58, 22.36, 51.02, 87.44, 0.44, 2.06, 5.74, 12, 24.18, 45.25, 90.69, 0.49, 2.25, 5.15, 12.73, 24.81, 53.38, 93.12, 0.52, 2.05, 5.68, 13.54, 26.95, 51.48, 112.51, 0.53, 1.76, 5.67, 10.62, 22.89, 45.11, 96.41, 0.46, 2.03, 5.62, 14.32, 25.78, 52.57, 99.76, 0.59, 1.88, 5.73, 13.85, 22.49, 47.01, 92.3, 0.48, 1.94, 6.3, 11.79, 22.82, 54.9, 93.96, 0.49, 1.98, 6.44, 11.91, 23.91, 44.84, 92.94, 0.5, 1.89, 6.33, 10.31, 24.75, 41.16, 93.15, 0.47, 1.87, 5.97, 9.91, 27, 40.64, 91.65, 0.45, 1.86, 7.39, 12.02, 21.1, 40.74, 100.42, 0.5, 1.94, 5.47, 10.34, 21.55, 53.05, 90.22, 0.44, 2.41, 6.26, 11.72, 26.68, 52.45, 90.24, 0.62, 1.95, 5.2, 11.83, 24.5, 60.46, 97.02, 0.52, 1.98, 5.8, 11.96, 25.97, 59.07, 106.39, 0.56, 1.77, 6.62, 12.27, 20.72, 50.57, 94.49, 0.58, 1.85, 5.75, 10.94, 23.58, 49.97, 89.23, 0.54, 1.77, 5.4, 13.86, 21.68, 50.02, 92.41, 0.52, 2.37, 7.03, 11.61, 19.1, 61.62, 102.62, 0.53, 2, 6.31, 11.8, 25.03, 46.12, 83.71, 0.55, 2.33, 5.82, 10.59, 25.59, 47.79, 80.72, 0.5, 1.88, 5.8, 10.69, 28.74, 46.44, 81.76, 0.51, 2.05, 5.44, 8.99, 22.51, 50.82, 95.43, 0.5, 2.12, 5.33, 13.39, 23.99, 51.52, 106.46, 0.51, 1.83, 6.74, 9.82, 22.73, 46.79, 94.42, 0.55, 2.03, 6.25, 11.92, 23.41, 51.46, 107.66, 0.39, 2.12, 6.23, 11.5, 26.39, 46.17, 93.31, 0.54, 2.38, 6.16, 11.5, 21.31, 46.44, 87.39, 0.49, 2.08, 5.51, 15.64, 24.38, 53.74, 76.36, 0.54, 1.75, 6.58, 12.49, 23.04, 54.8, 89.5, 0.47, 1.81, 5.61, 13.19, 25.06, 53.08, 92.33, 0.52, 2.05, 5.2, 14.34, 24.32, 51.82, 105.62, 0.5, 1.94, 6.56, 10.81, 29.23, 46.19, 113.27, 0.58, 2.02, 6.35, 10.83, 24.79, 53.28, 96.96, 0.48, 1.87, 5.98, 13.35, 22.87, 47.42, 84.35, 0.53, 2.28, 6.97, 13.02, 19.91, 50.37, 100.48, 0.48, 2.03, 5.5, 12.84, 23.23, 41.03, 92.54, 0.57, 1.93, 6.46, 13.19, 24.01, 46.34, 91.05, 0.54, 1.8, 6.15, 11.66, 19.14, 41.69, 105.21, 0.49, 2.17, 7.25, 13.91, 25.68, 49.86, 94.17, 0.59, 2.12, 5.34, 11.81, 19.81, 47.07, 74.08, 0.57, 1.88, 5.75, 11.8, 25.52, 51.37, 101.61, 0.47, 1.75, 5.77, 12.34, 22.1, 47.67, 85.42, 0.5, 2.03, 5.91, 11.8, 28.63, 51.8, 107.29, 0.46, 2.03, 6.73, 11.93, 19.4, 49.68, 79.35, 0.46, 2.28, 6.38, 13.38, 24.75, 47.47, 87.52, 0.59, 2.01, 5.59, 13.08, 26.72, 58.02, 90.38, 0.48, 1.92, 5.78, 11.57, 23.3, 55.44, 89.53, 0.48, 2.13, 6.71, 11.11, 22.81, 50.58, 106.28, 0.49, 1.73, 7.12, 13.85, 22.35, 47.69, 80.51, 0.53, 2.35, 5.09, 11.1, 22.51, 44.84, 78.34, 0.53, 1.72, 5.99, 12.73, 23.53, 52.48, 95.75, 0.47, 2.13, 5.75, 14.33, 23.96, 52.27, 97.99, 0.37, 1.74, 5.75, 12.29, 18.99, 52.85, 90.37, 0.46, 1.71, 5.19, 12.07, 25.25, 38.92, 86.83, 0.53, 1.91, 7.45, 13.59, 25.47, 48.02, 98.72, 0.47, 2.13, 6.96, 13.37, 22.13, 40.83, 94.95, 0.52, 2.29, 5.26, 12.45, 24.57, 54.09, 95.73)
			, TAD = c(0.64, 1.99, 6.43, 12.03, 22.28, 48.91, 80.15, 0.58, 2.03, 7.46, 12.58, 22.36, 51.02, 87.44, 0.44, 2.06, 5.74, 12, 24.18, 45.25, 90.69, 0.49, 2.25, 5.15, 12.73, 24.81, 53.38, 93.12, 0.52, 2.05, 5.68, 13.54, 26.95, 51.48, 112.51, 0.53, 1.76, 5.67, 10.62, 22.89, 45.11, 96.41, 0.46, 2.03, 5.62, 14.32, 25.78, 52.57, 99.76, 0.59, 1.88, 5.73, 13.85, 22.49, 47.01, 92.3, 0.48, 1.94, 6.3, 11.79, 22.82, 54.9, 93.96, 0.49, 1.98, 6.44, 11.91, 23.91, 44.84, 92.94, 0.5, 1.89, 6.33, 10.31, 24.75, 41.16, 93.15, 0.47, 1.87, 5.97, 9.91, 27, 40.64, 91.65, 0.45, 1.86, 7.39, 12.02, 21.1, 40.74, 100.42, 0.5, 1.94, 5.47, 10.34, 21.55, 53.05, 90.22, 0.44, 2.41, 6.26, 11.72, 26.68, 52.45, 90.24, 0.62, 1.95, 5.2, 11.83, 24.5, 60.46, 97.02, 0.52, 1.98, 5.8, 11.96, 25.97, 59.07, 106.39, 0.56, 1.77, 6.62, 12.27, 20.72, 50.57, 94.49, 0.58, 1.85, 5.75, 10.94, 23.58, 49.97, 89.23, 0.54, 1.77, 5.4, 13.86, 21.68, 50.02, 92.41, 0.52, 2.37, 7.03, 11.61, 19.1, 61.62, 102.62, 0.53, 2, 6.31, 11.8, 25.03, 46.12, 83.71, 0.55, 2.33, 5.82, 10.59, 25.59, 47.79, 80.72, 0.5, 1.88, 5.8, 10.69, 28.74, 46.44, 81.76, 0.51, 2.05, 5.44, 8.99, 22.51, 50.82, 95.43, 0.5, 2.12, 5.33, 13.39, 23.99, 51.52, 106.46, 0.51, 1.83, 6.74, 9.82, 22.73, 46.79, 94.42, 0.55, 2.03, 6.25, 11.92, 23.41, 51.46, 107.66, 0.39, 2.12, 6.23, 11.5, 26.39, 46.17, 93.31, 0.54, 2.38, 6.16, 11.5, 21.31, 46.44, 87.39, 0.49, 2.08, 5.51, 15.64, 24.38, 53.74, 76.36, 0.54, 1.75, 6.58, 12.49, 23.04, 54.8, 89.5, 0.47, 1.81, 5.61, 13.19, 25.06, 53.08, 92.33, 0.52, 2.05, 5.2, 14.34, 24.32, 51.82, 105.62, 0.5, 1.94, 6.56, 10.81, 29.23, 46.19, 113.27, 0.58, 2.02, 6.35, 10.83, 24.79, 53.28, 96.96, 0.48, 1.87, 5.98, 13.35, 22.87, 47.42, 84.35, 0.53, 2.28, 6.97, 13.02, 19.91, 50.37, 100.48, 0.48, 2.03, 5.5, 12.84, 23.23, 41.03, 92.54, 0.57, 1.93, 6.46, 13.19, 24.01, 46.34, 91.05, 0.54, 1.8, 6.15, 11.66, 19.14, 41.69, 105.21, 0.49, 2.17, 7.25, 13.91, 25.68, 49.86, 94.17, 0.59, 2.12, 5.34, 11.81, 19.81, 47.07, 74.08, 0.57, 1.88, 5.75, 11.8, 25.52, 51.37, 101.61, 0.47, 1.75, 5.77, 12.34, 22.1, 47.67, 85.42, 0.5, 2.03, 5.91, 11.8, 28.63, 51.8, 107.29, 0.46, 2.03, 6.73, 11.93, 19.4, 49.68, 79.35, 0.46, 2.28, 6.38, 13.38, 24.75, 47.47, 87.52, 0.59, 2.01, 5.59, 13.08, 26.72, 58.02, 90.38, 0.48, 1.92, 5.78, 11.57, 23.3, 55.44, 89.53, 0.48, 2.13, 6.71, 11.11, 22.81, 50.58, 106.28, 0.49, 1.73, 7.12, 13.85, 22.35, 47.69, 80.51, 0.53, 2.35, 5.09, 11.1, 22.51, 44.84, 78.34, 0.53, 1.72, 5.99, 12.73, 23.53, 52.48, 95.75, 0.47, 2.13, 5.75, 14.33, 23.96, 52.27, 97.99, 0.37, 1.74, 5.75, 12.29, 18.99, 52.85, 90.37, 0.46, 1.71, 5.19, 12.07, 25.25, 38.92, 86.83, 0.53, 1.91, 7.45, 13.59, 25.47, 48.02, 98.72, 0.47, 2.13, 6.96, 13.37, 22.13, 40.83, 94.95, 0.52, 2.29, 5.26, 12.45, 24.57, 54.09, 95.73)
			, PRED = c(  4020.61,   6736.64,   7047.06,   6565.26,   5705.44,   3682.77,   1836.65,   3762.54,   6766.02,   6959.51,   6518.16,   5698.88,    3538.1,   1507.48,   3081.51,   6787.04,   7103.06,   6567.83,   5550.45,   3939.72,   1374.07,   3338.19,   6901.98,   7146.72,   6505.34,   5499.38,   3379.38,    1279.7,   3484.85,   6780.13,   7107.74,   6436.21,   5327.14,    3506.9,   686.386,   3532.55,    6533.9,   7108.51,   6686.45,   5655.52,    3949.7,   1159.25,   3186.06,   6766.02,   7112.37,   6369.85,   5421.07,   3433.48,   1045.15,   3806.87,    6647.3,   7103.84,   6409.81,   5688.24,   3815.23,   1311.03,    3288.1,   6697.64,   7057.85,   6585.84,   5661.24,   3278.93,   1248.15,   3338.19,   6729.05,   7046.22,   6575.55,   5572.39,   3968.97,   1286.54,   3387.67,   6655.97,   7055.37,   6713.18,   5504.24,   4235.48,   1278.57,   3237.39,   6638.52,    7084.8,   6747.71,   5323.13,   4273.71,   1336.24,   3134.11,   6629.62,   6965.53,   6566.12,   5802.41,   4266.34,   1023.67,   3387.67,   6697.64,   7123.73,    6710.6,   5765.37,   3401.37,   1392.85,   3081.51,   6977.77,   7061.16,   6591.85,   5348.76,   3441.53,   1392.05,   3936.68,   6705.65,   7143.26,   6582.41,   5524.49,    2923.8,   1137.83,   3484.85,   6729.05,   7098.35,   6571.26,   5405.78,   3010.73,   844.106,   3672.22,   6544.04,   7031.14,    6544.7,   5833.76,   3568.74,   1228.53,   3762.54,    6620.6,   7102.28,   6658.89,   5599.24,   3609.77,   1432.98,   3579.68,   6544.04,   7128.92,   6408.96,   5754.68,   3606.34,    1306.8,   3484.85,   6960.41,   6996.37,   6601.29,   5968.02,   2852.22,   954.448,   3532.55,   6744.13,   7057.03,   6584.98,   5481.59,   3877.97,   1670.76,   3626.23,   6942.02,   7096.77,   6689.04,   5436.38,   3760.61,   1809.43,   3387.67,    6647.3,   7098.35,   6680.42,   5184.55,   3855.36,   1760.42,   3436.56,   6780.13,   7125.96,   6827.27,    5686.6,    3551.7,   1194.25,   3387.67,   6826.61,   7134.03,   6448.99,   5565.88,   3504.19,   842.155,   3436.56,    6602.2,   7021.01,   6755.49,    5668.6,    3830.7,   1231.11,   3626.23,   6766.02,   7061.98,   6574.69,   5613.09,   3508.25,    809.24,    2808.7,   6826.61,   7063.63,   6610.74,   5372.02,   3874.43,   1272.52,   3579.68,   6964.84,   7069.38,   6610.74,   5785.12,   3855.36,    1509.6,   3338.19,   6800.59,   7120.73,   6258.06,   5534.22,   3355.46,   2023.93,   3579.68,   6523.62,    7034.5,   6525.86,   5643.27,   3285.49,   1421.96,   3237.39,   6583.32,   7113.13,   6466.05,   5479.16,   3399.37,   1309.88,   3484.85,   6780.13,   7143.26,   6368.16,   5539.09,   3483.92,   865.805,   3387.67,   6697.64,   7036.18,   6670.09,   5145.76,   3873.02,   668.571,   3762.54,   6758.82,   7053.71,   6668.36,      5501,   3386.04,   1139.93,    3288.1,   6638.52,      7084,    6452.4,   5657.15,   3786.47,   1641.97,   3532.55,   6917.52,   7001.48,   6480.56,   5900.76,   3582.39,   1021.74,    3288.1,   6766.02,   7121.48,   6495.94,   5627.76,   4245.02,   1301.81,   3717.66,   6689.53,   7044.55,   6466.05,   5564.26,   3862.42,    1359.8,   3579.68,   6573.69,   7070.19,      6597,   5964.69,   4196.65,   877.534,   3338.19,    6857.2,   6977.55,   6404.71,   5429.13,   3617.32,   1240.35,   3806.87,   6826.61,    7133.3,   6584.13,   5909.05,   3811.01,    2141.8,   3717.66,    6647.3,   7102.28,   6584.98,   5442.02,   3514.35,    985.78,   3237.39,   6523.62,   7100.71,    6538.7,   5720.19,   3768.99,   1594.56,   3387.67,   6766.02,   7089.61,   6584.98,   5193.27,   3485.27,    819.28,   3186.06,   6766.02,   7021.86,   6573.83,   5943.08,   3629.68,   1875.27,   3186.06,   6917.52,   7051.22,   6449.84,   5504.24,   3782.97,    1504.1,   3806.87,   6751.53,   7114.66,   6475.44,   5345.56,   3077.22,   1386.44,    3288.1,    6681.3,   7099.92,   6604.73,   5622.05,   3243.58,   1420.74,    3288.1,    6832.9,   7023.55,   6644.26,   5662.06,   3568.05,    847.18,   3338.19,   6502.67,   6988.68,   6409.81,    5699.7,   3767.59,   1819.43,   3532.55,   6951.35,    7150.8,   6645.12,    5686.6,   3968.97,   1924.73,   3532.55,   6491.99,   7083.19,   6505.34,   5603.31,   3439.51,   1182.74,   3237.39,    6832.9,   7102.28,   6369.01,   5568.32,   3453.62,   1104.37,   2694.84,   6513.21,   7102.28,   6542.98,   5977.17,   3414.73,   1386.84,   3186.06,   6481.16,   7143.96,   6561.83,   5463.81,   4401.14,   1533.44,   3532.55,   6672.97,   6960.37,   6431.95,   5446.06,   3744.56,   1079.66,   3237.39,    6832.9,   7002.33,    6450.7,   5717.73,   4259.72,   1211.67,   3484.85,   6922.56,   7139.04,   6529.29,   5518.82,   3332.28,   1183.46)
