dmp.txt <- structure(
	.Data = list(
		"coefficients" = list(
			"fixed" = c("GAMMA" = 2.08693970382489, "CMultStdev" = 0.490228083092722, "tvVmax" = 3000.21883054631, "tvKm" = 652.109687277592, "tvV" = 3.82557479522176, "tvKa" = 0.110334799038046, "K12" = 1.8136426962116, "K21" = 0.156154679411468, "dVdWT" = 1.11501128795639, "CEps" = 0.843719956699882)
			, "random" = list("Subject" = matrix(
				as.numeric(c(
					 0.135671879256734,  0.236202974287748,  -0.0865165875518817
					,  -0.166590944742824,  -0.232637763963043,  0.115602715437369
					,  0.136105235428984,  0.322548896655064,  -0.0688603991394473
					,  0.407826895414017,  -0.0865412902993902,  0.206595584191744
					,  -0.155464996969823,  0.252047703677502,  -0.710439069576718
					,  0.299904479150524,  -0.776537272491546,  0.281888459845487
					,  -0.487836414749859,  0.259820361182225,  0.479523673781788
					,  0.234497479768529,  0.0114367480078184,  0.249325482269488
					,  0.629561601566773,  0.0469328488131638,  0.177751189166963
					,  -0.358902940056316,  -0.543687852662282,  0.255929899970195
					,  -0.502975225367448,  0.392492366765728,  -0.811499272998788
					,  0.0144974613492119,  0.136861924993601,  0.413421682330676
					,  -0.155175502049781,  -0.930625131572398,  0.546606712873851
					,  0.774946835682145,  -0.291468152627324,  -0.652249897892824
					,  -0.157176847402817,  0.165076381551042,  0.420154604867833
					,  0.137637688174148,  -0.0438479996654309,  0.115017160685587
					,  0.412287084482666,  0.229141461450162,  -0.59479338556393
					,  0.0744762561225392,  -0.322580624608812,  -0.838676750116121
					,  -0.205101996244633,  0.257563142936789,  0.759208345410678
					,  -0.134306208798407,  -0.781644455551279,  0.447669492322457
					))
				, nrow = 60, ncol = 1
				, dimnames = list(
					as.character(c( "1", "2", "3", "4", "5", "6", "7", "8", "9", "10"
					  , "11", "12", "13", "14", "15", "16", "17", "18", "19", "20"
					  , "21", "22", "23", "24", "25", "26", "27", "28", "29", "30"
					  , "31", "32", "33", "34", "35", "36", "37", "38", "39", "40"
					  , "41", "42", "43", "44", "45", "46", "47", "48", "49", "50"
					  , "51", "52", "53", "54", "55", "56", "57", "58", "59", "60"))
					, as.character(c("nVmax"))
					)
				))
			)
		, "logLik" = c(-3376.33)
		, "nObs" = c(480)
		, "nSubj" = c(60)
		, "nParm" = c(11)
		, "returnCode" = c(1)
		, "omega" = matrix(
			as.numeric(c(0.210992797765728))
			, nrow = 1, ncol = 1
			, dimnames = list(
				as.character(c("nVmax"))
				, as.character(c("nVmax"))
				)
			)
		, "eta" = matrix(
			as.numeric(c(-0.000998404546531562, 0.169659726706708, 0.411897713888665, 0.10328266370018))
			, nrow = 1, ncol = 4
			, dimnames = list(
				as.character(c("nVmax"))
				, as.character(c("mean", "var", "sd", "shrinkage"))
				)
			)
		, "eta_shrinkage" = list("Subject" = matrix(
			as.numeric(c(
				 0.167939239439055,  0.191069711401015,  0.158013927381276
				,  0.236275048917286,  0.190276700634082,  0.16596744497599
				,  0.195967152240569,  0.210353489598953,  0.200108034245833
				,  0.188058450070234,  0.239692852200391,  0.197391305722645
				,  0.158883038483608,  0.139334182912216,  0.219217246952647
				,  0.189753924328724,  0.174184983313219,  0.213996749698459
				,  0.206683290531082,  0.202835759722259,  0.220912290572098
				,  0.214896930472701,  0.180638506287369,  0.142082857353822
				,  0.215618080343058,  0.173841639521104,  0.184361346101018
				,  0.133166744151982,  0.153698798709945,  0.196407718418073
				,  0.224623400674806,  0.189305563026592,  0.187220858507619
				,  0.180688305663746,  0.145662155744174,  0.184950093001177
				,  0.166425319154042,  0.177933633358234,  0.225607803083772
				,  0.225014701658061,  0.165353437231873,  0.161249836185266
				,  0.194315079856323,  0.199239872507263,  0.176229816575619
				,  0.166612359544222,  0.196644070792627,  0.206704603457861
				,  0.19273809171271,  0.21428978260499,  0.191465724113386
				,  0.168888838034348,  0.191690733589748,  0.142293032762892
				,  0.233057328068636,  0.245343661548378,  0.202880711391993
				,  0.149563000814988,  0.208418987136327,  0.190690657735047
				))
			, nrow = 60, ncol = 1
			, dimnames = list(
				as.character(c( "1", "2", "3", "4", "5", "6", "7", "8", "9", "10"
				  , "11", "12", "13", "14", "15", "16", "17", "18", "19", "20"
				  , "21", "22", "23", "24", "25", "26", "27", "28", "29", "30"
				  , "31", "32", "33", "34", "35", "36", "37", "38", "39", "40"
				  , "41", "42", "43", "44", "45", "46", "47", "48", "49", "50"
				  , "51", "52", "53", "54", "55", "56", "57", "58", "59", "60"))
				, as.character(c("nVmax_shrinkage"))
				)
			))
		, "sigma" = matrix(
			as.numeric(c(0.711863365333651))
			, nrow = 1, ncol = 1
			, dimnames = list(
				as.character(c("CEps"))
				, as.character(c("CEps"))
				)
			)
		, "method" = "FOCE-ELS"
		, "varFix" = matrix(
			as.numeric(c(0.0748932070577197, 0.00162420729084159, -191.600532579783, -48.4851394301533, -0.163799115831132, -0.00280274831280479, 0.0531311659542899, -0.000730300537431394, -0.00672089459199714, 0.119764013343077, 0.00162420729084159, 0.000382030998749381, -2.90066167950006, -0.682419902268755, -0.00323909397942726, -7.04964270303456e-005, 0.00050940210330012, 1.4568815004822e-005, -0.00038561015601069, -0.000969539216346212, -191.600532579783, -2.90066167950006, 1036414.74481172, 224374.148475763, 167.126593742557, -1.61468286429865, -220.025471477311, 4.10663531422539, 71.7718828797684, -211.399516236582, -48.4851394301533, -0.682419902268755, 224374.148475763, 50759.281446381, 51.815363586442, -0.0877313238276988, -51.6703903533908, 0.678758509720468, 14.6292272804072, -59.4685593075465, -0.163799115831132, -0.00323909397942726, 167.126593742557, 51.815363586442, 2.59678157369481, 0.0584073414575504, -0.22989022790933, 0.0513986770512755, -0.0839400705396943, 0.00238959834614996, -0.00280274831280479, -7.04964270303456e-005, -1.61468286429865, -0.0877313238276988, 0.0584073414575504, 0.00149115308742898, -0.000410600547787194, 0.00135022977667977, -0.00290981144958145, 0.000230904216915566, 0.0531311659542899, 0.00050940210330012, -220.025471477311, -51.6703903533908, -0.22989022790933, -0.000410600547787194, 0.171049085125506, 0.00218583370925175, -0.022617131746654, 0.0200889753199891, -0.000730300537431394, 1.4568815004822e-005, 4.10663531422539, 0.678758509720468, 0.0513986770512755, 0.00135022977667977, 0.00218583370925175, 0.00174717068942215, -0.00204096255910532, 0.00317607466321423, -0.00672089459199714, -0.00038561015601069, 71.7718828797684, 14.6292272804072, -0.0839400705396943, -0.00290981144958145, -0.022617131746654, -0.00204096255910532, 0.0485888868451872, 0.00351084293466166, 0.119764013343077, -0.000969539216346212, -211.399516236582, -59.4685593075465, 0.00238959834614996, 0.000230904216915566, 0.0200889753199891, 0.00317607466321423, 0.00351084293466166, 1.38749606390128))
			, nrow = 10, ncol = 10
			, dimnames = list(
				as.character(c("GAMMA", "CMultStdev", "tvVmax", "tvKm", "tvV", "tvKa", "K12", "K21", "dVdWT", "CEps"))
				, as.character(c("GAMMA", "CMultStdev", "tvVmax", "tvKm", "tvV", "tvKa", "K12", "K21", "dVdWT", "CEps"))
				)
			)
		, "omegaSE" = matrix(
			as.numeric(c(0.0377456972437899))
			, nrow = 1, ncol = 1, byrow = TRUE
			, dimnames = list(
				as.character(c("nVmax"))
				, as.character(c("nVmax"))
				)
			)
		, "Covariance" = matrix(
			as.numeric(c(0.074893207, 0.0016242073, -191.60053, -48.485139, -0.16379912, -0.0028027483, 0.053131166, -0.00073030054, -0.0067208946, 0.11976401, -0.0028385204, 0.0016242073, 0.000382031, -2.9006617, -0.6824199, -0.003239094, -7.0496427e-005, 0.0005094021, 1.4568815e-005, -0.00038561016, -0.00096953922, 0.00012148012, -191.60053, -2.9006617, 1036414.7, 224374.15, 167.12659, -1.6146829, -220.02547, 4.1066353, 71.771883, -211.39952, 14.031933, -48.485139, -0.6824199, 224374.15, 50759.281, 51.815364, -0.087731324, -51.67039, 0.67875851, 14.629227, -59.468559, 3.4853068, -0.16379912, -0.003239094, 167.12659, 51.815364, 2.5967816, 0.058407341, -0.22989023, 0.051398677, -0.083940071, 0.0023895983, 0.0052547169, -0.0028027483, -7.0496427e-005, -1.6146829, -0.087731324, 0.058407341, 0.0014911531, -0.00041060055, 0.0013502298, -0.0029098114, 0.00023090422, -6.3997223e-005, 0.053131166, 0.0005094021, -220.02547, -51.67039, -0.22989023, -0.00041060055, 0.17104909, 0.0021858337, -0.022617132, 0.020088975, -0.0065299975, -0.00073030054, 1.4568815e-005, 4.1066353, 0.67875851, 0.051398677, 0.0013502298, 0.0021858337, 0.0017471707, -0.0020409626, 0.0031760747, -5.592962e-005, -0.0067208946, -0.00038561016, 71.771883, 14.629227, -0.083940071, -0.0029098114, -0.022617132, -0.0020409626, 0.048588887, 0.0035108429, 0.00092693856, 0.11976401, -0.00096953922, -211.39952, -59.468559, 0.0023895983, 0.00023090422, 0.020088975, 0.0031760747, 0.0035108429, 1.3874961, -0.0048247765, -0.0028385204, 0.00012148012, 14.031933, 3.4853068, 0.0052547169, -6.3997223e-005, -0.0065299975, -5.592962e-005, 0.00092693856, -0.0048247765, 0.0014247377))
			, nrow = 11, ncol = 11
			, dimnames = list(
				as.character(c("GAMMA", "CMultStdev", "tvVmax", "tvKm", "tvV", "tvKa", "K12", "K21", "dVdWT", "stdev0", "nVmax-nVmax"))
				, as.character(c("GAMMA", "CMultStdev", "tvVmax", "tvKm", "tvV", "tvKa", "K12", "K21", "dVdWT", "stdev0", "nVmax-nVmax"))
				)
			)
		, "Correlation" = matrix(
			as.numeric(c(0.27366623, 0.30364836, -0.68771533, -0.78637501, -0.37142628, -0.26521725, 0.46942666, -0.063842919, -0.11141339, 0.37152603, -0.27479153, 0.30364836, 0.019545613, -0.14577431, -0.15496894, -0.10283869, -0.09340211, 0.063016032, 0.017832296, -0.089501577, -0.04211145, 0.16466013, -0.68771533, -0.14577431, 1018.0446, 0.97824648, 0.10187346, -0.041073275, -0.52257158, 0.096505414, 0.31982991, -0.17628742, 0.36516006, -0.78637501, -0.15496894, 0.97824648, 225.29821, 0.14271943, -0.01008407, -0.55452819, 0.072075869, 0.29457452, -0.22408553, 0.4098414, -0.37142628, -0.10283869, 0.10187346, 0.14271943, 1.6114532, 0.93861742, -0.3449391, 0.76307384, -0.23631057, 0.0012589002, 0.086390137, -0.26521725, -0.09340211, -0.041073275, -0.01008407, 0.93861742, 0.038615451, -0.02570976, 0.83652495, -0.34184974, 0.0050763887, -0.043906878, 0.46942666, 0.063016032, -0.52257158, -0.55452819, -0.3449391, -0.02570976, 0.41358081, 0.12644134, -0.24808967, 0.041236474, -0.41829742, -0.063842919, 0.017832296, 0.096505414, 0.072075869, 0.76307384, 0.83652495, 0.12644134, 0.041799171, -0.22151283, 0.064507046, -0.035449226, -0.11141339, -0.089501577, 0.31982991, 0.29457452, -0.23631057, -0.34184974, -0.24808967, -0.22151283, 0.22042887, 0.013521568, 0.11140765, 0.37152603, -0.04211145, -0.17628742, -0.22408553, 0.0012589002, 0.0050763887, 0.041236474, 0.064507046, 0.013521568, 1.1779202, -0.10851602, -0.27479153, 0.16466013, 0.36516006, 0.4098414, 0.086390137, -0.043906878, -0.41829742, -0.035449226, 0.11140765, -0.10851602, 0.037745697))
			, nrow = 11, ncol = 11
			, dimnames = list(
				as.character(c("GAMMA", "CMultStdev", "tvVmax", "tvKm", "tvV", "tvKa", "K12", "K21", "dVdWT", "stdev0", "nVmax-nVmax"))
				, as.character(c("GAMMA", "CMultStdev", "tvVmax", "tvKm", "tvV", "tvKa", "K12", "K21", "dVdWT", "stdev0", "nVmax-nVmax"))
				)
			)
		, "Inverse" = matrix(
			as.numeric(c(269.44252, -172.44455, -0.043707148, 0.52341701, 64.200878, -526.54562, 123.54206, -1597.3179, 14.732854, -6.0934262, -85.577318, -172.44455, 3415.4289, 0.073804449, -0.38458272,  40.49222, -1220.7628, 70.063394, -460.58523, 25.072334, 11.097073, -300.73689, -0.043707148, 0.073804449, 4.7583943e-005, -0.00025007637, 0.0092847977, -0.36982525, 0.012922697, -0.040096838, -0.0034234102, 0.00052521513, 0.060545803, 0.52341701, -0.38458272, -0.00025007637, 0.0017440817, 0.065249144, 0.26354878, 0.14883274, -2.1413959, 0.029729229, -0.0076877674, -0.40407036, 64.200878,  40.49222, 0.0092847977, 0.065249144, 61.763486, -1580.0449, 100.95981, -736.45336, 3.9932919, -0.92209676, 2.7224439, -526.54562, -1220.7628, -0.36982525, 0.26354878, -1580.0449, 50730.649, -2375.6754, 10848.803, 48.844461, 2.1222725, -328.20715, 123.54206, 70.063394, 0.012922697, 0.14883274, 100.95981, -2375.6754, 178.98277, -1379.0618, 10.919426, -1.4242047, 23.996596, -1597.3179, -460.58523, -0.040096838, -2.1413959, -736.45336, 10848.803, -1379.0618, 15647.291, -132.58046, 24.151107, 155.41963, 14.732854, 25.072334, -0.0034234102, 0.029729229, 3.9932919, 48.844461, 10.919426, -132.58046, 28.281062, -0.44057506, 0.62169955, -6.0934262, 11.097073, 0.00052521513, -0.0076877674, -0.92209676, 2.1222725, -1.4242047, 24.151107, -0.44057506, 0.97984422, 2.0690531, -85.577318, -300.73689, 0.060545803, -0.40407036, 2.7224439, -328.20715, 23.996596, 155.41963, 0.62169955, 2.0690531, 1047.0993))
			, nrow = 11, ncol = 11
			, dimnames = list(
				as.character(c("GAMMA", "CMultStdev", "tvVmax", "tvKm", "tvV", "tvKa", "K12", "K21", "dVdWT", "stdev0", "nVmax-nVmax"))
				, as.character(c("GAMMA", "CMultStdev", "tvVmax", "tvKm", "tvV", "tvKa", "K12", "K21", "dVdWT", "stdev0", "nVmax-nVmax"))
				)
			)
		, "LLTable" = data.frame(
			id = as.character(c( "1", "2", "3", "4", "5", "6", "7", "8", "9", "10", "11", "12", "13", "14", "15", "16", "17", "18", "19", "20", "21", "22", "23", "24", "25", "26", "27", "28", "29", "30", "31", "32", "33", "34", "35", "36", "37", "38", "39", "40", "41", "42", "43", "44", "45", "46", "47", "48", "49", "50", "51", "52", "53", "54", "55", "56", "57", "58", "59", "60"))
			, "LL" = c(-54.776456, -54.100173, -56.318624, -53.757548, -66.240144, -55.137901, -54.103203, -52.815221, -59.67854, -52.072586, -54.918084, -52.962176, -57.026751, -55.689423, -61.126418, -53.29449, -64.478412, -52.196381, -60.308265, -52.77191, -54.273997, -53.60881, -56.98107, -55.247869, -52.19928, -60.008858, -52.423171, -59.58022, -61.931232, -56.167368, -58.533321, -52.563713, -60.68866, -55.177814, -55.874542, -52.997187, -56.850925, -63.647151, -51.085162, -50.85702, -57.475148, -66.639461, -54.267107, -54.802145, -53.86735, -54.789041, -55.604942, -54.613957, -54.807322, -52.55041, -59.542269, -55.074269, -57.221025, -62.744335, -56.654288, -56.011251, -50.720915, -57.31138, -64.338999, -52.822884)
			) # end of LLTable
		, "residuals" = data.frame(
			  ID1 = as.character(c(  "",   "",   "",   "",   "",   "",   "",   "",   "",   "",   "",   "",   "",   "",   "",   "",   "",   "",   "",   "",   "",   "",   "",   "",   "",   "",   "",   "",   "",   "",   "",   "",   "",   "",   "",   "",   "",   "",   "",   "",   "",   "",   "",   "",   "",   "",   "",   "",   "",   "",   "",   "",   "",   "",   "",   "",   "",   "",   "",   "",   "",   "",   "",   "",   "",   "",   "",   "",   "",   "",   "",   "",   "",   "",   "",   "",   "",   "",   "",   "",   "",   "",   "",   "",   "",   "",   "",   "",   "",   "",   "",   "",   "",   "",   "",   "",   "",   "",   "",   "",   "",   "",   "",   "",   "",   "",   "",   "",   "",   "",   "",   "",   "",   "",   "",   "",   "",   "",   "",   "",   "",   "",   "",   "",   "",   "",   "",   "",   "",   "",   "",   "",   "",   "",   "",   "",   "",   "",   "",   "",   "",   "",   "",   "",   "",   "",   "",   "",   "",   "",   "",   "",   "",   "",   "",   "",   "",   "",   "",   "",   "",   "",   "",   "",   "",   "",   "",   "",   "",   "",   "",   "",   "",   "",   "",   "",   "",   "",   "",   "",   "",   "",   "",   "",   "",   "",   "",   "",   "",   "",   "",   "",   "",   "",   "",   "",   "",   "",   "",   "",   "",   "",   "",   "",   "",   "",   "",   "",   "",   "",   "",   "",   "",   "",   "",   "",   "",   "",   "",   "",   "",   "",   "",   "",   "",   "",   "",   "",   "",   "",   "",   "",   "",   "",   "",   "",   "",   "",   "",   "",   "",   "",   "",   "",   "",   "",   "",   "",   "",   "",   "",   "",   "",   "",   "",   "",   "",   "",   "",   "",   "",   "",   "",   "",   "",   "",   "",   "",   "",   "",   "",   "",   "",   "",   "",   "",   "",   "",   "",   "",   "",   "",   "",   "",   "",   "",   "",   "",   "",   "",   "",   "",   "",   "",   "",   "",   "",   "",   "",   "",   "",   "",   "",   "",   "",   "",   "",   "",   "",   "",   "",   "",   "",   "",   "",   "",   "",   "",   "",   "",   "",   "",   "",   "",   "",   "",   "",   "",   "",   "",   "",   "",   "",   "",   "",   "",   "",   "",   "",   "",   "",   "",   "",   "",   "",   "",   "",   "",   "",   "",   "",   "",   "",   "",   "",   "",   "",   "",   "",   "",   "",   "",   "",   "",   "",   "",   "",   "",   "",   "",   "",   "",   "",   "",   "",   "",   "",   "",   "",   "",   "",   "",   "",   "",   "",   "",   "",   "",   "",   "",   "",   "",   "",   "",   "",   "",   "",   "",   "",   "",   "",   "",   "",   "",   "",   "",   "",   "",   "",   "",   "",   "",   "",   "",   "",   "",   "",   "",   "",   "",   "",   "",   "",   "",   "",   "",   "",   "",   "",   "",   "",   "",   "",   "",   "",   "",   "",   "",   "",   "",   "",   "",   "",   "",   "",   "",   "",   "",   "",   "",   "",   "",   "",   "",   "",   "",   "",   "",   "",   "",   "",   "",   "",   "",   "",   "",   "",   "",   "",   "",   "",   "",   "",   "",   "",   "",   "",   "",   "",   ""))
			, ID2 = as.character(c(  "",   "",   "",   "",   "",   "",   "",   "",   "",   "",   "",   "",   "",   "",   "",   "",   "",   "",   "",   "",   "",   "",   "",   "",   "",   "",   "",   "",   "",   "",   "",   "",   "",   "",   "",   "",   "",   "",   "",   "",   "",   "",   "",   "",   "",   "",   "",   "",   "",   "",   "",   "",   "",   "",   "",   "",   "",   "",   "",   "",   "",   "",   "",   "",   "",   "",   "",   "",   "",   "",   "",   "",   "",   "",   "",   "",   "",   "",   "",   "",   "",   "",   "",   "",   "",   "",   "",   "",   "",   "",   "",   "",   "",   "",   "",   "",   "",   "",   "",   "",   "",   "",   "",   "",   "",   "",   "",   "",   "",   "",   "",   "",   "",   "",   "",   "",   "",   "",   "",   "",   "",   "",   "",   "",   "",   "",   "",   "",   "",   "",   "",   "",   "",   "",   "",   "",   "",   "",   "",   "",   "",   "",   "",   "",   "",   "",   "",   "",   "",   "",   "",   "",   "",   "",   "",   "",   "",   "",   "",   "",   "",   "",   "",   "",   "",   "",   "",   "",   "",   "",   "",   "",   "",   "",   "",   "",   "",   "",   "",   "",   "",   "",   "",   "",   "",   "",   "",   "",   "",   "",   "",   "",   "",   "",   "",   "",   "",   "",   "",   "",   "",   "",   "",   "",   "",   "",   "",   "",   "",   "",   "",   "",   "",   "",   "",   "",   "",   "",   "",   "",   "",   "",   "",   "",   "",   "",   "",   "",   "",   "",   "",   "",   "",   "",   "",   "",   "",   "",   "",   "",   "",   "",   "",   "",   "",   "",   "",   "",   "",   "",   "",   "",   "",   "",   "",   "",   "",   "",   "",   "",   "",   "",   "",   "",   "",   "",   "",   "",   "",   "",   "",   "",   "",   "",   "",   "",   "",   "",   "",   "",   "",   "",   "",   "",   "",   "",   "",   "",   "",   "",   "",   "",   "",   "",   "",   "",   "",   "",   "",   "",   "",   "",   "",   "",   "",   "",   "",   "",   "",   "",   "",   "",   "",   "",   "",   "",   "",   "",   "",   "",   "",   "",   "",   "",   "",   "",   "",   "",   "",   "",   "",   "",   "",   "",   "",   "",   "",   "",   "",   "",   "",   "",   "",   "",   "",   "",   "",   "",   "",   "",   "",   "",   "",   "",   "",   "",   "",   "",   "",   "",   "",   "",   "",   "",   "",   "",   "",   "",   "",   "",   "",   "",   "",   "",   "",   "",   "",   "",   "",   "",   "",   "",   "",   "",   "",   "",   "",   "",   "",   "",   "",   "",   "",   "",   "",   "",   "",   "",   "",   "",   "",   "",   "",   "",   "",   "",   "",   "",   "",   "",   "",   "",   "",   "",   "",   "",   "",   "",   "",   "",   "",   "",   "",   "",   "",   "",   "",   "",   "",   "",   "",   "",   "",   "",   "",   "",   "",   "",   "",   "",   "",   "",   "",   "",   "",   "",   "",   "",   "",   "",   "",   "",   "",   "",   "",   "",   "",   "",   "",   "",   "",   "",   "",   "",   "",   "",   "",   "",   "",   "",   "",   "",   "",   "",   "",   "",   "",   "",   "",   ""))
			, ID3 = as.character(c(  "",   "",   "",   "",   "",   "",   "",   "",   "",   "",   "",   "",   "",   "",   "",   "",   "",   "",   "",   "",   "",   "",   "",   "",   "",   "",   "",   "",   "",   "",   "",   "",   "",   "",   "",   "",   "",   "",   "",   "",   "",   "",   "",   "",   "",   "",   "",   "",   "",   "",   "",   "",   "",   "",   "",   "",   "",   "",   "",   "",   "",   "",   "",   "",   "",   "",   "",   "",   "",   "",   "",   "",   "",   "",   "",   "",   "",   "",   "",   "",   "",   "",   "",   "",   "",   "",   "",   "",   "",   "",   "",   "",   "",   "",   "",   "",   "",   "",   "",   "",   "",   "",   "",   "",   "",   "",   "",   "",   "",   "",   "",   "",   "",   "",   "",   "",   "",   "",   "",   "",   "",   "",   "",   "",   "",   "",   "",   "",   "",   "",   "",   "",   "",   "",   "",   "",   "",   "",   "",   "",   "",   "",   "",   "",   "",   "",   "",   "",   "",   "",   "",   "",   "",   "",   "",   "",   "",   "",   "",   "",   "",   "",   "",   "",   "",   "",   "",   "",   "",   "",   "",   "",   "",   "",   "",   "",   "",   "",   "",   "",   "",   "",   "",   "",   "",   "",   "",   "",   "",   "",   "",   "",   "",   "",   "",   "",   "",   "",   "",   "",   "",   "",   "",   "",   "",   "",   "",   "",   "",   "",   "",   "",   "",   "",   "",   "",   "",   "",   "",   "",   "",   "",   "",   "",   "",   "",   "",   "",   "",   "",   "",   "",   "",   "",   "",   "",   "",   "",   "",   "",   "",   "",   "",   "",   "",   "",   "",   "",   "",   "",   "",   "",   "",   "",   "",   "",   "",   "",   "",   "",   "",   "",   "",   "",   "",   "",   "",   "",   "",   "",   "",   "",   "",   "",   "",   "",   "",   "",   "",   "",   "",   "",   "",   "",   "",   "",   "",   "",   "",   "",   "",   "",   "",   "",   "",   "",   "",   "",   "",   "",   "",   "",   "",   "",   "",   "",   "",   "",   "",   "",   "",   "",   "",   "",   "",   "",   "",   "",   "",   "",   "",   "",   "",   "",   "",   "",   "",   "",   "",   "",   "",   "",   "",   "",   "",   "",   "",   "",   "",   "",   "",   "",   "",   "",   "",   "",   "",   "",   "",   "",   "",   "",   "",   "",   "",   "",   "",   "",   "",   "",   "",   "",   "",   "",   "",   "",   "",   "",   "",   "",   "",   "",   "",   "",   "",   "",   "",   "",   "",   "",   "",   "",   "",   "",   "",   "",   "",   "",   "",   "",   "",   "",   "",   "",   "",   "",   "",   "",   "",   "",   "",   "",   "",   "",   "",   "",   "",   "",   "",   "",   "",   "",   "",   "",   "",   "",   "",   "",   "",   "",   "",   "",   "",   "",   "",   "",   "",   "",   "",   "",   "",   "",   "",   "",   "",   "",   "",   "",   "",   "",   "",   "",   "",   "",   "",   "",   "",   "",   "",   "",   "",   "",   "",   "",   "",   "",   "",   "",   "",   "",   "",   "",   "",   "",   "",   "",   "",   "",   "",   "",   "",   "",   "",   "",   "",   "",   "",   "",   "",   ""))
			, ID4 = as.character(c(  "",   "",   "",   "",   "",   "",   "",   "",   "",   "",   "",   "",   "",   "",   "",   "",   "",   "",   "",   "",   "",   "",   "",   "",   "",   "",   "",   "",   "",   "",   "",   "",   "",   "",   "",   "",   "",   "",   "",   "",   "",   "",   "",   "",   "",   "",   "",   "",   "",   "",   "",   "",   "",   "",   "",   "",   "",   "",   "",   "",   "",   "",   "",   "",   "",   "",   "",   "",   "",   "",   "",   "",   "",   "",   "",   "",   "",   "",   "",   "",   "",   "",   "",   "",   "",   "",   "",   "",   "",   "",   "",   "",   "",   "",   "",   "",   "",   "",   "",   "",   "",   "",   "",   "",   "",   "",   "",   "",   "",   "",   "",   "",   "",   "",   "",   "",   "",   "",   "",   "",   "",   "",   "",   "",   "",   "",   "",   "",   "",   "",   "",   "",   "",   "",   "",   "",   "",   "",   "",   "",   "",   "",   "",   "",   "",   "",   "",   "",   "",   "",   "",   "",   "",   "",   "",   "",   "",   "",   "",   "",   "",   "",   "",   "",   "",   "",   "",   "",   "",   "",   "",   "",   "",   "",   "",   "",   "",   "",   "",   "",   "",   "",   "",   "",   "",   "",   "",   "",   "",   "",   "",   "",   "",   "",   "",   "",   "",   "",   "",   "",   "",   "",   "",   "",   "",   "",   "",   "",   "",   "",   "",   "",   "",   "",   "",   "",   "",   "",   "",   "",   "",   "",   "",   "",   "",   "",   "",   "",   "",   "",   "",   "",   "",   "",   "",   "",   "",   "",   "",   "",   "",   "",   "",   "",   "",   "",   "",   "",   "",   "",   "",   "",   "",   "",   "",   "",   "",   "",   "",   "",   "",   "",   "",   "",   "",   "",   "",   "",   "",   "",   "",   "",   "",   "",   "",   "",   "",   "",   "",   "",   "",   "",   "",   "",   "",   "",   "",   "",   "",   "",   "",   "",   "",   "",   "",   "",   "",   "",   "",   "",   "",   "",   "",   "",   "",   "",   "",   "",   "",   "",   "",   "",   "",   "",   "",   "",   "",   "",   "",   "",   "",   "",   "",   "",   "",   "",   "",   "",   "",   "",   "",   "",   "",   "",   "",   "",   "",   "",   "",   "",   "",   "",   "",   "",   "",   "",   "",   "",   "",   "",   "",   "",   "",   "",   "",   "",   "",   "",   "",   "",   "",   "",   "",   "",   "",   "",   "",   "",   "",   "",   "",   "",   "",   "",   "",   "",   "",   "",   "",   "",   "",   "",   "",   "",   "",   "",   "",   "",   "",   "",   "",   "",   "",   "",   "",   "",   "",   "",   "",   "",   "",   "",   "",   "",   "",   "",   "",   "",   "",   "",   "",   "",   "",   "",   "",   "",   "",   "",   "",   "",   "",   "",   "",   "",   "",   "",   "",   "",   "",   "",   "",   "",   "",   "",   "",   "",   "",   "",   "",   "",   "",   "",   "",   "",   "",   "",   "",   "",   "",   "",   "",   "",   "",   "",   "",   "",   "",   "",   "",   "",   "",   "",   "",   "",   "",   "",   "",   "",   "",   "",   "",   "",   "",   "",   "",   "",   "",   "",   "",   ""))
			, ID5 = as.character(c( "1",  "1",  "1",  "1",  "1",  "1",  "1",  "1",  "2",  "2",  "2",  "2",  "2",  "2",  "2",  "2",  "3",  "3",  "3",  "3",  "3",  "3",  "3",  "3",  "4",  "4",  "4",  "4",  "4",  "4",  "4",  "4",  "5",  "5",  "5",  "5",  "5",  "5",  "5",  "5",  "6",  "6",  "6",  "6",  "6",  "6",  "6",  "6",  "7",  "7",  "7",  "7",  "7",  "7",  "7",  "7",  "8",  "8",  "8",  "8",  "8",  "8",  "8",  "8",  "9",  "9",  "9",  "9",  "9",  "9",  "9",  "9", "10", "10", "10", "10", "10", "10", "10", "10", "11", "11", "11", "11", "11", "11", "11", "11", "12", "12", "12", "12", "12", "12", "12", "12", "13", "13", "13", "13", "13", "13", "13", "13", "14", "14", "14", "14", "14", "14", "14", "14", "15", "15", "15", "15", "15", "15", "15", "15", "16", "16", "16", "16", "16", "16", "16", "16", "17", "17", "17", "17", "17", "17", "17", "17", "18", "18", "18", "18", "18", "18", "18", "18", "19", "19", "19", "19", "19", "19", "19", "19", "20", "20", "20", "20", "20", "20", "20", "20", "21", "21", "21", "21", "21", "21", "21", "21", "22", "22", "22", "22", "22", "22", "22", "22", "23", "23", "23", "23", "23", "23", "23", "23", "24", "24", "24", "24", "24", "24", "24", "24", "25", "25", "25", "25", "25", "25", "25", "25", "26", "26", "26", "26", "26", "26", "26", "26", "27", "27", "27", "27", "27", "27", "27", "27", "28", "28", "28", "28", "28", "28", "28", "28", "29", "29", "29", "29", "29", "29", "29", "29", "30", "30", "30", "30", "30", "30", "30", "30", "31", "31", "31", "31", "31", "31", "31", "31", "32", "32", "32", "32", "32", "32", "32", "32", "33", "33", "33", "33", "33", "33", "33", "33", "34", "34", "34", "34", "34", "34", "34", "34", "35", "35", "35", "35", "35", "35", "35", "35", "36", "36", "36", "36", "36", "36", "36", "36", "37", "37", "37", "37", "37", "37", "37", "37", "38", "38", "38", "38", "38", "38", "38", "38", "39", "39", "39", "39", "39", "39", "39", "39", "40", "40", "40", "40", "40", "40", "40", "40", "41", "41", "41", "41", "41", "41", "41", "41", "42", "42", "42", "42", "42", "42", "42", "42", "43", "43", "43", "43", "43", "43", "43", "43", "44", "44", "44", "44", "44", "44", "44", "44", "45", "45", "45", "45", "45", "45", "45", "45", "46", "46", "46", "46", "46", "46", "46", "46", "47", "47", "47", "47", "47", "47", "47", "47", "48", "48", "48", "48", "48", "48", "48", "48", "49", "49", "49", "49", "49", "49", "49", "49", "50", "50", "50", "50", "50", "50", "50", "50", "51", "51", "51", "51", "51", "51", "51", "51", "52", "52", "52", "52", "52", "52", "52", "52", "53", "53", "53", "53", "53", "53", "53", "53", "54", "54", "54", "54", "54", "54", "54", "54", "55", "55", "55", "55", "55", "55", "55", "55", "56", "56", "56", "56", "56", "56", "56", "56", "57", "57", "57", "57", "57", "57", "57", "57", "58", "58", "58", "58", "58", "58", "58", "58", "59", "59", "59", "59", "59", "59", "59", "59", "60", "60", "60", "60", "60", "60", "60", "60"))
			, IVAR = c(0.64, 1.99, 6.43, 12.03, 22.28, 48.91, 80.15, 138.94, 0.51, 2.49, 6.29, 11.18, 25.51, 43.72, 84.69, 123.55, 0.48, 2, 6.04, 11.31, 22.67, 47.36, 103.04, 108, 0.53, 2.07, 6.67, 11.64, 24.9, 49.3, 90.93, 135.41, 0.56, 2.15, 7.03, 12.69, 21.12, 45.33, 84.94, 114.45, 0.47, 2.01, 5.48, 12.19, 22.48, 57.28, 103.13, 131.43, 0.52, 2.37, 5.63, 11.46, 27.7, 44.98, 94.03, 115.38, 0.48, 1.94, 6.3, 11.79, 22.82, 54.9, 93.96, 117.86, 0.5, 2.15, 5.96, 11.95, 22.42, 46.47, 96.58, 113.14, 0.53, 1.72, 6.19, 10.29, 23.29, 45.53, 89.94, 119.32, 0.41, 2.25, 5.08, 11.46, 21.47, 44.53, 118.28, 120.21, 0.44, 1.7, 6.28, 11.98, 23.25, 43.74, 82.73, 107.77, 0.55, 1.88, 5.22, 14.47, 25.04, 46.87, 106.72, 131.12, 0.47, 2.49, 5.85, 10.41, 23.66, 49.01, 120.92, 121.28, 0.52, 1.98, 5.8, 11.96, 25.97, 59.07, 106.39, 135.41, 0.44, 2.21, 6.13, 10.36, 25.28, 47.24, 111.14, 111.15, 0.48, 1.82, 5.89, 12.49, 22.31, 52.16, 85.08, 108.06, 0.58, 1.81, 6.25, 11.55, 25, 56.83, 112.51, 116.09, 0.4, 2.57, 6.41, 12.67, 23.97, 50.51, 94.43, 125.16, 0.48, 1.74, 6.62, 13.97, 23.27, 42.35, 102.37, 119.46, 0.42, 2, 5.63, 11.6, 21.38, 57.48, 92.87, 102.2, 0.51, 2.05, 5.44, 8.99, 22.51, 50.82, 95.43, 118.83, 0.53, 1.78, 6.7, 11.99, 25.76, 53.23, 98.17, 109.91, 0.56, 1.64, 5.68, 11.7, 23.6, 53.16, 97.32, 124.99, 0.5, 1.95, 6.43, 13.46, 18.87, 50.83, 99.67, 115, 0.55, 1.92, 5.83, 13.07, 28.5, 49.31, 92.03, 106.55, 0.48, 1.82, 5.85, 12.48, 22.04, 62.56, 97.51, 134.36, 0.4, 2.15, 5.26, 13.16, 24.97, 46.08, 109.59, 111.87, 0.47, 1.81, 5.61, 13.19, 25.06, 53.08, 92.33, 124.6, 0.51, 1.73, 7.17, 12.16, 25.91, 52.81, 95.52, 116.39, 0.55, 1.8, 7.31, 11.55, 28.32, 55.84, 96.8, 127, 0.45, 2.07, 6.66, 12.12, 22.93, 44.95, 95.66, 133.54, 0.48, 1.98, 5.27, 12.61, 27.35, 55.75, 99.54, 104.15, 0.52, 2.09, 5.79, 12.21, 22.01, 51.37, 92.91, 102.57, 0.48, 2.29, 5.8, 12.91, 26.38, 48.02, 92.68, 113.81, 0.54, 1.8, 6.15, 11.66, 19.14, 41.69, 105.21, 117.73, 0.54, 2.42, 6.95, 12.84, 24.93, 47.08, 112.41, 127.37, 0.44, 1.97, 4.95, 11.77, 18.52, 54.74, 90.09, 114.95, 0.49, 2.13, 6.42, 12.7, 22.66, 41.88, 92.34, 123.38, 0.46, 1.99, 5.34, 11.99, 24.31, 47.3, 94.44, 143.14, 0.54, 2.24, 5.47, 12.2, 26.94, 47.73, 77.59, 124.21, 0.41, 1.84, 6.85, 12.76, 26.77, 49.49, 94.95, 109.41, 0.59, 2.01, 5.59, 13.08, 26.72, 58.02, 90.38, 115.4, 0.48, 1.93, 5.78, 11.65, 27.72, 44.77, 92.34, 128.09, 0.56, 1.85, 5.7, 12.65, 26.57, 46.81, 83.21, 142.37, 0.58, 1.86, 5.96, 10.06, 25.41, 56.4, 81.5, 111, 0.47, 1.87, 4.9, 12.62, 20.59, 47.88, 101.86, 117.65, 0.55, 1.99, 5.62, 12.8, 22.98, 57.31, 95.82, 130.68, 0.51, 1.48, 5.23, 11.5, 24.58, 37.98, 105.69, 112.96, 0.46, 1.71, 5.19, 12.07, 25.25, 38.92, 86.83, 126.6, 0.48, 2.48, 6.8, 12.74, 24.01, 49.36, 89.46, 127.78, 0.58, 2.23, 5.53, 10.21, 23.74, 50.16, 105.18, 109.89, 0.52, 2.05, 6.76, 11.97, 23.16, 42.8, 91.16, 115.73, 0.63, 2.55, 5.9, 10.81, 19.7, 50.54, 86.08, 150.8, 0.46, 2.02, 8.78, 10.74, 24.75, 42.97, 99.4, 109.97, 0.5, 1.94, 5.33, 12.01, 26.5, 56.29, 83.69, 117.04, 0.56, 1.79, 4.66, 10.93, 21.79, 48.23, 92.2, 122.81, 0.48, 2.08, 5.78, 13.52, 22.29, 49.42, 87.87, 122.52, 0.5, 1.69, 5.91, 13.5, 25.69, 48.69, 85.21, 134.88, 0.5, 1.91, 7.07, 11.11, 24.74, 54.56, 101.96, 116.37)
			, TAD = c(0.64, 1.99, 6.43, 12.03, 22.28, 48.91, 80.15, 138.94, 0.51, 2.49, 6.29, 11.18, 25.51, 43.72, 84.69, 123.55, 0.48, 2, 6.04, 11.31, 22.67, 47.36, 103.04, 108, 0.53, 2.07, 6.67, 11.64, 24.9, 49.3, 90.93, 135.41, 0.56, 2.15, 7.03, 12.69, 21.12, 45.33, 84.94, 114.45, 0.47, 2.01, 5.48, 12.19, 22.48, 57.28, 103.13, 131.43, 0.52, 2.37, 5.63, 11.46, 27.7, 44.98, 94.03, 115.38, 0.48, 1.94, 6.3, 11.79, 22.82, 54.9, 93.96, 117.86, 0.5, 2.15, 5.96, 11.95, 22.42, 46.47, 96.58, 113.14, 0.53, 1.72, 6.19, 10.29, 23.29, 45.53, 89.94, 119.32, 0.41, 2.25, 5.08, 11.46, 21.47, 44.53, 118.28, 120.21, 0.44, 1.7, 6.28, 11.98, 23.25, 43.74, 82.73, 107.77, 0.55, 1.88, 5.22, 14.47, 25.04, 46.87, 106.72, 131.12, 0.47, 2.49, 5.85, 10.41, 23.66, 49.01, 120.92, 121.28, 0.52, 1.98, 5.8, 11.96, 25.97, 59.07, 106.39, 135.41, 0.44, 2.21, 6.13, 10.36, 25.28, 47.24, 111.14, 111.15, 0.48, 1.82, 5.89, 12.49, 22.31, 52.16, 85.08, 108.06, 0.58, 1.81, 6.25, 11.55, 25, 56.83, 112.51, 116.09, 0.4, 2.57, 6.41, 12.67, 23.97, 50.51, 94.43, 125.16, 0.48, 1.74, 6.62, 13.97, 23.27, 42.35, 102.37, 119.46, 0.42, 2, 5.63, 11.6, 21.38, 57.48, 92.87, 102.2, 0.51, 2.05, 5.44, 8.99, 22.51, 50.82, 95.43, 118.83, 0.53, 1.78, 6.7, 11.99, 25.76, 53.23, 98.17, 109.91, 0.56, 1.64, 5.68, 11.7, 23.6, 53.16, 97.32, 124.99, 0.5, 1.95, 6.43, 13.46, 18.87, 50.83, 99.67, 115, 0.55, 1.92, 5.83, 13.07, 28.5, 49.31, 92.03, 106.55, 0.48, 1.82, 5.85, 12.48, 22.04, 62.56, 97.51, 134.36, 0.4, 2.15, 5.26, 13.16, 24.97, 46.08, 109.59, 111.87, 0.47, 1.81, 5.61, 13.19, 25.06, 53.08, 92.33, 124.6, 0.51, 1.73, 7.17, 12.16, 25.91, 52.81, 95.52, 116.39, 0.55, 1.8, 7.31, 11.55, 28.32, 55.84, 96.8, 127, 0.45, 2.07, 6.66, 12.12, 22.93, 44.95, 95.66, 133.54, 0.48, 1.98, 5.27, 12.61, 27.35, 55.75, 99.54, 104.15, 0.52, 2.09, 5.79, 12.21, 22.01, 51.37, 92.91, 102.57, 0.48, 2.29, 5.8, 12.91, 26.38, 48.02, 92.68, 113.81, 0.54, 1.8, 6.15, 11.66, 19.14, 41.69, 105.21, 117.73, 0.54, 2.42, 6.95, 12.84, 24.93, 47.08, 112.41, 127.37, 0.44, 1.97, 4.95, 11.77, 18.52, 54.74, 90.09, 114.95, 0.49, 2.13, 6.42, 12.7, 22.66, 41.88, 92.34, 123.38, 0.46, 1.99, 5.34, 11.99, 24.31, 47.3, 94.44, 143.14, 0.54, 2.24, 5.47, 12.2, 26.94, 47.73, 77.59, 124.21, 0.41, 1.84, 6.85, 12.76, 26.77, 49.49, 94.95, 109.41, 0.59, 2.01, 5.59, 13.08, 26.72, 58.02, 90.38, 115.4, 0.48, 1.93, 5.78, 11.65, 27.72, 44.77, 92.34, 128.09, 0.56, 1.85, 5.7, 12.65, 26.57, 46.81, 83.21, 142.37, 0.58, 1.86, 5.96, 10.06, 25.41, 56.4, 81.5, 111, 0.47, 1.87, 4.9, 12.62, 20.59, 47.88, 101.86, 117.65, 0.55, 1.99, 5.62, 12.8, 22.98, 57.31, 95.82, 130.68, 0.51, 1.48, 5.23, 11.5, 24.58, 37.98, 105.69, 112.96, 0.46, 1.71, 5.19, 12.07, 25.25, 38.92, 86.83, 126.6, 0.48, 2.48, 6.8, 12.74, 24.01, 49.36, 89.46, 127.78, 0.58, 2.23, 5.53, 10.21, 23.74, 50.16, 105.18, 109.89, 0.52, 2.05, 6.76, 11.97, 23.16, 42.8, 91.16, 115.73, 0.63, 2.55, 5.9, 10.81, 19.7, 50.54, 86.08, 150.8, 0.46, 2.02, 8.78, 10.74, 24.75, 42.97, 99.4, 109.97, 0.5, 1.94, 5.33, 12.01, 26.5, 56.29, 83.69, 117.04, 0.56, 1.79, 4.66, 10.93, 21.79, 48.23, 92.2, 122.81, 0.48, 2.08, 5.78, 13.52, 22.29, 49.42, 87.87, 122.52, 0.5, 1.69, 5.91, 13.5, 25.69, 48.69, 85.21, 134.88, 0.5, 1.91, 7.07, 11.11, 24.74, 54.56, 101.96, 116.37)
