dmp.txt <- structure(
	.Data = list(
		"coefficients" = list(
			"fixed" = c("CMultStdev" = 0.530140910657711, "tvVmax" = 4016.50824376217, "tvKm" = 1060.61293618319, "tvV" = 56.1820957587309, "tvKa" = 1.26535125963209, "K12" = 1.40660980730733, "K21" = 3.75216593184566, "CEps" = 0.612505811171709)
			, "random" = list("Subject" = matrix(
				as.numeric(c(
					 0.402037807117626,  -0.448325102978003,  -0.0436389508194044
					,  -0.0991892284928032,  0.496291141352532,  -0.390913757938009
					,  -0.151231117922038,  0.09765265571112,  0.283729031098509
					,  -0.00682080298687131,  0.141137528270625,  0.0604364162753074
					,  0.0347763185412159,  -0.213897206037242,  0.13011125665632
					,  -0.463525921917527,  -0.0378598832651207,  0.00837364346489402
					,  -0.0504768492585449,  0.155974413787486,  0.164968340855016
					,  0.440814990514048,  0.0752619750042655,  -0.672583573271827
					,  -0.0245070456510852,  -0.0583983400289051,  0.0575753921667355
					,  -0.249830214568321,  0.0126327894168195,  0.0445886526699923
					,  0.161720528132861,  -0.383453438962089,  0.241542834221293
					,  -0.0136953537907535,  0.175756331470051,  0.159885567789514
					,  0.274876748434806,  -0.284957890582783,  0.0098166903336733
					,  0.058393750489786,  0.169280357746155,  -0.255925563018492
					,  -0.152454959057155,  0.0919452348608504,  -0.153545408275115
					,  0.103008995563881,  0.0903072632250937,  0.0953375511636837
					,  -0.12389828217467,  -0.0809678172274949,  -0.130016937875997
					,  0.344950125901113,  0.135402638466677,  0.130391640843525
					,  0.273538892896979,  0.14096676197062,  -0.457934765349561
					,  -0.00458079498785223,  -0.495388535118037,  -0.0537232224102221
					,  -0.0975807140799524,  0.774990620632468,  0.00930781152631046
					,  -0.32196436743797,  0.15533669700388,  -0.444152024560037
					,  -0.428496851424195,  -0.246129543242343,  0.34740163242638
					,  -0.697377938408504,  0.33703433171149,  -0.457196948985329
					,  -0.159302053716302,  0.860027932239947,  -0.0363814674388315
					,  0.325231461463982,  0.402485892972127,  0.37446102387707
					,  0.422333144785423,  0.414564456734262,  0.727809500073088
					,  -0.556454100500813,  0.107573928724256,  -0.347430909342375
					,  -0.00779350603356859,  0.00099468229047498,  -0.114274328679748
					,  -0.341971270929025,  -0.0805608273101082,  0.0043055476209208
					,  0.11667504650907,  0.116220764569825,  -0.810980576220331
					,  0.265336546113413,  0.0382435888637501,  0.187202437648501
					,  0.303034793936103,  -0.852159871893473,  0.0156050960445221
					,  -0.296063956580835,  0.414998654336766,  -0.0475606887573359
					,  0.514675829997064,  0.142893367001307,  0.0771184742518527
					,  0.00405106676416273,  0.0496168359259305,  0.452231086333761
					,  -0.474189576247107,  -0.106285270783615,  -1.13275690631921
					,  0.860550220745293,  -0.362841165657591,  -0.138295576570598
					,  -0.276823445081748,  -0.528175207901188,  0.213236441998868
					,  -0.417982683574256,  -0.196687141260909,  0.0264521909431033
					,  -0.46473729001264,  0.472059079659232,  0.0915056038020809
					,  0.0179986190402954,  -0.388986884945661,  -0.226561899485579
					,  -0.309814468577599,  -0.0181839103112726,  -0.280739186780535
					,  0.252118404225351,  -0.207811155174437,  0.0782359984940054
					,  0.136717413391688,  0.225668951411285,  -0.0421563234373964
					,  0.455312336080045,  -0.0148136428795073,  0.0143035383905818
					,  0.1183325492385,  -0.0950703724446782,  -0.148739804586884
					,  -0.39951214238545,  0.00769201029075043,  0.624238768068382
					,  0.0659610245617912,  0.10967871302224,  -0.0406765142312177
					,  0.015246621071637,  -0.00987833845491094,  -0.0934204403874334
					,  -0.0442527839317471,  0.294887515537498,  -0.0520078443889544
					,  -0.00464909421308528,  -0.00305104397202072,  -0.0722678118616237
					,  -0.193324287418572,  0.169405360989764,  -0.0508609801810683
					,  0.0987433725922481,  -0.10030843575888,  0.194454166557311
					,  0.15181325756902,  -0.266862676237282,  0.132817616763028
					,  -0.12268170757412,  -0.160398336683737,  -0.144311623931615
					,  -0.061060155990789,  -0.0250284618276147,  -0.195812537382193
					,  -0.297572930264046,  -0.173648617641532,  -0.177295740163876
					,  -0.0782224220559258,  -0.245418938143338,  0.44790838853785
					,  -0.0136161285421687,  0.425011720173082,  0.143807474465915
					))
				, nrow = 60, ncol = 3
				, dimnames = list(
					as.character(c( "1", "2", "3", "4", "5", "6", "7", "8", "9", "10"
					  , "11", "12", "13", "14", "15", "16", "17", "18", "19", "20"
					  , "21", "22", "23", "24", "25", "26", "27", "28", "29", "30"
					  , "31", "32", "33", "34", "35", "36", "37", "38", "39", "40"
					  , "41", "42", "43", "44", "45", "46", "47", "48", "49", "50"
					  , "51", "52", "53", "54", "55", "56", "57", "58", "59", "60"))
					, as.character(c("nVmax", "nKm", "nV"))
					)
				))
			)
		, "logLik" = c(-3228.99)
		, "nObs" = c(480)
		, "nSubj" = c(60)
		, "nParm" = c(11)
		, "returnCode" = c(3)
		, "omega" = matrix(
			as.numeric(c(0.10169395325325, 0, 0, 0, 0.21258601410234, 0, 0, 0, 0.131115513665757))
			, nrow = 3, ncol = 3
			, dimnames = list(
				as.character(c("nVmax", "nKm", "nV"))
				, as.character(c("nVmax", "nKm", "nV"))
				)
			)
		, "eta" = matrix(
			as.numeric(c(-0.00397094495921419, -0.0152644635478655, -0.00799727380543017, 0.0556537923259567, 0.168734098054625, 0.0482170618814493, 0.235910560013656, 0.41077256244134, 0.219583837933144, 0.260224717783581, 0.109089489384677, 0.393580258234296))
			, nrow = 3, ncol = 4
			, dimnames = list(
				as.character(c("nVmax", "nKm", "nV"))
				, as.character(c("mean", "var", "sd", "shrinkage"))
				)
			)
		, "eta_shrinkage" = list("Subject" = matrix(
			as.numeric(c(
				 0.368497611295526,  0.746228100327144,  0.451452003185234
				,  0.395887547853317,  0.412700433301744,  0.343416620051074
				,  0.333049807869536,  0.409821983138779,  0.458368305192531
				,  0.379918345603018,  0.472318896794721,  0.387332884009435
				,  0.447267317173831,  0.592826312956154,  0.43816704585052
				,  0.592715998700941,  0.473429999983845,  0.480569543769694
				,  0.493152301640851,  0.481501370023775,  0.495000869854319
				,  0.323716213895666,  0.454609200429445,  0.499135128282372
				,  0.449385904781543,  0.443708233325894,  0.425385101264288
				,  0.403391546064588,  0.428712896932653,  0.431281657551455
				,  0.452048461299235,  0.487419388964082,  0.329442244983701
				,  0.461027995153628,  0.447733471203593,  0.468787372168564
				,  0.466237650307163,  0.337561519143878,  0.440981325644579
				,  0.416077463306871,  0.472241153679109,  0.442620628708568
				,  0.513841002172859,  0.426188681642353,  0.460754187374771
				,  0.42259205761723,  0.438495964699936,  0.476251134776479
				,  0.391221682648175,  0.425214751097585,  0.220710156692214
				,  0.504271567412107,  0.364960467343306,  0.405187133632267
				,  0.39119195936249,  0.332189145948021,  0.56265319458854
				,  0.37611400396636,  0.465115600002578,  0.45678835198811
				,  0.1929562454271,  0.206133147571826,  0.18752732102323
				,  0.16703196547554,  0.186252788888154,  0.166750238837702
				,  0.164289088052244,  0.173892468029704,  0.177211284536121
				,  0.165979830224236,  0.175591585634129,  0.16963457442248
				,  0.173623899173538,  0.21330988669121,  0.175568584678611
				,  0.214330236974194,  0.203445358451217,  0.19603430388727
				,  0.199584649801167,  0.184231495876316,  0.207389091752827
				,  0.186141582317428,  0.188595468129259,  0.207784249690837
				,  0.184373987169198,  0.194747924903074,  0.175361981094347
				,  0.176220176705162,  0.176795650249055,  0.179682956963531
				,  0.180141835674516,  0.197796664458849,  0.195436314085367
				,  0.199199408954594,  0.180174311786634,  0.175898869025307
				,  0.174317459870683,  0.168822693817521,  0.174277540786438
				,  0.169537279387417,  0.184017026240346,  0.200781452543594
				,  0.216639785491592,  0.171535767633085,  0.179254755524157
				,  0.181541158942292,  0.173730989246759,  0.186583112588659
				,  0.163948851428266,  0.170796870654526,  0.191339440714066
				,  0.192755872332471,  0.170420407227799,  0.184579388389985
				,  0.172320924986412,  0.181250719483326,  0.209394127563092
				,  0.168547352328899,  0.195152321554675,  0.191212045223853
				,  0.654818600895058,  0.787642948019405,  0.622901977099349
				,  0.614093716056116,  0.622302426395065,  0.638399065304429
				,  0.631782429526253,  0.610501772435281,  0.599484999360675
				,  0.615331093093589,  0.597794004310927,  0.621196395557792
				,  0.606846056490997,  0.655649522779439,  0.600593290931031
				,  0.704656235598795,  0.624641796897353,  0.605310716381267
				,  0.610496683002721,  0.597894212619997,  0.602283711222973
				,  0.65810392091382,  0.613549310028604,  0.711000370773667
				,  0.619154629770658,  0.63019782662417,  0.604775191724466
				,  0.647936209657525,  0.613117962782414,  0.616089518404187
				,  0.600689169870958,  0.647385022207574,  0.681880942759959
				,  0.624412062265477,  0.607153412862091,  0.60107487772362
				,  0.593923207414712,  0.639720764910359,  0.614512599698069
				,  0.607899400365663,  0.598204302183525,  0.649752619862195
				,  0.635622265385845,  0.608170681226352,  0.613217727266185
				,  0.615306217796395,  0.609417696818907,  0.597868800177791
				,  0.634738975735611,  0.620296814407269,  0.730789645913559
				,  0.583041486757562,  0.62443044122909,  0.63853060992247
				,  0.613103378529639,  0.639111269280782,  0.692906136370402
				,  0.616519993486901,  0.664202549604521,  0.618600660682344
				))
			, nrow = 60, ncol = 3
			, dimnames = list(
				as.character(c( "1", "2", "3", "4", "5", "6", "7", "8", "9", "10"
				  , "11", "12", "13", "14", "15", "16", "17", "18", "19", "20"
				  , "21", "22", "23", "24", "25", "26", "27", "28", "29", "30"
				  , "31", "32", "33", "34", "35", "36", "37", "38", "39", "40"
				  , "41", "42", "43", "44", "45", "46", "47", "48", "49", "50"
				  , "51", "52", "53", "54", "55", "56", "57", "58", "59", "60"))
				, as.character(c("nVmax_shrinkage", "nKm_shrinkage", "nV_shrinkage"))
				)
			))
		, "sigma" = matrix(
			as.numeric(c(0.375163368719113))
			, nrow = 1, ncol = 1
			, dimnames = list(
				as.character(c("CEps"))
				, as.character(c("CEps"))
				)
			)
		, "method" = "FOCE-ELS"
		, "varFix" = matrix(
			as.numeric(c(0.000589303733084421, 1.12567125039967, -0.180126680563023, -0.0135164561524596, -0.000517710704745615, -0.000315035265717818, 7.26384593933726e-005, -0.00036888664053887, 1.12567125039967, 12275.2432936959, -551.425322718774, -64.3888931250375, -4.42698487198876, -1.4660317999584, -1.92399346585812, -3.93943477216668, -0.180126680563023, -551.425322718774, 338.007351714141, 0.425464791263651, -0.573425667167771, -0.196034438119652, -0.703607022403351, -0.116962781814952, -0.0135164561524596, -64.3888931250375, 0.425464791263651, 1.50953140735502, 0.0465594002726584, 0.0194476356055918, -0.00827644523935287, 0.0167599873012309, -0.000517710704745615, -4.42698487198876, -0.573425667167771, 0.0465594002726584, 0.0105287566739401, 0.00279809478255077, 0.00238552000233428, 0.00234443940072247, -0.000315035265717818, -1.4660317999584, -0.196034438119652, 0.0194476356055918, 0.00279809478255077, 0.00530262542356975, 0.015591641716308, 0.00765790094200517, 7.26384593933726e-005, -1.92399346585812, -0.703607022403351, -0.00827644523935287, 0.00238552000233428, 0.015591641716308, 0.0562639281567177, 0.024169927524995, -0.00036888664053887, -3.93943477216668, -0.116962781814952, 0.0167599873012309, 0.00234443940072247, 0.00765790094200517, 0.024169927524995, 0.0136115420524558))
			, nrow = 8, ncol = 8
			, dimnames = list(
				as.character(c("CMultStdev", "tvVmax", "tvKm", "tvV", "tvKa", "K12", "K21", "CEps"))
				, as.character(c("CMultStdev", "tvVmax", "tvKm", "tvV", "tvKa", "K12", "K21", "CEps"))
				)
			)
		, "omegaSE" = matrix(
			as.numeric(c(0.0136811769416305, 0, 0, 0, 0.0492535859663766, 0, 0, 0, 0.010688887211936))
			, nrow = 3, ncol = 3, byrow = TRUE
			, dimnames = list(
				as.character(c("nVmax", "nKm", "nV"))
				, as.character(c("nVmax", "nKm", "nV"))
				)
			)
		, "Covariance" = matrix(
			as.numeric(c(0.00058930373, 1.1256713, -0.18012668, -0.013516456, -0.0005177107, -0.00031503527, 7.2638459e-005, -0.00036888664, 6.3136498e-005,         0, 0.0003434389,         0,         0, 1.3380851e-005, 1.1256713, 12275.243, -551.42532, -64.388893, -4.4269849, -1.4660318, -1.9239935, -3.9394348, 0.20042813,         0, 3.4117182,         0,         0, 0.30110421, -0.18012668, -551.42532, 338.00735, 0.42546479, -0.57342567, -0.19603444, -0.70360702, -0.11696278, -0.0492605,         0, -0.010976019,         0,         0, 0.047997063, -0.013516456, -64.388893, 0.42546479, 1.5095314, 0.0465594, 0.019447636, -0.0082764452, 0.016759987, -0.0021431795,         0, -0.029738947,         0,         0, 0.00080579055, -0.0005177107, -4.4269849, -0.57342567, 0.0465594, 0.010528757, 0.0027980948, 0.00238552, 0.0023444394, 0.00013622301,         0, -0.00096122353,         0,         0, -0.0002911438, -0.00031503527, -1.4660318, -0.19603444, 0.019447636, 0.0027980948, 0.0053026254, 0.015591642, 0.0076579009, 0.00063705632,         0, 0.00068579421,         0,         0, -9.5428267e-006, 7.2638459e-005, -1.9239935, -0.70360702, -0.0082764452, 0.00238552, 0.015591642, 0.056263928, 0.024169928, 0.0020738108,         0, 0.002310809,         0,         0, 1.2293697e-005, -0.00036888664, -3.9394348, -0.11696278, 0.016759987, 0.0023444394, 0.0076579009, 0.024169928, 0.013611542, 0.00075109283,         0, 0.00070958935,         0,         0, -0.0002569741, 6.3136498e-005, 0.20042813, -0.0492605, -0.0021431795, 0.00013622301, 0.00063705632, 0.0020738108, 0.00075109283, 0.0001871746,         0, 0.00025424507,         0,         0, 6.9641557e-005,         0,         0,         0,         0,         0,         0,         0,         0,         0,         0,         0,         0,         0,         0, 0.0003434389, 3.4117182, -0.010976019, -0.029738947, -0.00096122353, 0.00068579421, 0.002310809, 0.00070958935, 0.00025424507,         0, 0.0024259157,         0,         0, 0.0001997129,         0,         0,         0,         0,         0,         0,         0,         0,         0,         0,         0,         0,         0,         0,         0,         0,         0,         0,         0,         0,         0,         0,         0,         0,         0,         0,         0,         0, 1.3380851e-005, 0.30110421, 0.047997063, 0.00080579055, -0.0002911438, -9.5428267e-006, 1.2293697e-005, -0.0002569741, 6.9641557e-005,         0, 0.0001997129,         0,         0, 0.00011425231))
			, nrow = 14, ncol = 14
			, dimnames = list(
				as.character(c("CMultStdev", "tvVmax", "tvKm", "tvV", "tvKa", "K12", "K21", "stdev0", "nVmax-nVmax", "nKm-nVmax", "nKm-nKm", "nV-nVmax", "nV-nKm", "nV-nV"))
				, as.character(c("CMultStdev", "tvVmax", "tvKm", "tvV", "tvKa", "K12", "K21", "stdev0", "nVmax-nVmax", "nKm-nVmax", "nKm-nKm", "nV-nVmax", "nV-nKm", "nV-nV"))
				)
			)
		, "Correlation" = matrix(
			as.numeric(c(0.024275579, 0.41853032, -0.40359463, -0.45318149, -0.20783994, -0.17821494, 0.012614847, -0.13024758, 0.19010233,         0, 0.28723809,         0,         0, 0.051568161, 0.41853032,  110.7937, -0.27071267, -0.47301491, -0.38940761, -0.18171169, -0.073210524, -0.30476507,  0.132227,         0, 0.62520184,         0,         0, 0.25425487, -0.40359463, -0.27071267, 18.384976, 0.018835601, -0.30396635, -0.1464279, -0.16134372, -0.054529429, -0.19584491,         0, -0.012121153,         0,         0, 0.2442413, -0.45318149, -0.47301491, 0.018835601, 1.2286299, 0.36931569, 0.21737033, -0.028399307, 0.11692273, -0.12750112,         0, -0.49143564,         0,         0, 0.061357633, -0.20783994, -0.38940761, -0.30396635, 0.36931569, 0.10260973, 0.37447981, 0.098012055, 0.19583793, 0.097037251,         0, -0.19019452,         0,         0, -0.26545231, -0.17821494, -0.18171169, -0.1464279, 0.21737033, 0.37447981, 0.072819128, 0.90267486, 0.90138558, 0.63945339,         0, 0.19120995,         0,         0, -0.012260243, 0.012614847, -0.073210524, -0.16134372, -0.028399307, 0.098012055, 0.90267486, 0.23720019, 0.87338687, 0.63904383,         0, 0.19779311,         0,         0, 0.0048488078, -0.13024758, -0.30476507, -0.054529429, 0.11692273, 0.19583793, 0.90138558, 0.87338687, 0.11666851, 0.47056161,         0, 0.12348539,         0,         0, -0.2060645, 0.19010233,  0.132227, -0.19584491, -0.12750112, 0.097037251, 0.63945339, 0.63904383, 0.47056161, 0.013681177,         0, 0.37730384,         0,         0, 0.47622536,         0,         0,         0,         0,         0,         0,         0,         0,         0,         0,         0,         0,         0,         0, 0.28723809, 0.62520184, -0.012121153, -0.49143564, -0.19019452, 0.19120995, 0.19779311, 0.12348539, 0.37730384,         0, 0.049253586,         0,         0, 0.37934623,         0,         0,         0,         0,         0,         0,         0,         0,         0,         0,         0,         0,         0,         0,         0,         0,         0,         0,         0,         0,         0,         0,         0,         0,         0,         0,         0,         0, 0.051568161, 0.25425487, 0.2442413, 0.061357633, -0.26545231, -0.012260243, 0.0048488078, -0.2060645, 0.47622536,         0, 0.37934623,         0,         0, 0.010688887))
			, nrow = 14, ncol = 14
			, dimnames = list(
				as.character(c("CMultStdev", "tvVmax", "tvKm", "tvV", "tvKa", "K12", "K21", "stdev0", "nVmax-nVmax", "nKm-nVmax", "nKm-nKm", "nV-nVmax", "nV-nKm", "nV-nV"))
				, as.character(c("CMultStdev", "tvVmax", "tvKm", "tvV", "tvKa", "K12", "K21", "stdev0", "nVmax-nVmax", "nKm-nVmax", "nKm-nKm", "nV-nVmax", "nV-nKm", "nV-nV"))
				)
			)
		, "Inverse" = matrix(
			as.numeric(c(3731.3542, -0.15113877, 1.1168711, -19.295729, -268.00775, 2900.3056, -419.40385, -465.42277, -3926.6048,         0, -670.25302,         0,         0,  1750.839, -0.15113877, 0.00038929455, 0.0006552086, 0.0029922997, 0.23703959, -0.69667112, 0.015904482, 0.4538007, 0.33949754,         0, -0.44788403,         0,         0, 0.83616566, 1.1168711, 0.0006552086, 0.0076975961, 0.075781023, 0.72142787, -2.8106228, 0.60791727, -0.0058794163, 6.9648768,         0, 0.4023347,         0,         0, -9.0494373, -19.295729, 0.0029922997, 0.075781023, 4.1973622, 10.979425, -143.22621, 29.146289, -2.3876823, 273.66623,         0, 67.808104,         0,         0, -344.89488, -268.00775, 0.23703959, 0.72142787, 10.979425, 437.87517, -1534.737, 207.68457,  436.0886, 834.54634,         0, -1.423229,         0,         0, 466.10281, 2900.3056, -0.69667112, -2.8106228, -143.22621, -1534.737, 10663.247, -1633.8098, -1880.0892, -12178.611,         0, -2069.4965,         0,         0, 7654.9549, -419.40385, 0.015904482, 0.60791727, 29.146289, 207.68457, -1633.8098,  404.7974, -46.168089, 1814.0925,         0, 569.08951,         0,         0, -2308.9009, -465.42277, 0.4538007, -0.0058794163, -2.3876823,  436.0886, -1880.0892, -46.168089, 1349.1569, 210.90422,         0, -579.26602,         0,         0, 3755.5555, -3926.6048, 0.33949754, 6.9648768, 273.66623, 834.54634, -12178.611, 1814.0925, 210.90422, 38250.695,         0, 4299.1114,         0,         0, -34732.518,         0,         0,         0,         0,         0,         0,         0,         0,         0,         0,         0,         0,         0,         0, -670.25302, -0.44788403, 0.4023347, 67.808104, -1.423229, -2069.4965, 569.08951, -579.26602, 4299.1114,         0, 2363.6704,         0,         0, -7681.1555,         0,         0,         0,         0,         0,         0,         0,         0,         0,         0,         0,         0,         0,         0,         0,         0,         0,         0,         0,         0,         0,         0,         0,         0,         0,         0,         0,         0,  1750.839, 0.83616566, -9.0494373, -344.89488, 466.10281, 7654.9549, -2308.9009, 3755.5555, -34732.518,         0, -7681.1555,         0,         0, 57697.997))
			, nrow = 14, ncol = 14
			, dimnames = list(
				as.character(c("CMultStdev", "tvVmax", "tvKm", "tvV", "tvKa", "K12", "K21", "stdev0", "nVmax-nVmax", "nKm-nVmax", "nKm-nKm", "nV-nVmax", "nV-nKm", "nV-nV"))
				, as.character(c("CMultStdev", "tvVmax", "tvKm", "tvV", "tvKa", "K12", "K21", "stdev0", "nVmax-nVmax", "nKm-nVmax", "nKm-nKm", "nV-nVmax", "nV-nKm", "nV-nV"))
				)
			)
		, "LLTable" = data.frame(
			id = as.character(c( "1", "2", "3", "4", "5", "6", "7", "8", "9", "10", "11", "12", "13", "14", "15", "16", "17", "18", "19", "20", "21", "22", "23", "24", "25", "26", "27", "28", "29", "30", "31", "32", "33", "34", "35", "36", "37", "38", "39", "40", "41", "42", "43", "44", "45", "46", "47", "48", "49", "50", "51", "52", "53", "54", "55", "56", "57", "58", "59", "60"))
			, "LL" = c(-44.854024, -56.798525, -54.419598, -54.631339, -46.234527, -57.705101, -52.799743, -51.634497, -48.648142, -58.430278, -49.226954, -55.59648, -54.919755, -52.828383, -51.332662, -58.873625, -56.135317, -51.700031, -54.71378, -51.62389, -52.237207, -45.203774, -52.899174, -69.010331, -54.684468, -56.013217, -51.77235, -59.373437, -52.847889, -51.763298, -50.460763, -58.685737, -50.490745, -53.510682, -51.711673, -52.781535, -47.878481, -64.363041, -51.759546, -53.252296, -50.93991, -60.939906, -54.529168, -50.449677, -56.664791, -52.128927, -50.833768, -50.958606, -56.807831, -54.184978, -57.409056, -48.745555, -52.889652, -51.285245, -50.14668, -50.995116, -60.673063, -53.316466, -63.555014, -57.729437)
			) # end of LLTable
		, "residuals" = data.frame(
			  ID1 = as.character(c(  "",   "",   "",   "",   "",   "",   "",   "",   "",   "",   "",   "",   "",   "",   "",   "",   "",   "",   "",   "",   "",   "",   "",   "",   "",   "",   "",   "",   "",   "",   "",   "",   "",   "",   "",   "",   "",   "",   "",   "",   "",   "",   "",   "",   "",   "",   "",   "",   "",   "",   "",   "",   "",   "",   "",   "",   "",   "",   "",   "",   "",   "",   "",   "",   "",   "",   "",   "",   "",   "",   "",   "",   "",   "",   "",   "",   "",   "",   "",   "",   "",   "",   "",   "",   "",   "",   "",   "",   "",   "",   "",   "",   "",   "",   "",   "",   "",   "",   "",   "",   "",   "",   "",   "",   "",   "",   "",   "",   "",   "",   "",   "",   "",   "",   "",   "",   "",   "",   "",   "",   "",   "",   "",   "",   "",   "",   "",   "",   "",   "",   "",   "",   "",   "",   "",   "",   "",   "",   "",   "",   "",   "",   "",   "",   "",   "",   "",   "",   "",   "",   "",   "",   "",   "",   "",   "",   "",   "",   "",   "",   "",   "",   "",   "",   "",   "",   "",   "",   "",   "",   "",   "",   "",   "",   "",   "",   "",   "",   "",   "",   "",   "",   "",   "",   "",   "",   "",   "",   "",   "",   "",   "",   "",   "",   "",   "",   "",   "",   "",   "",   "",   "",   "",   "",   "",   "",   "",   "",   "",   "",   "",   "",   "",   "",   "",   "",   "",   "",   "",   "",   "",   "",   "",   "",   "",   "",   "",   "",   "",   "",   "",   "",   "",   "",   "",   "",   "",   "",   "",   "",   "",   "",   "",   "",   "",   "",   "",   "",   "",   "",   "",   "",   "",   "",   "",   "",   "",   "",   "",   "",   "",   "",   "",   "",   "",   "",   "",   "",   "",   "",   "",   "",   "",   "",   "",   "",   "",   "",   "",   "",   "",   "",   "",   "",   "",   "",   "",   "",   "",   "",   "",   "",   "",   "",   "",   "",   "",   "",   "",   "",   "",   "",   "",   "",   "",   "",   "",   "",   "",   "",   "",   "",   "",   "",   "",   "",   "",   "",   "",   "",   "",   "",   "",   "",   "",   "",   "",   "",   "",   "",   "",   "",   "",   "",   "",   "",   "",   "",   "",   "",   "",   "",   "",   "",   "",   "",   "",   "",   "",   "",   "",   "",   "",   "",   "",   "",   "",   "",   "",   "",   "",   "",   "",   "",   "",   "",   "",   "",   "",   "",   "",   "",   "",   "",   "",   "",   "",   "",   "",   "",   "",   "",   "",   "",   "",   "",   "",   "",   "",   "",   "",   "",   "",   "",   "",   "",   "",   "",   "",   "",   "",   "",   "",   "",   "",   "",   "",   "",   "",   "",   "",   "",   "",   "",   "",   "",   "",   "",   "",   "",   "",   "",   "",   "",   "",   "",   "",   "",   "",   "",   "",   "",   "",   "",   "",   "",   "",   "",   "",   "",   "",   "",   "",   "",   "",   "",   "",   "",   "",   "",   "",   "",   "",   "",   "",   "",   "",   "",   "",   "",   "",   "",   "",   "",   "",   "",   "",   "",   "",   "",   "",   "",   "",   "",   "",   "",   "",   "",   "",   ""))
			, ID2 = as.character(c(  "",   "",   "",   "",   "",   "",   "",   "",   "",   "",   "",   "",   "",   "",   "",   "",   "",   "",   "",   "",   "",   "",   "",   "",   "",   "",   "",   "",   "",   "",   "",   "",   "",   "",   "",   "",   "",   "",   "",   "",   "",   "",   "",   "",   "",   "",   "",   "",   "",   "",   "",   "",   "",   "",   "",   "",   "",   "",   "",   "",   "",   "",   "",   "",   "",   "",   "",   "",   "",   "",   "",   "",   "",   "",   "",   "",   "",   "",   "",   "",   "",   "",   "",   "",   "",   "",   "",   "",   "",   "",   "",   "",   "",   "",   "",   "",   "",   "",   "",   "",   "",   "",   "",   "",   "",   "",   "",   "",   "",   "",   "",   "",   "",   "",   "",   "",   "",   "",   "",   "",   "",   "",   "",   "",   "",   "",   "",   "",   "",   "",   "",   "",   "",   "",   "",   "",   "",   "",   "",   "",   "",   "",   "",   "",   "",   "",   "",   "",   "",   "",   "",   "",   "",   "",   "",   "",   "",   "",   "",   "",   "",   "",   "",   "",   "",   "",   "",   "",   "",   "",   "",   "",   "",   "",   "",   "",   "",   "",   "",   "",   "",   "",   "",   "",   "",   "",   "",   "",   "",   "",   "",   "",   "",   "",   "",   "",   "",   "",   "",   "",   "",   "",   "",   "",   "",   "",   "",   "",   "",   "",   "",   "",   "",   "",   "",   "",   "",   "",   "",   "",   "",   "",   "",   "",   "",   "",   "",   "",   "",   "",   "",   "",   "",   "",   "",   "",   "",   "",   "",   "",   "",   "",   "",   "",   "",   "",   "",   "",   "",   "",   "",   "",   "",   "",   "",   "",   "",   "",   "",   "",   "",   "",   "",   "",   "",   "",   "",   "",   "",   "",   "",   "",   "",   "",   "",   "",   "",   "",   "",   "",   "",   "",   "",   "",   "",   "",   "",   "",   "",   "",   "",   "",   "",   "",   "",   "",   "",   "",   "",   "",   "",   "",   "",   "",   "",   "",   "",   "",   "",   "",   "",   "",   "",   "",   "",   "",   "",   "",   "",   "",   "",   "",   "",   "",   "",   "",   "",   "",   "",   "",   "",   "",   "",   "",   "",   "",   "",   "",   "",   "",   "",   "",   "",   "",   "",   "",   "",   "",   "",   "",   "",   "",   "",   "",   "",   "",   "",   "",   "",   "",   "",   "",   "",   "",   "",   "",   "",   "",   "",   "",   "",   "",   "",   "",   "",   "",   "",   "",   "",   "",   "",   "",   "",   "",   "",   "",   "",   "",   "",   "",   "",   "",   "",   "",   "",   "",   "",   "",   "",   "",   "",   "",   "",   "",   "",   "",   "",   "",   "",   "",   "",   "",   "",   "",   "",   "",   "",   "",   "",   "",   "",   "",   "",   "",   "",   "",   "",   "",   "",   "",   "",   "",   "",   "",   "",   "",   "",   "",   "",   "",   "",   "",   "",   "",   "",   "",   "",   "",   "",   "",   "",   "",   "",   "",   "",   "",   "",   "",   "",   "",   "",   "",   "",   "",   "",   "",   "",   "",   "",   "",   "",   "",   "",   "",   "",   "",   "",   "",   "",   ""))
			, ID3 = as.character(c(  "",   "",   "",   "",   "",   "",   "",   "",   "",   "",   "",   "",   "",   "",   "",   "",   "",   "",   "",   "",   "",   "",   "",   "",   "",   "",   "",   "",   "",   "",   "",   "",   "",   "",   "",   "",   "",   "",   "",   "",   "",   "",   "",   "",   "",   "",   "",   "",   "",   "",   "",   "",   "",   "",   "",   "",   "",   "",   "",   "",   "",   "",   "",   "",   "",   "",   "",   "",   "",   "",   "",   "",   "",   "",   "",   "",   "",   "",   "",   "",   "",   "",   "",   "",   "",   "",   "",   "",   "",   "",   "",   "",   "",   "",   "",   "",   "",   "",   "",   "",   "",   "",   "",   "",   "",   "",   "",   "",   "",   "",   "",   "",   "",   "",   "",   "",   "",   "",   "",   "",   "",   "",   "",   "",   "",   "",   "",   "",   "",   "",   "",   "",   "",   "",   "",   "",   "",   "",   "",   "",   "",   "",   "",   "",   "",   "",   "",   "",   "",   "",   "",   "",   "",   "",   "",   "",   "",   "",   "",   "",   "",   "",   "",   "",   "",   "",   "",   "",   "",   "",   "",   "",   "",   "",   "",   "",   "",   "",   "",   "",   "",   "",   "",   "",   "",   "",   "",   "",   "",   "",   "",   "",   "",   "",   "",   "",   "",   "",   "",   "",   "",   "",   "",   "",   "",   "",   "",   "",   "",   "",   "",   "",   "",   "",   "",   "",   "",   "",   "",   "",   "",   "",   "",   "",   "",   "",   "",   "",   "",   "",   "",   "",   "",   "",   "",   "",   "",   "",   "",   "",   "",   "",   "",   "",   "",   "",   "",   "",   "",   "",   "",   "",   "",   "",   "",   "",   "",   "",   "",   "",   "",   "",   "",   "",   "",   "",   "",   "",   "",   "",   "",   "",   "",   "",   "",   "",   "",   "",   "",   "",   "",   "",   "",   "",   "",   "",   "",   "",   "",   "",   "",   "",   "",   "",   "",   "",   "",   "",   "",   "",   "",   "",   "",   "",   "",   "",   "",   "",   "",   "",   "",   "",   "",   "",   "",   "",   "",   "",   "",   "",   "",   "",   "",   "",   "",   "",   "",   "",   "",   "",   "",   "",   "",   "",   "",   "",   "",   "",   "",   "",   "",   "",   "",   "",   "",   "",   "",   "",   "",   "",   "",   "",   "",   "",   "",   "",   "",   "",   "",   "",   "",   "",   "",   "",   "",   "",   "",   "",   "",   "",   "",   "",   "",   "",   "",   "",   "",   "",   "",   "",   "",   "",   "",   "",   "",   "",   "",   "",   "",   "",   "",   "",   "",   "",   "",   "",   "",   "",   "",   "",   "",   "",   "",   "",   "",   "",   "",   "",   "",   "",   "",   "",   "",   "",   "",   "",   "",   "",   "",   "",   "",   "",   "",   "",   "",   "",   "",   "",   "",   "",   "",   "",   "",   "",   "",   "",   "",   "",   "",   "",   "",   "",   "",   "",   "",   "",   "",   "",   "",   "",   "",   "",   "",   "",   "",   "",   "",   "",   "",   "",   "",   "",   "",   "",   "",   "",   "",   "",   "",   "",   "",   "",   "",   "",   "",   "",   "",   "",   "",   ""))
			, ID4 = as.character(c(  "",   "",   "",   "",   "",   "",   "",   "",   "",   "",   "",   "",   "",   "",   "",   "",   "",   "",   "",   "",   "",   "",   "",   "",   "",   "",   "",   "",   "",   "",   "",   "",   "",   "",   "",   "",   "",   "",   "",   "",   "",   "",   "",   "",   "",   "",   "",   "",   "",   "",   "",   "",   "",   "",   "",   "",   "",   "",   "",   "",   "",   "",   "",   "",   "",   "",   "",   "",   "",   "",   "",   "",   "",   "",   "",   "",   "",   "",   "",   "",   "",   "",   "",   "",   "",   "",   "",   "",   "",   "",   "",   "",   "",   "",   "",   "",   "",   "",   "",   "",   "",   "",   "",   "",   "",   "",   "",   "",   "",   "",   "",   "",   "",   "",   "",   "",   "",   "",   "",   "",   "",   "",   "",   "",   "",   "",   "",   "",   "",   "",   "",   "",   "",   "",   "",   "",   "",   "",   "",   "",   "",   "",   "",   "",   "",   "",   "",   "",   "",   "",   "",   "",   "",   "",   "",   "",   "",   "",   "",   "",   "",   "",   "",   "",   "",   "",   "",   "",   "",   "",   "",   "",   "",   "",   "",   "",   "",   "",   "",   "",   "",   "",   "",   "",   "",   "",   "",   "",   "",   "",   "",   "",   "",   "",   "",   "",   "",   "",   "",   "",   "",   "",   "",   "",   "",   "",   "",   "",   "",   "",   "",   "",   "",   "",   "",   "",   "",   "",   "",   "",   "",   "",   "",   "",   "",   "",   "",   "",   "",   "",   "",   "",   "",   "",   "",   "",   "",   "",   "",   "",   "",   "",   "",   "",   "",   "",   "",   "",   "",   "",   "",   "",   "",   "",   "",   "",   "",   "",   "",   "",   "",   "",   "",   "",   "",   "",   "",   "",   "",   "",   "",   "",   "",   "",   "",   "",   "",   "",   "",   "",   "",   "",   "",   "",   "",   "",   "",   "",   "",   "",   "",   "",   "",   "",   "",   "",   "",   "",   "",   "",   "",   "",   "",   "",   "",   "",   "",   "",   "",   "",   "",   "",   "",   "",   "",   "",   "",   "",   "",   "",   "",   "",   "",   "",   "",   "",   "",   "",   "",   "",   "",   "",   "",   "",   "",   "",   "",   "",   "",   "",   "",   "",   "",   "",   "",   "",   "",   "",   "",   "",   "",   "",   "",   "",   "",   "",   "",   "",   "",   "",   "",   "",   "",   "",   "",   "",   "",   "",   "",   "",   "",   "",   "",   "",   "",   "",   "",   "",   "",   "",   "",   "",   "",   "",   "",   "",   "",   "",   "",   "",   "",   "",   "",   "",   "",   "",   "",   "",   "",   "",   "",   "",   "",   "",   "",   "",   "",   "",   "",   "",   "",   "",   "",   "",   "",   "",   "",   "",   "",   "",   "",   "",   "",   "",   "",   "",   "",   "",   "",   "",   "",   "",   "",   "",   "",   "",   "",   "",   "",   "",   "",   "",   "",   "",   "",   "",   "",   "",   "",   "",   "",   "",   "",   "",   "",   "",   "",   "",   "",   "",   "",   "",   "",   "",   "",   "",   "",   "",   "",   "",   "",   "",   "",   "",   "",   "",   "",   "",   "",   ""))
			, ID5 = as.character(c( "1",  "1",  "1",  "1",  "1",  "1",  "1",  "1",  "2",  "2",  "2",  "2",  "2",  "2",  "2",  "2",  "3",  "3",  "3",  "3",  "3",  "3",  "3",  "3",  "4",  "4",  "4",  "4",  "4",  "4",  "4",  "4",  "5",  "5",  "5",  "5",  "5",  "5",  "5",  "5",  "6",  "6",  "6",  "6",  "6",  "6",  "6",  "6",  "7",  "7",  "7",  "7",  "7",  "7",  "7",  "7",  "8",  "8",  "8",  "8",  "8",  "8",  "8",  "8",  "9",  "9",  "9",  "9",  "9",  "9",  "9",  "9", "10", "10", "10", "10", "10", "10", "10", "10", "11", "11", "11", "11", "11", "11", "11", "11", "12", "12", "12", "12", "12", "12", "12", "12", "13", "13", "13", "13", "13", "13", "13", "13", "14", "14", "14", "14", "14", "14", "14", "14", "15", "15", "15", "15", "15", "15", "15", "15", "16", "16", "16", "16", "16", "16", "16", "16", "17", "17", "17", "17", "17", "17", "17", "17", "18", "18", "18", "18", "18", "18", "18", "18", "19", "19", "19", "19", "19", "19", "19", "19", "20", "20", "20", "20", "20", "20", "20", "20", "21", "21", "21", "21", "21", "21", "21", "21", "22", "22", "22", "22", "22", "22", "22", "22", "23", "23", "23", "23", "23", "23", "23", "23", "24", "24", "24", "24", "24", "24", "24", "24", "25", "25", "25", "25", "25", "25", "25", "25", "26", "26", "26", "26", "26", "26", "26", "26", "27", "27", "27", "27", "27", "27", "27", "27", "28", "28", "28", "28", "28", "28", "28", "28", "29", "29", "29", "29", "29", "29", "29", "29", "30", "30", "30", "30", "30", "30", "30", "30", "31", "31", "31", "31", "31", "31", "31", "31", "32", "32", "32", "32", "32", "32", "32", "32", "33", "33", "33", "33", "33", "33", "33", "33", "34", "34", "34", "34", "34", "34", "34", "34", "35", "35", "35", "35", "35", "35", "35", "35", "36", "36", "36", "36", "36", "36", "36", "36", "37", "37", "37", "37", "37", "37", "37", "37", "38", "38", "38", "38", "38", "38", "38", "38", "39", "39", "39", "39", "39", "39", "39", "39", "40", "40", "40", "40", "40", "40", "40", "40", "41", "41", "41", "41", "41", "41", "41", "41", "42", "42", "42", "42", "42", "42", "42", "42", "43", "43", "43", "43", "43", "43", "43", "43", "44", "44", "44", "44", "44", "44", "44", "44", "45", "45", "45", "45", "45", "45", "45", "45", "46", "46", "46", "46", "46", "46", "46", "46", "47", "47", "47", "47", "47", "47", "47", "47", "48", "48", "48", "48", "48", "48", "48", "48", "49", "49", "49", "49", "49", "49", "49", "49", "50", "50", "50", "50", "50", "50", "50", "50", "51", "51", "51", "51", "51", "51", "51", "51", "52", "52", "52", "52", "52", "52", "52", "52", "53", "53", "53", "53", "53", "53", "53", "53", "54", "54", "54", "54", "54", "54", "54", "54", "55", "55", "55", "55", "55", "55", "55", "55", "56", "56", "56", "56", "56", "56", "56", "56", "57", "57", "57", "57", "57", "57", "57", "57", "58", "58", "58", "58", "58", "58", "58", "58", "59", "59", "59", "59", "59", "59", "59", "59", "60", "60", "60", "60", "60", "60", "60", "60"))
			, IVAR = c(0.64, 1.99, 6.43, 12.03, 22.28, 48.91, 80.15, 138.94, 0.51, 2.49, 6.29, 11.18, 25.51, 43.72, 84.69, 123.55, 0.48, 2, 6.04, 11.31, 22.67, 47.36, 103.04, 108, 0.53, 2.07, 6.67, 11.64, 24.9, 49.3, 90.93, 135.41, 0.56, 2.15, 7.03, 12.69, 21.12, 45.33, 84.94, 114.45, 0.47, 2.01, 5.48, 12.19, 22.48, 57.28, 103.13, 131.43, 0.52, 2.37, 5.63, 11.46, 27.7, 44.98, 94.03, 115.38, 0.48, 1.94, 6.3, 11.79, 22.82, 54.9, 93.96, 117.86, 0.5, 2.15, 5.96, 11.95, 22.42, 46.47, 96.58, 113.14, 0.53, 1.72, 6.19, 10.29, 23.29, 45.53, 89.94, 119.32, 0.41, 2.25, 5.08, 11.46, 21.47, 44.53, 118.28, 120.21, 0.44, 1.7, 6.28, 11.98, 23.25, 43.74, 82.73, 107.77, 0.55, 1.88, 5.22, 14.47, 25.04, 46.87, 106.72, 131.12, 0.47, 2.49, 5.85, 10.41, 23.66, 49.01, 120.92, 121.28, 0.52, 1.98, 5.8, 11.96, 25.97, 59.07, 106.39, 135.41, 0.44, 2.21, 6.13, 10.36, 25.28, 47.24, 111.14, 111.15, 0.48, 1.82, 5.89, 12.49, 22.31, 52.16, 85.08, 108.06, 0.58, 1.81, 6.25, 11.55, 25, 56.83, 112.51, 116.09, 0.4, 2.57, 6.41, 12.67, 23.97, 50.51, 94.43, 125.16, 0.48, 1.74, 6.62, 13.97, 23.27, 42.35, 102.37, 119.46, 0.42, 2, 5.63, 11.6, 21.38, 57.48, 92.87, 102.2, 0.51, 2.05, 5.44, 8.99, 22.51, 50.82, 95.43, 118.83, 0.53, 1.78, 6.7, 11.99, 25.76, 53.23, 98.17, 109.91, 0.56, 1.64, 5.68, 11.7, 23.6, 53.16, 97.32, 124.99, 0.5, 1.95, 6.43, 13.46, 18.87, 50.83, 99.67, 115, 0.55, 1.92, 5.83, 13.07, 28.5, 49.31, 92.03, 106.55, 0.48, 1.82, 5.85, 12.48, 22.04, 62.56, 97.51, 134.36, 0.4, 2.15, 5.26, 13.16, 24.97, 46.08, 109.59, 111.87, 0.47, 1.81, 5.61, 13.19, 25.06, 53.08, 92.33, 124.6, 0.51, 1.73, 7.17, 12.16, 25.91, 52.81, 95.52, 116.39, 0.55, 1.8, 7.31, 11.55, 28.32, 55.84, 96.8, 127, 0.45, 2.07, 6.66, 12.12, 22.93, 44.95, 95.66, 133.54, 0.48, 1.98, 5.27, 12.61, 27.35, 55.75, 99.54, 104.15, 0.52, 2.09, 5.79, 12.21, 22.01, 51.37, 92.91, 102.57, 0.48, 2.29, 5.8, 12.91, 26.38, 48.02, 92.68, 113.81, 0.54, 1.8, 6.15, 11.66, 19.14, 41.69, 105.21, 117.73, 0.54, 2.42, 6.95, 12.84, 24.93, 47.08, 112.41, 127.37, 0.44, 1.97, 4.95, 11.77, 18.52, 54.74, 90.09, 114.95, 0.49, 2.13, 6.42, 12.7, 22.66, 41.88, 92.34, 123.38, 0.46, 1.99, 5.34, 11.99, 24.31, 47.3, 94.44, 143.14, 0.54, 2.24, 5.47, 12.2, 26.94, 47.73, 77.59, 124.21, 0.41, 1.84, 6.85, 12.76, 26.77, 49.49, 94.95, 109.41, 0.59, 2.01, 5.59, 13.08, 26.72, 58.02, 90.38, 115.4, 0.48, 1.93, 5.78, 11.65, 27.72, 44.77, 92.34, 128.09, 0.56, 1.85, 5.7, 12.65, 26.57, 46.81, 83.21, 142.37, 0.58, 1.86, 5.96, 10.06, 25.41, 56.4, 81.5, 111, 0.47, 1.87, 4.9, 12.62, 20.59, 47.88, 101.86, 117.65, 0.55, 1.99, 5.62, 12.8, 22.98, 57.31, 95.82, 130.68, 0.51, 1.48, 5.23, 11.5, 24.58, 37.98, 105.69, 112.96, 0.46, 1.71, 5.19, 12.07, 25.25, 38.92, 86.83, 126.6, 0.48, 2.48, 6.8, 12.74, 24.01, 49.36, 89.46, 127.78, 0.58, 2.23, 5.53, 10.21, 23.74, 50.16, 105.18, 109.89, 0.52, 2.05, 6.76, 11.97, 23.16, 42.8, 91.16, 115.73, 0.63, 2.55, 5.9, 10.81, 19.7, 50.54, 86.08, 150.8, 0.46, 2.02, 8.78, 10.74, 24.75, 42.97, 99.4, 109.97, 0.5, 1.94, 5.33, 12.01, 26.5, 56.29, 83.69, 117.04, 0.56, 1.79, 4.66, 10.93, 21.79, 48.23, 92.2, 122.81, 0.48, 2.08, 5.78, 13.52, 22.29, 49.42, 87.87, 122.52, 0.5, 1.69, 5.91, 13.5, 25.69, 48.69, 85.21, 134.88, 0.5, 1.91, 7.07, 11.11, 24.74, 54.56, 101.96, 116.37)
