dmp.txt <- structure(
	.Data = list(
		"coefficients" = list(
			"fixed" = c("GAMMA" = 2.27328372130668, "CMultStdev" = 0.473723935536804, "tvVmax" = 2059.79889125457, "tvKm" = 408.176429149161, "tvV" = 44.3273918480986, "tvKa" = 0.880082482159071, "K12" = 0.969157012084068, "K21" = 1.41455300996641, "dVdWT" = 0.816743747600139, "CEps" = 0.479051006098745)
			, "random" = list("Subject" = matrix(
				as.numeric(c(
					 0.283753064199514,  -0.38006073904651,  -0.0909552499673688
					,  -0.290992511840779,  -0.040021656303349,  0.212304853066876
					,  0.0338283300906842,  -0.0498494670535225,  -0.204885412129293
					,  -0.32892186974642,  -0.393405207155859,  0.128582773021441
					,  0.543534821791735,  0.409577951395247,  0.498797176149169
					,  0.288201219301741,  0.0705968514994944,  -0.524428775525501
					,  0.109516479573369,  0.210025397810663,  -0.226438345302299
					,  -0.524323118695446,  0.962233346132864,  0.0139360703938385
					,  0.0687793522527879,  -0.0133694541682316,  -0.407954276881796
					,  0.26931049351405,  0.10668593200712,  -0.153164107698587
					,  -0.0746498769795873,  0.0866800313481233,  -0.049629995616202
					,  -0.110355506946108,  -0.316845741878313,  -0.191771101005034
					,  -0.224841440743981,  -0.163266797785073,  0.289432291740786
					,  -0.518220073253683,  0.238462594276561,  -0.398209009271323
					,  -0.0699292708843608,  0.145815273381894,  0.432534766967041
					,  0.217692330472819,  0.0912237011834106,  0.245873475820568
					,  0.0450652910452195,  -0.302288351518683,  0.486354925393258
					,  0.0204122368045163,  -0.326205531762662,  -0.200855033137531
					,  -0.0636953276515823,  -0.00396387351384239,  -0.176658882613404
					,  -0.034166091112249,  -0.0355091824971906,  0.0362500466539379
					,  -0.196637493533816,  0.0403764084641767,  -0.36796577356863
					,  -0.271153397449682,  0.207252240128362,  -0.348079384392456
					,  0.573343111073809,  0.126903854739278,  0.128461470707153
					,  -0.0592846513949847,  -0.399610680877621,  -0.107989105095562
					,  -0.58627117155541,  -0.132073009232023,  -0.28038306797818
					,  0.241299453381552,  -0.291632306281388,  -0.178395544931671
					,  0.195963819562598,  -0.0172492084907513,  0.072764414725838
					,  -0.218904227792265,  0.0414817464559567,  -0.00818365550077471
					,  0.223667982115067,  0.342289682134602,  -0.163252109865515
					,  0.0362826057640571,  -0.0409988516712317,  0.0243130676947725
					,  -0.233024633445673,  0.3666406720031,  -0.640606008688884
					,  -0.440462044873172,  -0.0967745658124959,  0.0570103490241669
					,  0.22070273091878,  -0.0681106713972733,  0.322948395509816
					,  -0.0374103927346708,  -0.191704863454,  -0.0618922991077577
					,  0.0837178576926417,  0.497532884186953,  -0.0391270166456417
					,  -0.221110812152239,  -0.0556897272542482,  0.422704937166268
					,  0.166139536062985,  0.172866619997579,  -0.683353778623256
					,  -0.0096598218069545,  -0.0287813423943635,  0.594899112706277
					,  -0.269323806724957,  0.194163377724719,  -0.123863661604928
					,  0.448486275089568,  -0.148279111728184,  0.0780783813779879
					,  -0.888312159151382,  0.824873130971479,  -0.465752121555067
					,  0.72645031393851,  0.461668337366759,  0.329718581761394
					,  0.149473699204517,  0.00211512569455735,  0.585977121051233
					,  0.514469167072904,  0.274801609775957,  -0.131675678830618
					,  -0.168978835078135,  -0.18105067374455,  -0.808765274205809
					,  0.038898529318928,  -0.295531522051057,  0.136358412752994
					,  0.240024989491619,  -0.196615512274515,  0.602044513697673
					,  -0.645443548904298,  -0.711182288373834,  -0.184262374534081
					,  0.336468113943225,  0.166291165547355,  0.305416873907511
					,  -0.238853272801543,  -0.643323098759043,  -0.176358192563297
					,  0.325489384846104,  -1.03918987627806,  0.0901805813739301
					,  0.260298548496667,  -0.322116880430145,  0.673211653451479
					,  0.094527425399631,  -0.468851618640397,  -0.175861574809844
					,  -0.844368237736565,  -0.224289101897601,  0.362507297956616
					,  0.259941761662579,  -0.272365781122629,  -0.0307074875240956
					,  -0.597297633003708,  0.422938045197134,  -0.0268916811064145
					,  -1.32817641381725,  -0.526348727453306,  0.160308503595211
					,  0.0182107993554873,  0.944988674367196,  0.675563277312744
					,  0.130783647481664,  0.13931787872038,  -0.854849173881619
					,  0.298109417672374,  0.356498779827182,  0.222485979176852
					,  0.242507406018817,  -0.131517099520696,  -0.504163981978908
					,  0.162650194133507,  0.165908795398269,  0.28141561960935
					,  0.210028178894305,  -0.456574461379306,  0.205478341807691
					,  -0.6014873425519,  -0.528050799378019,  0.0692774189735497
					,  -0.0208838689918426,  0.658606691793153,  -0.0428120112943506
					,  0.160895254091765,  0.560291930414068,  -0.41136333114489
					,  -0.321283475693562,  -0.125715776647186,  -0.467133611391186
					,  -1.01107304641331,  0.536623624304313,  -0.0532699234427192
					,  0.748236962866618,  0.571195428217818,  -0.612995109511841
					,  0.219071391306707,  -0.0255451988017096,  0.267232840551425
					,  0.429683297572824,  0.0999122496783797,  -0.40502002838211
					,  -0.0694090610065982,  -0.410606178515766,  -0.520014192570724
					,  -0.833792726019046,  -0.45346822273799,  0.591782713104044
					,  -0.531930327237473,  0.177218306796531,  -0.194349505228538
					,  0.528443948227922,  -0.0961045764198748,  0.237393787667525
					,  -0.390755199685686,  0.257881104302589,  0.257507768248264
					,  0.206381286788347,  -0.777756483410251,  0.0908763526501729
					,  -0.0983635677767281,  0.00173322205220512,  -0.330438224746218
					,  0.360147703779089,  -0.148892054942023,  0.104823254696619
					,  -0.108835523536328,  0.10817438939637,  0.0151271759322295
					))
				, nrow = 60, ncol = 4
				, dimnames = list(
					as.character(c( "1", "2", "3", "4", "5", "6", "7", "8", "9", "10"
					  , "11", "12", "13", "14", "15", "16", "17", "18", "19", "20"
					  , "21", "22", "23", "24", "25", "26", "27", "28", "29", "30"
					  , "31", "32", "33", "34", "35", "36", "37", "38", "39", "40"
					  , "41", "42", "43", "44", "45", "46", "47", "48", "49", "50"
					  , "51", "52", "53", "54", "55", "56", "57", "58", "59", "60"))
					, as.character(c("nVmax", "nKm", "nV", "nKa"))
					)
				))
			)
		, "logLik" = c(-3405.54)
		, "nObs" = c(480)
		, "nSubj" = c(60)
		, "nParm" = c(14)
		, "returnCode" = c(1)
		, "omega" = matrix(
			as.numeric(c(0.169768798074436, 0, 0, 0, 0, 0.120302475670709, 0, 0, 0, 0, 0.323881776340293, 0, 0, 0, 0, 0.345897324582304))
			, nrow = 4, ncol = 4
			, dimnames = list(
				as.character(c("nVmax", "nKm", "nV", "nKa"))
				, as.character(c("nVmax", "nKm", "nV", "nKa"))
				)
			)
		, "eta" = matrix(
			as.numeric(c(-0.00573950337328406, -0.01894912019421, -0.0219501233189837, -0.0359516378513719, 0.0834209366111147, 0.0760027856276893, 0.238430940277162, 0.155012048636719, 0.288826828066775, 0.275686027262336, 0.488293907679752, 0.393715695187173, 0.29901521146877, 0.205164103116708, 0.141998495309375, 0.330563902906497))
			, nrow = 4, ncol = 4
			, dimnames = list(
				as.character(c("nVmax", "nKm", "nV", "nKa"))
				, as.character(c("mean", "var", "sd", "shrinkage"))
				)
			)
		, "eta_shrinkage" = list("Subject" = matrix(
			as.numeric(c(
				 0.244558772699294,  0.813330614729369,  0.119110732343714
				,  0.772120063474809,  0.778047248640688,  0.507011047438856
				,  0.796452797550361,  0.636793218592038,  0.795811934179858
				,  0.681710014901033,  0.613648647597607,  0.403515694618381
				,  0.13727106879756,  0.259856873685318,  0.134165999918659
				,  0.622790361089766,  0.299538712091227,  0.561335611481387
				,  0.745386891249845,  0.422784575850915,  0.79670471151097
				,  0.271365615407066,  0.294962667393538,  0.295364018728928
				,  0.770365511839741,  0.703730489667581,  0.556535089824337
				,  0.303694826611474,  0.261809645882335,  0.456185307436483
				,  0.640342103537968,  0.186226788793522,  0.300839688978595
				,  0.418389739440956,  0.286011252893663,  0.775353045100058
				,  0.645243263519039,  0.251650560749907,  0.634695667829038
				,  0.256572882135066,  0.298200027649771,  0.612896894113671
				,  0.697312891738317,  0.628940245775358,  0.384297942144842
				,  0.291426567117119,  0.698833923253654,  0.73685699708974
				,  0.119763788698236,  0.47032172801037,  0.294869268505979
				,  0.464467116996582,  0.829258508543308,  0.851976386041908
				,  0.547602230009321,  0.76079017335615,  0.130004875650014
				,  0.74036450798667,  0.626359206234714,  0.643805492619396
				,  0.336732880486259,  0.336739414176466,  0.355262646943773
				,  0.328454339385776,  0.338112513107713,  0.340841473323788
				,  0.344707012338285,  0.362471959155261,  0.331864327575505
				,  0.354068746033843,  0.331738665902668,  0.35121087470758
				,  0.409532250187044,  0.341888221801061,  0.396948699461566
				,  0.35489794707663,  0.315118480741789,  0.331816219185153
				,  0.365724348220845,  0.372518243499151,  0.377157764775276
				,  0.356857347491494,  0.412894544949813,  0.342833017729302
				,  0.322165539931586,  0.331591902942892,  0.354125870635235
				,  0.35498413565683,  0.348344348553148,  0.326649841607193
				,  0.330839357290561,  0.333382766590286,  0.365155561760476
				,  0.33142479160285,  0.332885923127925,  0.352990917027642
				,  0.362136034625291,  0.349984252451756,  0.33912179871396
				,  0.316126847925998,  0.352012958925417,  0.33303862975864
				,  0.326324160385834,  0.365771774304251,  0.376174229565655
				,  0.38253080170465,  0.336423046944471,  0.350524805725071
				,  0.34129742805988,  0.352842419904669,  0.382719811858289
				,  0.340534504487166,  0.339786507628381,  0.346607550140341
				,  0.322251042049375,  0.368905165728445,  0.320082360167221
				,  0.351248838318102,  0.345831147960365,  0.347277605861538
				,  0.2280609730895,  0.387369128176904,  0.199475715088148
				,  0.344253837910994,  0.319004938264162,  0.259601299598136
				,  0.297645959240955,  0.320722976164449,  0.340782753049946
				,  0.383275515583316,  0.373525823934993,  0.28616978585727
				,  0.162027184644125,  0.193749660649609,  0.151546130296938
				,  0.264399064159225,  0.275405138912057,  0.440017232898572
				,  0.284299437629326,  0.258732908719749,  0.355324909487722
				,  0.461680674417446,  0.186830767943073,  0.259715205600195
				,  0.290352276022824,  0.319861426083005,  0.387429227294514
				,  0.23123518769965,  0.247287983864549,  0.327333187816916
				,  0.313579977913298,  0.214713644826855,  0.285029725233659
				,  0.330818786216005,  0.338688384942654,  0.327928358375307
				,  0.327436631211221,  0.287040388446831,  0.269925070188973
				,  0.379102073689813,  0.245971506913639,  0.4244266481919
				,  0.323852666545515,  0.283689287135521,  0.232944915248915
				,  0.244047242578381,  0.289514884005744,  0.264572555892039
				,  0.178428124075066,  0.377255038466872,  0.206294965739774
				,  0.289383968195817,  0.380113416650995,  0.329455851757365
				,  0.316233823553896,  0.30887232477035,  0.208812364463397
				,  0.312148373779202,  0.312569703672786,  0.299171469607207
				,  0.627048850296039,  0.542843778600992,  0.46829381581615
				,  0.587726052180581,  0.599800361762748,  0.589333358220668
				,  0.600307132583518,  0.478888074000323,  0.588922391567307
				,  0.457208073690968,  0.468492494823512,  0.535580919264534
				,  0.556867558897268,  0.655657266527392,  0.545968922980513
				,  0.566411442061659,  0.641417710379915,  0.486255148684473
				,  0.502995323135986,  0.516059475137521,  0.478754123363859
				,  0.423267406662573,  0.663241145004035,  0.533395791946349
				,  0.698377500077706,  0.682086789796543,  0.454788801727391
				,  0.560245705614782,  0.527672624461809,  0.591700465954118
				,  0.646958540171146,  0.548877269786337,  0.488011909873211
				,  0.54237326334394,  0.48986530424328,  0.46965308763984
				,  0.456218004699949,  0.473557886914912,  0.658014024093843
				,  0.45742182819793,  0.59565093010353,  0.492087130517649
				,  0.688475477529528,  0.532083891580963,  0.610732152758579
				,  0.491913431217112,  0.585127314027983,  0.615070060024363
				,  0.564353720223823,  0.427279546671734,  0.568614242356351
				,  0.557091890223207,  0.55629617401731,  0.539701742191328
				,  0.598498669228387,  0.531396960028651,  0.570606699598809
				,  0.532792338075121,  0.559350465863517,  0.549168016059078
				))
			, nrow = 60, ncol = 4
			, dimnames = list(
				as.character(c( "1", "2", "3", "4", "5", "6", "7", "8", "9", "10"
				  , "11", "12", "13", "14", "15", "16", "17", "18", "19", "20"
				  , "21", "22", "23", "24", "25", "26", "27", "28", "29", "30"
				  , "31", "32", "33", "34", "35", "36", "37", "38", "39", "40"
				  , "41", "42", "43", "44", "45", "46", "47", "48", "49", "50"
				  , "51", "52", "53", "54", "55", "56", "57", "58", "59", "60"))
				, as.character(c("nVmax_shrinkage", "nKm_shrinkage", "nV_shrinkage", "nKa_shrinkage"))
				)
			))
		, "sigma" = matrix(
			as.numeric(c(0.229489866444219))
			, nrow = 1, ncol = 1
			, dimnames = list(
				as.character(c("CEps"))
				, as.character(c("CEps"))
				)
			)
		, "method" = "FOCE-ELS"
		, "varFix" = matrix(
			as.numeric(c(0.0542472119099154, -0.000548624849554767, -26.3375496657328, -9.91246808746391, -0.213897765435423, -0.0111415967740691, -0.036761017882377, -0.0694402619043612, -0.00205243414288417, -0.0196908120777274, -0.000548624849554767, 0.0011048905511106, 0.58878199312841, -0.424836510294168, 0.0652704408602413, 0.000540699467977635, -0.000870181755268835, -0.000210062354313994, -0.00222881045940357, 0.00493527606922377, -26.3375496657328, 0.58878199312841, 94263.0185999093, 13024.8902844634, 303.041102426453, -24.5033915264511, -20.739513999829, -12.8602903054148, -15.2695902714856, 61.2415706889692, -9.91246808746391, -0.424836510294168, 13024.8902844634, 4526.51870232344, -12.8858801556241, -1.68111664702922, 3.09924113017794, 6.09510317407316, 3.62768219356371, -2.20698189117762, -0.213897765435423, 0.0652704408602413, 303.041102426453, -12.8858801556241, 676.211839359274, 11.2379936598477, -18.3880520010345, 23.9951788168347, 0.241823359270024, -13.3094751336645, -0.0111415967740691, 0.000540699467977635, -24.5033915264511, -1.68111664702922, 11.2379936598477, 0.260730200155018, -0.0733811525095103, 0.759463538047778, -0.0068661321452249, -0.485489868175963, -0.036761017882377, -0.000870181755268835, -20.739513999829, 3.09924113017794, -18.3880520010345, -0.0733811525095103, 1.59707522058016, 0.966235285633267, -0.0922944531229564, -0.763114904849026, -0.0694402619043612, -0.000210062354313994, -12.8602903054148, 6.09510317407316, 23.9951788168347, 0.759463538047778, 0.966235285633267, 3.29336302212724, -0.0933382507905884, -2.18967626090179, -0.00205243414288417, -0.00222881045940357, -15.2695902714856, 3.62768219356371, 0.241823359270024, -0.0068661321452249, -0.0922944531229564, -0.0933382507905884, 0.166900170150914, -0.0244926369956571, -0.0196908120777274, 0.00493527606922377, 61.2415706889692, -2.20698189117762, -13.3094751336645, -0.485489868175963, -0.763114904849026, -2.18967626090179, -0.0244926369956571, 2.04973935266779))
			, nrow = 10, ncol = 10
			, dimnames = list(
				as.character(c("GAMMA", "CMultStdev", "tvVmax", "tvKm", "tvV", "tvKa", "K12", "K21", "dVdWT", "CEps"))
				, as.character(c("GAMMA", "CMultStdev", "tvVmax", "tvKm", "tvV", "tvKa", "K12", "K21", "dVdWT", "CEps"))
				)
			)
		, "omegaSE" = matrix(
			as.numeric(c(0.070750875421938, 0, 0, 0, 0, 0.0384605053622272, 0, 0, 0, 0, 0.12096324663235, 0, 0, 0, 0, 0.249349491939395))
			, nrow = 4, ncol = 4, byrow = TRUE
			, dimnames = list(
				as.character(c("nVmax", "nKm", "nV", "nKa"))
				, as.character(c("nVmax", "nKm", "nV", "nKa"))
				)
			)
		, "Covariance" = matrix(
			as.numeric(c(0.054247212, -0.00054862485, -26.33755, -9.9124681, -0.21389777, -0.011141597, -0.036761018, -0.069440262, -0.0020524341, -0.019690812, -0.0013567622,         0, 0.000333737,         0,         0, 0.009238541,         0,         0,         0, -0.012851583, -0.00054862485, 0.0011048906, 0.58878199, -0.42483651, 0.065270441, 0.00054069947, -0.00087018176, -0.00021006235, -0.0022288105, 0.0049352761, -0.00022258837,         0, -0.0003246958,         0,         0, -0.00090612652,         0,         0,         0, 0.00010768673, -26.33755, 0.58878199, 94263.019,  13024.89,  303.0411, -24.503392, -20.739514, -12.86029, -15.26959, 61.241571, -8.7050068,         0, -3.3323519,         0,         0, 9.7638723,         0,         0,         0,    25.212, -9.9124681, -0.42483651,  13024.89, 4526.5187, -12.88588, -1.6811166, 3.0992411, 6.0951032, 3.6276822, -2.2069819, -0.76312969,         0, -0.15474848,         0,         0, 1.6525679,         0,         0,         0, 5.3324652, -0.21389777, 0.065270441,  303.0411, -12.88588, 676.21184, 11.237994, -18.388052, 23.995179, 0.24182336, -13.309475, -0.30254283,         0, 0.10244303,         0,         0, -0.15492182,         0,         0,         0, 3.9319044, -0.011141597, 0.00054069947, -24.503392, -1.6811166, 11.237994, 0.2607302, -0.073381153, 0.75946354, -0.0068661321, -0.48548987, -0.004761955,         0, 0.0027026132,         0,         0, -0.0087160055,         0,         0,         0, 0.072038397, -0.036761018, -0.00087018176, -20.739514, 3.0992411, -18.388052, -0.073381153, 1.5970752, 0.96623529, -0.092294453, -0.7631149, -0.0014341219,         0, -0.0047607787,         0,         0, -0.017987847,         0,         0,         0, -0.07382282, -0.069440262, -0.00021006235, -12.86029, 6.0951032, 23.995179, 0.75946354, 0.96623529,  3.293363, -0.093338251, -2.1896763, -0.025339917,         0, 0.0025014801,         0,         0, -0.031450418,         0,         0,         0, 0.19652195, -0.0020524341, -0.0022288105, -15.26959, 3.6276822, 0.24182336, -0.0068661321, -0.092294453, -0.093338251, 0.16690017, -0.024492637, 0.004159124,         0, 0.0043968405,         0,         0, 0.0093261395,         0,         0,         0, -0.00057124585, -0.019690812, 0.0049352761, 61.241571, -2.2069819, -13.309475, -0.48548987, -0.7631149, -2.1896763, -0.024492637, 2.0497394, 0.014995868,         0, -0.0073524869,         0,         0, -0.0089285499,         0,         0,         0, -0.12610578, -0.0013567622, -0.00022258837, -8.7050068, -0.76312969, -0.30254283, -0.004761955, -0.0014341219, -0.025339917, 0.004159124, 0.014995868, 0.0050056864,         0, 0.00038834091,         0,         0, -0.0023644535,         0,         0,         0, -0.0065280333,         0,         0,         0,         0,         0,         0,         0,         0,         0,         0,         0,         0,         0,         0,         0,         0,         0,         0,         0,         0, 0.000333737, -0.0003246958, -3.3323519, -0.15474848, 0.10244303, 0.0027026132, -0.0047607787, 0.0025014801, 0.0043968405, -0.0073524869, 0.00038834091,         0, 0.0014792105,         0,         0, 0.00048225206,         0,         0,         0, 0.00084662562,         0,         0,         0,         0,         0,         0,         0,         0,         0,         0,         0,         0,         0,         0,         0,         0,         0,         0,         0,         0,         0,         0,         0,         0,         0,         0,         0,         0,         0,         0,         0,         0,         0,         0,         0,         0,         0,         0,         0,         0, 0.009238541, -0.00090612652, 9.7638723, 1.6525679, -0.15492182, -0.0087160055, -0.017987847, -0.031450418, 0.0093261395, -0.0089285499, -0.0023644535,         0, 0.00048225206,         0,         0, 0.014632107,         0,         0,         0, 0.0039834439,         0,         0,         0,         0,         0,         0,         0,         0,         0,         0,         0,         0,         0,         0,         0,         0,         0,         0,         0,         0,         0,         0,         0,         0,         0,         0,         0,         0,         0,         0,         0,         0,         0,         0,         0,         0,         0,         0,         0,         0,         0,         0,         0,         0,         0,         0,         0,         0,         0,         0,         0,         0,         0,         0,         0,         0,         0,         0,         0,         0, -0.012851583, 0.00010768673,    25.212, 5.3324652, 3.9319044, 0.072038397, -0.07382282, 0.19652195, -0.00057124585, -0.12610578, -0.0065280333,         0, 0.00084662562,         0,         0, 0.0039834439,         0,         0,         0, 0.062175169))
			, nrow = 20, ncol = 20
			, dimnames = list(
				as.character(c("GAMMA", "CMultStdev", "tvVmax", "tvKm", "tvV", "tvKa", "K12", "K21", "dVdWT", "stdev0", "nVmax-nVmax", "nKm-nVmax", "nKm-nKm", "nV-nVmax", "nV-nKm", "nV-nV", "nKa-nVmax", "nKa-nKm", "nKa-nV", "nKa-nKa"))
				, as.character(c("GAMMA", "CMultStdev", "tvVmax", "tvKm", "tvV", "tvKa", "K12", "K21", "dVdWT", "stdev0", "nVmax-nVmax", "nKm-nVmax", "nKm-nKm", "nV-nVmax", "nV-nKm", "nV-nV", "nKa-nVmax", "nKa-nKm", "nKa-nV", "nKa-nKa"))
				)
			)
		, "Correlation" = matrix(
			as.numeric(c(0.23291031, -0.07086424, -0.3683121, -0.63257341, -0.035316378, -0.093683489, -0.12489243, -0.16428686, -0.021570099, -0.059050774, -0.082334756,         0, 0.03725638,         0,         0, 0.32791497,         0,         0,         0, -0.22128879, -0.07086424, 0.033239894, 0.057693146, -0.18996782, 0.075511923, 0.03185669, -0.02071513, -0.003482321, -0.16412892, 0.10370567, -0.094647908,         0, -0.25398148,         0,         0, -0.22535945,         0,         0,         0, 0.01299254, -0.3683121, 0.057693146, 307.02283, 0.63055249, 0.03795679, -0.15630032, -0.053452155, -0.023081302, -0.12173861, 0.13932413, -0.40074363,         0, -0.28220533,         0,         0, 0.26290448,         0,         0,         0, 0.3293276, -0.63257341, -0.18996782, 0.63055249, 67.279408, -0.0073653017, -0.048935048, 0.03645109, 0.04992052, 0.13198321, -0.022912226, -0.16031877,         0, -0.059803862,         0,         0, 0.20305969,         0,         0,         0, 0.3178611, -0.035316378, 0.075511923, 0.03795679, -0.0073653017, 26.004074, 0.84635337, -0.55954066, 0.50846704, 0.022762946, -0.35749521, -0.16444234,         0, 0.10242974,         0,         0, -0.049251309,         0,         0,         0, 0.60639146, -0.093683489, 0.03185669, -0.15630032, -0.048935048, 0.84635337, 0.51061747, -0.1137172, 0.8195802, -0.032914563, -0.6641026, -0.13181287,         0, 0.13761737,         0,         0, -0.14111344,         0,         0,         0, 0.56579601, -0.12489243, -0.02071513, -0.053452155, 0.03645109, -0.55954066, -0.1137172, 1.2637544, 0.42130868, -0.17876584, -0.42177218, -0.016039527,         0, -0.097949071,         0,         0, -0.11766927,         0,         0,         0, -0.2342715, -0.16428686, -0.003482321, -0.023081302, 0.04992052, 0.50846704, 0.8195802, 0.42130868, 1.8147625, -0.12589586, -0.84277334, -0.19735747,         0, 0.035839526,         0,         0, -0.14326932,         0,         0,         0, 0.43429294, -0.021570099, -0.16412892, -0.12173861, 0.13198321, 0.022762946, -0.032914563, -0.17876584, -0.12589586, 0.40853417, -0.041875291, 0.14389366,         0, 0.27983197,         0,         0, 0.18872094,         0,         0,         0, -0.0056077182, -0.059050774, 0.10370567, 0.13932413, -0.022912226, -0.35749521, -0.6641026, -0.42177218, -0.84277334, -0.041875291, 1.4316911, 0.14804388,         0, -0.13352727,         0,         0, -0.051555877,         0,         0,         0, -0.35324594, -0.082334756, -0.094647908, -0.40074363, -0.16031877, -0.16444234, -0.13181287, -0.016039527, -0.19735747, 0.14389366, 0.14804388, 0.070750875,         0, 0.14271392,         0,         0, -0.27627751,         0,         0,         0, -0.37003436,         0,         0,         0,         0,         0,         0,         0,         0,         0,         0,         0,         0,         0,         0,         0,         0,         0,         0,         0,         0, 0.03725638, -0.25398148, -0.28220533, -0.059803862, 0.10242974, 0.13761737, -0.097949071, 0.035839526, 0.27983197, -0.13352727, 0.14271392,         0, 0.038460505,         0,         0, 0.10365868,         0,         0,         0, 0.08828114,         0,         0,         0,         0,         0,         0,         0,         0,         0,         0,         0,         0,         0,         0,         0,         0,         0,         0,         0,         0,         0,         0,         0,         0,         0,         0,         0,         0,         0,         0,         0,         0,         0,         0,         0,         0,         0,         0,         0,         0, 0.32791497, -0.22535945, 0.26290448, 0.20305969, -0.049251309, -0.14111344, -0.11766927, -0.14326932, 0.18872094, -0.051555877, -0.27627751,         0, 0.10365868,         0,         0, 0.12096325,         0,         0,         0, 0.13206775,         0,         0,         0,         0,         0,         0,         0,         0,         0,         0,         0,         0,         0,         0,         0,         0,         0,         0,         0,         0,         0,         0,         0,         0,         0,         0,         0,         0,         0,         0,         0,         0,         0,         0,         0,         0,         0,         0,         0,         0,         0,         0,         0,         0,         0,         0,         0,         0,         0,         0,         0,         0,         0,         0,         0,         0,         0,         0,         0,         0, -0.22128879, 0.01299254, 0.3293276, 0.3178611, 0.60639146, 0.56579601, -0.2342715, 0.43429294, -0.0056077182, -0.35324594, -0.37003436,         0, 0.08828114,         0,         0, 0.13206775,         0,         0,         0, 0.24934949))
			, nrow = 20, ncol = 20
			, dimnames = list(
				as.character(c("GAMMA", "CMultStdev", "tvVmax", "tvKm", "tvV", "tvKa", "K12", "K21", "dVdWT", "stdev0", "nVmax-nVmax", "nKm-nVmax", "nKm-nKm", "nV-nVmax", "nV-nKm", "nV-nV", "nKa-nVmax", "nKa-nKm", "nKa-nV", "nKa-nKa"))
				, as.character(c("GAMMA", "CMultStdev", "tvVmax", "tvKm", "tvV", "tvKa", "K12", "K21", "dVdWT", "stdev0", "nVmax-nVmax", "nKm-nVmax", "nKm-nKm", "nV-nVmax", "nV-nKm", "nV-nV", "nKa-nVmax", "nKa-nKm", "nKa-nV", "nKa-nKa"))
				)
			)
		, "Inverse" = matrix(
			as.numeric(c(66.125454, 43.467449, 0.007519506, 0.14776283, 0.072425761, 16.332634, 6.7537039, -2.1261184, 3.4211421, 5.1089914, 32.047933,         0, 35.381626,         0,         0, -42.985608,         0,         0,         0, 5.1368711, 43.467449, 1462.9077, -0.03159158, 0.27315481, -6.8692644, -68.474088, -149.0207, 110.16907, -10.801053, -1.2041278, 81.723548,         0, 212.70982,         0,         0, 9.3562818,         0,         0,         0, -13.03746, 0.007519506, -0.03159158, 4.0556651e-005, -6.48696e-005, -0.00017117742, 0.034843922, 0.0043459443, -0.0082203288, 0.0034295584, -0.0017254367, 0.024142273,         0, 0.037415284,         0,         0, -0.018229612,         0,         0,         0, -0.0079515497, 0.14776283, 0.27315481, -6.48696e-005, 0.0008121282, 0.00076417584, 0.0013337741, 0.01473245, -0.00067049746, -0.0073492819, 0.012562612, 0.02004711,         0, 0.0713554,         0,         0, -0.082841611,         0,         0,         0, -0.011684746, 0.072425761, -6.8692644, -0.00017117742, 0.00076417584, 0.16702623, 0.51327571, 3.3829421, -2.2830929, 0.23489385, 0.067766041, -0.30760568,         0, -0.18856888,         0,         0, 0.68362979,         0,         0,         0, 0.17256075, 16.332634, -68.474088, 0.034843922, 0.0013337741, 0.51327571, 98.816331, 32.236092, -34.526483,    4.7487, 0.64747162, 0.63680079,         0, 2.4812618,         0,         0, -8.5755767,         0,         0,         0, -8.355333, 6.7537039, -149.0207, 0.0043459443, 0.01473245, 3.3829421, 32.236092, 74.649942, -52.611981, 6.2841187, 1.9678816, -3.8773318,         0, -1.2672365,         0,         0, 10.833607,         0,         0,         0, 5.2385506, -2.1261184, 110.16907, -0.0082203288, -0.00067049746, -2.2830929, -34.526483, -52.611981,  40.72716, -3.6793881, 0.66842354, 6.6881578,         0, 3.9064494,         0,         0, -3.9493673,         0,         0,         0, -1.8286422, 3.4211421, -10.801053, 0.0034295584, -0.0073492819, 0.23489385,    4.7487, 6.2841187, -3.6793881, 8.4419808,  1.140818, -2.5899576,         0, -12.78388,         0,         0, -4.1800957,         0,         0,         0, 1.2614388, 5.1089914, -1.2041278, -0.0017254367, 0.012562612, 0.067766041, 0.64747162, 1.9678816, 0.66842354,  1.140818, 2.7572457, 2.4970507,         0, 3.3882546,         0,         0, 2.2178017,         0,         0,         0, 1.5452574, 32.047933, 81.723548, 0.024142273, 0.02004711, -0.30760568, 0.63680079, -3.8773318, 6.6881578, -2.5899576, 2.4970507, 309.41309,         0, -18.174511,         0,         0, 20.308499,         0,         0,         0, 24.418888,         0,         0,         0,         0,         0,         0,         0,         0,         0,         0,         0,         0,         0,         0,         0,         0,         0,         0,         0,         0, 35.381626, 212.70982, 0.037415284, 0.0713554, -0.18856888, 2.4812618, -1.2672365, 3.9064494, -12.78388, 3.3882546, -18.174511,         0, 894.08125,         0,         0, -51.756144,         0,         0,         0, -23.160826,         0,         0,         0,         0,         0,         0,         0,         0,         0,         0,         0,         0,         0,         0,         0,         0,         0,         0,         0,         0,         0,         0,         0,         0,         0,         0,         0,         0,         0,         0,         0,         0,         0,         0,         0,         0,         0,         0,         0,         0, -42.985608, 9.3562818, -0.018229612, -0.082841611, 0.68362979, -8.5755767, 10.833607, -3.9493673, -4.1800957, 2.2178017, 20.308499,         0, -51.756144,         0,         0, 134.54915,         0,         0,         0, -3.6777342,         0,         0,         0,         0,         0,         0,         0,         0,         0,         0,         0,         0,         0,         0,         0,         0,         0,         0,         0,         0,         0,         0,         0,         0,         0,         0,         0,         0,         0,         0,         0,         0,         0,         0,         0,         0,         0,         0,         0,         0,         0,         0,         0,         0,         0,         0,         0,         0,         0,         0,         0,         0,         0,         0,         0,         0,         0,         0,         0,         0, 5.1368711, -13.03746, -0.0079515497, -0.011684746, 0.17256075, -8.355333, 5.2385506, -1.8286422, 1.2614388, 1.5452574, 24.418888,         0, -23.160826,         0,         0, -3.6777342,         0,         0,         0, 38.423081))
			, nrow = 20, ncol = 20
			, dimnames = list(
				as.character(c("GAMMA", "CMultStdev", "tvVmax", "tvKm", "tvV", "tvKa", "K12", "K21", "dVdWT", "stdev0", "nVmax-nVmax", "nKm-nVmax", "nKm-nKm", "nV-nVmax", "nV-nKm", "nV-nV", "nKa-nVmax", "nKa-nKm", "nKa-nV", "nKa-nKa"))
				, as.character(c("GAMMA", "CMultStdev", "tvVmax", "tvKm", "tvV", "tvKa", "K12", "K21", "dVdWT", "stdev0", "nVmax-nVmax", "nKm-nVmax", "nKm-nKm", "nV-nVmax", "nV-nKm", "nV-nV", "nKa-nVmax", "nKa-nKm", "nKa-nV", "nKa-nKa"))
				)
			)
		, "LLTable" = data.frame(
			id = as.character(c( "1", "2", "3", "4", "5", "6", "7", "8", "9", "10", "11", "12", "13", "14", "15", "16", "17", "18", "19", "20", "21", "22", "23", "24", "25", "26", "27", "28", "29", "30", "31", "32", "33", "34", "35", "36", "37", "38", "39", "40", "41", "42", "43", "44", "45", "46", "47", "48", "49", "50", "51", "52", "53", "54", "55", "56", "57", "58", "59", "60"))
			, "LL" = c(-54.09821, -60.752231, -58.592349, -63.194631, -58.350712, -61.193597, -54.733605, -55.452181, -58.456611, -60.281967, -61.025388, -56.675696, -57.072816, -55.648932, -50.932174, -55.026256, -56.110021, -60.315943, -54.43536,  -54.8791, -58.014491, -58.225579, -49.295298, -56.418979, -58.399524, -56.843966, -62.430959, -52.619829, -51.618055, -55.541265, -56.799031, -50.57366, -62.113449, -61.036505, -56.947501, -62.536338, -55.814672, -55.582389, -52.867792, -58.522944, -54.39193, -60.346404, -56.740329, -52.288737, -54.153037, -53.346405, -58.990101, -54.586266, -53.046314, -54.545929, -60.91397, -55.149867, -63.655889, -59.214438, -57.65304, -52.987481, -56.546863, -55.863375, -56.930213, -54.758914)
			) # end of LLTable
		, "residuals" = data.frame(
			  ID1 = as.character(c(  "",   "",   "",   "",   "",   "",   "",   "",   "",   "",   "",   "",   "",   "",   "",   "",   "",   "",   "",   "",   "",   "",   "",   "",   "",   "",   "",   "",   "",   "",   "",   "",   "",   "",   "",   "",   "",   "",   "",   "",   "",   "",   "",   "",   "",   "",   "",   "",   "",   "",   "",   "",   "",   "",   "",   "",   "",   "",   "",   "",   "",   "",   "",   "",   "",   "",   "",   "",   "",   "",   "",   "",   "",   "",   "",   "",   "",   "",   "",   "",   "",   "",   "",   "",   "",   "",   "",   "",   "",   "",   "",   "",   "",   "",   "",   "",   "",   "",   "",   "",   "",   "",   "",   "",   "",   "",   "",   "",   "",   "",   "",   "",   "",   "",   "",   "",   "",   "",   "",   "",   "",   "",   "",   "",   "",   "",   "",   "",   "",   "",   "",   "",   "",   "",   "",   "",   "",   "",   "",   "",   "",   "",   "",   "",   "",   "",   "",   "",   "",   "",   "",   "",   "",   "",   "",   "",   "",   "",   "",   "",   "",   "",   "",   "",   "",   "",   "",   "",   "",   "",   "",   "",   "",   "",   "",   "",   "",   "",   "",   "",   "",   "",   "",   "",   "",   "",   "",   "",   "",   "",   "",   "",   "",   "",   "",   "",   "",   "",   "",   "",   "",   "",   "",   "",   "",   "",   "",   "",   "",   "",   "",   "",   "",   "",   "",   "",   "",   "",   "",   "",   "",   "",   "",   "",   "",   "",   "",   "",   "",   "",   "",   "",   "",   "",   "",   "",   "",   "",   "",   "",   "",   "",   "",   "",   "",   "",   "",   "",   "",   "",   "",   "",   "",   "",   "",   "",   "",   "",   "",   "",   "",   "",   "",   "",   "",   "",   "",   "",   "",   "",   "",   "",   "",   "",   "",   "",   "",   "",   "",   "",   "",   "",   "",   "",   "",   "",   "",   "",   "",   "",   "",   "",   "",   "",   "",   "",   "",   "",   "",   "",   "",   "",   "",   "",   "",   "",   "",   "",   "",   "",   "",   "",   "",   "",   "",   "",   "",   "",   "",   "",   "",   "",   "",   "",   "",   "",   "",   "",   "",   "",   "",   "",   "",   "",   "",   "",   "",   "",   "",   "",   "",   "",   "",   "",   "",   "",   "",   "",   "",   "",   "",   "",   "",   "",   "",   "",   "",   "",   "",   "",   "",   "",   "",   "",   "",   "",   "",   "",   "",   "",   "",   "",   "",   "",   "",   "",   "",   "",   "",   "",   "",   "",   "",   "",   "",   "",   "",   "",   "",   "",   "",   "",   "",   "",   "",   "",   "",   "",   "",   "",   "",   "",   "",   "",   "",   "",   "",   "",   "",   "",   "",   "",   "",   "",   "",   "",   "",   "",   "",   "",   "",   "",   "",   "",   "",   "",   "",   "",   "",   "",   "",   "",   "",   "",   "",   "",   "",   "",   "",   "",   "",   "",   "",   "",   "",   "",   "",   "",   "",   "",   "",   "",   "",   "",   "",   "",   "",   "",   "",   "",   "",   "",   "",   "",   "",   "",   "",   "",   "",   "",   "",   "",   "",   "",   "",   "",   "",   "",   "",   ""))
			, ID2 = as.character(c(  "",   "",   "",   "",   "",   "",   "",   "",   "",   "",   "",   "",   "",   "",   "",   "",   "",   "",   "",   "",   "",   "",   "",   "",   "",   "",   "",   "",   "",   "",   "",   "",   "",   "",   "",   "",   "",   "",   "",   "",   "",   "",   "",   "",   "",   "",   "",   "",   "",   "",   "",   "",   "",   "",   "",   "",   "",   "",   "",   "",   "",   "",   "",   "",   "",   "",   "",   "",   "",   "",   "",   "",   "",   "",   "",   "",   "",   "",   "",   "",   "",   "",   "",   "",   "",   "",   "",   "",   "",   "",   "",   "",   "",   "",   "",   "",   "",   "",   "",   "",   "",   "",   "",   "",   "",   "",   "",   "",   "",   "",   "",   "",   "",   "",   "",   "",   "",   "",   "",   "",   "",   "",   "",   "",   "",   "",   "",   "",   "",   "",   "",   "",   "",   "",   "",   "",   "",   "",   "",   "",   "",   "",   "",   "",   "",   "",   "",   "",   "",   "",   "",   "",   "",   "",   "",   "",   "",   "",   "",   "",   "",   "",   "",   "",   "",   "",   "",   "",   "",   "",   "",   "",   "",   "",   "",   "",   "",   "",   "",   "",   "",   "",   "",   "",   "",   "",   "",   "",   "",   "",   "",   "",   "",   "",   "",   "",   "",   "",   "",   "",   "",   "",   "",   "",   "",   "",   "",   "",   "",   "",   "",   "",   "",   "",   "",   "",   "",   "",   "",   "",   "",   "",   "",   "",   "",   "",   "",   "",   "",   "",   "",   "",   "",   "",   "",   "",   "",   "",   "",   "",   "",   "",   "",   "",   "",   "",   "",   "",   "",   "",   "",   "",   "",   "",   "",   "",   "",   "",   "",   "",   "",   "",   "",   "",   "",   "",   "",   "",   "",   "",   "",   "",   "",   "",   "",   "",   "",   "",   "",   "",   "",   "",   "",   "",   "",   "",   "",   "",   "",   "",   "",   "",   "",   "",   "",   "",   "",   "",   "",   "",   "",   "",   "",   "",   "",   "",   "",   "",   "",   "",   "",   "",   "",   "",   "",   "",   "",   "",   "",   "",   "",   "",   "",   "",   "",   "",   "",   "",   "",   "",   "",   "",   "",   "",   "",   "",   "",   "",   "",   "",   "",   "",   "",   "",   "",   "",   "",   "",   "",   "",   "",   "",   "",   "",   "",   "",   "",   "",   "",   "",   "",   "",   "",   "",   "",   "",   "",   "",   "",   "",   "",   "",   "",   "",   "",   "",   "",   "",   "",   "",   "",   "",   "",   "",   "",   "",   "",   "",   "",   "",   "",   "",   "",   "",   "",   "",   "",   "",   "",   "",   "",   "",   "",   "",   "",   "",   "",   "",   "",   "",   "",   "",   "",   "",   "",   "",   "",   "",   "",   "",   "",   "",   "",   "",   "",   "",   "",   "",   "",   "",   "",   "",   "",   "",   "",   "",   "",   "",   "",   "",   "",   "",   "",   "",   "",   "",   "",   "",   "",   "",   "",   "",   "",   "",   "",   "",   "",   "",   "",   "",   "",   "",   "",   "",   "",   "",   "",   "",   "",   "",   "",   "",   "",   "",   "",   "",   "",   "",   "",   ""))
