dmp.txt <- structure(
	.Data = list(
		"coefficients" = list(
			"fixed" = c("GAMMA" = 1.86368187106858, "CMultStdev" = 0.48629887054689, "tvVmax" = 2683.07151033267, "tvKm" = 645.198373262407, "tvV" = 74.3470654624616, "tvKa" = 1.28900310509769, "K12" = 0.207113091115576, "K21" = 7.63174719158208, "CEps" = 0.994232662984863)
			, "random" = list("Subject" = matrix(
				as.numeric(c(
					 0.114395491327128,  0.487342736405049,  -0.16458691672034
					,  0.0454206205747416,  -0.119754290788914,  0.0499709871927419
					,  -0.0911731892271856,  0.253855776759273,  0.376604566978448
					,  -0.362256194223619,  -0.143609323975296,  -0.366076074528279
					,  0.208525767946017,  0.0321417273752604,  0.114656137388614
					,  -0.0954906791369546,  -0.234106858869913,  -0.49165493508219
					,  0.0880672773738412,  0.192948191574033,  0.165562653024103
					,  0.0683850300765313,  -0.278760141908156,  -0.222779639247269
					,  0.105626894393598,  -0.149811859432378,  0.10353545542686
					,  -0.786770256641988,  -0.265640177076117,  -0.319004990042038
					,  0.290631923625044,  -0.144841854682849,  -0.0469873835137052
					,  -0.366358443205976,  0.54728261249725,  0.0274664590638505
					,  -0.100568135030673,  0.260332808813913,  -0.0857497378012756
					,  0.291029316521585,  -0.118918928377211,  0.347147414733267
					,  0.507303579227685,  -0.145845657630008,  0.184258878140938
					,  -0.206997752187534,  0.10441069009669,  0.151373013755509
					,  0.357099549731763,  0.494646094265313,  0.0599771324565451
					,  -0.270714140256308,  -0.10061761713349,  -0.250636681837712
					,  -0.0227225690291893,  0.389748486476625,  0.202795765716519
					,  -0.246617492733105,  -0.178654976863253,  -0.251863961388366
					,  -0.74154180353374,  -0.283818617715339,  0.924815339068408
					,  0.246986727668426,  0.431149892948803,  0.00492658427687427
					,  0.591785200205606,  0.293825016034159,  0.000528117081980343
					,  0.0394775401298755,  -0.00891440008719483,  0.137786056509384
					,  0.212895132136445,  0.089504995178042,  -0.214315833609509
					,  -0.0240655567551856,  -0.158688914699615,  0.186657651035743
					,  0.234921183743547,  -0.504717293263838,  0.31845970787471
					,  -0.252464662706944,  0.284295271593734,  0.465507843933752
					,  -0.0460621401858917,  0.0248794590528291,  -0.153035732623509
					,  -0.761965958877363,  0.174349284576937,  -0.55920294287004
					,  0.532803478324463,  -0.278694347125022,  -0.175193640665066
					,  -0.420577976107417,  0.108920170074283,  0.0460589867043891
					,  -0.458424340150822,  0.425193800773187,  -0.383659996158715
					,  -0.449540120408513,  -0.185539736236329,  -0.219140759653085
					,  0.371225499765369,  -0.40788539015391,  0.0913380448834612
					,  0.279626460081455,  -0.0469921195505252,  -0.224966687653339
					,  0.563484388810395,  0.167052423641109,  -0.147497096258171
					,  -0.223445464858646,  -0.0869198704535287,  -0.566323023888235
					,  0.266216367442879,  0.000250202658497816,  0.606814846535914
					,  0.124536531537153,  -0.540848478727864,  -0.582043014984207
					))
				, nrow = 60, ncol = 2
				, dimnames = list(
					as.character(c( "1", "2", "3", "4", "5", "6", "7", "8", "9", "10"
					  , "11", "12", "13", "14", "15", "16", "17", "18", "19", "20"
					  , "21", "22", "23", "24", "25", "26", "27", "28", "29", "30"
					  , "31", "32", "33", "34", "35", "36", "37", "38", "39", "40"
					  , "41", "42", "43", "44", "45", "46", "47", "48", "49", "50"
					  , "51", "52", "53", "54", "55", "56", "57", "58", "59", "60"))
					, as.character(c("nVmax", "nV"))
					)
				))
			)
		, "logLik" = c(-3397.4)
		, "nObs" = c(480)
		, "nSubj" = c(60)
		, "nParm" = c(12)
		, "returnCode" = c(1)
		, "omega" = matrix(
			as.numeric(c(0.103995960552058, 0.0309356637589178, 0.0309356637589178, 0.167947072796272))
			, nrow = 2, ncol = 2
			, dimnames = list(
				as.character(c("nVmax", "nV"))
				, as.character(c("nVmax", "nV"))
				)
			)
		, "eta" = matrix(
			as.numeric(c(-0.000117130327209224, -0.0143368952613292, 0.0718021202149659, 0.129006593989111, 0.267959176396267, 0.359174879395972, 0.169077729855159, 0.123564954305096))
			, nrow = 2, ncol = 4
			, dimnames = list(
				as.character(c("nVmax", "nV"))
				, as.character(c("mean", "var", "sd", "shrinkage"))
				)
			)
		, "eta_shrinkage" = list("Subject" = matrix(
			as.numeric(c(
				 0.174965277707819,  0.231808695574599,  0.646297428401031
				,  0.351644300959469,  0.440501276364562,  0.298637859576335
				,  0.486118648990089,  0.349622442465659,  0.289066825260756
				,  0.336734601511056,  0.313034549617395,  0.37941358605349
				,  0.334509625566611,  0.320650781707578,  0.257313630962843
				,  0.296245076544811,  0.261328574141083,  0.382129031854595
				,  0.344184281173015,  0.199227824707306,  0.359898559973573
				,  0.250656623769721,  0.393694860798267,  0.450472166670128
				,  0.288779401940283,  0.299123424459006,  0.272694387141238
				,  0.155157101993761,  0.354688306382985,  0.185460229211934
				,  0.397940211442003,  0.250406194669692,  0.250125034554848
				,  0.208812506817394,  0.29989579950917,  0.320091617093437
				,  0.214916856617371,  0.386802650610765,  0.229439690884729
				,  0.213977560111835,  0.25174415624544,  0.241784183933345
				,  0.350756870433025,  0.217388315532803,  0.305586381463029
				,  0.386136845352484,  0.289969721685331,  0.256486640240416
				,  0.420004140052071,  0.314994723460834,  0.261601872950447
				,  0.255718040210503,  0.285326145428375,  0.195712024896768
				,  0.367277220571793,  0.28463171510147,  0.445231317602858
				,  0.344813826989486,  0.190348975265585,  0.185934984533238
				,  0.192344196146362,  0.224486137349924,  0.234905085000911
				,  0.237264695113911,  0.240011086447135,  0.224324723595233
				,  0.2451542254562,  0.24328964198924,  0.230922224851443
				,  0.22107219797896,  0.214828106637693,  0.227412921424036
				,  0.238220444581541,  0.224940492509787,  0.216619084619758
				,  0.221693403091101,  0.221570013111681,  0.228963275712641
				,  0.238789320550007,  0.202360331815982,  0.243894811548407
				,  0.213176575446399,  0.238067227280851,  0.238197590473426
				,  0.221823229508805,  0.233335565598686,  0.217088138780006
				,  0.192876540047967,  0.232417596940932,  0.201461824712635
				,  0.257305794024625,  0.206360080497891,  0.224291201220624
				,  0.208645179528479,  0.247324952939118,  0.219295839176066
				,  0.199576063818676,  0.243467237800572,  0.202042881228896
				,  0.20692927785564,  0.221343185659684,  0.226541503476304
				,  0.257347248353093,  0.204571825431797,  0.235930994975001
				,  0.240407720910081,  0.220834298712123,  0.215354045988184
				,  0.24870754889233,  0.244358871781092,  0.220976717029529
				,  0.212666521616684,  0.218542655778183,  0.196391669800308
				,  0.237178260913723,  0.237146682740048,  0.246605757333065
				,  0.228661164966907,  0.200890141920692,  0.200261229066497
				))
			, nrow = 60, ncol = 2
			, dimnames = list(
				as.character(c( "1", "2", "3", "4", "5", "6", "7", "8", "9", "10"
				  , "11", "12", "13", "14", "15", "16", "17", "18", "19", "20"
				  , "21", "22", "23", "24", "25", "26", "27", "28", "29", "30"
				  , "31", "32", "33", "34", "35", "36", "37", "38", "39", "40"
				  , "41", "42", "43", "44", "45", "46", "47", "48", "49", "50"
				  , "51", "52", "53", "54", "55", "56", "57", "58", "59", "60"))
				, as.character(c("nVmax_shrinkage", "nV_shrinkage"))
				)
			))
		, "sigma" = matrix(
			as.numeric(c(0.988498588145973))
			, nrow = 1, ncol = 1
			, dimnames = list(
				as.character(c("CEps"))
				, as.character(c("CEps"))
				)
			)
		, "method" = "FOCE-ELS"
		, "varFix" = matrix(
			as.numeric(c(0.0941315398154233, -0.00338973995641905, -227.200801711254, -69.5996099241827, 0.651441996691776, 0.0103132714204465, -0.0165931676465354, 2.54764827852173, -0.269285054473684, -0.00338973995641905, 0.000907988470408845, 10.2593038680493, 2.51465972183043, -0.0503593859805973, -0.000351548134218692, 0.0160931879006605, 0.147637172943908, -0.0440816467242461, -227.200801711254, 10.2593038680493, 678953.763587337, 191813.178455839, -4029.01826194225, -51.4610981673978, 250.602082981983, -6894.73545360941, 436.560973429835, -69.5996099241827, 2.51465972183043, 191813.178455839, 56919.2554673254, -995.45405153152, -13.2179623290456, 58.0458744447015, -1646.9682768488, -9.11139830267967, 0.651441996691776, -0.0503593859805973, -4029.01826194225, -995.45405153152, 651.166674180397, 4.83590741767002, -35.0295379325509, 1066.37827076209, -23.8885981059684, 0.0103132714204465, -0.000351548134218692, -51.4610981673978, -13.2179623290456, 4.83590741767002, 0.066401080494664, 0.0615572425495245, 20.6932861925447, -2.65729513101611, -0.0165931676465354, 0.0160931879006605, 250.602082981983, 58.0458744447015, -35.0295379325509, 0.0615572425495245, 7.88269846420514, 169.974383957384, -47.8075680075351, 2.54764827852173, 0.147637172943908, -6894.73545360941, -1646.9682768488, 1066.37827076209, 20.6932861925447, 169.974383957384, 10800.5218149471, -1984.30176412109, -0.269285054473684, -0.0440816467242461, 436.560973429835, -9.11139830267967, -23.8885981059684, -2.65729513101611, -47.8075680075351, -1984.30176412109, 524.963546392585))
			, nrow = 9, ncol = 9
			, dimnames = list(
				as.character(c("GAMMA", "CMultStdev", "tvVmax", "tvKm", "tvV", "tvKa", "K12", "K21", "CEps"))
				, as.character(c("GAMMA", "CMultStdev", "tvVmax", "tvKm", "tvV", "tvKa", "K12", "K21", "CEps"))
				)
			)
		, "omegaSE" = matrix(
			as.numeric(c(0.0347639862264093, 0.0353903004781285, 0.0353903004781285, 0.0473186082904834))
			, nrow = 2, ncol = 2, byrow = TRUE
			, dimnames = list(
				as.character(c("nVmax", "nV"))
				, as.character(c("nVmax", "nV"))
				)
			)
		, "Covariance" = matrix(
			as.numeric(c(0.09413154, -0.00338974, -227.2008, -69.59961,  0.651442, 0.010313271, -0.016593168, 2.5476483, -0.26928505, -0.002322865, -0.0078775368, -0.0028551152, -0.00338974, 0.00090798847, 10.259304, 2.5146597, -0.050359386, -0.00035154813, 0.016093188, 0.14763717, -0.044081647, 0.00035538016, 0.00034745654, 0.00012749063, -227.2008, 10.259304, 678953.76, 191813.18, -4029.0183, -51.461098, 250.60208, -6894.7355, 436.56097, 9.1701934, 21.705517, 9.1241841, -69.59961, 2.5146597, 191813.18, 56919.255, -995.45405, -13.217962, 58.045874, -1646.9683, -9.1113983, 2.2700374, 6.3256341, 2.3773509,  0.651442, -0.050359386, -4029.0183, -995.45405, 651.16667, 4.8359074, -35.029538, 1066.3783, -23.888598, -0.096832336, -0.11048978, -0.090395172, 0.010313271, -0.00035154813, -51.461098, -13.217962, 4.8359074, 0.06640108, 0.061557243, 20.693286, -2.6572951, 0.00031208244, -0.0011785913, 3.1111341e-005, -0.016593168, 0.016093188, 250.60208, 58.045874, -35.029538, 0.061557243, 7.8826985, 169.97438, -47.807568, 0.016384001, 0.015334698, 0.015919573, 2.5476483, 0.14763717, -6894.7355, -1646.9683, 1066.3783, 20.693286, 169.97438, 10800.522, -1984.3018, 0.18202173, 0.048745806, 0.28992279, -0.26928505, -0.044081647, 436.56097, -9.1113983, -23.888598, -2.6572951, -47.807568, -1984.3018, 524.96355, 0.014473874, -0.082116219, -0.13234044, -0.002322865, 0.00035538016, 9.1701934, 2.2700374, -0.096832336, 0.00031208244, 0.016384001, 0.18202173, 0.014473874, 0.0012085347, 0.0003048517, -4.5946006e-005, -0.0078775368, 0.00034745654, 21.705517, 6.3256341, -0.11048978, -0.0011785913, 0.015334698, 0.048745806, -0.082116219, 0.0003048517, 0.0012524734, 0.00072126178, -0.0028551152, 0.00012749063, 9.1241841, 2.3773509, -0.090395172, 3.1111341e-005, 0.015919573, 0.28992279, -0.13234044, -4.5946006e-005, 0.00072126178, 0.0022390507))
			, nrow = 12, ncol = 12
			, dimnames = list(
				as.character(c("GAMMA", "CMultStdev", "tvVmax", "tvKm", "tvV", "tvKa", "K12", "K21", "stdev0", "nVmax-nVmax", "nV-nVmax", "nV-nV"))
				, as.character(c("GAMMA", "CMultStdev", "tvVmax", "tvKm", "tvV", "tvKa", "K12", "K21", "stdev0", "nVmax-nVmax", "nV-nVmax", "nV-nV"))
				)
			)
		, "Correlation" = matrix(
			as.numeric(c(0.30680864, -0.36665586, -0.89871539, -0.95084476, 0.083207426, 0.13044916, -0.019263015, 0.079900504, -0.038307172, -0.21778442, -0.72550199, -0.19666365, -0.36665586, 0.030132847, 0.41319744, 0.34979166, -0.065492893, -0.045274854, 0.19022363, 0.047144733, -0.063848849, 0.33925281, 0.32581875, 0.089414125, -0.89871539, 0.41319744, 823.98651, 0.97572793, -0.19161657, -0.24236582, 0.10832461, -0.080514692, 0.023123855, 0.32013181, 0.74433046, 0.23401407, -0.95084476, 0.34979166, 0.97572793, 238.57757, -0.16351046, -0.21500439, 0.086657129, -0.066425259, -0.0016668283, 0.2736994, 0.74918697, 0.21058708, 0.083207426, -0.065492893, -0.19161657, -0.16351046, 25.517968, 0.73543505, -0.48893471, 0.40210811, -0.040858273, -0.10915528, -0.12234656, -0.074862994, 0.13044916, -0.045274854, -0.24236582, -0.21500439, 0.73543505, 0.25768407, 0.08508522, 0.77271532, -0.45007786, 0.034837918, -0.12923835, 0.0025515213, -0.019263015, 0.19022363, 0.10832461, 0.086657129, -0.48893471, 0.08508522, 2.8076144, 0.58253718, -0.74318104, 0.16786221, 0.15433112, 0.11982901, 0.079900504, 0.047144733, -0.080514692, -0.066425259, 0.40210811, 0.77271532, 0.58253718, 103.92556, -0.83333721, 0.050381524, 0.013253502, 0.058956002, -0.038307172, -0.063848849, 0.023123855, -0.0016668283, -0.040858273, -0.45007786, -0.74318104, -0.83333721, 22.912083, 0.018171495, -0.10126984, -0.12206637, -0.21778442, 0.33925281, 0.32013181, 0.2736994, -0.10915528, 0.034837918, 0.16786221, 0.050381524, 0.018171495, 0.034763986, 0.24778488, -0.027930984, -0.72550199, 0.32581875, 0.74433046, 0.74918697, -0.12234656, -0.12923835, 0.15433112, 0.013253502, -0.10126984, 0.24778488, 0.0353903, 0.43070182, -0.19666365, 0.089414125, 0.23401407, 0.21058708, -0.074862994, 0.0025515213, 0.11982901, 0.058956002, -0.12206637, -0.027930984, 0.43070182, 0.047318608))
			, nrow = 12, ncol = 12
			, dimnames = list(
				as.character(c("GAMMA", "CMultStdev", "tvVmax", "tvKm", "tvV", "tvKa", "K12", "K21", "stdev0", "nVmax-nVmax", "nV-nVmax", "nV-nV"))
				, as.character(c("GAMMA", "CMultStdev", "tvVmax", "tvKm", "tvV", "tvKa", "K12", "K21", "stdev0", "nVmax-nVmax", "nV-nVmax", "nV-nV"))
				)
			)
		, "Inverse" = matrix(
			as.numeric(c(234.68113, 176.96864, -0.06274141, 0.49756924, 0.87855391, 69.443733, 11.313508, -0.38773967, 0.1666478, -117.1907, 53.882997, 10.905635, 176.96864, 2000.6654, -0.10948071, 0.50517263, -3.413564, 70.352062, -32.626669, 0.72806584, 0.37161937, -372.36844, 165.94934, -18.718127, -0.06274141, -0.10948071, 5.8625758e-005, -0.00026728489, -0.0004054895, -0.0056816549, -0.0050031488, 0.00010527572, -0.00020900635, -0.007269782, -0.0069087183, -0.033505631, 0.49756924, 0.50517263, -0.00026728489, 0.001533935, 0.0027906542, 0.1144863, 0.034475782, -0.00094621671, 0.00083383803, -0.14131917, -0.15496977, 0.15099645, 0.87855391, -3.413564, -0.0004054895, 0.0027906542, 0.052956114, -0.33884492, 0.51461203, -0.012739989, -0.00023753451, 0.54611101, -2.7899297, 1.0333044, 69.443733, 70.352062, -0.0056816549, 0.1144863, -0.33884492, 118.11261, 1.3661599, -0.24976501, -0.18755739, -108.30523, 45.739111, -34.595556, 11.313508, -32.626669, -0.0050031488, 0.034475782, 0.51461203, 1.3661599, 5.5218016, -0.13576497, 0.026140895, -2.4894392, -25.651777, 8.9006137, -0.38773967, 0.72806584, 0.00010527572, -0.00094621671, -0.012739989, -0.24976501, -0.13576497, 0.0043431533, 0.0020285225, 0.052327779, 0.66039421, -0.15993734, 0.1666478, 0.37161937, -0.00020900635, 0.00083383803, -0.00023753451, -0.18755739, 0.026140895, 0.0020285225, 0.011451332, -0.67368989, 0.56948287, 0.18176393, -117.1907, -372.36844, -0.007269782, -0.14131917, 0.54611101, -108.30523, -2.4894392, 0.052327779, -0.67368989, 1204.8154, -242.55593, 148.95514, 53.882997, 165.94934, -0.0069087183, -0.15496977, -2.7899297, 45.739111, -25.651777, 0.66039421, 0.56948287, -242.55593, 2483.9731, -535.91989, 10.905635, -18.718127, -0.033505631, 0.15099645, 1.0333044, -34.595556, 8.9006137, -0.15993734, 0.18176393, 148.95514, -535.91989, 623.86169))
			, nrow = 12, ncol = 12
			, dimnames = list(
				as.character(c("GAMMA", "CMultStdev", "tvVmax", "tvKm", "tvV", "tvKa", "K12", "K21", "stdev0", "nVmax-nVmax", "nV-nVmax", "nV-nV"))
				, as.character(c("GAMMA", "CMultStdev", "tvVmax", "tvKm", "tvV", "tvKa", "K12", "K21", "stdev0", "nVmax-nVmax", "nV-nVmax", "nV-nV"))
				)
			)
		, "LLTable" = data.frame(
			id = as.character(c( "1", "2", "3", "4", "5", "6", "7", "8", "9", "10", "11", "12", "13", "14", "15", "16", "17", "18", "19", "20", "21", "22", "23", "24", "25", "26", "27", "28", "29", "30", "31", "32", "33", "34", "35", "36", "37", "38", "39", "40", "41", "42", "43", "44", "45", "46", "47", "48", "49", "50", "51", "52", "53", "54", "55", "56", "57", "58", "59", "60"))
			, "LL" = c(-59.306511, -53.152379, -55.737389, -53.737787, -56.103678, -56.250641, -54.57628, -52.598753, -55.560257, -58.410618, -56.476902, -59.121004, -56.076674, -55.061389, -53.513647, -57.676118, -57.867202, -59.095993, -52.724434, -57.143104, -54.246626, -57.376236, -55.789107, -54.06841, -57.475831, -57.461616, -55.471086, -68.257151, -58.037602, -61.553001, -51.90116, -58.32454, -56.469072, -59.26266, -51.520819, -55.026255, -60.948362, -52.51733, -57.722994, -58.796706, -57.080016, -55.275347, -51.802052, -61.331512, -53.51943, -56.901828, -57.511803, -54.079744, -53.448343, -52.308541, -57.870146, -59.588116, -58.87307, -63.552863, -55.975043, -54.075054, -53.358705, -57.450593, -60.923882, -60.05642)
			) # end of LLTable
		, "residuals" = data.frame(
			  ID1 = as.character(c(  "",   "",   "",   "",   "",   "",   "",   "",   "",   "",   "",   "",   "",   "",   "",   "",   "",   "",   "",   "",   "",   "",   "",   "",   "",   "",   "",   "",   "",   "",   "",   "",   "",   "",   "",   "",   "",   "",   "",   "",   "",   "",   "",   "",   "",   "",   "",   "",   "",   "",   "",   "",   "",   "",   "",   "",   "",   "",   "",   "",   "",   "",   "",   "",   "",   "",   "",   "",   "",   "",   "",   "",   "",   "",   "",   "",   "",   "",   "",   "",   "",   "",   "",   "",   "",   "",   "",   "",   "",   "",   "",   "",   "",   "",   "",   "",   "",   "",   "",   "",   "",   "",   "",   "",   "",   "",   "",   "",   "",   "",   "",   "",   "",   "",   "",   "",   "",   "",   "",   "",   "",   "",   "",   "",   "",   "",   "",   "",   "",   "",   "",   "",   "",   "",   "",   "",   "",   "",   "",   "",   "",   "",   "",   "",   "",   "",   "",   "",   "",   "",   "",   "",   "",   "",   "",   "",   "",   "",   "",   "",   "",   "",   "",   "",   "",   "",   "",   "",   "",   "",   "",   "",   "",   "",   "",   "",   "",   "",   "",   "",   "",   "",   "",   "",   "",   "",   "",   "",   "",   "",   "",   "",   "",   "",   "",   "",   "",   "",   "",   "",   "",   "",   "",   "",   "",   "",   "",   "",   "",   "",   "",   "",   "",   "",   "",   "",   "",   "",   "",   "",   "",   "",   "",   "",   "",   "",   "",   "",   "",   "",   "",   "",   "",   "",   "",   "",   "",   "",   "",   "",   "",   "",   "",   "",   "",   "",   "",   "",   "",   "",   "",   "",   "",   "",   "",   "",   "",   "",   "",   "",   "",   "",   "",   "",   "",   "",   "",   "",   "",   "",   "",   "",   "",   "",   "",   "",   "",   "",   "",   "",   "",   "",   "",   "",   "",   "",   "",   "",   "",   "",   "",   "",   "",   "",   "",   "",   "",   "",   "",   "",   "",   "",   "",   "",   "",   "",   "",   "",   "",   "",   "",   "",   "",   "",   "",   "",   "",   "",   "",   "",   "",   "",   "",   "",   "",   "",   "",   "",   "",   "",   "",   "",   "",   "",   "",   "",   "",   "",   "",   "",   "",   "",   "",   "",   "",   "",   "",   "",   "",   "",   "",   "",   "",   "",   "",   "",   "",   "",   "",   "",   "",   "",   "",   "",   "",   "",   "",   "",   "",   "",   "",   "",   "",   "",   "",   "",   "",   "",   "",   "",   "",   "",   "",   "",   "",   "",   "",   "",   "",   "",   "",   "",   "",   "",   "",   "",   "",   "",   "",   "",   "",   "",   "",   "",   "",   "",   "",   "",   "",   "",   "",   "",   "",   "",   "",   "",   "",   "",   "",   "",   "",   "",   "",   "",   "",   "",   "",   "",   "",   "",   "",   "",   "",   "",   "",   "",   "",   "",   "",   "",   "",   "",   "",   "",   "",   "",   "",   "",   "",   "",   "",   "",   "",   "",   "",   "",   "",   "",   "",   "",   "",   "",   "",   "",   "",   "",   "",   "",   "",   "",   "",   "",   "",   "",   "",   "",   "",   "",   "",   ""))
			, ID2 = as.character(c(  "",   "",   "",   "",   "",   "",   "",   "",   "",   "",   "",   "",   "",   "",   "",   "",   "",   "",   "",   "",   "",   "",   "",   "",   "",   "",   "",   "",   "",   "",   "",   "",   "",   "",   "",   "",   "",   "",   "",   "",   "",   "",   "",   "",   "",   "",   "",   "",   "",   "",   "",   "",   "",   "",   "",   "",   "",   "",   "",   "",   "",   "",   "",   "",   "",   "",   "",   "",   "",   "",   "",   "",   "",   "",   "",   "",   "",   "",   "",   "",   "",   "",   "",   "",   "",   "",   "",   "",   "",   "",   "",   "",   "",   "",   "",   "",   "",   "",   "",   "",   "",   "",   "",   "",   "",   "",   "",   "",   "",   "",   "",   "",   "",   "",   "",   "",   "",   "",   "",   "",   "",   "",   "",   "",   "",   "",   "",   "",   "",   "",   "",   "",   "",   "",   "",   "",   "",   "",   "",   "",   "",   "",   "",   "",   "",   "",   "",   "",   "",   "",   "",   "",   "",   "",   "",   "",   "",   "",   "",   "",   "",   "",   "",   "",   "",   "",   "",   "",   "",   "",   "",   "",   "",   "",   "",   "",   "",   "",   "",   "",   "",   "",   "",   "",   "",   "",   "",   "",   "",   "",   "",   "",   "",   "",   "",   "",   "",   "",   "",   "",   "",   "",   "",   "",   "",   "",   "",   "",   "",   "",   "",   "",   "",   "",   "",   "",   "",   "",   "",   "",   "",   "",   "",   "",   "",   "",   "",   "",   "",   "",   "",   "",   "",   "",   "",   "",   "",   "",   "",   "",   "",   "",   "",   "",   "",   "",   "",   "",   "",   "",   "",   "",   "",   "",   "",   "",   "",   "",   "",   "",   "",   "",   "",   "",   "",   "",   "",   "",   "",   "",   "",   "",   "",   "",   "",   "",   "",   "",   "",   "",   "",   "",   "",   "",   "",   "",   "",   "",   "",   "",   "",   "",   "",   "",   "",   "",   "",   "",   "",   "",   "",   "",   "",   "",   "",   "",   "",   "",   "",   "",   "",   "",   "",   "",   "",   "",   "",   "",   "",   "",   "",   "",   "",   "",   "",   "",   "",   "",   "",   "",   "",   "",   "",   "",   "",   "",   "",   "",   "",   "",   "",   "",   "",   "",   "",   "",   "",   "",   "",   "",   "",   "",   "",   "",   "",   "",   "",   "",   "",   "",   "",   "",   "",   "",   "",   "",   "",   "",   "",   "",   "",   "",   "",   "",   "",   "",   "",   "",   "",   "",   "",   "",   "",   "",   "",   "",   "",   "",   "",   "",   "",   "",   "",   "",   "",   "",   "",   "",   "",   "",   "",   "",   "",   "",   "",   "",   "",   "",   "",   "",   "",   "",   "",   "",   "",   "",   "",   "",   "",   "",   "",   "",   "",   "",   "",   "",   "",   "",   "",   "",   "",   "",   "",   "",   "",   "",   "",   "",   "",   "",   "",   "",   "",   "",   "",   "",   "",   "",   "",   "",   "",   "",   "",   "",   "",   "",   "",   "",   "",   "",   "",   "",   "",   "",   "",   "",   "",   "",   "",   "",   "",   "",   "",   "",   "",   "",   "",   "",   "",   ""))
			, ID3 = as.character(c(  "",   "",   "",   "",   "",   "",   "",   "",   "",   "",   "",   "",   "",   "",   "",   "",   "",   "",   "",   "",   "",   "",   "",   "",   "",   "",   "",   "",   "",   "",   "",   "",   "",   "",   "",   "",   "",   "",   "",   "",   "",   "",   "",   "",   "",   "",   "",   "",   "",   "",   "",   "",   "",   "",   "",   "",   "",   "",   "",   "",   "",   "",   "",   "",   "",   "",   "",   "",   "",   "",   "",   "",   "",   "",   "",   "",   "",   "",   "",   "",   "",   "",   "",   "",   "",   "",   "",   "",   "",   "",   "",   "",   "",   "",   "",   "",   "",   "",   "",   "",   "",   "",   "",   "",   "",   "",   "",   "",   "",   "",   "",   "",   "",   "",   "",   "",   "",   "",   "",   "",   "",   "",   "",   "",   "",   "",   "",   "",   "",   "",   "",   "",   "",   "",   "",   "",   "",   "",   "",   "",   "",   "",   "",   "",   "",   "",   "",   "",   "",   "",   "",   "",   "",   "",   "",   "",   "",   "",   "",   "",   "",   "",   "",   "",   "",   "",   "",   "",   "",   "",   "",   "",   "",   "",   "",   "",   "",   "",   "",   "",   "",   "",   "",   "",   "",   "",   "",   "",   "",   "",   "",   "",   "",   "",   "",   "",   "",   "",   "",   "",   "",   "",   "",   "",   "",   "",   "",   "",   "",   "",   "",   "",   "",   "",   "",   "",   "",   "",   "",   "",   "",   "",   "",   "",   "",   "",   "",   "",   "",   "",   "",   "",   "",   "",   "",   "",   "",   "",   "",   "",   "",   "",   "",   "",   "",   "",   "",   "",   "",   "",   "",   "",   "",   "",   "",   "",   "",   "",   "",   "",   "",   "",   "",   "",   "",   "",   "",   "",   "",   "",   "",   "",   "",   "",   "",   "",   "",   "",   "",   "",   "",   "",   "",   "",   "",   "",   "",   "",   "",   "",   "",   "",   "",   "",   "",   "",   "",   "",   "",   "",   "",   "",   "",   "",   "",   "",   "",   "",   "",   "",   "",   "",   "",   "",   "",   "",   "",   "",   "",   "",   "",   "",   "",   "",   "",   "",   "",   "",   "",   "",   "",   "",   "",   "",   "",   "",   "",   "",   "",   "",   "",   "",   "",   "",   "",   "",   "",   "",   "",   "",   "",   "",   "",   "",   "",   "",   "",   "",   "",   "",   "",   "",   "",   "",   "",   "",   "",   "",   "",   "",   "",   "",   "",   "",   "",   "",   "",   "",   "",   "",   "",   "",   "",   "",   "",   "",   "",   "",   "",   "",   "",   "",   "",   "",   "",   "",   "",   "",   "",   "",   "",   "",   "",   "",   "",   "",   "",   "",   "",   "",   "",   "",   "",   "",   "",   "",   "",   "",   "",   "",   "",   "",   "",   "",   "",   "",   "",   "",   "",   "",   "",   "",   "",   "",   "",   "",   "",   "",   "",   "",   "",   "",   "",   "",   "",   "",   "",   "",   "",   "",   "",   "",   "",   "",   "",   "",   "",   "",   "",   "",   "",   "",   "",   "",   "",   "",   "",   "",   "",   "",   "",   "",   "",   "",   "",   "",   "",   "",   "",   ""))
			, ID4 = as.character(c(  "",   "",   "",   "",   "",   "",   "",   "",   "",   "",   "",   "",   "",   "",   "",   "",   "",   "",   "",   "",   "",   "",   "",   "",   "",   "",   "",   "",   "",   "",   "",   "",   "",   "",   "",   "",   "",   "",   "",   "",   "",   "",   "",   "",   "",   "",   "",   "",   "",   "",   "",   "",   "",   "",   "",   "",   "",   "",   "",   "",   "",   "",   "",   "",   "",   "",   "",   "",   "",   "",   "",   "",   "",   "",   "",   "",   "",   "",   "",   "",   "",   "",   "",   "",   "",   "",   "",   "",   "",   "",   "",   "",   "",   "",   "",   "",   "",   "",   "",   "",   "",   "",   "",   "",   "",   "",   "",   "",   "",   "",   "",   "",   "",   "",   "",   "",   "",   "",   "",   "",   "",   "",   "",   "",   "",   "",   "",   "",   "",   "",   "",   "",   "",   "",   "",   "",   "",   "",   "",   "",   "",   "",   "",   "",   "",   "",   "",   "",   "",   "",   "",   "",   "",   "",   "",   "",   "",   "",   "",   "",   "",   "",   "",   "",   "",   "",   "",   "",   "",   "",   "",   "",   "",   "",   "",   "",   "",   "",   "",   "",   "",   "",   "",   "",   "",   "",   "",   "",   "",   "",   "",   "",   "",   "",   "",   "",   "",   "",   "",   "",   "",   "",   "",   "",   "",   "",   "",   "",   "",   "",   "",   "",   "",   "",   "",   "",   "",   "",   "",   "",   "",   "",   "",   "",   "",   "",   "",   "",   "",   "",   "",   "",   "",   "",   "",   "",   "",   "",   "",   "",   "",   "",   "",   "",   "",   "",   "",   "",   "",   "",   "",   "",   "",   "",   "",   "",   "",   "",   "",   "",   "",   "",   "",   "",   "",   "",   "",   "",   "",   "",   "",   "",   "",   "",   "",   "",   "",   "",   "",   "",   "",   "",   "",   "",   "",   "",   "",   "",   "",   "",   "",   "",   "",   "",   "",   "",   "",   "",   "",   "",   "",   "",   "",   "",   "",   "",   "",   "",   "",   "",   "",   "",   "",   "",   "",   "",   "",   "",   "",   "",   "",   "",   "",   "",   "",   "",   "",   "",   "",   "",   "",   "",   "",   "",   "",   "",   "",   "",   "",   "",   "",   "",   "",   "",   "",   "",   "",   "",   "",   "",   "",   "",   "",   "",   "",   "",   "",   "",   "",   "",   "",   "",   "",   "",   "",   "",   "",   "",   "",   "",   "",   "",   "",   "",   "",   "",   "",   "",   "",   "",   "",   "",   "",   "",   "",   "",   "",   "",   "",   "",   "",   "",   "",   "",   "",   "",   "",   "",   "",   "",   "",   "",   "",   "",   "",   "",   "",   "",   "",   "",   "",   "",   "",   "",   "",   "",   "",   "",   "",   "",   "",   "",   "",   "",   "",   "",   "",   "",   "",   "",   "",   "",   "",   "",   "",   "",   "",   "",   "",   "",   "",   "",   "",   "",   "",   "",   "",   "",   "",   "",   "",   "",   "",   "",   "",   "",   "",   "",   "",   "",   "",   "",   "",   "",   "",   "",   "",   "",   "",   "",   "",   "",   "",   "",   "",   "",   "",   "",   "",   ""))
			, ID5 = as.character(c( "1",  "1",  "1",  "1",  "1",  "1",  "1",  "1",  "2",  "2",  "2",  "2",  "2",  "2",  "2",  "2",  "3",  "3",  "3",  "3",  "3",  "3",  "3",  "3",  "4",  "4",  "4",  "4",  "4",  "4",  "4",  "4",  "5",  "5",  "5",  "5",  "5",  "5",  "5",  "5",  "6",  "6",  "6",  "6",  "6",  "6",  "6",  "6",  "7",  "7",  "7",  "7",  "7",  "7",  "7",  "7",  "8",  "8",  "8",  "8",  "8",  "8",  "8",  "8",  "9",  "9",  "9",  "9",  "9",  "9",  "9",  "9", "10", "10", "10", "10", "10", "10", "10", "10", "11", "11", "11", "11", "11", "11", "11", "11", "12", "12", "12", "12", "12", "12", "12", "12", "13", "13", "13", "13", "13", "13", "13", "13", "14", "14", "14", "14", "14", "14", "14", "14", "15", "15", "15", "15", "15", "15", "15", "15", "16", "16", "16", "16", "16", "16", "16", "16", "17", "17", "17", "17", "17", "17", "17", "17", "18", "18", "18", "18", "18", "18", "18", "18", "19", "19", "19", "19", "19", "19", "19", "19", "20", "20", "20", "20", "20", "20", "20", "20", "21", "21", "21", "21", "21", "21", "21", "21", "22", "22", "22", "22", "22", "22", "22", "22", "23", "23", "23", "23", "23", "23", "23", "23", "24", "24", "24", "24", "24", "24", "24", "24", "25", "25", "25", "25", "25", "25", "25", "25", "26", "26", "26", "26", "26", "26", "26", "26", "27", "27", "27", "27", "27", "27", "27", "27", "28", "28", "28", "28", "28", "28", "28", "28", "29", "29", "29", "29", "29", "29", "29", "29", "30", "30", "30", "30", "30", "30", "30", "30", "31", "31", "31", "31", "31", "31", "31", "31", "32", "32", "32", "32", "32", "32", "32", "32", "33", "33", "33", "33", "33", "33", "33", "33", "34", "34", "34", "34", "34", "34", "34", "34", "35", "35", "35", "35", "35", "35", "35", "35", "36", "36", "36", "36", "36", "36", "36", "36", "37", "37", "37", "37", "37", "37", "37", "37", "38", "38", "38", "38", "38", "38", "38", "38", "39", "39", "39", "39", "39", "39", "39", "39", "40", "40", "40", "40", "40", "40", "40", "40", "41", "41", "41", "41", "41", "41", "41", "41", "42", "42", "42", "42", "42", "42", "42", "42", "43", "43", "43", "43", "43", "43", "43", "43", "44", "44", "44", "44", "44", "44", "44", "44", "45", "45", "45", "45", "45", "45", "45", "45", "46", "46", "46", "46", "46", "46", "46", "46", "47", "47", "47", "47", "47", "47", "47", "47", "48", "48", "48", "48", "48", "48", "48", "48", "49", "49", "49", "49", "49", "49", "49", "49", "50", "50", "50", "50", "50", "50", "50", "50", "51", "51", "51", "51", "51", "51", "51", "51", "52", "52", "52", "52", "52", "52", "52", "52", "53", "53", "53", "53", "53", "53", "53", "53", "54", "54", "54", "54", "54", "54", "54", "54", "55", "55", "55", "55", "55", "55", "55", "55", "56", "56", "56", "56", "56", "56", "56", "56", "57", "57", "57", "57", "57", "57", "57", "57", "58", "58", "58", "58", "58", "58", "58", "58", "59", "59", "59", "59", "59", "59", "59", "59", "60", "60", "60", "60", "60", "60", "60", "60"))
			, IVAR = c(0.64, 1.99, 6.43, 12.03, 22.28, 48.91, 80.15, 138.94, 0.51, 2.49, 6.29, 11.18, 25.51, 43.72, 84.69, 123.55, 0.48, 2, 6.04, 11.31, 22.67, 47.36, 103.04, 108, 0.53, 2.07, 6.67, 11.64, 24.9, 49.3, 90.93, 135.41, 0.56, 2.15, 7.03, 12.69, 21.12, 45.33, 84.94, 114.45, 0.47, 2.01, 5.48, 12.19, 22.48, 57.28, 103.13, 131.43, 0.52, 2.37, 5.63, 11.46, 27.7, 44.98, 94.03, 115.38, 0.48, 1.94, 6.3, 11.79, 22.82, 54.9, 93.96, 117.86, 0.5, 2.15, 5.96, 11.95, 22.42, 46.47, 96.58, 113.14, 0.53, 1.72, 6.19, 10.29, 23.29, 45.53, 89.94, 119.32, 0.41, 2.25, 5.08, 11.46, 21.47, 44.53, 118.28, 120.21, 0.44, 1.7, 6.28, 11.98, 23.25, 43.74, 82.73, 107.77, 0.55, 1.88, 5.22, 14.47, 25.04, 46.87, 106.72, 131.12, 0.47, 2.49, 5.85, 10.41, 23.66, 49.01, 120.92, 121.28, 0.52, 1.98, 5.8, 11.96, 25.97, 59.07, 106.39, 135.41, 0.44, 2.21, 6.13, 10.36, 25.28, 47.24, 111.14, 111.15, 0.48, 1.82, 5.89, 12.49, 22.31, 52.16, 85.08, 108.06, 0.58, 1.81, 6.25, 11.55, 25, 56.83, 112.51, 116.09, 0.4, 2.57, 6.41, 12.67, 23.97, 50.51, 94.43, 125.16, 0.48, 1.74, 6.62, 13.97, 23.27, 42.35, 102.37, 119.46, 0.42, 2, 5.63, 11.6, 21.38, 57.48, 92.87, 102.2, 0.51, 2.05, 5.44, 8.99, 22.51, 50.82, 95.43, 118.83, 0.53, 1.78, 6.7, 11.99, 25.76, 53.23, 98.17, 109.91, 0.56, 1.64, 5.68, 11.7, 23.6, 53.16, 97.32, 124.99, 0.5, 1.95, 6.43, 13.46, 18.87, 50.83, 99.67, 115, 0.55, 1.92, 5.83, 13.07, 28.5, 49.31, 92.03, 106.55, 0.48, 1.82, 5.85, 12.48, 22.04, 62.56, 97.51, 134.36, 0.4, 2.15, 5.26, 13.16, 24.97, 46.08, 109.59, 111.87, 0.47, 1.81, 5.61, 13.19, 25.06, 53.08, 92.33, 124.6, 0.51, 1.73, 7.17, 12.16, 25.91, 52.81, 95.52, 116.39, 0.55, 1.8, 7.31, 11.55, 28.32, 55.84, 96.8, 127, 0.45, 2.07, 6.66, 12.12, 22.93, 44.95, 95.66, 133.54, 0.48, 1.98, 5.27, 12.61, 27.35, 55.75, 99.54, 104.15, 0.52, 2.09, 5.79, 12.21, 22.01, 51.37, 92.91, 102.57, 0.48, 2.29, 5.8, 12.91, 26.38, 48.02, 92.68, 113.81, 0.54, 1.8, 6.15, 11.66, 19.14, 41.69, 105.21, 117.73, 0.54, 2.42, 6.95, 12.84, 24.93, 47.08, 112.41, 127.37, 0.44, 1.97, 4.95, 11.77, 18.52, 54.74, 90.09, 114.95, 0.49, 2.13, 6.42, 12.7, 22.66, 41.88, 92.34, 123.38, 0.46, 1.99, 5.34, 11.99, 24.31, 47.3, 94.44, 143.14, 0.54, 2.24, 5.47, 12.2, 26.94, 47.73, 77.59, 124.21, 0.41, 1.84, 6.85, 12.76, 26.77, 49.49, 94.95, 109.41, 0.59, 2.01, 5.59, 13.08, 26.72, 58.02, 90.38, 115.4, 0.48, 1.93, 5.78, 11.65, 27.72, 44.77, 92.34, 128.09, 0.56, 1.85, 5.7, 12.65, 26.57, 46.81, 83.21, 142.37, 0.58, 1.86, 5.96, 10.06, 25.41, 56.4, 81.5, 111, 0.47, 1.87, 4.9, 12.62, 20.59, 47.88, 101.86, 117.65, 0.55, 1.99, 5.62, 12.8, 22.98, 57.31, 95.82, 130.68, 0.51, 1.48, 5.23, 11.5, 24.58, 37.98, 105.69, 112.96, 0.46, 1.71, 5.19, 12.07, 25.25, 38.92, 86.83, 126.6, 0.48, 2.48, 6.8, 12.74, 24.01, 49.36, 89.46, 127.78, 0.58, 2.23, 5.53, 10.21, 23.74, 50.16, 105.18, 109.89, 0.52, 2.05, 6.76, 11.97, 23.16, 42.8, 91.16, 115.73, 0.63, 2.55, 5.9, 10.81, 19.7, 50.54, 86.08, 150.8, 0.46, 2.02, 8.78, 10.74, 24.75, 42.97, 99.4, 109.97, 0.5, 1.94, 5.33, 12.01, 26.5, 56.29, 83.69, 117.04, 0.56, 1.79, 4.66, 10.93, 21.79, 48.23, 92.2, 122.81, 0.48, 2.08, 5.78, 13.52, 22.29, 49.42, 87.87, 122.52, 0.5, 1.69, 5.91, 13.5, 25.69, 48.69, 85.21, 134.88, 0.5, 1.91, 7.07, 11.11, 24.74, 54.56, 101.96, 116.37)
			, TAD = c(0.64, 1.99, 6.43, 12.03, 22.28, 48.91, 80.15, 138.94, 0.51, 2.49, 6.29, 11.18, 25.51, 43.72, 84.69, 123.55, 0.48, 2, 6.04, 11.31, 22.67, 47.36, 103.04, 108, 0.53, 2.07, 6.67, 11.64, 24.9, 49.3, 90.93, 135.41, 0.56, 2.15, 7.03, 12.69, 21.12, 45.33, 84.94, 114.45, 0.47, 2.01, 5.48, 12.19, 22.48, 57.28, 103.13, 131.43, 0.52, 2.37, 5.63, 11.46, 27.7, 44.98, 94.03, 115.38, 0.48, 1.94, 6.3, 11.79, 22.82, 54.9, 93.96, 117.86, 0.5, 2.15, 5.96, 11.95, 22.42, 46.47, 96.58, 113.14, 0.53, 1.72, 6.19, 10.29, 23.29, 45.53, 89.94, 119.32, 0.41, 2.25, 5.08, 11.46, 21.47, 44.53, 118.28, 120.21, 0.44, 1.7, 6.28, 11.98, 23.25, 43.74, 82.73, 107.77, 0.55, 1.88, 5.22, 14.47, 25.04, 46.87, 106.72, 131.12, 0.47, 2.49, 5.85, 10.41, 23.66, 49.01, 120.92, 121.28, 0.52, 1.98, 5.8, 11.96, 25.97, 59.07, 106.39, 135.41, 0.44, 2.21, 6.13, 10.36, 25.28, 47.24, 111.14, 111.15, 0.48, 1.82, 5.89, 12.49, 22.31, 52.16, 85.08, 108.06, 0.58, 1.81, 6.25, 11.55, 25, 56.83, 112.51, 116.09, 0.4, 2.57, 6.41, 12.67, 23.97, 50.51, 94.43, 125.16, 0.48, 1.74, 6.62, 13.97, 23.27, 42.35, 102.37, 119.46, 0.42, 2, 5.63, 11.6, 21.38, 57.48, 92.87, 102.2, 0.51, 2.05, 5.44, 8.99, 22.51, 50.82, 95.43, 118.83, 0.53, 1.78, 6.7, 11.99, 25.76, 53.23, 98.17, 109.91, 0.56, 1.64, 5.68, 11.7, 23.6, 53.16, 97.32, 124.99, 0.5, 1.95, 6.43, 13.46, 18.87, 50.83, 99.67, 115, 0.55, 1.92, 5.83, 13.07, 28.5, 49.31, 92.03, 106.55, 0.48, 1.82, 5.85, 12.48, 22.04, 62.56, 97.51, 134.36, 0.4, 2.15, 5.26, 13.16, 24.97, 46.08, 109.59, 111.87, 0.47, 1.81, 5.61, 13.19, 25.06, 53.08, 92.33, 124.6, 0.51, 1.73, 7.17, 12.16, 25.91, 52.81, 95.52, 116.39, 0.55, 1.8, 7.31, 11.55, 28.32, 55.84, 96.8, 127, 0.45, 2.07, 6.66, 12.12, 22.93, 44.95, 95.66, 133.54, 0.48, 1.98, 5.27, 12.61, 27.35, 55.75, 99.54, 104.15, 0.52, 2.09, 5.79, 12.21, 22.01, 51.37, 92.91, 102.57, 0.48, 2.29, 5.8, 12.91, 26.38, 48.02, 92.68, 113.81, 0.54, 1.8, 6.15, 11.66, 19.14, 41.69, 105.21, 117.73, 0.54, 2.42, 6.95, 12.84, 24.93, 47.08, 112.41, 127.37, 0.44, 1.97, 4.95, 11.77, 18.52, 54.74, 90.09, 114.95, 0.49, 2.13, 6.42, 12.7, 22.66, 41.88, 92.34, 123.38, 0.46, 1.99, 5.34, 11.99, 24.31, 47.3, 94.44, 143.14, 0.54, 2.24, 5.47, 12.2, 26.94, 47.73, 77.59, 124.21, 0.41, 1.84, 6.85, 12.76, 26.77, 49.49, 94.95, 109.41, 0.59, 2.01, 5.59, 13.08, 26.72, 58.02, 90.38, 115.4, 0.48, 1.93, 5.78, 11.65, 27.72, 44.77, 92.34, 128.09, 0.56, 1.85, 5.7, 12.65, 26.57, 46.81, 83.21, 142.37, 0.58, 1.86, 5.96, 10.06, 25.41, 56.4, 81.5, 111, 0.47, 1.87, 4.9, 12.62, 20.59, 47.88, 101.86, 117.65, 0.55, 1.99, 5.62, 12.8, 22.98, 57.31, 95.82, 130.68, 0.51, 1.48, 5.23, 11.5, 24.58, 37.98, 105.69, 112.96, 0.46, 1.71, 5.19, 12.07, 25.25, 38.92, 86.83, 126.6, 0.48, 2.48, 6.8, 12.74, 24.01, 49.36, 89.46, 127.78, 0.58, 2.23, 5.53, 10.21, 23.74, 50.16, 105.18, 109.89, 0.52, 2.05, 6.76, 11.97, 23.16, 42.8, 91.16, 115.73, 0.63, 2.55, 5.9, 10.81, 19.7, 50.54, 86.08, 150.8, 0.46, 2.02, 8.78, 10.74, 24.75, 42.97, 99.4, 109.97, 0.5, 1.94, 5.33, 12.01, 26.5, 56.29, 83.69, 117.04, 0.56, 1.79, 4.66, 10.93, 21.79, 48.23, 92.2, 122.81, 0.48, 2.08, 5.78, 13.52, 22.29, 49.42, 87.87, 122.52, 0.5, 1.69, 5.91, 13.5, 25.69, 48.69, 85.21, 134.88, 0.5, 1.91, 7.07, 11.11, 24.74, 54.56, 101.96, 116.37)
