dmp.txt <- structure(
	.Data = list(
		"coefficients" = list(
			"fixed" = c("CMultStdev" = 0.550739866798704, "tvVmax" = 5276.32398038643, "tvKm" = 1625.09481569504, "tvV" = 42.4883765865886, "tvKa" = 1.20208265220974, "dVdWT" = 0.986607433046068, "CEps" = 0.361716427554686)
			, "random" = list("Subject" = matrix(
				as.numeric(c(
					 0.182880829587713,  0.092617106990214,  -0.000730780630807279
					,  0.0489372949817826,  0.177922414339938,  0.197590194370826
					,  -0.173552660936881,  0.151844753256275,  0.116731664465147
					,  0.209001131132065,  0.137843980240969,  0.246161733769744
					,  -0.182932080697551,  0.0848060943767722,  -0.451156174828092
					,  0.033522811970391,  -0.585312745755672,  0.199921568066184
					,  -0.334660548463136,  0.340043884565833,  0.450007214584404
					,  0.189915038793203,  -0.0256034240582091,  -0.0381302011845645
					,  0.360503402011637,  0.147396955995262,  0.296487364049392
					,  -0.260580766562841,  -0.323200566124097,  0.106963027116874
					,  -0.270293793482889,  0.37685046336136,  -0.396587770085473
					,  -0.0687232842972397,  0.190521404933075,  -0.00501370618498579
					,  0.116768250369116,  -0.693867153541781,  0.320360938448474
					,  0.390126146275259,  -0.265080787332201,  -0.445729584903297
					,  -0.272188733855775,  0.200922922262736,  0.56683829090858
					,  -0.129655286725556,  -0.0740338980546764,  0.0363390261786909
					,  0.0523081376485843,  0.0929255265750824,  -0.35886778894044
					,  -0.120410890201548,  -0.142000613883006,  -0.617596885979789
					,  -0.131533158281747,  0.262804434405263,  0.552190419700501
					,  -0.228613877320846,  -0.704041097427592,  0.37527964174802
					))
				, nrow = 60, ncol = 1
				, dimnames = list(
					as.character(c( "1", "2", "3", "4", "5", "6", "7", "8", "9", "10"
					  , "11", "12", "13", "14", "15", "16", "17", "18", "19", "20"
					  , "21", "22", "23", "24", "25", "26", "27", "28", "29", "30"
					  , "31", "32", "33", "34", "35", "36", "37", "38", "39", "40"
					  , "41", "42", "43", "44", "45", "46", "47", "48", "49", "50"
					  , "51", "52", "53", "54", "55", "56", "57", "58", "59", "60"))
					, as.character(c("nVmax"))
					)
				))
			)
		, "logLik" = c(-3145.38)
		, "nObs" = c(480)
		, "nSubj" = c(60)
		, "nParm" = c(8)
		, "returnCode" = c(1)
		, "omega" = matrix(
			as.numeric(c(0.0950220366150357))
			, nrow = 1, ncol = 1
			, dimnames = list(
				as.character(c("nVmax"))
				, as.character(c("nVmax"))
				)
			)
		, "eta" = matrix(
			as.numeric(c(8.72634623112628e-005, 0.089212055180742, 0.298683871644825, 0.0310539314240524))
			, nrow = 1, ncol = 4
			, dimnames = list(
				as.character(c("nVmax"))
				, as.character(c("mean", "var", "sd", "shrinkage"))
				)
			)
		, "eta_shrinkage" = list("Subject" = matrix(
			as.numeric(c(
				 0.033855696674462,  0.0352172893584882,  0.020746308620407
				,  0.0343999093275147,  0.0309447658855095,  0.0588719617426111
				,  0.0393574158096291,  0.0261535333012619,  0.0249771412392763
				,  0.0343989240137384,  0.0266029926662246,  0.0296417197907833
				,  0.0236159453699353,  0.073870174220404,  0.0657441340578673
				,  0.0217949319018166,  0.0924749502951096,  0.0249527850738796
				,  0.0561773676376988,  0.060399439413934,  0.0344519224479693
				,  0.0283178742906518,  0.0247799246240958,  0.031698276596981
				,  0.0491144663101847,  0.0229029628726333,  0.0429913915861463
				,  0.0202725098579521,  0.0332727639181687,  0.0247167456157384
				,  0.0571770504817513,  0.0760500623642551,  0.0623622561212497
				,  0.0287242849508338,  0.0532721376675858,  0.0237103619113066
				,  0.0626274788435968,  0.102564056308406,  0.0399538070942646
				,  0.0432706210199455,  0.0381440138942987,  0.0546227007603326
				,  0.051552433703204,  0.0388339600844868,  0.0470829902888244
				,  0.0252768384675497,  0.0283458873047617,  0.0282194477987946
				,  0.0231817846935715,  0.0324382317690183,  0.0508581965525434
				,  0.0221073974958232,  0.0359602486242522,  0.0394430750091544
				,  0.0529290193144673,  0.0314935364778215,  0.0575833180408094
				,  0.0248613594608412,  0.110627725532212,  0.0659060644975893
				))
			, nrow = 60, ncol = 1
			, dimnames = list(
				as.character(c( "1", "2", "3", "4", "5", "6", "7", "8", "9", "10"
				  , "11", "12", "13", "14", "15", "16", "17", "18", "19", "20"
				  , "21", "22", "23", "24", "25", "26", "27", "28", "29", "30"
				  , "31", "32", "33", "34", "35", "36", "37", "38", "39", "40"
				  , "41", "42", "43", "44", "45", "46", "47", "48", "49", "50"
				  , "51", "52", "53", "54", "55", "56", "57", "58", "59", "60"))
				, as.character(c("nVmax_shrinkage"))
				)
			))
		, "sigma" = matrix(
			as.numeric(c(0.130838773962925))
			, nrow = 1, ncol = 1
			, dimnames = list(
				as.character(c("CEps"))
				, as.character(c("CEps"))
				)
			)
		, "method" = "FOCE-ELS"
		, "varFix" = matrix(
			as.numeric(c(0.000767270054776928, -2.38296760456189, -0.0909842237837433, -0.0188823066202431, -0.00129651666943311, 0.000646454497185558, -3.92655668356519e-005, -2.38296760456189, 430938.997232832, 166230.505386553, -590.431902018684, -26.6791042373434, -7.92906776707449, 8.69821608829952, -0.0909842237837433, 166230.505386553, 75590.3799072691, -389.333549556134, -18.2488731107738, -4.01079182158249, 3.67763069209812, -0.0188823066202431, -590.431902018684, -389.333549556134, 5.06949177164665, 0.283845102843124, -0.0447031724560392, -0.00485685081135272, -0.00129651666943311, -26.6791042373434, -18.2488731107738, 0.283845102843124, 0.0250064894244676, -0.00644519849874273, 0.00046503025437635, 0.000646454497185558, -7.92906776707449, -4.01079182158249, -0.0447031724560392, -0.00644519849874273, 0.0194081351619224, 0.00150165962406321, -3.92655668356519e-005, 8.69821608829952, 3.67763069209812, -0.00485685081135272, 0.00046503025437635, 0.00150165962406321, 0.00467968048706282))
			, nrow = 7, ncol = 7
			, dimnames = list(
				as.character(c("CMultStdev", "tvVmax", "tvKm", "tvV", "tvKa", "dVdWT", "CEps"))
				, as.character(c("CMultStdev", "tvVmax", "tvKm", "tvV", "tvKa", "dVdWT", "CEps"))
				)
			)
		, "omegaSE" = matrix(
			as.numeric(c(0.016578863307446))
			, nrow = 1, ncol = 1, byrow = TRUE
			, dimnames = list(
				as.character(c("nVmax"))
				, as.character(c("nVmax"))
				)
			)
		, "Covariance" = matrix(
			as.numeric(c(0.00076727005, -2.3829676, -0.090984224, -0.018882307, -0.0012965167, 0.0006464545, -3.9265567e-005, 3.5382023e-005, -2.3829676,    430939, 166230.51, -590.4319, -26.679104, -7.9290678, 8.6982161, -1.022352, -0.090984224, 166230.51,  75590.38, -389.33355, -18.248873, -4.0107918, 3.6776307, 0.022158221, -0.018882307, -590.4319, -389.33355, 5.0694918, 0.2838451, -0.044703172, -0.0048568508, -0.00046795406, -0.0012965167, -26.679104, -18.248873, 0.2838451, 0.025006489, -0.0064451985, 0.00046503025, -4.2757896e-005, 0.0006464545, -7.9290678, -4.0107918, -0.044703172, -0.0064451985, 0.019408135, 0.0015016596, 0.00040034286, -3.9265567e-005, 8.6982161, 3.6776307, -0.0048568508, 0.00046503025, 0.0015016596, 0.0046796805, -2.1592859e-005, 3.5382023e-005, -1.022352, 0.022158221, -0.00046795406, -4.2757896e-005, 0.00040034286, -2.1592859e-005, 0.00027485871))
			, nrow = 8, ncol = 8
			, dimnames = list(
				as.character(c("CMultStdev", "tvVmax", "tvKm", "tvV", "tvKa", "dVdWT", "stdev0", "nVmax-nVmax"))
				, as.character(c("CMultStdev", "tvVmax", "tvKm", "tvV", "tvKa", "dVdWT", "stdev0", "nVmax-nVmax"))
				)
			)
		, "Correlation" = matrix(
			as.numeric(c(0.02769964, -0.13104973, -0.011946996, -0.30276015, -0.29599039, 0.16752203, -0.020721903, 0.077046654, -0.13104973, 656.45944, 0.92102106, -0.39946589, -0.25700228, -0.086700645, 0.19369312, -0.093937242, -0.011946996, 0.92102106, 274.93705, -0.62893585, -0.4197362, -0.10471405, 0.19553601, 0.0048612378, -0.30276015, -0.39946589, -0.62893585, 2.2515532, 0.79721017, -0.1425162, -0.031532939, -0.01253621, -0.29599039, -0.25700228, -0.4197362, 0.79721017, 0.1581344, -0.29256208, 0.042987951, -0.016309296, 0.16752203, -0.086700645, -0.10471405, -0.1425162, -0.29256208, 0.13931308, 0.15756926, 0.17333467, -0.020721903, 0.19369312, 0.19553601, -0.031532939, 0.042987951, 0.15756926, 0.06840819, -0.019039139, 0.077046654, -0.093937242, 0.0048612378, -0.01253621, -0.016309296, 0.17333467, -0.019039139, 0.016578863))
			, nrow = 8, ncol = 8
			, dimnames = list(
				as.character(c("CMultStdev", "tvVmax", "tvKm", "tvV", "tvKa", "dVdWT", "stdev0", "nVmax-nVmax"))
				, as.character(c("CMultStdev", "tvVmax", "tvKm", "tvV", "tvKa", "dVdWT", "stdev0", "nVmax-nVmax"))
				)
			)
		, "Inverse" = matrix(
			as.numeric(c( 1583.784, 0.021682892, -0.0084563809, 6.3956541, 20.941337, -21.642504, -9.2242207, -77.599987, 0.021682892, 2.9861106e-005, -8.1719045e-005, -0.0030811969, 0.0046096647, -0.014519179, 0.010512857, 0.13231169, -0.0084563809, -8.1719045e-005, 0.00025078944, 0.010938372, -0.015438722, 0.050622401, -0.050398507, -0.38455944, 6.3956541, -0.0030811969, 0.010938372, 1.1266966, -7.419001,   1.32637, -1.4010845, -14.443671, 20.941337, 0.0046096647, -0.015438722, -7.419001, 125.78499,  24.89659, -24.519755, -15.557907, -21.642504, -0.014519179, 0.050622401,   1.32637,  24.89659, 74.404271, -38.691172, -160.58114, -9.2242207, 0.010512857, -0.050398507, -1.4010845, -24.519755, -38.691172,  247.6026, 113.96066, -77.599987, 0.13231169, -0.38455944, -14.443671, -15.557907, -160.58114, 113.96066, 4387.1994))
			, nrow = 8, ncol = 8
			, dimnames = list(
				as.character(c("CMultStdev", "tvVmax", "tvKm", "tvV", "tvKa", "dVdWT", "stdev0", "nVmax-nVmax"))
				, as.character(c("CMultStdev", "tvVmax", "tvKm", "tvV", "tvKa", "dVdWT", "stdev0", "nVmax-nVmax"))
				)
			)
		, "LLTable" = data.frame(
			id = as.character(c( "1", "2", "3", "4", "5", "6", "7", "8", "9", "10", "11", "12", "13", "14", "15", "16", "17", "18", "19", "20", "21", "22", "23", "24", "25", "26", "27", "28", "29", "30", "31", "32", "33", "34", "35", "36", "37", "38", "39", "40", "41", "42", "43", "44", "45", "46", "47", "48", "49", "50", "51", "52", "53", "54", "55", "56", "57", "58", "59", "60"))
			, "LL" = c(-48.554382, -50.212027, -51.580555, -50.095699, -59.790241, -44.928849, -54.342517, -47.83037, -54.161276, -46.442147, -49.117969, -47.638339, -54.963654, -51.09088, -58.600009, -48.57286, -67.113623, -45.370962, -60.03378, -44.973799, -45.182487, -47.60169, -53.488656, -50.089898, -45.557994, -51.957971, -43.868062, -53.275705, -63.563664, -52.116362, -57.706072, -45.960578, -57.357117, -53.047847, -48.480988, -49.723369, -48.441323, -65.683624, -47.91733, -48.676688, -56.300383, -71.847629, -54.777435, -48.850774, -44.183296, -53.48333, -52.341332, -50.178304, -50.090176, -50.127103, -62.429441,  -51.6717, -54.630219, -62.052536, -56.185112, -51.026018, -43.943948, -55.360687, -66.372858, -44.411692)
			) # end of LLTable
		, "residuals" = data.frame(
			  ID1 = as.character(c(  "",   "",   "",   "",   "",   "",   "",   "",   "",   "",   "",   "",   "",   "",   "",   "",   "",   "",   "",   "",   "",   "",   "",   "",   "",   "",   "",   "",   "",   "",   "",   "",   "",   "",   "",   "",   "",   "",   "",   "",   "",   "",   "",   "",   "",   "",   "",   "",   "",   "",   "",   "",   "",   "",   "",   "",   "",   "",   "",   "",   "",   "",   "",   "",   "",   "",   "",   "",   "",   "",   "",   "",   "",   "",   "",   "",   "",   "",   "",   "",   "",   "",   "",   "",   "",   "",   "",   "",   "",   "",   "",   "",   "",   "",   "",   "",   "",   "",   "",   "",   "",   "",   "",   "",   "",   "",   "",   "",   "",   "",   "",   "",   "",   "",   "",   "",   "",   "",   "",   "",   "",   "",   "",   "",   "",   "",   "",   "",   "",   "",   "",   "",   "",   "",   "",   "",   "",   "",   "",   "",   "",   "",   "",   "",   "",   "",   "",   "",   "",   "",   "",   "",   "",   "",   "",   "",   "",   "",   "",   "",   "",   "",   "",   "",   "",   "",   "",   "",   "",   "",   "",   "",   "",   "",   "",   "",   "",   "",   "",   "",   "",   "",   "",   "",   "",   "",   "",   "",   "",   "",   "",   "",   "",   "",   "",   "",   "",   "",   "",   "",   "",   "",   "",   "",   "",   "",   "",   "",   "",   "",   "",   "",   "",   "",   "",   "",   "",   "",   "",   "",   "",   "",   "",   "",   "",   "",   "",   "",   "",   "",   "",   "",   "",   "",   "",   "",   "",   "",   "",   "",   "",   "",   "",   "",   "",   "",   "",   "",   "",   "",   "",   "",   "",   "",   "",   "",   "",   "",   "",   "",   "",   "",   "",   "",   "",   "",   "",   "",   "",   "",   "",   "",   "",   "",   "",   "",   "",   "",   "",   "",   "",   "",   "",   "",   "",   "",   "",   "",   "",   "",   "",   "",   "",   "",   "",   "",   "",   "",   "",   "",   "",   "",   "",   "",   "",   "",   "",   "",   "",   "",   "",   "",   "",   "",   "",   "",   "",   "",   "",   "",   "",   "",   "",   "",   "",   "",   "",   "",   "",   "",   "",   "",   "",   "",   "",   "",   "",   "",   "",   "",   "",   "",   "",   "",   "",   "",   "",   "",   "",   "",   "",   "",   "",   "",   "",   "",   "",   "",   "",   "",   "",   "",   "",   "",   "",   "",   "",   "",   "",   "",   "",   "",   "",   "",   "",   "",   "",   "",   "",   "",   "",   "",   "",   "",   "",   "",   "",   "",   "",   "",   "",   "",   "",   "",   "",   "",   "",   "",   "",   "",   "",   "",   "",   "",   "",   "",   "",   "",   "",   "",   "",   "",   "",   "",   "",   "",   "",   "",   "",   "",   "",   "",   "",   "",   "",   "",   "",   "",   "",   "",   "",   "",   "",   "",   "",   "",   "",   "",   "",   "",   "",   "",   "",   "",   "",   "",   "",   "",   "",   "",   "",   "",   "",   "",   "",   "",   "",   "",   "",   "",   "",   "",   "",   "",   "",   "",   "",   "",   "",   "",   "",   "",   "",   "",   "",   "",   "",   "",   "",   ""))
			, ID2 = as.character(c(  "",   "",   "",   "",   "",   "",   "",   "",   "",   "",   "",   "",   "",   "",   "",   "",   "",   "",   "",   "",   "",   "",   "",   "",   "",   "",   "",   "",   "",   "",   "",   "",   "",   "",   "",   "",   "",   "",   "",   "",   "",   "",   "",   "",   "",   "",   "",   "",   "",   "",   "",   "",   "",   "",   "",   "",   "",   "",   "",   "",   "",   "",   "",   "",   "",   "",   "",   "",   "",   "",   "",   "",   "",   "",   "",   "",   "",   "",   "",   "",   "",   "",   "",   "",   "",   "",   "",   "",   "",   "",   "",   "",   "",   "",   "",   "",   "",   "",   "",   "",   "",   "",   "",   "",   "",   "",   "",   "",   "",   "",   "",   "",   "",   "",   "",   "",   "",   "",   "",   "",   "",   "",   "",   "",   "",   "",   "",   "",   "",   "",   "",   "",   "",   "",   "",   "",   "",   "",   "",   "",   "",   "",   "",   "",   "",   "",   "",   "",   "",   "",   "",   "",   "",   "",   "",   "",   "",   "",   "",   "",   "",   "",   "",   "",   "",   "",   "",   "",   "",   "",   "",   "",   "",   "",   "",   "",   "",   "",   "",   "",   "",   "",   "",   "",   "",   "",   "",   "",   "",   "",   "",   "",   "",   "",   "",   "",   "",   "",   "",   "",   "",   "",   "",   "",   "",   "",   "",   "",   "",   "",   "",   "",   "",   "",   "",   "",   "",   "",   "",   "",   "",   "",   "",   "",   "",   "",   "",   "",   "",   "",   "",   "",   "",   "",   "",   "",   "",   "",   "",   "",   "",   "",   "",   "",   "",   "",   "",   "",   "",   "",   "",   "",   "",   "",   "",   "",   "",   "",   "",   "",   "",   "",   "",   "",   "",   "",   "",   "",   "",   "",   "",   "",   "",   "",   "",   "",   "",   "",   "",   "",   "",   "",   "",   "",   "",   "",   "",   "",   "",   "",   "",   "",   "",   "",   "",   "",   "",   "",   "",   "",   "",   "",   "",   "",   "",   "",   "",   "",   "",   "",   "",   "",   "",   "",   "",   "",   "",   "",   "",   "",   "",   "",   "",   "",   "",   "",   "",   "",   "",   "",   "",   "",   "",   "",   "",   "",   "",   "",   "",   "",   "",   "",   "",   "",   "",   "",   "",   "",   "",   "",   "",   "",   "",   "",   "",   "",   "",   "",   "",   "",   "",   "",   "",   "",   "",   "",   "",   "",   "",   "",   "",   "",   "",   "",   "",   "",   "",   "",   "",   "",   "",   "",   "",   "",   "",   "",   "",   "",   "",   "",   "",   "",   "",   "",   "",   "",   "",   "",   "",   "",   "",   "",   "",   "",   "",   "",   "",   "",   "",   "",   "",   "",   "",   "",   "",   "",   "",   "",   "",   "",   "",   "",   "",   "",   "",   "",   "",   "",   "",   "",   "",   "",   "",   "",   "",   "",   "",   "",   "",   "",   "",   "",   "",   "",   "",   "",   "",   "",   "",   "",   "",   "",   "",   "",   "",   "",   "",   "",   "",   "",   "",   "",   "",   "",   "",   "",   "",   "",   "",   "",   "",   "",   "",   "",   "",   "",   "",   "",   "",   ""))
			, ID3 = as.character(c(  "",   "",   "",   "",   "",   "",   "",   "",   "",   "",   "",   "",   "",   "",   "",   "",   "",   "",   "",   "",   "",   "",   "",   "",   "",   "",   "",   "",   "",   "",   "",   "",   "",   "",   "",   "",   "",   "",   "",   "",   "",   "",   "",   "",   "",   "",   "",   "",   "",   "",   "",   "",   "",   "",   "",   "",   "",   "",   "",   "",   "",   "",   "",   "",   "",   "",   "",   "",   "",   "",   "",   "",   "",   "",   "",   "",   "",   "",   "",   "",   "",   "",   "",   "",   "",   "",   "",   "",   "",   "",   "",   "",   "",   "",   "",   "",   "",   "",   "",   "",   "",   "",   "",   "",   "",   "",   "",   "",   "",   "",   "",   "",   "",   "",   "",   "",   "",   "",   "",   "",   "",   "",   "",   "",   "",   "",   "",   "",   "",   "",   "",   "",   "",   "",   "",   "",   "",   "",   "",   "",   "",   "",   "",   "",   "",   "",   "",   "",   "",   "",   "",   "",   "",   "",   "",   "",   "",   "",   "",   "",   "",   "",   "",   "",   "",   "",   "",   "",   "",   "",   "",   "",   "",   "",   "",   "",   "",   "",   "",   "",   "",   "",   "",   "",   "",   "",   "",   "",   "",   "",   "",   "",   "",   "",   "",   "",   "",   "",   "",   "",   "",   "",   "",   "",   "",   "",   "",   "",   "",   "",   "",   "",   "",   "",   "",   "",   "",   "",   "",   "",   "",   "",   "",   "",   "",   "",   "",   "",   "",   "",   "",   "",   "",   "",   "",   "",   "",   "",   "",   "",   "",   "",   "",   "",   "",   "",   "",   "",   "",   "",   "",   "",   "",   "",   "",   "",   "",   "",   "",   "",   "",   "",   "",   "",   "",   "",   "",   "",   "",   "",   "",   "",   "",   "",   "",   "",   "",   "",   "",   "",   "",   "",   "",   "",   "",   "",   "",   "",   "",   "",   "",   "",   "",   "",   "",   "",   "",   "",   "",   "",   "",   "",   "",   "",   "",   "",   "",   "",   "",   "",   "",   "",   "",   "",   "",   "",   "",   "",   "",   "",   "",   "",   "",   "",   "",   "",   "",   "",   "",   "",   "",   "",   "",   "",   "",   "",   "",   "",   "",   "",   "",   "",   "",   "",   "",   "",   "",   "",   "",   "",   "",   "",   "",   "",   "",   "",   "",   "",   "",   "",   "",   "",   "",   "",   "",   "",   "",   "",   "",   "",   "",   "",   "",   "",   "",   "",   "",   "",   "",   "",   "",   "",   "",   "",   "",   "",   "",   "",   "",   "",   "",   "",   "",   "",   "",   "",   "",   "",   "",   "",   "",   "",   "",   "",   "",   "",   "",   "",   "",   "",   "",   "",   "",   "",   "",   "",   "",   "",   "",   "",   "",   "",   "",   "",   "",   "",   "",   "",   "",   "",   "",   "",   "",   "",   "",   "",   "",   "",   "",   "",   "",   "",   "",   "",   "",   "",   "",   "",   "",   "",   "",   "",   "",   "",   "",   "",   "",   "",   "",   "",   "",   "",   "",   "",   "",   "",   "",   "",   "",   "",   "",   "",   "",   "",   "",   "",   "",   "",   "",   ""))
			, ID4 = as.character(c(  "",   "",   "",   "",   "",   "",   "",   "",   "",   "",   "",   "",   "",   "",   "",   "",   "",   "",   "",   "",   "",   "",   "",   "",   "",   "",   "",   "",   "",   "",   "",   "",   "",   "",   "",   "",   "",   "",   "",   "",   "",   "",   "",   "",   "",   "",   "",   "",   "",   "",   "",   "",   "",   "",   "",   "",   "",   "",   "",   "",   "",   "",   "",   "",   "",   "",   "",   "",   "",   "",   "",   "",   "",   "",   "",   "",   "",   "",   "",   "",   "",   "",   "",   "",   "",   "",   "",   "",   "",   "",   "",   "",   "",   "",   "",   "",   "",   "",   "",   "",   "",   "",   "",   "",   "",   "",   "",   "",   "",   "",   "",   "",   "",   "",   "",   "",   "",   "",   "",   "",   "",   "",   "",   "",   "",   "",   "",   "",   "",   "",   "",   "",   "",   "",   "",   "",   "",   "",   "",   "",   "",   "",   "",   "",   "",   "",   "",   "",   "",   "",   "",   "",   "",   "",   "",   "",   "",   "",   "",   "",   "",   "",   "",   "",   "",   "",   "",   "",   "",   "",   "",   "",   "",   "",   "",   "",   "",   "",   "",   "",   "",   "",   "",   "",   "",   "",   "",   "",   "",   "",   "",   "",   "",   "",   "",   "",   "",   "",   "",   "",   "",   "",   "",   "",   "",   "",   "",   "",   "",   "",   "",   "",   "",   "",   "",   "",   "",   "",   "",   "",   "",   "",   "",   "",   "",   "",   "",   "",   "",   "",   "",   "",   "",   "",   "",   "",   "",   "",   "",   "",   "",   "",   "",   "",   "",   "",   "",   "",   "",   "",   "",   "",   "",   "",   "",   "",   "",   "",   "",   "",   "",   "",   "",   "",   "",   "",   "",   "",   "",   "",   "",   "",   "",   "",   "",   "",   "",   "",   "",   "",   "",   "",   "",   "",   "",   "",   "",   "",   "",   "",   "",   "",   "",   "",   "",   "",   "",   "",   "",   "",   "",   "",   "",   "",   "",   "",   "",   "",   "",   "",   "",   "",   "",   "",   "",   "",   "",   "",   "",   "",   "",   "",   "",   "",   "",   "",   "",   "",   "",   "",   "",   "",   "",   "",   "",   "",   "",   "",   "",   "",   "",   "",   "",   "",   "",   "",   "",   "",   "",   "",   "",   "",   "",   "",   "",   "",   "",   "",   "",   "",   "",   "",   "",   "",   "",   "",   "",   "",   "",   "",   "",   "",   "",   "",   "",   "",   "",   "",   "",   "",   "",   "",   "",   "",   "",   "",   "",   "",   "",   "",   "",   "",   "",   "",   "",   "",   "",   "",   "",   "",   "",   "",   "",   "",   "",   "",   "",   "",   "",   "",   "",   "",   "",   "",   "",   "",   "",   "",   "",   "",   "",   "",   "",   "",   "",   "",   "",   "",   "",   "",   "",   "",   "",   "",   "",   "",   "",   "",   "",   "",   "",   "",   "",   "",   "",   "",   "",   "",   "",   "",   "",   "",   "",   "",   "",   "",   "",   "",   "",   "",   "",   "",   "",   "",   "",   "",   "",   "",   "",   "",   "",   "",   "",   "",   "",   "",   "",   "",   "",   ""))
			, ID5 = as.character(c( "1",  "1",  "1",  "1",  "1",  "1",  "1",  "1",  "2",  "2",  "2",  "2",  "2",  "2",  "2",  "2",  "3",  "3",  "3",  "3",  "3",  "3",  "3",  "3",  "4",  "4",  "4",  "4",  "4",  "4",  "4",  "4",  "5",  "5",  "5",  "5",  "5",  "5",  "5",  "5",  "6",  "6",  "6",  "6",  "6",  "6",  "6",  "6",  "7",  "7",  "7",  "7",  "7",  "7",  "7",  "7",  "8",  "8",  "8",  "8",  "8",  "8",  "8",  "8",  "9",  "9",  "9",  "9",  "9",  "9",  "9",  "9", "10", "10", "10", "10", "10", "10", "10", "10", "11", "11", "11", "11", "11", "11", "11", "11", "12", "12", "12", "12", "12", "12", "12", "12", "13", "13", "13", "13", "13", "13", "13", "13", "14", "14", "14", "14", "14", "14", "14", "14", "15", "15", "15", "15", "15", "15", "15", "15", "16", "16", "16", "16", "16", "16", "16", "16", "17", "17", "17", "17", "17", "17", "17", "17", "18", "18", "18", "18", "18", "18", "18", "18", "19", "19", "19", "19", "19", "19", "19", "19", "20", "20", "20", "20", "20", "20", "20", "20", "21", "21", "21", "21", "21", "21", "21", "21", "22", "22", "22", "22", "22", "22", "22", "22", "23", "23", "23", "23", "23", "23", "23", "23", "24", "24", "24", "24", "24", "24", "24", "24", "25", "25", "25", "25", "25", "25", "25", "25", "26", "26", "26", "26", "26", "26", "26", "26", "27", "27", "27", "27", "27", "27", "27", "27", "28", "28", "28", "28", "28", "28", "28", "28", "29", "29", "29", "29", "29", "29", "29", "29", "30", "30", "30", "30", "30", "30", "30", "30", "31", "31", "31", "31", "31", "31", "31", "31", "32", "32", "32", "32", "32", "32", "32", "32", "33", "33", "33", "33", "33", "33", "33", "33", "34", "34", "34", "34", "34", "34", "34", "34", "35", "35", "35", "35", "35", "35", "35", "35", "36", "36", "36", "36", "36", "36", "36", "36", "37", "37", "37", "37", "37", "37", "37", "37", "38", "38", "38", "38", "38", "38", "38", "38", "39", "39", "39", "39", "39", "39", "39", "39", "40", "40", "40", "40", "40", "40", "40", "40", "41", "41", "41", "41", "41", "41", "41", "41", "42", "42", "42", "42", "42", "42", "42", "42", "43", "43", "43", "43", "43", "43", "43", "43", "44", "44", "44", "44", "44", "44", "44", "44", "45", "45", "45", "45", "45", "45", "45", "45", "46", "46", "46", "46", "46", "46", "46", "46", "47", "47", "47", "47", "47", "47", "47", "47", "48", "48", "48", "48", "48", "48", "48", "48", "49", "49", "49", "49", "49", "49", "49", "49", "50", "50", "50", "50", "50", "50", "50", "50", "51", "51", "51", "51", "51", "51", "51", "51", "52", "52", "52", "52", "52", "52", "52", "52", "53", "53", "53", "53", "53", "53", "53", "53", "54", "54", "54", "54", "54", "54", "54", "54", "55", "55", "55", "55", "55", "55", "55", "55", "56", "56", "56", "56", "56", "56", "56", "56", "57", "57", "57", "57", "57", "57", "57", "57", "58", "58", "58", "58", "58", "58", "58", "58", "59", "59", "59", "59", "59", "59", "59", "59", "60", "60", "60", "60", "60", "60", "60", "60"))
			, IVAR = c(0.64, 1.99, 6.43, 12.03, 22.28, 48.91, 80.15, 138.94, 0.51, 2.49, 6.29, 11.18, 25.51, 43.72, 84.69, 123.55, 0.48, 2, 6.04, 11.31, 22.67, 47.36, 103.04, 108, 0.53, 2.07, 6.67, 11.64, 24.9, 49.3, 90.93, 135.41, 0.56, 2.15, 7.03, 12.69, 21.12, 45.33, 84.94, 114.45, 0.47, 2.01, 5.48, 12.19, 22.48, 57.28, 103.13, 131.43, 0.52, 2.37, 5.63, 11.46, 27.7, 44.98, 94.03, 115.38, 0.48, 1.94, 6.3, 11.79, 22.82, 54.9, 93.96, 117.86, 0.5, 2.15, 5.96, 11.95, 22.42, 46.47, 96.58, 113.14, 0.53, 1.72, 6.19, 10.29, 23.29, 45.53, 89.94, 119.32, 0.41, 2.25, 5.08, 11.46, 21.47, 44.53, 118.28, 120.21, 0.44, 1.7, 6.28, 11.98, 23.25, 43.74, 82.73, 107.77, 0.55, 1.88, 5.22, 14.47, 25.04, 46.87, 106.72, 131.12, 0.47, 2.49, 5.85, 10.41, 23.66, 49.01, 120.92, 121.28, 0.52, 1.98, 5.8, 11.96, 25.97, 59.07, 106.39, 135.41, 0.44, 2.21, 6.13, 10.36, 25.28, 47.24, 111.14, 111.15, 0.48, 1.82, 5.89, 12.49, 22.31, 52.16, 85.08, 108.06, 0.58, 1.81, 6.25, 11.55, 25, 56.83, 112.51, 116.09, 0.4, 2.57, 6.41, 12.67, 23.97, 50.51, 94.43, 125.16, 0.48, 1.74, 6.62, 13.97, 23.27, 42.35, 102.37, 119.46, 0.42, 2, 5.63, 11.6, 21.38, 57.48, 92.87, 102.2, 0.51, 2.05, 5.44, 8.99, 22.51, 50.82, 95.43, 118.83, 0.53, 1.78, 6.7, 11.99, 25.76, 53.23, 98.17, 109.91, 0.56, 1.64, 5.68, 11.7, 23.6, 53.16, 97.32, 124.99, 0.5, 1.95, 6.43, 13.46, 18.87, 50.83, 99.67, 115, 0.55, 1.92, 5.83, 13.07, 28.5, 49.31, 92.03, 106.55, 0.48, 1.82, 5.85, 12.48, 22.04, 62.56, 97.51, 134.36, 0.4, 2.15, 5.26, 13.16, 24.97, 46.08, 109.59, 111.87, 0.47, 1.81, 5.61, 13.19, 25.06, 53.08, 92.33, 124.6, 0.51, 1.73, 7.17, 12.16, 25.91, 52.81, 95.52, 116.39, 0.55, 1.8, 7.31, 11.55, 28.32, 55.84, 96.8, 127, 0.45, 2.07, 6.66, 12.12, 22.93, 44.95, 95.66, 133.54, 0.48, 1.98, 5.27, 12.61, 27.35, 55.75, 99.54, 104.15, 0.52, 2.09, 5.79, 12.21, 22.01, 51.37, 92.91, 102.57, 0.48, 2.29, 5.8, 12.91, 26.38, 48.02, 92.68, 113.81, 0.54, 1.8, 6.15, 11.66, 19.14, 41.69, 105.21, 117.73, 0.54, 2.42, 6.95, 12.84, 24.93, 47.08, 112.41, 127.37, 0.44, 1.97, 4.95, 11.77, 18.52, 54.74, 90.09, 114.95, 0.49, 2.13, 6.42, 12.7, 22.66, 41.88, 92.34, 123.38, 0.46, 1.99, 5.34, 11.99, 24.31, 47.3, 94.44, 143.14, 0.54, 2.24, 5.47, 12.2, 26.94, 47.73, 77.59, 124.21, 0.41, 1.84, 6.85, 12.76, 26.77, 49.49, 94.95, 109.41, 0.59, 2.01, 5.59, 13.08, 26.72, 58.02, 90.38, 115.4, 0.48, 1.93, 5.78, 11.65, 27.72, 44.77, 92.34, 128.09, 0.56, 1.85, 5.7, 12.65, 26.57, 46.81, 83.21, 142.37, 0.58, 1.86, 5.96, 10.06, 25.41, 56.4, 81.5, 111, 0.47, 1.87, 4.9, 12.62, 20.59, 47.88, 101.86, 117.65, 0.55, 1.99, 5.62, 12.8, 22.98, 57.31, 95.82, 130.68, 0.51, 1.48, 5.23, 11.5, 24.58, 37.98, 105.69, 112.96, 0.46, 1.71, 5.19, 12.07, 25.25, 38.92, 86.83, 126.6, 0.48, 2.48, 6.8, 12.74, 24.01, 49.36, 89.46, 127.78, 0.58, 2.23, 5.53, 10.21, 23.74, 50.16, 105.18, 109.89, 0.52, 2.05, 6.76, 11.97, 23.16, 42.8, 91.16, 115.73, 0.63, 2.55, 5.9, 10.81, 19.7, 50.54, 86.08, 150.8, 0.46, 2.02, 8.78, 10.74, 24.75, 42.97, 99.4, 109.97, 0.5, 1.94, 5.33, 12.01, 26.5, 56.29, 83.69, 117.04, 0.56, 1.79, 4.66, 10.93, 21.79, 48.23, 92.2, 122.81, 0.48, 2.08, 5.78, 13.52, 22.29, 49.42, 87.87, 122.52, 0.5, 1.69, 5.91, 13.5, 25.69, 48.69, 85.21, 134.88, 0.5, 1.91, 7.07, 11.11, 24.74, 54.56, 101.96, 116.37)
			, TAD = c(0.64, 1.99, 6.43, 12.03, 22.28, 48.91, 80.15, 138.94, 0.51, 2.49, 6.29, 11.18, 25.51, 43.72, 84.69, 123.55, 0.48, 2, 6.04, 11.31, 22.67, 47.36, 103.04, 108, 0.53, 2.07, 6.67, 11.64, 24.9, 49.3, 90.93, 135.41, 0.56, 2.15, 7.03, 12.69, 21.12, 45.33, 84.94, 114.45, 0.47, 2.01, 5.48, 12.19, 22.48, 57.28, 103.13, 131.43, 0.52, 2.37, 5.63, 11.46, 27.7, 44.98, 94.03, 115.38, 0.48, 1.94, 6.3, 11.79, 22.82, 54.9, 93.96, 117.86, 0.5, 2.15, 5.96, 11.95, 22.42, 46.47, 96.58, 113.14, 0.53, 1.72, 6.19, 10.29, 23.29, 45.53, 89.94, 119.32, 0.41, 2.25, 5.08, 11.46, 21.47, 44.53, 118.28, 120.21, 0.44, 1.7, 6.28, 11.98, 23.25, 43.74, 82.73, 107.77, 0.55, 1.88, 5.22, 14.47, 25.04, 46.87, 106.72, 131.12, 0.47, 2.49, 5.85, 10.41, 23.66, 49.01, 120.92, 121.28, 0.52, 1.98, 5.8, 11.96, 25.97, 59.07, 106.39, 135.41, 0.44, 2.21, 6.13, 10.36, 25.28, 47.24, 111.14, 111.15, 0.48, 1.82, 5.89, 12.49, 22.31, 52.16, 85.08, 108.06, 0.58, 1.81, 6.25, 11.55, 25, 56.83, 112.51, 116.09, 0.4, 2.57, 6.41, 12.67, 23.97, 50.51, 94.43, 125.16, 0.48, 1.74, 6.62, 13.97, 23.27, 42.35, 102.37, 119.46, 0.42, 2, 5.63, 11.6, 21.38, 57.48, 92.87, 102.2, 0.51, 2.05, 5.44, 8.99, 22.51, 50.82, 95.43, 118.83, 0.53, 1.78, 6.7, 11.99, 25.76, 53.23, 98.17, 109.91, 0.56, 1.64, 5.68, 11.7, 23.6, 53.16, 97.32, 124.99, 0.5, 1.95, 6.43, 13.46, 18.87, 50.83, 99.67, 115, 0.55, 1.92, 5.83, 13.07, 28.5, 49.31, 92.03, 106.55, 0.48, 1.82, 5.85, 12.48, 22.04, 62.56, 97.51, 134.36, 0.4, 2.15, 5.26, 13.16, 24.97, 46.08, 109.59, 111.87, 0.47, 1.81, 5.61, 13.19, 25.06, 53.08, 92.33, 124.6, 0.51, 1.73, 7.17, 12.16, 25.91, 52.81, 95.52, 116.39, 0.55, 1.8, 7.31, 11.55, 28.32, 55.84, 96.8, 127, 0.45, 2.07, 6.66, 12.12, 22.93, 44.95, 95.66, 133.54, 0.48, 1.98, 5.27, 12.61, 27.35, 55.75, 99.54, 104.15, 0.52, 2.09, 5.79, 12.21, 22.01, 51.37, 92.91, 102.57, 0.48, 2.29, 5.8, 12.91, 26.38, 48.02, 92.68, 113.81, 0.54, 1.8, 6.15, 11.66, 19.14, 41.69, 105.21, 117.73, 0.54, 2.42, 6.95, 12.84, 24.93, 47.08, 112.41, 127.37, 0.44, 1.97, 4.95, 11.77, 18.52, 54.74, 90.09, 114.95, 0.49, 2.13, 6.42, 12.7, 22.66, 41.88, 92.34, 123.38, 0.46, 1.99, 5.34, 11.99, 24.31, 47.3, 94.44, 143.14, 0.54, 2.24, 5.47, 12.2, 26.94, 47.73, 77.59, 124.21, 0.41, 1.84, 6.85, 12.76, 26.77, 49.49, 94.95, 109.41, 0.59, 2.01, 5.59, 13.08, 26.72, 58.02, 90.38, 115.4, 0.48, 1.93, 5.78, 11.65, 27.72, 44.77, 92.34, 128.09, 0.56, 1.85, 5.7, 12.65, 26.57, 46.81, 83.21, 142.37, 0.58, 1.86, 5.96, 10.06, 25.41, 56.4, 81.5, 111, 0.47, 1.87, 4.9, 12.62, 20.59, 47.88, 101.86, 117.65, 0.55, 1.99, 5.62, 12.8, 22.98, 57.31, 95.82, 130.68, 0.51, 1.48, 5.23, 11.5, 24.58, 37.98, 105.69, 112.96, 0.46, 1.71, 5.19, 12.07, 25.25, 38.92, 86.83, 126.6, 0.48, 2.48, 6.8, 12.74, 24.01, 49.36, 89.46, 127.78, 0.58, 2.23, 5.53, 10.21, 23.74, 50.16, 105.18, 109.89, 0.52, 2.05, 6.76, 11.97, 23.16, 42.8, 91.16, 115.73, 0.63, 2.55, 5.9, 10.81, 19.7, 50.54, 86.08, 150.8, 0.46, 2.02, 8.78, 10.74, 24.75, 42.97, 99.4, 109.97, 0.5, 1.94, 5.33, 12.01, 26.5, 56.29, 83.69, 117.04, 0.56, 1.79, 4.66, 10.93, 21.79, 48.23, 92.2, 122.81, 0.48, 2.08, 5.78, 13.52, 22.29, 49.42, 87.87, 122.52, 0.5, 1.69, 5.91, 13.5, 25.69, 48.69, 85.21, 134.88, 0.5, 1.91, 7.07, 11.11, 24.74, 54.56, 101.96, 116.37)
			, PRED = c(  1400.68,    2286.9,   2163.72,   1736.69,   1075.72,    186.23,   13.9229, 0.0873325,   1025.61,   2020.25,    1882.7,   1581.96,   858.547,   313.628,   18.3531,   1.05746,   1198.29,   2385.32,    2280.9,   1851.31,   1073.14,   198.477,   1.48013,  0.946762,    799.73,   1504.89,   1445.47,   1242.29,   785.386,   275.551,   31.3974,    2.6728,   1063.55,   1929.33,   1788.34,   1460.26,   1036.59,   290.094,   20.1103,   2.45935,   1176.17,   2379.73,   2320.02,   1778.62,   1082.71,   87.5874,   1.50048,  0.118098,   979.296,   1895.98,   1819.67,   1490.89,   758.367,   302.684,   12.0427,   2.75362,   881.148,   1753.19,   1704.38,   1416.97,    925.16,   176.065,   14.7137,   3.05408,   936.897,   1842.14,   1773.96,   1445.51,   956.091,   280.664,   10.8415,   3.51745,   1158.35,    2082.8,    2060.4,   1769.76,   993.927,   257.509,   8.18769,  0.759084,   673.071,   1549.44,   1534.27,   1266.31,   899.519,    342.65,   6.42992,   5.76562,   883.912,   1817.07,   1814.09,   1485.65,   937.795,   321.605,   24.4874,   4.21819,   1265.48,   2261.51,   2257.81,   1564.12,   928.073,   217.849,   1.41242,  0.171641,   1542.09,    3187.3,    2942.7,      2402,   1110.83,   103.267, 0.0224475, 0.0215126,   864.588,   1632.84,    1612.8,   1324.28,   783.779,   152.562,    9.2152,   1.56861,   962.262,    2081.1,   1970.96,   1691.97,   882.018,   240.888,   2.02729,   2.02573,   1020.28,   1997.63,   1976.69,   1551.76,   1016.42,   173.358,   15.3311,   2.65564,   967.109,   1660.07,   1645.32,   1383.04,   828.551,   165.304,   5.32612,   4.24648,   755.891,   1793.17,   1672.67,   1355.31,   874.345,   231.478,   15.2352,   2.08518,   906.275,   1758.61,   1730.95,   1338.33,   919.956,   355.761,   7.44729,   2.33743,       770,   1703.16,   1683.69,    1385.9,   963.425,   158.254,    18.065,   10.0146,   911.701,   1754.92,    1734.5,   1547.71,    932.74,   225.919,   13.8866,   3.02248,   1075.59,   1952.36,   1891.64,    1559.7,   854.216,   165.188,   6.19178,   2.56518,   1673.12,   2848.23,   2848.37,   2180.84,   1101.55,   73.0407,   0.51505, 0.0224701,   928.806,   1795.41,   1733.74,   1358.74,   1102.94,   218.704,   9.13949,   3.25157,   1133.29,   2037.55,   1996.14,   1526.59,   747.973,   208.693,   8.69046,   2.83947,   1048.15,   2051.34,   2029.26,   1585.62,   1042.97,   77.7095,   5.18309,  0.285529,   1182.46,    2722.6,   2630.51,   1877.43,   978.096,    184.76,   0.31664,  0.250907,   1100.28,   2181.78,   2170.67,   1618.45,   918.583,   140.864,   5.66378,  0.377852,   979.521,   1816.01,    1753.1,   1469.73,   828.625,   185.422,   10.2264,   2.36602,   859.087,    1529.2,   1478.24,   1293.39,   699.712,   191.644,   19.4681,   3.36845,   989.655,   2083.42,   1955.48,    1595.7,   994.556,   277.776,   6.30167,  0.330082,   943.742,      1883,   1875.34,   1452.75,    775.73,   152.308,    7.4891,   5.40979,   1088.16,   2066.53,    1996.2,    1577.6,    1034.4,   181.375,   8.17601,   3.88962,   1332.44,   2700.29,    2538.5,   1875.54,   889.987,   159.034,   1.98078,  0.237846,   1200.25,   2152.97,   2106.37,   1707.47,   1230.85,   329.939,    2.0762,  0.735362,   1194.82,   2249.01,   2038.44,    1621.2,   919.728,   226.218,   1.17878,  0.342829,    964.98,   2047.86,   2053.41,   1606.72,   1214.17,   142.839,   10.0876,   1.48474,   833.222,    1663.2,   1591.29,    1297.2,   898.385,   379.056,   21.1875,    3.1734,   849.983,   1753.63,   1747.41,   1401.55,   866.426,   274.896,    14.532,  0.595756,   1143.13,   2134.93,   2060.62,   1607.03,   816.207,   227.073,   24.3319,  0.621572,   951.149,   2097.97,   1996.74,   1593.01,   827.432,   196.434,   5.71732,   1.79246,   1025.78,   1777.86,      1754,   1360.89,   783.164,   144.411,   18.1032,   3.45371,    913.07,   1813.71,   1790.19,   1465.66,   754.888,   308.897,   14.2332,    1.2393,   1297.67,   2282.15,    2247.3,   1708.83,   854.705,   215.414,   10.1032,  0.057317,   1333.33,   2292.02,   2233.24,   1907.77,    913.69,   99.2217,    11.556,  0.872232,   932.966,   1868.36,   1902.99,   1456.65,   1056.94,   249.506,   6.23913,   2.03532,    964.86,   1751.57,   1730.95,   1360.49,   916.237,   153.623,   13.3457,   1.36166,   1087.06,   1924.32,   2057.32,   1638.63,   918.162,   433.884,   2.84203,   1.61109,   830.072,   1655.81,   1716.59,   1371.27,   823.868,   435.058,   25.8132,   2.03762,   941.309,   1938.16,   1781.13,   1442.77,   905.667,   229.103,   15.3769,   1.03523,   1310.22,    2324.5,   2230.83,   1868.62,   995.332,   169.357,   1.62983,   1.08596,   1008.65,   1911.94,   1802.51,   1498.61,   946.136,   337.906,   13.0118,   2.26183,   1531.44,   2600.85,    2418.2,   1982.55,   1294.52,   138.367,   5.02968, 0.0103898,   745.479,   1546.05,   1395.93,   1312.57,   801.809,   366.801,    17.611,   9.62588,   711.644,   1380.42,   1399.05,      1155,   715.541,    209.38,   55.8058,   10.2317,   1219.73,    2131.1,   2194.32,   1745.22,   1077.69,   209.204,    6.3805,  0.517027,   1247.68,   2498.47,   2390.27,   1734.71,   1114.82,   157.255,   4.66871,  0.180798,   938.064,   1754.04,    1778.8,    1367.1,   828.113,   246.083,   23.2729,  0.792214,    1076.4,   2066.95,   1939.99,   1669.46,   912.296,   141.051,     3.713,   1.19953)
