TABLE NO.     1: First Order Conditional Estimation with Interaction: Problem=1 Subproblem=0 Superproblem1=0 Iteration1=0 Superproblem2=0 Iteration2=0
 NAME         THETA1       THETA2       THETA3       THETA4       THETA5       THETA6       SIGMA(1,1)   SIGMA(2,1)   SIGMA(2,2)   OMEGA(1,1)   OMEGA(2,1)   OMEGA(2,2)   OMEGA(3,1)   OMEGA(3,2)   OMEGA(3,3)
 THETA1        3.78003E+02  9.17803E-01 -9.56151E-03 -4.08344E-01 -7.51498E-01  3.37552E-02  1.39341E-01  0.00000E+00 -1.18868E-01  3.11846E-01  0.00000E+00 -3.43908E-01  0.00000E+00  0.00000E+00 -7.82387E-03
 THETA2        9.17803E-01  1.28790E+02 -6.05313E-02 -4.96779E-01 -8.46024E-01 -2.31188E-02  9.94691E-02  0.00000E+00 -6.87848E-02  3.35192E-01  0.00000E+00 -3.51945E-01  0.00000E+00  0.00000E+00 -3.14297E-02
 THETA3       -9.56151E-03 -6.05313E-02  6.16400E+01  8.14678E-01 -1.86320E-01  9.88901E-01 -6.70345E-01  0.00000E+00  3.87328E-01 -3.22854E-01  0.00000E+00 -2.08034E-01  0.00000E+00  0.00000E+00 -3.32545E-02
 THETA4       -4.08344E-01 -4.96779E-01  8.14678E-01  1.17168E-01  3.32593E-01  7.89067E-01 -3.75688E-01  0.00000E+00  1.19778E-01 -4.03653E-01  0.00000E+00  2.07357E-01  0.00000E+00  0.00000E+00 -2.03028E-02
 THETA5       -7.51498E-01 -8.46024E-01 -1.86320E-01  3.32593E-01  1.77312E-01 -2.05210E-01  1.81229E-01  0.00000E+00 -7.57800E-02 -2.56809E-01  0.00000E+00  4.17359E-01  0.00000E+00  0.00000E+00  9.96459E-02
 THETA6        3.37552E-02 -2.31188E-02  9.88901E-01  7.89067E-01 -2.05210E-01  1.22690E-01 -6.55423E-01  0.00000E+00  4.22396E-01 -2.96261E-01  0.00000E+00 -2.10341E-01  0.00000E+00  0.00000E+00 -2.70723E-02
 SIGMA(1,1)    1.39341E-01  9.94691E-02 -6.70345E-01 -3.75688E-01  1.81229E-01 -6.55423E-01  9.01342E-06  0.00000E+00 -3.71516E-01  1.81358E-01  0.00000E+00  6.83915E-01  0.00000E+00  0.00000E+00 -1.45215E-01
 SIGMA(2,1)    0.00000E+00  0.00000E+00  0.00000E+00  0.00000E+00  0.00000E+00  0.00000E+00  0.00000E+00  0.00000E+00  0.00000E+00  0.00000E+00  0.00000E+00  0.00000E+00  0.00000E+00  0.00000E+00  0.00000E+00
 SIGMA(2,2)   -1.18868E-01 -6.87848E-02  3.87328E-01  1.19778E-01 -7.57800E-02  4.22396E-01 -3.71516E-01  0.00000E+00  1.81778E-02 -2.66592E-01  0.00000E+00 -1.61393E-01  0.00000E+00  0.00000E+00 -1.23068E-01
 OMEGA(1,1)    3.11846E-01  3.35192E-01 -3.22854E-01 -4.03653E-01 -2.56809E-01 -2.96261E-01  1.81358E-01  0.00000E+00 -2.66592E-01  2.60235E-02  0.00000E+00 -3.35498E-02  0.00000E+00  0.00000E+00  1.28158E-02
 OMEGA(2,1)    0.00000E+00  0.00000E+00  0.00000E+00  0.00000E+00  0.00000E+00  0.00000E+00  0.00000E+00  0.00000E+00  0.00000E+00  0.00000E+00  0.00000E+00  0.00000E+00  0.00000E+00  0.00000E+00  0.00000E+00
 OMEGA(2,2)   -3.43908E-01 -3.51945E-01 -2.08034E-01  2.07357E-01  4.17359E-01 -2.10341E-01  6.83915E-01  0.00000E+00 -1.61393E-01 -3.35498E-02  0.00000E+00  7.75898E-02  0.00000E+00  0.00000E+00  1.84513E-01
 OMEGA(3,1)    0.00000E+00  0.00000E+00  0.00000E+00  0.00000E+00  0.00000E+00  0.00000E+00  0.00000E+00  0.00000E+00  0.00000E+00  0.00000E+00  0.00000E+00  0.00000E+00  0.00000E+00  0.00000E+00  0.00000E+00
 OMEGA(3,2)    0.00000E+00  0.00000E+00  0.00000E+00  0.00000E+00  0.00000E+00  0.00000E+00  0.00000E+00  0.00000E+00  0.00000E+00  0.00000E+00  0.00000E+00  0.00000E+00  0.00000E+00  0.00000E+00  0.00000E+00
 OMEGA(3,3)   -7.82387E-03 -3.14297E-02 -3.32545E-02 -2.03028E-02  9.96459E-02 -2.70723E-02 -1.45215E-01  0.00000E+00 -1.23068E-01  1.28158E-02  0.00000E+00  1.84513E-01  0.00000E+00  0.00000E+00  4.26251E-02
