TABLE NO.     1: First Order Conditional Estimation with Interaction: Problem=1 Subproblem=0 Superproblem1=0 Iteration1=0 Superproblem2=0 Iteration2=0
 NAME         THETA1       THETA2       THETA3       THETA4       THETA5       THETA6       SIGMA(1,1)   SIGMA(2,1)   SIGMA(2,2)   OMEGA(1,1)   OMEGA(2,1)   OMEGA(2,2)   OMEGA(3,1)   OMEGA(3,2)   OMEGA(3,3)
 THETA1        1.42886E+05  4.46814E+04 -2.22784E+02 -1.80856E+01 -5.03687E+01  1.56547E+00  4.74749E-04  0.00000E+00 -8.16770E-01  3.06762E+00  0.00000E+00 -1.00865E+01  0.00000E+00  0.00000E+00 -1.26061E-01
 THETA2        4.46814E+04  1.65869E+04 -4.80534E+02 -7.49645E+00 -1.93198E+01 -3.65305E-01  1.15468E-04  0.00000E+00 -1.61033E-01  1.12342E+00  0.00000E+00 -3.51692E+00  0.00000E+00  0.00000E+00 -1.72539E-01
 THETA3       -2.22784E+02 -4.80534E+02  3.79948E+03  5.88381E+00 -2.03639E+00  7.47866E+00 -3.72435E-04  0.00000E+00  4.33991E-01 -5.17887E-01  0.00000E+00 -9.94952E-01  0.00000E+00  0.00000E+00 -8.73732E-02
 THETA4       -1.80856E+01 -7.49645E+00  5.88381E+00  1.37284E-02  6.90971E-03  1.13431E-02 -3.96759E-07  0.00000E+00  2.55110E-04 -1.23079E-03  0.00000E+00  1.88510E-03  0.00000E+00  0.00000E+00 -1.01398E-04
 THETA5       -5.03687E+01 -1.93198E+01 -2.03639E+00  6.90971E-03  3.14394E-02 -4.46420E-03  2.89638E-07  0.00000E+00 -2.44249E-04 -1.18499E-03  0.00000E+00  5.74186E-03  0.00000E+00  0.00000E+00  7.53116E-04
 THETA6        1.56547E+00 -3.65305E-01  7.47866E+00  1.13431E-02 -4.46420E-03  1.50528E-02 -7.24803E-07  0.00000E+00  9.42039E-04 -9.45908E-04  0.00000E+00 -2.00234E-03  0.00000E+00  0.00000E+00 -1.41579E-04
 SIGMA(1,1)    4.74749E-04  1.15468E-04 -3.72435E-04 -3.96759E-07  2.89638E-07 -7.24803E-07  8.12418E-11  0.00000E+00 -6.08705E-08  4.25395E-08  0.00000E+00  4.78296E-07  0.00000E+00  0.00000E+00 -5.57913E-08
 SIGMA(2,1)    0.00000E+00  0.00000E+00  0.00000E+00  0.00000E+00  0.00000E+00  0.00000E+00  0.00000E+00  0.00000E+00  0.00000E+00  0.00000E+00  0.00000E+00  0.00000E+00  0.00000E+00  0.00000E+00  0.00000E+00
 SIGMA(2,2)   -8.16770E-01 -1.61033E-01  4.33991E-01  2.55110E-04 -2.44249E-04  9.42039E-04 -6.08705E-08  0.00000E+00  3.30431E-04 -1.26111E-04  0.00000E+00 -2.27631E-04  0.00000E+00  0.00000E+00 -9.53567E-05
 OMEGA(1,1)    3.06762E+00  1.12342E+00 -5.17887E-01 -1.23079E-03 -1.18499E-03 -9.45908E-04  4.25395E-08  0.00000E+00 -1.26111E-04  6.77224E-04  0.00000E+00 -6.77424E-05  0.00000E+00  0.00000E+00  1.42159E-05
 OMEGA(2,1)    0.00000E+00  0.00000E+00  0.00000E+00  0.00000E+00  0.00000E+00  0.00000E+00  0.00000E+00  0.00000E+00  0.00000E+00  0.00000E+00  0.00000E+00  0.00000E+00  0.00000E+00  0.00000E+00  0.00000E+00
 OMEGA(2,2)   -1.00865E+01 -3.51692E+00 -9.94952E-01  1.88510E-03  5.74186E-03 -2.00234E-03  4.78296E-07  0.00000E+00 -2.27631E-04 -6.77424E-05  0.00000E+00  6.02018E-03  0.00000E+00  0.00000E+00  6.10235E-04
 OMEGA(3,1)    0.00000E+00  0.00000E+00  0.00000E+00  0.00000E+00  0.00000E+00  0.00000E+00  0.00000E+00  0.00000E+00  0.00000E+00  0.00000E+00  0.00000E+00  0.00000E+00  0.00000E+00  0.00000E+00  0.00000E+00
 OMEGA(3,2)    0.00000E+00  0.00000E+00  0.00000E+00  0.00000E+00  0.00000E+00  0.00000E+00  0.00000E+00  0.00000E+00  0.00000E+00  0.00000E+00  0.00000E+00  0.00000E+00  0.00000E+00  0.00000E+00  0.00000E+00
 OMEGA(3,3)   -1.26061E-01 -1.72539E-01 -8.73732E-02 -1.01398E-04  7.53116E-04 -1.41579E-04 -5.57913E-08  0.00000E+00 -9.53567E-05  1.42159E-05  0.00000E+00  6.10235E-04  0.00000E+00  0.00000E+00  1.81690E-03
