TABLE NO.     1: First Order Conditional Estimation with Interaction: Problem=1 Subproblem=0 Superproblem1=0 Iteration1=0 Superproblem2=0 Iteration2=0
 NAME         THETA1       THETA2       THETA3       THETA4       THETA5       THETA6       SIGMA(1,1)   SIGMA(2,1)   SIGMA(2,2)   OMEGA(1,1)   OMEGA(2,1)   OMEGA(2,2)   OMEGA(3,1)   OMEGA(3,2)   OMEGA(3,3)
 THETA1        3.77329E+02  9.17717E-01  2.49856E-01 -4.04769E-01 -7.51109E-01  2.96451E-01 -2.27189E-01  0.00000E+00 -1.19922E-01  3.13986E-01  0.00000E+00 -3.46486E-01  0.00000E+00  0.00000E+00 -1.07950E-02
 THETA2        9.17717E-01  1.28488E+02  2.81243E-01 -4.91192E-01 -8.45656E-01  3.17303E-01 -2.05042E-01  0.00000E+00 -7.05486E-02  3.35745E-01  0.00000E+00 -3.53176E-01  0.00000E+00  0.00000E+00 -3.47529E-02
 THETA3        2.49856E-01  2.81243E-01  2.47662E+01 -7.77964E-01 -8.34114E-02  9.64581E-01  5.97489E-01  0.00000E+00  3.54323E-01 -9.59816E-02  0.00000E+00 -2.04782E-01  0.00000E+00  0.00000E+00  5.40375E-02
 THETA4       -4.04769E-01 -4.91192E-01 -7.77964E-01  1.15300E-01  3.25499E-01 -7.90030E-01 -3.66346E-01  0.00000E+00  1.20374E-01 -3.80103E-01  0.00000E+00  2.10327E-01  0.00000E+00  0.00000E+00 -2.21845E-02
 THETA5       -7.51109E-01 -8.45656E-01 -8.34114E-02  3.25499E-01  1.77247E-01 -9.21732E-02  3.41037E-01  0.00000E+00 -7.39165E-02 -2.59281E-01  0.00000E+00  4.16345E-01  0.00000E+00  0.00000E+00  1.01056E-01
 THETA6        2.96451E-01  3.17303E-01  9.64581E-01 -7.90030E-01 -9.21732E-02  6.99261E-02  5.35915E-01  0.00000E+00  3.44302E-01 -1.67771E-02  0.00000E+00 -1.69453E-01  0.00000E+00  0.00000E+00  6.13674E-02
 SIGMA(1,1)   -2.27189E-01 -2.05042E-01  5.97489E-01 -3.66346E-01  3.41037E-01  5.35915E-01  2.15339E-05  0.00000E+00 -6.26645E-02 -6.25325E-01  0.00000E+00  7.35020E-02  0.00000E+00  0.00000E+00  1.68833E-01
 SIGMA(2,1)    0.00000E+00  0.00000E+00  0.00000E+00  0.00000E+00  0.00000E+00  0.00000E+00  0.00000E+00  0.00000E+00  0.00000E+00  0.00000E+00  0.00000E+00  0.00000E+00  0.00000E+00  0.00000E+00  0.00000E+00
 SIGMA(2,2)   -1.19922E-01 -7.05486E-02  3.54323E-01  1.20374E-01 -7.39165E-02  3.44302E-01 -6.26645E-02  0.00000E+00  1.82436E-02 -2.93799E-01  0.00000E+00 -1.53269E-01  0.00000E+00  0.00000E+00 -8.53169E-02
 OMEGA(1,1)    3.13986E-01  3.35745E-01 -9.59816E-02 -3.80103E-01 -2.59281E-01 -1.67771E-02 -6.25325E-01  0.00000E+00 -2.93799E-01  2.65701E-02  0.00000E+00 -3.23951E-02  0.00000E+00  0.00000E+00  3.44847E-03
 OMEGA(2,1)    0.00000E+00  0.00000E+00  0.00000E+00  0.00000E+00  0.00000E+00  0.00000E+00  0.00000E+00  0.00000E+00  0.00000E+00  0.00000E+00  0.00000E+00  0.00000E+00  0.00000E+00  0.00000E+00  0.00000E+00
 OMEGA(2,2)   -3.46486E-01 -3.53176E-01 -2.04782E-01  2.10327E-01  4.16345E-01 -1.69453E-01  7.35020E-02  0.00000E+00 -1.53269E-01 -3.23951E-02  0.00000E+00  7.72563E-02  0.00000E+00  0.00000E+00  1.85868E-01
 OMEGA(3,1)    0.00000E+00  0.00000E+00  0.00000E+00  0.00000E+00  0.00000E+00  0.00000E+00  0.00000E+00  0.00000E+00  0.00000E+00  0.00000E+00  0.00000E+00  0.00000E+00  0.00000E+00  0.00000E+00  0.00000E+00
 OMEGA(3,2)    0.00000E+00  0.00000E+00  0.00000E+00  0.00000E+00  0.00000E+00  0.00000E+00  0.00000E+00  0.00000E+00  0.00000E+00  0.00000E+00  0.00000E+00  0.00000E+00  0.00000E+00  0.00000E+00  0.00000E+00
 OMEGA(3,3)   -1.07950E-02 -3.47529E-02  5.40375E-02 -2.21845E-02  1.01056E-01  6.13674E-02  1.68833E-01  0.00000E+00 -8.53169E-02  3.44847E-03  0.00000E+00  1.85868E-01  0.00000E+00  0.00000E+00  4.24811E-02
