TABLE NO.     1: First Order Conditional Estimation with Interaction: Problem=1 Subproblem=0 Superproblem1=0 Iteration1=0 Superproblem2=0 Iteration2=0
 NAME         THETA1       THETA2       THETA3       THETA4       THETA5       THETA6       SIGMA(1,1)   SIGMA(2,1)   SIGMA(2,2)   OMEGA(1,1)   OMEGA(2,1)   OMEGA(2,2)   OMEGA(3,1)   OMEGA(3,2)   OMEGA(3,3)
 THETA1        1.42377E+05  4.44930E+04  2.33490E+03 -1.76099E+01 -5.02344E+01  7.82189E+00 -1.84600E-03  0.00000E+00 -8.25520E-01  3.14792E+00  0.00000E+00 -1.01004E+01  0.00000E+00  0.00000E+00 -1.73037E-01
 THETA2        4.44930E+04  1.65092E+04  8.94962E+02 -7.27687E+00 -1.92591E+01  2.85087E+00 -5.67323E-04  0.00000E+00 -1.65372E-01  1.14622E+00  0.00000E+00 -3.50582E+00  0.00000E+00  0.00000E+00 -1.89693E-01
 THETA3        2.33490E+03  8.94962E+02  6.13365E+02 -2.22151E+00 -3.66154E-01  1.67047E+00  3.18649E-04  0.00000E+00  1.60091E-01 -6.31599E-02  0.00000E+00 -3.91819E-01  0.00000E+00  0.00000E+00  5.68527E-02
 THETA4       -1.76099E+01 -7.27687E+00 -2.22151E+00  1.32941E-02  6.65209E-03 -6.36961E-03 -9.09588E-07  0.00000E+00  2.53205E-04 -1.16446E-03  0.00000E+00  1.87352E-03  0.00000E+00  0.00000E+00 -1.08661E-04
 THETA5       -5.02344E+01 -1.92591E+01 -3.66154E-01  6.65209E-03  3.14165E-02 -1.14241E-03  1.30168E-06  0.00000E+00 -2.39018E-04 -1.22108E-03  0.00000E+00  5.70120E-03  0.00000E+00  0.00000E+00  7.60917E-04
 THETA6        7.82189E+00  2.85087E+00  1.67047E+00 -6.36961E-03 -1.14241E-03  4.88966E-03  8.06972E-07  0.00000E+00  4.39226E-04 -3.11709E-05  0.00000E+00 -9.15426E-04  0.00000E+00  0.00000E+00  1.82294E-04
 SIGMA(1,1)   -1.84600E-03 -5.67323E-04  3.18649E-04 -9.09588E-07  1.30168E-06  8.06972E-07  4.63710E-10  0.00000E+00 -2.46181E-08 -3.57785E-07  0.00000E+00  1.22280E-07  0.00000E+00  0.00000E+00  1.54446E-07
 SIGMA(2,1)    0.00000E+00  0.00000E+00  0.00000E+00  0.00000E+00  0.00000E+00  0.00000E+00  0.00000E+00  0.00000E+00  0.00000E+00  0.00000E+00  0.00000E+00  0.00000E+00  0.00000E+00  0.00000E+00  0.00000E+00
 SIGMA(2,2)   -8.25520E-01 -1.65372E-01  1.60091E-01  2.53205E-04 -2.39018E-04  4.39226E-04 -2.46181E-08  0.00000E+00  3.32827E-04 -1.42414E-04  0.00000E+00 -2.16022E-04  0.00000E+00  0.00000E+00 -6.61212E-05
 OMEGA(1,1)    3.14792E+00  1.14622E+00 -6.31599E-02 -1.16446E-03 -1.22108E-03 -3.11709E-05 -3.57785E-07  0.00000E+00 -1.42414E-04  7.05972E-04  0.00000E+00 -6.64977E-05  0.00000E+00  0.00000E+00  3.89239E-06
 OMEGA(2,1)    0.00000E+00  0.00000E+00  0.00000E+00  0.00000E+00  0.00000E+00  0.00000E+00  0.00000E+00  0.00000E+00  0.00000E+00  0.00000E+00  0.00000E+00  0.00000E+00  0.00000E+00  0.00000E+00  0.00000E+00
 OMEGA(2,2)   -1.01004E+01 -3.50582E+00 -3.91819E-01  1.87352E-03  5.70120E-03 -9.15426E-04  1.22280E-07  0.00000E+00 -2.16022E-04 -6.64977E-05  0.00000E+00  5.96854E-03  0.00000E+00  0.00000E+00  6.10007E-04
 OMEGA(3,1)    0.00000E+00  0.00000E+00  0.00000E+00  0.00000E+00  0.00000E+00  0.00000E+00  0.00000E+00  0.00000E+00  0.00000E+00  0.00000E+00  0.00000E+00  0.00000E+00  0.00000E+00  0.00000E+00  0.00000E+00
 OMEGA(3,2)    0.00000E+00  0.00000E+00  0.00000E+00  0.00000E+00  0.00000E+00  0.00000E+00  0.00000E+00  0.00000E+00  0.00000E+00  0.00000E+00  0.00000E+00  0.00000E+00  0.00000E+00  0.00000E+00  0.00000E+00
 OMEGA(3,3)   -1.73037E-01 -1.89693E-01  5.68527E-02 -1.08661E-04  7.60917E-04  1.82294E-04  1.54446E-07  0.00000E+00 -6.61212E-05  3.89239E-06  0.00000E+00  6.10007E-04  0.00000E+00  0.00000E+00  1.80465E-03
