TABLE NO.     1: First Order Conditional Estimation with Interaction: Problem=1 Subproblem=0 Superproblem1=0 Iteration1=0 Superproblem2=0 Iteration2=0
 NAME         THETA1       THETA2       THETA3       THETA4       THETA5       THETA6       SIGMA(1,1)   SIGMA(2,1)   SIGMA(2,2)   OMEGA(1,1)   OMEGA(2,1)   OMEGA(2,2)   OMEGA(3,1)   OMEGA(3,2)   OMEGA(3,3)
 THETA1        3.28095E+00  1.01848E+00 -8.60614E+00 -2.40337E+02  3.26486E+03 -4.36833E+03 -2.48743E+08  0.00000E+00 -3.39798E+03 -6.46973E+03  0.00000E+00  2.14384E+04  0.00000E+00  0.00000E+00 -1.67629E+04
 THETA2        1.01848E+00  3.76159E-01 -3.74749E-01 -1.96423E+03  1.52161E+03 -8.61783E+02 -8.24242E+07  0.00000E+00 -4.21555E+03 -2.34380E+03  0.00000E+00  7.71687E+03  0.00000E+00  0.00000E+00 -6.04487E+03
 THETA3       -8.60614E+00 -3.74749E-01  1.11735E+02 -7.27016E+04  1.11402E+04  3.06395E+04  4.50843E+08  0.00000E+00 -1.13732E+05  3.96672E+03  0.00000E+00 -1.50670E+04  0.00000E+00  0.00000E+00  1.13574E+04
 THETA4       -2.40337E+02 -1.96423E+03 -7.27016E+04  6.03431E+07 -1.64485E+07 -1.54654E+07  1.84105E+11  0.00000E+00  1.01144E+08  1.11728E+07  0.00000E+00 -3.54375E+07  0.00000E+00  0.00000E+00  2.80577E+07
 THETA5        3.26486E+03  1.52161E+03  1.11402E+04 -1.64485E+07  7.60449E+06 -1.05519E+05 -2.92101E+11  0.00000E+00 -3.04916E+07 -9.31279E+06  0.00000E+00  3.04336E+07  0.00000E+00  0.00000E+00 -2.38902E+07
 THETA6       -4.36833E+03 -8.61783E+02  3.06395E+04 -1.54654E+07 -1.05519E+05  9.95053E+06  2.87773E+11  0.00000E+00 -2.18787E+07  5.81383E+06  0.00000E+00 -1.96814E+07  0.00000E+00  0.00000E+00  1.52977E+07
 SIGMA(1,1)   -2.48743E+08 -8.24242E+07  4.50843E+08  1.84105E+11 -2.92101E+11  2.87773E+11  1.93148E+16  0.00000E+00  5.35072E+11  5.19926E+11  0.00000E+00 -1.71849E+12  0.00000E+00  0.00000E+00  1.34467E+12
 SIGMA(2,1)    0.00000E+00  0.00000E+00  0.00000E+00  0.00000E+00  0.00000E+00  0.00000E+00  0.00000E+00  0.00000E+00  0.00000E+00  0.00000E+00  0.00000E+00  0.00000E+00  0.00000E+00  0.00000E+00  0.00000E+00
 SIGMA(2,2)   -3.39798E+03 -4.21555E+03 -1.13732E+05  1.01144E+08 -3.04916E+07 -2.18787E+07  5.35072E+11  0.00000E+00  1.72272E+08  2.45954E+07  0.00000E+00 -7.88471E+07  0.00000E+00  0.00000E+00  6.22350E+07
 OMEGA(1,1)   -6.46973E+03 -2.34380E+03  3.96672E+03  1.11728E+07 -9.31279E+06  5.81383E+06  5.19926E+11  0.00000E+00  2.45954E+07  1.46574E+07  0.00000E+00 -4.82815E+07  0.00000E+00  0.00000E+00  3.78137E+07
 OMEGA(2,1)    0.00000E+00  0.00000E+00  0.00000E+00  0.00000E+00  0.00000E+00  0.00000E+00  0.00000E+00  0.00000E+00  0.00000E+00  0.00000E+00  0.00000E+00  0.00000E+00  0.00000E+00  0.00000E+00  0.00000E+00
 OMEGA(2,2)    2.14384E+04  7.71687E+03 -1.50670E+04 -3.54375E+07  3.04336E+07 -1.96814E+07 -1.71849E+12  0.00000E+00 -7.88471E+07 -4.82815E+07  0.00000E+00  1.59098E+08  0.00000E+00  0.00000E+00 -1.24596E+08
 OMEGA(3,1)    0.00000E+00  0.00000E+00  0.00000E+00  0.00000E+00  0.00000E+00  0.00000E+00  0.00000E+00  0.00000E+00  0.00000E+00  0.00000E+00  0.00000E+00  0.00000E+00  0.00000E+00  0.00000E+00  0.00000E+00
 OMEGA(3,2)    0.00000E+00  0.00000E+00  0.00000E+00  0.00000E+00  0.00000E+00  0.00000E+00  0.00000E+00  0.00000E+00  0.00000E+00  0.00000E+00  0.00000E+00  0.00000E+00  0.00000E+00  0.00000E+00  0.00000E+00
 OMEGA(3,3)   -1.67629E+04 -6.04487E+03  1.13574E+04  2.80577E+07 -2.38902E+07  1.52977E+07  1.34467E+12  0.00000E+00  6.22350E+07  3.78137E+07  0.00000E+00 -1.24596E+08  0.00000E+00  0.00000E+00  9.75789E+07
