TABLE NO.     1: First Order Conditional Estimation with Interaction: Problem=1 Subproblem=0 Superproblem1=0 Iteration1=0 Superproblem2=0 Iteration2=0
 NAME         THETA1       THETA2       THETA3       THETA4       THETA5       THETA6       THETA7       THETA8       THETA9       THETA10      SIGMA(1,1)   SIGMA(2,1)   SIGMA(2,2)   OMEGA(1,1)   OMEGA(2,1)   OMEGA(2,2)   OMEGA(3,1)   OMEGA(3,2)   OMEGA(3,3)
 THETA1        4.08391E+02  9.99985E-01  9.99404E-01 -9.97362E-01 -9.99997E-01  9.99423E-01 -9.99439E-01  9.94200E-01  9.99432E-01  9.99419E-01  9.99892E-01  0.00000E+00 -9.99862E-01  9.99882E-01  0.00000E+00  9.99876E-01  0.00000E+00  0.00000E+00 -8.66160E-01
 THETA2        9.99985E-01  1.01996E+02  9.99199E-01 -9.97742E-01 -9.99994E-01  9.99221E-01 -9.99241E-01  9.93603E-01  9.99232E-01  9.99216E-01  9.99951E-01  0.00000E+00 -9.99935E-01  9.99946E-01  0.00000E+00  9.99945E-01  0.00000E+00  0.00000E+00 -8.65295E-01
 THETA3        9.99404E-01  9.99199E-01  1.80283E+03 -9.94289E-01 -9.99325E-01  9.99999E-01 -9.99997E-01  9.97255E-01  9.99999E-01  1.00000E+00  9.98833E-01  0.00000E+00 -9.98716E-01  9.98792E-01  0.00000E+00  9.98750E-01  0.00000E+00  0.00000E+00 -8.71041E-01
 THETA4       -9.97362E-01 -9.97742E-01 -9.94289E-01  8.16503E-02  9.97514E-01 -9.94348E-01  9.94387E-01 -9.83779E-01 -9.94370E-01 -9.94335E-01 -9.98207E-01  0.00000E+00  9.98360E-01 -9.98263E-01  0.00000E+00 -9.98330E-01  0.00000E+00  0.00000E+00  8.52633E-01
 THETA5       -9.99997E-01 -9.99994E-01 -9.99325E-01  9.97514E-01  3.16168E+00 -9.99345E-01  9.99363E-01 -9.93972E-01 -9.99356E-01 -9.99341E-01 -9.99921E-01  0.00000E+00  9.99896E-01 -9.99912E-01  0.00000E+00 -9.99908E-01  0.00000E+00  0.00000E+00  8.65808E-01
 THETA6        9.99423E-01  9.99221E-01  9.99999E-01 -9.94348E-01 -9.99345E-01  3.12547E+01 -9.99996E-01  9.97213E-01  9.99999E-01  1.00000E+00  9.98857E-01  0.00000E+00 -9.98742E-01  9.98818E-01  0.00000E+00  9.98777E-01  0.00000E+00  0.00000E+00 -8.70955E-01
 THETA7       -9.99439E-01 -9.99241E-01 -9.99997E-01  9.94387E-01  9.99363E-01 -9.99996E-01  7.72203E+01 -9.97204E-01 -9.99999E-01 -9.99997E-01 -9.98885E-01  0.00000E+00  9.98770E-01 -9.98845E-01  0.00000E+00 -9.98804E-01  0.00000E+00  0.00000E+00  8.70964E-01
 THETA8        9.94200E-01  9.93603E-01  9.97255E-01 -9.83779E-01 -9.93972E-01  9.97213E-01 -9.97204E-01  1.04087E-02  9.97207E-01  9.97223E-01  9.92700E-01  0.00000E+00 -9.92400E-01  9.92591E-01  0.00000E+00  9.92478E-01  0.00000E+00  0.00000E+00 -8.77639E-01
 THETA9        9.99432E-01  9.99232E-01  9.99999E-01 -9.94370E-01 -9.99356E-01  9.99999E-01 -9.99999E-01  9.97207E-01  7.40581E+01  1.00000E+00  9.98873E-01  0.00000E+00 -9.98758E-01  9.98833E-01  0.00000E+00  9.98792E-01  0.00000E+00  0.00000E+00 -8.70957E-01
 THETA10       9.99419E-01  9.99216E-01  1.00000E+00 -9.94335E-01 -9.99341E-01  1.00000E+00 -9.99997E-01  9.97223E-01  1.00000E+00  4.79878E+00  9.98853E-01  0.00000E+00 -9.98737E-01  9.98813E-01  0.00000E+00  9.98772E-01  0.00000E+00  0.00000E+00 -8.70987E-01
 SIGMA(1,1)    9.99892E-01  9.99951E-01  9.98833E-01 -9.98207E-01 -9.99921E-01  9.98857E-01 -9.98885E-01  9.92700E-01  9.98873E-01  9.98853E-01  1.75607E+00  0.00000E+00 -9.99995E-01  9.99979E-01  0.00000E+00  9.99991E-01  0.00000E+00  0.00000E+00 -8.63344E-01
 SIGMA(2,1)    0.00000E+00  0.00000E+00  0.00000E+00  0.00000E+00  0.00000E+00  0.00000E+00  0.00000E+00  0.00000E+00  0.00000E+00  0.00000E+00  0.00000E+00  0.00000E+00  0.00000E+00  0.00000E+00  0.00000E+00  0.00000E+00  0.00000E+00  0.00000E+00  0.00000E+00
 SIGMA(2,2)   -9.99862E-01 -9.99935E-01 -9.98716E-01  9.98360E-01  9.99896E-01 -9.98742E-01  9.98770E-01 -9.92400E-01 -9.98758E-01 -9.98737E-01 -9.99995E-01  0.00000E+00  1.02336E-01 -9.99982E-01  0.00000E+00 -9.99997E-01  0.00000E+00  0.00000E+00  8.62893E-01
 OMEGA(1,1)    9.99882E-01  9.99946E-01  9.98792E-01 -9.98263E-01 -9.99912E-01  9.98818E-01 -9.98845E-01  9.92591E-01  9.98833E-01  9.98813E-01  9.99979E-01  0.00000E+00 -9.99982E-01  1.22374E+00  0.00000E+00  9.99993E-01  0.00000E+00  0.00000E+00 -8.65827E-01
 OMEGA(2,1)    0.00000E+00  0.00000E+00  0.00000E+00  0.00000E+00  0.00000E+00  0.00000E+00  0.00000E+00  0.00000E+00  0.00000E+00  0.00000E+00  0.00000E+00  0.00000E+00  0.00000E+00  0.00000E+00  0.00000E+00  0.00000E+00  0.00000E+00  0.00000E+00  0.00000E+00
 OMEGA(2,2)    9.99876E-01  9.99945E-01  9.98750E-01 -9.98330E-01 -9.99908E-01  9.98777E-01 -9.98804E-01  9.92478E-01  9.98792E-01  9.98772E-01  9.99991E-01  0.00000E+00 -9.99997E-01  9.99993E-01  0.00000E+00  2.06086E-01  0.00000E+00  0.00000E+00 -8.63947E-01
 OMEGA(3,1)    0.00000E+00  0.00000E+00  0.00000E+00  0.00000E+00  0.00000E+00  0.00000E+00  0.00000E+00  0.00000E+00  0.00000E+00  0.00000E+00  0.00000E+00  0.00000E+00  0.00000E+00  0.00000E+00  0.00000E+00  0.00000E+00  0.00000E+00  0.00000E+00  0.00000E+00
 OMEGA(3,2)    0.00000E+00  0.00000E+00  0.00000E+00  0.00000E+00  0.00000E+00  0.00000E+00  0.00000E+00  0.00000E+00  0.00000E+00  0.00000E+00  0.00000E+00  0.00000E+00  0.00000E+00  0.00000E+00  0.00000E+00  0.00000E+00  0.00000E+00  0.00000E+00  0.00000E+00
 OMEGA(3,3)   -8.66160E-01 -8.65295E-01 -8.71041E-01  8.52633E-01  8.65808E-01 -8.70955E-01  8.70964E-01 -8.77639E-01 -8.70957E-01 -8.70987E-01 -8.63344E-01  0.00000E+00  8.62893E-01 -8.65827E-01  0.00000E+00 -8.63947E-01  0.00000E+00  0.00000E+00  8.63011E-02
