TABLE NO.     1: First Order Conditional Estimation with Interaction: Problem=1 Subproblem=0 Superproblem1=0 Iteration1=0 Superproblem2=0 Iteration2=0
 NAME         THETA1       THETA2       THETA3       THETA4       THETA5       THETA6       THETA7       THETA8       THETA9       THETA10      SIGMA(1,1)   SIGMA(2,1)   SIGMA(2,2)   OMEGA(1,1)   OMEGA(2,1)   OMEGA(2,2)   OMEGA(3,1)   OMEGA(3,2)   OMEGA(3,3)
 THETA1        3.02976E+19  1.46719E+20  1.87327E+22 -1.50284E+24 -2.51192E+21 -9.33645E+21 -4.07891E+20 -5.99982E+23 -4.35911E+21 -6.94755E+24  1.27738E+14  0.00000E+00  5.55583E+15 -2.83468E+14  0.00000E+00 -3.56490E+15  0.00000E+00  0.00000E+00 -5.53004E+13
 THETA2        1.46719E+20  7.10502E+20  9.07151E+22 -7.27763E+24 -1.21642E+22 -4.52127E+22 -1.97525E+21 -2.90547E+24 -2.11094E+22 -3.36442E+25  6.18585E+14  0.00000E+00  2.69046E+16 -1.37272E+15  0.00000E+00 -1.72634E+16  0.00000E+00  0.00000E+00 -2.67798E+14
 THETA3        1.87327E+22  9.07151E+22  1.15823E+25 -9.29188E+26 -1.55309E+24 -5.77263E+24 -2.52195E+23 -3.70963E+26 -2.69519E+24 -4.29560E+27  7.89793E+16  0.00000E+00  3.43511E+18 -1.75265E+17  0.00000E+00 -2.20415E+18  0.00000E+00  0.00000E+00 -3.41917E+16
 THETA4       -1.50284E+24 -7.27763E+24 -9.29188E+26  7.45442E+28  1.24597E+26  4.63110E+26  2.02324E+25  2.97606E+28  2.16222E+26  3.44615E+29 -6.33612E+18  0.00000E+00 -2.75582E+20  1.40607E+19  0.00000E+00  1.76828E+20  0.00000E+00  0.00000E+00  2.74303E+18
 THETA5       -2.51192E+21 -1.21642E+22 -1.55309E+24  1.24597E+26  2.08258E+23  7.74066E+23  3.38174E+22  4.97433E+25  3.61405E+23  5.76007E+26 -1.05905E+16  0.00000E+00 -4.60622E+17  2.35017E+16  0.00000E+00  2.95559E+17  0.00000E+00  0.00000E+00  4.58484E+15
 THETA6       -9.33645E+21 -4.52127E+22 -5.77263E+24  4.63110E+26  7.74066E+23  2.87710E+24  1.25695E+23  1.84889E+26  1.34329E+24  2.14094E+27 -3.93635E+16  0.00000E+00 -1.71207E+18  8.73527E+16  0.00000E+00  1.09855E+18  0.00000E+00  0.00000E+00  1.70412E+16
 THETA7       -4.07891E+20 -1.97525E+21 -2.52195E+23  2.02324E+25  3.38174E+22  1.25695E+23  5.49135E+21  8.07744E+24  5.86857E+22  9.35334E+25 -1.71971E+15  0.00000E+00 -7.47968E+16  3.81630E+15  0.00000E+00  4.79934E+16  0.00000E+00  0.00000E+00  7.44502E+14
 THETA8       -5.99982E+23 -2.90547E+24 -3.70963E+26  2.97606E+28  4.97433E+25  1.84889E+26  8.07744E+24  1.18814E+28  8.63231E+25  1.37582E+29 -2.52959E+18  0.00000E+00 -1.10022E+20  5.61350E+18  0.00000E+00  7.05956E+19  0.00000E+00  0.00000E+00  1.09511E+18
 THETA9       -4.35911E+21 -2.11094E+22 -2.69519E+24  2.16222E+26  3.61405E+23  1.34329E+24  5.86857E+22  8.63231E+25  6.27171E+23  9.99586E+26 -1.83785E+16  0.00000E+00 -7.99350E+17  4.07843E+16  0.00000E+00  5.12904E+17  0.00000E+00  0.00000E+00  7.95642E+15
 THETA10      -6.94755E+24 -3.36442E+25 -4.29560E+27  3.44615E+29  5.76007E+26  2.14094E+27  9.35334E+25  1.37582E+29  9.99586E+26  1.59314E+30 -2.92916E+19  0.00000E+00 -1.27401E+21  6.50020E+19  0.00000E+00  8.17468E+20  0.00000E+00  0.00000E+00  1.26809E+19
 SIGMA(1,1)    1.27738E+14  6.18585E+14  7.89793E+16 -6.33612E+18 -1.05905E+16 -3.93635E+16 -1.71971E+15 -2.52959E+18 -1.83785E+16 -2.92916E+19  7.16573E+10  0.00000E+00  2.83098E+12  5.53663E+11  0.00000E+00 -2.48725E+12  0.00000E+00  0.00000E+00  6.78471E+10
 SIGMA(2,1)    0.00000E+00  0.00000E+00  0.00000E+00  0.00000E+00  0.00000E+00  0.00000E+00  0.00000E+00  0.00000E+00  0.00000E+00  0.00000E+00  0.00000E+00  0.00000E+00  0.00000E+00  0.00000E+00  0.00000E+00  0.00000E+00  0.00000E+00  0.00000E+00  0.00000E+00
 SIGMA(2,2)    5.55583E+15  2.69046E+16  3.43511E+18 -2.75582E+20 -4.60622E+17 -1.71207E+18 -7.47968E+16 -1.10022E+20 -7.99350E+17 -1.27401E+21  2.83098E+12  0.00000E+00  1.11853E+14  2.18521E+13  0.00000E+00 -9.82494E+13  0.00000E+00  0.00000E+00  2.67745E+12
 OMEGA(1,1)   -2.83468E+14 -1.37272E+15 -1.75265E+17  1.40607E+19  2.35017E+16  8.73527E+16  3.81630E+15  5.61350E+18  4.07843E+16  6.50020E+19  5.53663E+11  0.00000E+00  2.18521E+13  4.33186E+12  0.00000E+00 -1.92557E+13  0.00000E+00  0.00000E+00  5.31702E+11
 OMEGA(2,1)    0.00000E+00  0.00000E+00  0.00000E+00  0.00000E+00  0.00000E+00  0.00000E+00  0.00000E+00  0.00000E+00  0.00000E+00  0.00000E+00  0.00000E+00  0.00000E+00  0.00000E+00  0.00000E+00  0.00000E+00  0.00000E+00  0.00000E+00  0.00000E+00  0.00000E+00
 OMEGA(2,2)   -3.56490E+15 -1.72634E+16 -2.20415E+18  1.76828E+20  2.95559E+17  1.09855E+18  4.79934E+16  7.05956E+19  5.12904E+17  8.17468E+20 -2.48725E+12  0.00000E+00 -9.82494E+13 -1.92557E+13  0.00000E+00  8.63646E+13  0.00000E+00  0.00000E+00 -2.36022E+12
 OMEGA(3,1)    0.00000E+00  0.00000E+00  0.00000E+00  0.00000E+00  0.00000E+00  0.00000E+00  0.00000E+00  0.00000E+00  0.00000E+00  0.00000E+00  0.00000E+00  0.00000E+00  0.00000E+00  0.00000E+00  0.00000E+00  0.00000E+00  0.00000E+00  0.00000E+00  0.00000E+00
 OMEGA(3,2)    0.00000E+00  0.00000E+00  0.00000E+00  0.00000E+00  0.00000E+00  0.00000E+00  0.00000E+00  0.00000E+00  0.00000E+00  0.00000E+00  0.00000E+00  0.00000E+00  0.00000E+00  0.00000E+00  0.00000E+00  0.00000E+00  0.00000E+00  0.00000E+00  0.00000E+00
 OMEGA(3,3)   -5.53004E+13 -2.67798E+14 -3.41917E+16  2.74303E+18  4.58484E+15  1.70412E+16  7.44502E+14  1.09511E+18  7.95642E+15  1.26809E+19  6.78471E+10  0.00000E+00  2.67745E+12  5.31702E+11  0.00000E+00 -2.36022E+12  0.00000E+00  0.00000E+00  6.52763E+10
